 Eigenvectors and eigenvalues of the dynamical matrix
 ----------------------------------------------------
 
 
   1 f  =   45.973691 THz   288.861219 2PiTHz 1533.517215 cm-1   190.131971 meV
             X         Y         Z           dx          dy          dz
      1.233865  0.712372 10.000000    -0.258157   -0.156726   -0.000000  
      3.701594  0.712372 10.000000     0.135548   -0.002685    0.000000  
      6.169324  0.712372 10.000000     0.122609    0.159414    0.000000  
     -0.000000  2.849489 10.000000    -0.341559   -0.108575    0.000000  
      2.467729  2.849489 10.000000     0.072099    0.033947   -0.000000  
      4.935459  2.849489 10.000000     0.269460    0.074628   -0.000000  
     -1.233865  4.986605 10.000000    -0.194708   -0.193360   -0.000000  
      1.233865  4.986605 10.000000    -0.011303    0.082098   -0.000000  
      3.701594  4.986605 10.000000     0.206011    0.111260    0.000000  
      0.000000  1.424744 10.000000     0.138511   -0.001495   -0.000000  
      2.467729  1.424744 10.000000     0.121157    0.158172   -0.000000  
      4.935459  1.424744 10.000000    -0.259668   -0.156680   -0.000000  
     -1.233865  3.561861 10.000000     0.073816    0.035859   -0.000000  
      1.233865  3.561861 10.000000     0.268110    0.073331    0.000000  
      3.701594  3.561861 10.000000    -0.341926   -0.109187    0.000000  
     -2.467729  5.698977 10.000000    -0.008442    0.083350   -0.000000  
      0.000000  5.698977 10.000000     0.203415    0.110682    0.000000  
      2.467729  5.698977 10.000000    -0.194973   -0.194031    0.000000  
 
   2 f  =   45.973691 THz   288.861219 2PiTHz 1533.517215 cm-1   190.131971 meV
             X         Y         Z           dx          dy          dz
      1.233865  0.712372 10.000000    -0.063219   -0.092891    0.000000  
      3.701594  0.712372 10.000000     0.008899    0.230901   -0.000000  
      6.169324  0.712372 10.000000     0.054320   -0.138011    0.000000  
     -0.000000  2.849489 10.000000     0.034625   -0.149381    0.000000  
      2.467729  2.849489 10.000000     0.253252    0.089824   -0.000000  
      4.935459  2.849489 10.000000    -0.287878    0.059558   -0.000000  
     -1.233865  4.986605 10.000000    -0.307573    0.048186    0.000000  
      1.233865  4.986605 10.000000     0.351097    0.033333    0.000000  
      3.701594  4.986605 10.000000    -0.043524   -0.081520   -0.000000  
      0.000000  1.424744 10.000000     0.008475    0.231259   -0.000000  
      2.467729  1.424744 10.000000     0.051277   -0.138230   -0.000000  
      4.935459  1.424744 10.000000    -0.059752   -0.093029    0.000000  
     -1.233865  3.561861 10.000000     0.255203    0.088810    0.000000  
      1.233865  3.561861 10.000000    -0.290111    0.058870    0.000000  
      3.701594  3.561861 10.000000     0.034908   -0.147681   -0.000000  
     -2.467729  5.698977 10.000000     0.349863    0.034159   -0.000000  
      0.000000  5.698977 10.000000    -0.043383   -0.083578    0.000000  
      2.467729  5.698977 10.000000    -0.306481    0.049420    0.000000  
 
   3 f  =   45.973691 THz   288.861219 2PiTHz 1533.517215 cm-1   190.131971 meV
             X         Y         Z           dx          dy          dz
      1.233865  0.712372 10.000000     0.164302   -0.076915   -0.000000  
      3.701594  0.712372 10.000000    -0.380845    0.011227    0.000000  
      6.169324  0.712372 10.000000     0.216542    0.065690   -0.000000  
     -0.000000  2.849489 10.000000     0.066923   -0.020693    0.000000  
      2.467729  2.849489 10.000000    -0.031938   -0.190215   -0.000000  
      4.935459  2.849489 10.000000    -0.034985    0.210909    0.000000  
     -1.233865  4.986605 10.000000    -0.184604    0.124525    0.000000  
      1.233865  4.986605 10.000000    -0.129317   -0.133994    0.000000  
      3.701594  4.986605 10.000000     0.313922    0.009466   -0.000000  
      0.000000  1.424744 10.000000    -0.379489    0.011389    0.000000  
      2.467729  1.424744 10.000000     0.215705    0.067392   -0.000000  
      4.935459  1.424744 10.000000     0.163784   -0.078783   -0.000000  
     -1.233865  3.561861 10.000000    -0.029762   -0.190525   -0.000000  
      1.233865  3.561861 10.000000    -0.033392    0.211209   -0.000000  
      3.701594  3.561861 10.000000     0.063153   -0.020683   -0.000000  
     -2.467729  5.698977 10.000000    -0.130392   -0.132426   -0.000000  
      0.000000  5.698977 10.000000     0.316336    0.009294   -0.000000  
      2.467729  5.698977 10.000000    -0.185943    0.123133   -0.000000  
 
   4 f  =   45.973691 THz   288.861219 2PiTHz 1533.517215 cm-1   190.131971 meV
             X         Y         Z           dx          dy          dz
      1.233865  0.712372 10.000000     0.262735   -0.128248   -0.000000  
      3.701594  0.712372 10.000000     0.056314    0.045899    0.000000  
      6.169324  0.712372 10.000000    -0.319049    0.082348    0.000000  
     -0.000000  2.849489 10.000000    -0.210539    0.144997    0.000000  
      2.467729  2.849489 10.000000     0.310341   -0.100763    0.000000  
      4.935459  2.849489 10.000000    -0.099802   -0.044234   -0.000000  
     -1.233865  4.986605 10.000000     0.008708    0.018415    0.000000  
      1.233865  4.986605 10.000000    -0.162933    0.172482    0.000000  
      3.701594  4.986605 10.000000     0.154224   -0.190896   -0.000000  
      0.000000  1.424744 10.000000     0.058290    0.044077   -0.000000  
      2.467729  1.424744 10.000000    -0.320671    0.082991   -0.000000  
      4.935459  1.424744 10.000000     0.262381   -0.127067    0.000000  
     -1.233865  3.561861 10.000000     0.308550   -0.100412   -0.000000  
      1.233865  3.561861 10.000000    -0.097490   -0.045863    0.000000  
      3.701594  3.561861 10.000000    -0.211060    0.146274    0.000000  
     -2.467729  5.698977 10.000000    -0.164891    0.172930   -0.000000  
      0.000000  5.698977 10.000000     0.152771   -0.190351   -0.000000  
      2.467729  5.698977 10.000000     0.012120    0.017421   -0.000000  
 
   5 f  =   45.973691 THz   288.861219 2PiTHz 1533.517215 cm-1   190.131971 meV
             X         Y         Z           dx          dy          dz
      1.233865  0.712372 10.000000     0.000000    0.169086    0.000000  
      3.701594  0.712372 10.000000    -0.000000    0.169087    0.000000  
      6.169324  0.712372 10.000000     0.000000    0.169086   -0.000000  
     -0.000000  2.849489 10.000000    -0.000000   -0.333322   -0.000000  
      2.467729  2.849489 10.000000     0.000000   -0.333322   -0.000000  
      4.935459  2.849489 10.000000    -0.000000   -0.333321    0.000000  
     -1.233865  4.986605 10.000000    -0.000001    0.164235    0.000000  
      1.233865  4.986605 10.000000     0.000000    0.164235    0.000000  
      3.701594  4.986605 10.000000     0.000000    0.164235   -0.000000  
      0.000000  1.424744 10.000000    -0.000000    0.161504    0.000000  
      2.467729  1.424744 10.000000     0.000000    0.161504   -0.000000  
      4.935459  1.424744 10.000000     0.000000    0.161504    0.000000  
     -1.233865  3.561861 10.000000     0.000000    0.171777    0.000000  
      1.233865  3.561861 10.000000    -0.000000    0.171777    0.000000  
      3.701594  3.561861 10.000000    -0.000000    0.171777    0.000000  
     -2.467729  5.698977 10.000000     0.000000   -0.333281    0.000000  
      0.000000  5.698977 10.000000     0.000000   -0.333281    0.000000  
      2.467729  5.698977 10.000000    -0.000001   -0.333280   -0.000000  
 
   6 f  =   45.973691 THz   288.861219 2PiTHz 1533.517215 cm-1   190.131971 meV
             X         Y         Z           dx          dy          dz
      1.233865  0.712372 10.000000     0.000001    0.287265    0.000000  
      3.701594  0.712372 10.000000     0.000001    0.287264   -0.000000  
      6.169324  0.712372 10.000000    -0.000001    0.287264    0.000000  
     -0.000000  2.849489 10.000000     0.000001    0.002802   -0.000000  
      2.467729  2.849489 10.000000     0.000000    0.002801    0.000000  
      4.935459  2.849489 10.000000    -0.000001    0.002800   -0.000000  
     -1.233865  4.986605 10.000000     0.000001   -0.290065   -0.000000  
      1.233865  4.986605 10.000000     0.000000   -0.290065    0.000000  
      3.701594  4.986605 10.000000    -0.000001   -0.290066    0.000000  
      0.000000  1.424744 10.000000     0.000001   -0.291595   -0.000000  
      2.467729  1.424744 10.000000    -0.000001   -0.291595    0.000000  
      4.935459  1.424744 10.000000     0.000001   -0.291594    0.000000  
     -1.233865  3.561861 10.000000     0.000000    0.285664    0.000000  
      1.233865  3.561861 10.000000    -0.000001    0.285663   -0.000000  
      3.701594  3.561861 10.000000     0.000001    0.285665    0.000000  
     -2.467729  5.698977 10.000000     0.000000    0.005931   -0.000000  
      0.000000  5.698977 10.000000    -0.000001    0.005931    0.000000  
      2.467729  5.698977 10.000000     0.000001    0.005931   -0.000000  
 
   7 f  =   43.377054 THz   272.546067 2PiTHz 1446.902724 cm-1   179.393139 meV
             X         Y         Z           dx          dy          dz
      1.233865  0.712372 10.000000     0.235702    0.000000   -0.000000  
      3.701594  0.712372 10.000000     0.235702    0.000000    0.000000  
      6.169324  0.712372 10.000000     0.235702    0.000000    0.000000  
     -0.000000  2.849489 10.000000     0.235702    0.000000    0.000000  
      2.467729  2.849489 10.000000     0.235702    0.000000    0.000000  
      4.935459  2.849489 10.000000     0.235702    0.000000    0.000000  
     -1.233865  4.986605 10.000000     0.235702    0.000000    0.000000  
      1.233865  4.986605 10.000000     0.235702    0.000000    0.000000  
      3.701594  4.986605 10.000000     0.235702    0.000000   -0.000000  
      0.000000  1.424744 10.000000    -0.235702   -0.000000   -0.000000  
      2.467729  1.424744 10.000000    -0.235702   -0.000000   -0.000000  
      4.935459  1.424744 10.000000    -0.235702   -0.000000   -0.000000  
     -1.233865  3.561861 10.000000    -0.235702   -0.000000   -0.000000  
      1.233865  3.561861 10.000000    -0.235702   -0.000000    0.000000  
      3.701594  3.561861 10.000000    -0.235702   -0.000000   -0.000000  
     -2.467729  5.698977 10.000000    -0.235702   -0.000000    0.000000  
      0.000000  5.698977 10.000000    -0.235702   -0.000000   -0.000000  
      2.467729  5.698977 10.000000    -0.235702   -0.000000   -0.000000  
 
   8 f  =   43.377054 THz   272.546067 2PiTHz 1446.902724 cm-1   179.393139 meV
             X         Y         Z           dx          dy          dz
      1.233865  0.712372 10.000000    -0.000000    0.235702   -0.000000  
      3.701594  0.712372 10.000000    -0.000000    0.235702   -0.000000  
      6.169324  0.712372 10.000000    -0.000000    0.235702   -0.000000  
     -0.000000  2.849489 10.000000    -0.000000    0.235702   -0.000000  
      2.467729  2.849489 10.000000    -0.000000    0.235702   -0.000000  
      4.935459  2.849489 10.000000    -0.000000    0.235702   -0.000000  
     -1.233865  4.986605 10.000000    -0.000000    0.235702   -0.000000  
      1.233865  4.986605 10.000000    -0.000000    0.235702   -0.000000  
      3.701594  4.986605 10.000000    -0.000000    0.235702   -0.000000  
      0.000000  1.424744 10.000000     0.000000   -0.235702    0.000000  
      2.467729  1.424744 10.000000     0.000000   -0.235702    0.000000  
      4.935459  1.424744 10.000000     0.000000   -0.235702    0.000000  
     -1.233865  3.561861 10.000000     0.000000   -0.235702    0.000000  
      1.233865  3.561861 10.000000     0.000000   -0.235702    0.000000  
      3.701594  3.561861 10.000000     0.000000   -0.235702    0.000000  
     -2.467729  5.698977 10.000000     0.000000   -0.235702   -0.000000  
      0.000000  5.698977 10.000000     0.000000   -0.235702    0.000000  
      2.467729  5.698977 10.000000     0.000000   -0.235702    0.000000  
 
   9 f  =   42.815595 THz   269.018319 2PiTHz 1428.174486 cm-1   177.071132 meV
             X         Y         Z           dx          dy          dz
      1.233865  0.712372 10.000000     0.078542   -0.000001   -0.000000  
      3.701594  0.712372 10.000000     0.078543    0.000000   -0.000000  
      6.169324  0.712372 10.000000     0.078543    0.000000    0.000000  
     -0.000000  2.849489 10.000000     0.241276    0.000000   -0.000000  
      2.467729  2.849489 10.000000     0.241275   -0.000001   -0.000000  
      4.935459  2.849489 10.000000     0.241276    0.000001   -0.000000  
     -1.233865  4.986605 10.000000    -0.319818    0.000001   -0.000000  
      1.233865  4.986605 10.000000    -0.319818   -0.000000   -0.000000  
      3.701594  4.986605 10.000000    -0.319819   -0.000000    0.000000  
      0.000000  1.424744 10.000000    -0.141187    0.000000    0.000000  
      2.467729  1.424744 10.000000    -0.141187    0.000001    0.000000  
      4.935459  1.424744 10.000000    -0.141187   -0.000001   -0.000000  
     -1.233865  3.561861 10.000000    -0.190908   -0.000001    0.000000  
      1.233865  3.561861 10.000000    -0.190908    0.000000    0.000000  
      3.701594  3.561861 10.000000    -0.190908    0.000000    0.000000  
     -2.467729  5.698977 10.000000     0.332095    0.000001   -0.000000  
      0.000000  5.698977 10.000000     0.332094   -0.000000   -0.000000  
      2.467729  5.698977 10.000000     0.332095   -0.000000   -0.000000  
 
  10 f  =   42.815595 THz   269.018319 2PiTHz 1428.174486 cm-1   177.071132 meV
             X         Y         Z           dx          dy          dz
      1.233865  0.712372 10.000000     0.323949    0.000000   -0.000000  
      3.701594  0.712372 10.000000     0.323947    0.000000   -0.000000  
      6.169324  0.712372 10.000000     0.323947   -0.000000   -0.000000  
     -0.000000  2.849489 10.000000    -0.229994   -0.000001    0.000000  
      2.467729  2.849489 10.000000    -0.229993    0.000001    0.000000  
      4.935459  2.849489 10.000000    -0.229994    0.000000   -0.000000  
     -1.233865  4.986605 10.000000    -0.093954   -0.000001   -0.000000  
      1.233865  4.986605 10.000000    -0.093955   -0.000001   -0.000000  
      3.701594  4.986605 10.000000    -0.093953    0.000001    0.000000  
      0.000000  1.424744 10.000000    -0.301956    0.000001    0.000000  
      2.467729  1.424744 10.000000    -0.301956   -0.000001   -0.000000  
      4.935459  1.424744 10.000000    -0.301955    0.000000    0.000000  
     -1.233865  3.561861 10.000000     0.273249    0.000001    0.000000  
      1.233865  3.561861 10.000000     0.273250    0.000000   -0.000000  
      3.701594  3.561861 10.000000     0.273249   -0.000002   -0.000000  
     -2.467729  5.698977 10.000000     0.028706   -0.000000   -0.000000  
      0.000000  5.698977 10.000000     0.028707    0.000000   -0.000000  
      2.467729  5.698977 10.000000     0.028707    0.000000   -0.000000  
 
  11 f  =   42.815595 THz   269.018319 2PiTHz 1428.174486 cm-1   177.071132 meV
             X         Y         Z           dx          dy          dz
      1.233865  0.712372 10.000000    -0.102975    0.208957   -0.000000  
      3.701594  0.712372 10.000000    -0.012227    0.132619   -0.000000  
      6.169324  0.712372 10.000000     0.115203   -0.341576    0.000000  
     -0.000000  2.849489 10.000000    -0.152812    0.122638    0.000000  
      2.467729  2.849489 10.000000    -0.035565    0.092198   -0.000000  
      4.935459  2.849489 10.000000     0.188376   -0.214836   -0.000000  
     -1.233865  4.986605 10.000000    -0.079639    0.249378   -0.000000  
      1.233865  4.986605 10.000000    -0.085401    0.005879   -0.000000  
      3.701594  4.986605 10.000000     0.165039   -0.255257   -0.000000  
      0.000000  1.424744 10.000000     0.129497   -0.075824   -0.000000  
      2.467729  1.424744 10.000000     0.057153   -0.157988    0.000000  
      4.935459  1.424744 10.000000    -0.186651    0.233812   -0.000000  
     -1.233865  3.561861 10.000000     0.060808   -0.194797    0.000000  
      1.233865  3.561861 10.000000     0.117044   -0.054254   -0.000000  
      3.701594  3.561861 10.000000    -0.177851    0.249052   -0.000000  
     -2.467729  5.698977 10.000000     0.069606   -0.179557    0.000000  
      0.000000  5.698977 10.000000     0.048355   -0.173228    0.000000  
      2.467729  5.698977 10.000000    -0.117960    0.352785    0.000000  
 
  12 f  =   42.815595 THz   269.018319 2PiTHz 1428.174486 cm-1   177.071132 meV
             X         Y         Z           dx          dy          dz
      1.233865  0.712372 10.000000     0.098996   -0.226037    0.000000  
      3.701594  0.712372 10.000000    -0.167610    0.263945    0.000000  
      6.169324  0.712372 10.000000     0.068614   -0.037908    0.000000  
     -0.000000  2.849489 10.000000     0.138114   -0.158284   -0.000000  
      2.467729  2.849489 10.000000    -0.175752    0.249841   -0.000000  
      4.935459  2.849489 10.000000     0.037640   -0.091558    0.000000  
     -1.233865  4.986605 10.000000     0.107138   -0.211934   -0.000000  
      1.233865  4.986605 10.000000    -0.136635    0.317595   -0.000000  
      3.701594  4.986605 10.000000     0.029497   -0.105661   -0.000000  
      0.000000  1.424744 10.000000    -0.157927    0.197435    0.000000  
      2.467729  1.424744 10.000000     0.167859   -0.224973    0.000000  
      4.935459  1.424744 10.000000    -0.009931    0.027538   -0.000000  
     -1.233865  3.561861 10.000000    -0.132975    0.240655   -0.000000  
      1.233865  3.561861 10.000000     0.126904   -0.295907    0.000000  
      3.701594  3.561861 10.000000     0.006070    0.055252    0.000000  
     -2.467729  5.698977 10.000000    -0.116973    0.268370    0.000000  
      0.000000  5.698977 10.000000     0.151857   -0.252688   -0.000000  
      2.467729  5.698977 10.000000    -0.034884   -0.015682   -0.000000  
 
  13 f  =   42.815595 THz   269.018319 2PiTHz 1428.174486 cm-1   177.071132 meV
             X         Y         Z           dx          dy          dz
      1.233865  0.712372 10.000000     0.146839    0.102055   -0.000000  
      3.701594  0.712372 10.000000     0.042121    0.118158    0.000000  
      6.169324  0.712372 10.000000    -0.188963   -0.220214   -0.000000  
     -0.000000  2.849489 10.000000    -0.114091   -0.349893    0.000000  
      2.467729  2.849489 10.000000     0.089834    0.200796    0.000000  
      4.935459  2.849489 10.000000     0.024260    0.149097    0.000000  
     -1.233865  4.986605 10.000000     0.099130    0.019418   -0.000000  
      1.233865  4.986605 10.000000    -0.171100   -0.251152    0.000000  
      3.701594  4.986605 10.000000     0.071970    0.231735    0.000000  
      0.000000  1.424744 10.000000     0.108415    0.329957    0.000000  
      2.467729  1.424744 10.000000    -0.121014   -0.224232    0.000000  
      4.935459  1.424744 10.000000     0.012603   -0.105724   -0.000000  
     -1.233865  3.561861 10.000000    -0.065264    0.029141    0.000000  
      1.233865  3.561861 10.000000     0.153679    0.251553   -0.000000  
      3.701594  3.561861 10.000000    -0.088418   -0.280694   -0.000000  
     -2.467729  5.698977 10.000000    -0.166281   -0.145829    0.000000  
      0.000000  5.698977 10.000000    -0.019996   -0.049263   -0.000000  
      2.467729  5.698977 10.000000     0.186278    0.195092   -0.000000  
 
  14 f  =   42.815595 THz   269.018319 2PiTHz 1428.174486 cm-1   177.071132 meV
             X         Y         Z           dx          dy          dz
      1.233865  0.712372 10.000000    -0.116573   -0.247983   -0.000000  
      3.701594  0.712372 10.000000     0.159809    0.255834    0.000000  
      6.169324  0.712372 10.000000    -0.043234   -0.007850    0.000000  
     -0.000000  2.849489 10.000000    -0.010585   -0.064404   -0.000000  
      2.467729  2.849489 10.000000    -0.123823   -0.235428    0.000000  
      4.935459  2.849489 10.000000     0.134405    0.299832    0.000000  
     -1.233865  4.986605 10.000000     0.167057    0.243279   -0.000000  
      1.233865  4.986605 10.000000    -0.017832   -0.051849   -0.000000  
      3.701594  4.986605 10.000000    -0.149224   -0.191430   -0.000000  
      0.000000  1.424744 10.000000     0.045734    0.114304   -0.000000  
      2.467729  1.424744 10.000000     0.097303    0.202023    0.000000  
      4.935459  1.424744 10.000000    -0.143038   -0.316327   -0.000000  
     -1.233865  3.561861 10.000000    -0.172963   -0.264493   -0.000000  
      1.233865  3.561861 10.000000     0.046197    0.113503   -0.000000  
      3.701594  3.561861 10.000000     0.126769    0.150990   -0.000000  
     -2.467729  5.698977 10.000000     0.096841    0.202824    0.000000  
      0.000000  5.698977 10.000000    -0.172503   -0.265294   -0.000000  
      2.467729  5.698977 10.000000     0.075660    0.062470    0.000000  
 
  15 f  =   36.301447 THz   228.088721 2PiTHz 1210.885907 cm-1   150.130772 meV
             X         Y         Z           dx          dy          dz
      1.233865  0.712372 10.000000    -0.063456   -0.235650    0.000000  
      3.701594  0.712372 10.000000     0.235807    0.062870    0.000000  
      6.169324  0.712372 10.000000    -0.172351    0.172780    0.000000  
     -0.000000  2.849489 10.000000     0.235807    0.062870    0.000000  
      2.467729  2.849489 10.000000    -0.172351    0.172780   -0.000000  
      4.935459  2.849489 10.000000    -0.063456   -0.235650    0.000000  
     -1.233865  4.986605 10.000000    -0.172351    0.172780    0.000000  
      1.233865  4.986605 10.000000    -0.063456   -0.235650   -0.000000  
      3.701594  4.986605 10.000000     0.235807    0.062870   -0.000000  
      0.000000  1.424744 10.000000     0.196245    0.114198   -0.000000  
      2.467729  1.424744 10.000000     0.000776   -0.227052    0.000000  
      4.935459  1.424744 10.000000    -0.197021    0.112854    0.000000  
     -1.233865  3.561861 10.000000     0.000776   -0.227052    0.000000  
      1.233865  3.561861 10.000000    -0.197021    0.112854    0.000000  
      3.701594  3.561861 10.000000     0.196245    0.114198   -0.000000  
     -2.467729  5.698977 10.000000    -0.197021    0.112854    0.000000  
      0.000000  5.698977 10.000000     0.196245    0.114198   -0.000000  
      2.467729  5.698977 10.000000     0.000776   -0.227052    0.000000  
 
  16 f  =   36.301447 THz   228.088721 2PiTHz 1210.885907 cm-1   150.130772 meV
             X         Y         Z           dx          dy          dz
      1.233865  0.712372 10.000000     0.216382   -0.056850   -0.000000  
      3.701594  0.712372 10.000000    -0.058957    0.215818    0.000000  
      6.169324  0.712372 10.000000    -0.157425   -0.158967    0.000000  
     -0.000000  2.849489 10.000000    -0.058957    0.215818    0.000000  
      2.467729  2.849489 10.000000    -0.157425   -0.158967    0.000000  
      4.935459  2.849489 10.000000     0.216382   -0.056850   -0.000000  
     -1.233865  4.986605 10.000000    -0.157425   -0.158967    0.000000  
      1.233865  4.986605 10.000000     0.216382   -0.056850   -0.000000  
      3.701594  4.986605 10.000000    -0.058957    0.215818    0.000000  
      0.000000  1.424744 10.000000     0.125549   -0.212826   -0.000000  
      2.467729  1.424744 10.000000    -0.247088   -0.002316    0.000000  
      4.935459  1.424744 10.000000     0.121538    0.215142   -0.000000  
     -1.233865  3.561861 10.000000    -0.247088   -0.002316   -0.000000  
      1.233865  3.561861 10.000000     0.121538    0.215142    0.000000  
      3.701594  3.561861 10.000000     0.125549   -0.212826   -0.000000  
     -2.467729  5.698977 10.000000     0.121538    0.215142   -0.000000  
      0.000000  5.698977 10.000000     0.125549   -0.212826    0.000000  
      2.467729  5.698977 10.000000    -0.247088   -0.002316   -0.000000  
 
  17 f  =   36.301447 THz   228.088721 2PiTHz 1210.885907 cm-1   150.130772 meV
             X         Y         Z           dx          dy          dz
      1.233865  0.712372 10.000000    -0.148878   -0.175164    0.000000  
      3.701594  0.712372 10.000000     0.226136   -0.041350    0.000000  
      6.169324  0.712372 10.000000    -0.077257    0.216515    0.000000  
     -0.000000  2.849489 10.000000     0.226136   -0.041350    0.000000  
      2.467729  2.849489 10.000000    -0.077257    0.216515   -0.000000  
      4.935459  2.849489 10.000000    -0.148878   -0.175164   -0.000000  
     -1.233865  4.986605 10.000000    -0.077257    0.216515    0.000000  
      1.233865  4.986605 10.000000    -0.148878   -0.175164    0.000000  
      3.701594  4.986605 10.000000     0.226136   -0.041350    0.000000  
      0.000000  1.424744 10.000000    -0.147119   -0.191363   -0.000000  
      2.467729  1.424744 10.000000    -0.092166    0.223090   -0.000000  
      4.935459  1.424744 10.000000     0.239285   -0.031727    0.000000  
     -1.233865  3.561861 10.000000    -0.092166    0.223090   -0.000000  
      1.233865  3.561861 10.000000     0.239285   -0.031727    0.000000  
      3.701594  3.561861 10.000000    -0.147119   -0.191363    0.000000  
     -2.467729  5.698977 10.000000     0.239285   -0.031727    0.000000  
      0.000000  5.698977 10.000000    -0.147119   -0.191363   -0.000000  
      2.467729  5.698977 10.000000    -0.092166    0.223090   -0.000000  
 
  18 f  =   36.301447 THz   228.088721 2PiTHz 1210.885907 cm-1   150.130772 meV
             X         Y         Z           dx          dy          dz
      1.233865  0.712372 10.000000     0.195188   -0.147192    0.000000  
      3.701594  0.712372 10.000000     0.029879    0.242634   -0.000000  
      6.169324  0.712372 10.000000    -0.225066   -0.095441   -0.000000  
     -0.000000  2.849489 10.000000     0.029879    0.242634    0.000000  
      2.467729  2.849489 10.000000    -0.225066   -0.095441   -0.000000  
      4.935459  2.849489 10.000000     0.195188   -0.147192   -0.000000  
     -1.233865  4.986605 10.000000    -0.225066   -0.095441   -0.000000  
      1.233865  4.986605 10.000000     0.195188   -0.147192    0.000000  
      3.701594  4.986605 10.000000     0.029879    0.242634   -0.000000  
      0.000000  1.424744 10.000000    -0.187597    0.127101   -0.000000  
      2.467729  1.424744 10.000000     0.203871    0.098913   -0.000000  
      4.935459  1.424744 10.000000    -0.016275   -0.226014    0.000000  
     -1.233865  3.561861 10.000000     0.203871    0.098913    0.000000  
      1.233865  3.561861 10.000000    -0.016275   -0.226014    0.000000  
      3.701594  3.561861 10.000000    -0.187597    0.127101    0.000000  
     -2.467729  5.698977 10.000000    -0.016275   -0.226014    0.000000  
      0.000000  5.698977 10.000000    -0.187597    0.127101    0.000000  
      2.467729  5.698977 10.000000     0.203871    0.098913   -0.000000  
 
  19 f  =   34.830748 THz   218.848043 2PiTHz 1161.828652 cm-1   144.048446 meV
             X         Y         Z           dx          dy          dz
      1.233865  0.712372 10.000000    -0.196545    0.130098   -0.000000  
      3.701594  0.712372 10.000000     0.210941    0.105164    0.000000  
      6.169324  0.712372 10.000000    -0.014396   -0.235262    0.000000  
     -0.000000  2.849489 10.000000     0.210941    0.105164    0.000000  
      2.467729  2.849489 10.000000    -0.014396   -0.235262    0.000000  
      4.935459  2.849489 10.000000    -0.196545    0.130098   -0.000000  
     -1.233865  4.986605 10.000000    -0.014396   -0.235262   -0.000000  
      1.233865  4.986605 10.000000    -0.196545    0.130098    0.000000  
      3.701594  4.986605 10.000000     0.210941    0.105164   -0.000000  
      0.000000  1.424744 10.000000     0.210941   -0.105164    0.000000  
      2.467729  1.424744 10.000000    -0.014396    0.235262    0.000000  
      4.935459  1.424744 10.000000    -0.196545   -0.130098   -0.000000  
     -1.233865  3.561861 10.000000    -0.014396    0.235262   -0.000000  
      1.233865  3.561861 10.000000    -0.196545   -0.130098   -0.000000  
      3.701594  3.561861 10.000000     0.210941   -0.105164   -0.000000  
     -2.467729  5.698977 10.000000    -0.196545   -0.130098    0.000000  
      0.000000  5.698977 10.000000     0.210941   -0.105164   -0.000000  
      2.467729  5.698977 10.000000    -0.014396    0.235262    0.000000  
 
  20 f  =   34.830748 THz   218.848043 2PiTHz 1161.828652 cm-1   144.048446 meV
             X         Y         Z           dx          dy          dz
      1.233865  0.712372 10.000000     0.130098    0.196545    0.000000  
      3.701594  0.712372 10.000000     0.105164   -0.210941    0.000000  
      6.169324  0.712372 10.000000    -0.235262    0.014396    0.000000  
     -0.000000  2.849489 10.000000     0.105164   -0.210941    0.000000  
      2.467729  2.849489 10.000000    -0.235262    0.014396   -0.000000  
      4.935459  2.849489 10.000000     0.130098    0.196545   -0.000000  
     -1.233865  4.986605 10.000000    -0.235262    0.014396    0.000000  
      1.233865  4.986605 10.000000     0.130098    0.196545    0.000000  
      3.701594  4.986605 10.000000     0.105164   -0.210941   -0.000000  
      0.000000  1.424744 10.000000     0.105164    0.210941   -0.000000  
      2.467729  1.424744 10.000000    -0.235262   -0.014396   -0.000000  
      4.935459  1.424744 10.000000     0.130098   -0.196545   -0.000000  
     -1.233865  3.561861 10.000000    -0.235262   -0.014396   -0.000000  
      1.233865  3.561861 10.000000     0.130098   -0.196545   -0.000000  
      3.701594  3.561861 10.000000     0.105164    0.210941    0.000000  
     -2.467729  5.698977 10.000000     0.130098   -0.196545    0.000000  
      0.000000  5.698977 10.000000     0.105164    0.210941    0.000000  
      2.467729  5.698977 10.000000    -0.235262   -0.014396   -0.000000  
 
  21 f  =   30.055408 THz   188.843700 2PiTHz 1002.540475 cm-1   124.299222 meV
             X         Y         Z           dx          dy          dz
      1.233865  0.712372 10.000000     0.332260   -0.109656   -0.000000  
      3.701594  0.712372 10.000000    -0.207767    0.121695   -0.000000  
      6.169324  0.712372 10.000000    -0.124494   -0.012039   -0.000000  
     -0.000000  2.849489 10.000000     0.019344    0.071005    0.000000  
      2.467729  2.849489 10.000000     0.262603   -0.149874    0.000000  
      4.935459  2.849489 10.000000    -0.281947    0.078866    0.000000  
     -1.233865  4.986605 10.000000    -0.138110    0.161913    0.000000  
      1.233865  4.986605 10.000000    -0.050313    0.030791   -0.000000  
      3.701594  4.986605 10.000000     0.188423   -0.192700    0.000000  
      0.000000  1.424744 10.000000     0.206841   -0.120261    0.000000  
      2.467729  1.424744 10.000000     0.126661    0.010347    0.000000  
      4.935459  1.424744 10.000000    -0.333501    0.109911    0.000000  
     -1.233865  3.561861 10.000000    -0.262665    0.150809   -0.000000  
      1.233865  3.561861 10.000000     0.279860   -0.078102    0.000000  
      3.701594  3.561861 10.000000    -0.017195   -0.072707   -0.000000  
     -2.467729  5.698977 10.000000     0.053641   -0.031809   -0.000000  
      0.000000  5.698977 10.000000    -0.189646    0.192969    0.000000  
      2.467729  5.698977 10.000000     0.136005   -0.161156    0.000000  
 
  22 f  =   30.055408 THz   188.843700 2PiTHz 1002.540475 cm-1   124.299222 meV
             X         Y         Z           dx          dy          dz
      1.233865  0.712372 10.000000    -0.037936   -0.049506   -0.000000  
      3.701594  0.712372 10.000000     0.349681    0.079632   -0.000000  
      6.169324  0.712372 10.000000    -0.311745   -0.030128   -0.000000  
     -0.000000  2.849489 10.000000    -0.191622    0.039226    0.000000  
      2.467729  2.849489 10.000000     0.267709    0.126960    0.000000  
      4.935459  2.849489 10.000000    -0.076087   -0.166184   -0.000000  
     -1.233865  4.986605 10.000000     0.044036   -0.096832    0.000000  
      1.233865  4.986605 10.000000     0.114023    0.215689    0.000000  
      3.701594  4.986605 10.000000    -0.158059   -0.118858    0.000000  
      0.000000  1.424744 10.000000    -0.349847   -0.078772    0.000000  
      2.467729  1.424744 10.000000     0.312944    0.031340   -0.000000  
      4.935459  1.424744 10.000000     0.036904    0.047433    0.000000  
     -1.233865  3.561861 10.000000    -0.265768   -0.127315   -0.000000  
      1.233865  3.561861 10.000000     0.076908    0.167616   -0.000000  
      3.701594  3.561861 10.000000     0.188860   -0.040299   -0.000000  
     -2.467729  5.698977 10.000000    -0.113812   -0.215048    0.000000  
      0.000000  5.698977 10.000000     0.160987    0.119071   -0.000000  
      2.467729  5.698977 10.000000    -0.047175    0.095975    0.000000  
 
  23 f  =   30.055408 THz   188.843700 2PiTHz 1002.540475 cm-1   124.299222 meV
             X         Y         Z           dx          dy          dz
      1.233865  0.712372 10.000000     0.061874   -0.094996    0.000000  
      3.701594  0.712372 10.000000     0.032289   -0.133081   -0.000000  
      6.169324  0.712372 10.000000    -0.094163    0.228077    0.000000  
     -0.000000  2.849489 10.000000    -0.295935    0.111586    0.000000  
      2.467729  2.849489 10.000000     0.014099   -0.122577    0.000000  
      4.935459  2.849489 10.000000     0.281835    0.010996    0.000000  
     -1.233865  4.986605 10.000000     0.080064   -0.105500   -0.000000  
      1.233865  4.986605 10.000000    -0.343709    0.084000    0.000000  
      3.701594  4.986605 10.000000     0.263645    0.021495    0.000000  
      0.000000  1.424744 10.000000    -0.035322    0.133565   -0.000000  
      2.467729  1.424744 10.000000     0.093802   -0.228158    0.000000  
      4.935459  1.424744 10.000000    -0.058480    0.094598   -0.000000  
     -1.233865  3.561861 10.000000    -0.013154    0.120765   -0.000000  
      1.233865  3.561861 10.000000    -0.284022   -0.010023   -0.000000  
      3.701594  3.561861 10.000000     0.297176   -0.110741   -0.000000  
     -2.467729  5.698977 10.000000     0.342501   -0.084575   -0.000000  
      0.000000  5.698977 10.000000    -0.261854   -0.022824    0.000000  
      2.467729  5.698977 10.000000    -0.080647    0.107393   -0.000000  
 
  24 f  =   30.055408 THz   188.843700 2PiTHz 1002.540475 cm-1   124.299222 meV
             X         Y         Z           dx          dy          dz
      1.233865  0.712372 10.000000    -0.225837   -0.179042   -0.000000  
      3.701594  0.712372 10.000000     0.013430    0.129205   -0.000000  
      6.169324  0.712372 10.000000     0.212407    0.049837   -0.000000  
     -0.000000  2.849489 10.000000    -0.204930   -0.191113   -0.000000  
      2.467729  2.849489 10.000000     0.160746    0.044152   -0.000000  
      4.935459  2.849489 10.000000     0.044184    0.146960   -0.000000  
     -1.233865  4.986605 10.000000    -0.373153   -0.093989   -0.000000  
      1.233865  4.986605 10.000000     0.181653    0.032082    0.000000  
      3.701594  4.986605 10.000000     0.191499    0.061908   -0.000000  
      0.000000  1.424744 10.000000    -0.015579   -0.130571    0.000000  
      2.467729  1.424744 10.000000    -0.209502   -0.049086    0.000000  
      4.935459  1.424744 10.000000     0.225082    0.179657    0.000000  
     -1.233865  3.561861 10.000000    -0.163914   -0.044930   -0.000000  
      1.233865  3.561861 10.000000    -0.041972   -0.145809    0.000000  
      3.701594  3.561861 10.000000     0.205886    0.190739   -0.000000  
     -2.467729  5.698977 10.000000    -0.183109   -0.033847   -0.000000  
      0.000000  5.698977 10.000000    -0.190307   -0.060168   -0.000000  
      2.467729  5.698977 10.000000     0.373416    0.094016    0.000000  
 
  25 f  =   30.055408 THz   188.843700 2PiTHz 1002.540475 cm-1   124.299222 meV
             X         Y         Z           dx          dy          dz
      1.233865  0.712372 10.000000    -0.000000   -0.255025    0.000000  
      3.701594  0.712372 10.000000     0.000001   -0.255026    0.000000  
      6.169324  0.712372 10.000000    -0.000000   -0.255024    0.000000  
     -0.000000  2.849489 10.000000    -0.000001   -0.058377    0.000000  
      2.467729  2.849489 10.000000    -0.000001   -0.058378    0.000000  
      4.935459  2.849489 10.000000     0.000002   -0.058378   -0.000000  
     -1.233865  4.986605 10.000000     0.000001    0.313402   -0.000000  
      1.233865  4.986605 10.000000    -0.000001    0.313403   -0.000000  
      3.701594  4.986605 10.000000     0.000000    0.313403    0.000000  
      0.000000  1.424744 10.000000    -0.000001   -0.314454    0.000000  
      2.467729  1.424744 10.000000     0.000000   -0.314456   -0.000000  
      4.935459  1.424744 10.000000     0.000001   -0.314455    0.000000  
     -1.233865  3.561861 10.000000     0.000001    0.252998    0.000000  
      1.233865  3.561861 10.000000    -0.000002    0.252998   -0.000000  
      3.701594  3.561861 10.000000     0.000001    0.252998    0.000000  
     -2.467729  5.698977 10.000000     0.000001    0.061457   -0.000000  
      0.000000  5.698977 10.000000    -0.000000    0.061456   -0.000000  
      2.467729  5.698977 10.000000    -0.000001    0.061458    0.000000  
 
  26 f  =   30.055408 THz   188.843700 2PiTHz 1002.540475 cm-1   124.299222 meV
             X         Y         Z           dx          dy          dz
      1.233865  0.712372 10.000000     0.000001   -0.214647   -0.000000  
      3.701594  0.712372 10.000000    -0.000002   -0.214646    0.000000  
      6.169324  0.712372 10.000000     0.000001   -0.214648   -0.000000  
     -0.000000  2.849489 10.000000     0.000002    0.328181   -0.000000  
      2.467729  2.849489 10.000000     0.000000    0.328181   -0.000000  
      4.935459  2.849489 10.000000    -0.000002    0.328182   -0.000000  
     -1.233865  4.986605 10.000000    -0.000001   -0.113533    0.000000  
      1.233865  4.986605 10.000000     0.000001   -0.113535   -0.000000  
      3.701594  4.986605 10.000000    -0.000000   -0.113535   -0.000000  
      0.000000  1.424744 10.000000     0.000002    0.110585    0.000000  
      2.467729  1.424744 10.000000    -0.000001    0.110587    0.000000  
      4.935459  1.424744 10.000000    -0.000001    0.110586   -0.000000  
     -1.233865  3.561861 10.000000    -0.000000    0.217033   -0.000000  
      1.233865  3.561861 10.000000     0.000002    0.217032    0.000000  
      3.701594  3.561861 10.000000    -0.000002    0.217033    0.000000  
     -2.467729  5.698977 10.000000    -0.000001   -0.327618   -0.000000  
      0.000000  5.698977 10.000000     0.000000   -0.327618   -0.000000  
      2.467729  5.698977 10.000000     0.000001   -0.327620    0.000000  
 
  27 f  =   29.717219 THz   186.718796 2PiTHz  991.259710 cm-1   122.900585 meV
             X         Y         Z           dx          dy          dz
      1.233865  0.712372 10.000000     0.229001    0.055804   -0.000000  
      3.701594  0.712372 10.000000    -0.066172   -0.226223    0.000000  
      6.169324  0.712372 10.000000    -0.162829    0.170418   -0.000000  
     -0.000000  2.849489 10.000000    -0.066172   -0.226223   -0.000000  
      2.467729  2.849489 10.000000    -0.162829    0.170418   -0.000000  
      4.935459  2.849489 10.000000     0.229001    0.055804   -0.000000  
     -1.233865  4.986605 10.000000    -0.162829    0.170418    0.000000  
      1.233865  4.986605 10.000000     0.229001    0.055804    0.000000  
      3.701594  4.986605 10.000000    -0.066172   -0.226223    0.000000  
      0.000000  1.424744 10.000000     0.066172   -0.226223    0.000000  
      2.467729  1.424744 10.000000     0.162829    0.170418    0.000000  
      4.935459  1.424744 10.000000    -0.229001    0.055804    0.000000  
     -1.233865  3.561861 10.000000     0.162829    0.170418   -0.000000  
      1.233865  3.561861 10.000000    -0.229001    0.055804    0.000000  
      3.701594  3.561861 10.000000     0.066172   -0.226223    0.000000  
     -2.467729  5.698977 10.000000    -0.229001    0.055804    0.000000  
      0.000000  5.698977 10.000000     0.066172   -0.226223   -0.000000  
      2.467729  5.698977 10.000000     0.162829    0.170418    0.000000  
 
  28 f  =   29.717219 THz   186.718796 2PiTHz  991.259710 cm-1   122.900585 meV
             X         Y         Z           dx          dy          dz
      1.233865  0.712372 10.000000     0.055804   -0.229001   -0.000000  
      3.701594  0.712372 10.000000    -0.226223    0.066172    0.000000  
      6.169324  0.712372 10.000000     0.170418    0.162829   -0.000000  
     -0.000000  2.849489 10.000000    -0.226223    0.066172    0.000000  
      2.467729  2.849489 10.000000     0.170418    0.162829   -0.000000  
      4.935459  2.849489 10.000000     0.055804   -0.229001    0.000000  
     -1.233865  4.986605 10.000000     0.170418    0.162829   -0.000000  
      1.233865  4.986605 10.000000     0.055804   -0.229001   -0.000000  
      3.701594  4.986605 10.000000    -0.226223    0.066172    0.000000  
      0.000000  1.424744 10.000000     0.226223    0.066172    0.000000  
      2.467729  1.424744 10.000000    -0.170418    0.162829   -0.000000  
      4.935459  1.424744 10.000000    -0.055804   -0.229001    0.000000  
     -1.233865  3.561861 10.000000    -0.170418    0.162829    0.000000  
      1.233865  3.561861 10.000000    -0.055804   -0.229001   -0.000000  
      3.701594  3.561861 10.000000     0.226223    0.066172    0.000000  
     -2.467729  5.698977 10.000000    -0.055804   -0.229001    0.000000  
      0.000000  5.698977 10.000000     0.226223    0.066172    0.000000  
      2.467729  5.698977 10.000000    -0.170418    0.162829    0.000000  
 
  29 f  =   26.126175 THz   164.155598 2PiTHz  871.475359 cm-1   108.049213 meV
             X         Y         Z           dx          dy          dz
      1.233865  0.712372 10.000000     0.000000   -0.000000   -0.235702  
      3.701594  0.712372 10.000000     0.000000   -0.000000   -0.235702  
      6.169324  0.712372 10.000000    -0.000000    0.000000   -0.235702  
     -0.000000  2.849489 10.000000    -0.000000    0.000000   -0.235702  
      2.467729  2.849489 10.000000    -0.000000   -0.000000   -0.235702  
      4.935459  2.849489 10.000000     0.000000   -0.000000   -0.235702  
     -1.233865  4.986605 10.000000     0.000000   -0.000000   -0.235702  
      1.233865  4.986605 10.000000    -0.000000   -0.000000   -0.235702  
      3.701594  4.986605 10.000000     0.000000   -0.000000   -0.235702  
      0.000000  1.424744 10.000000     0.000000    0.000000    0.235702  
      2.467729  1.424744 10.000000     0.000000   -0.000000    0.235702  
      4.935459  1.424744 10.000000    -0.000000    0.000000    0.235702  
     -1.233865  3.561861 10.000000    -0.000000    0.000000    0.235702  
      1.233865  3.561861 10.000000    -0.000000    0.000000    0.235702  
      3.701594  3.561861 10.000000     0.000000   -0.000000    0.235702  
     -2.467729  5.698977 10.000000     0.000000    0.000000    0.235702  
      0.000000  5.698977 10.000000    -0.000000    0.000000    0.235702  
      2.467729  5.698977 10.000000    -0.000000    0.000000    0.235702  
 
  30 f  =   22.930533 THz   144.076789 2PiTHz  764.880229 cm-1    94.833096 meV
             X         Y         Z           dx          dy          dz
      1.233865  0.712372 10.000000    -0.000000    0.000000    0.234584  
      3.701594  0.712372 10.000000     0.000000   -0.000000    0.038427  
      6.169324  0.712372 10.000000    -0.000000   -0.000000   -0.014577  
     -0.000000  2.849489 10.000000     0.000000    0.000000   -0.323408  
      2.467729  2.849489 10.000000     0.000000    0.000000   -0.284897  
      4.935459  2.849489 10.000000     0.000000   -0.000000    0.054623  
     -1.233865  4.986605 10.000000    -0.000000    0.000000    0.299473  
      1.233865  4.986605 10.000000    -0.000000   -0.000000   -0.289206  
      3.701594  4.986605 10.000000    -0.000000    0.000000    0.284981  
      0.000000  1.424744 10.000000    -0.000000    0.000000    0.058552  
      2.467729  1.424744 10.000000     0.000000    0.000000    0.004050  
      4.935459  1.424744 10.000000    -0.000000   -0.000000    0.049613  
     -1.233865  3.561861 10.000000     0.000000   -0.000000   -0.017095  
      1.233865  3.561861 10.000000     0.000000   -0.000000    0.470409  
      3.701594  3.561861 10.000000     0.000000    0.000000   -0.039509  
     -2.467729  5.698977 10.000000    -0.000000    0.000000   -0.520022  
      0.000000  5.698977 10.000000    -0.000000   -0.000000   -0.019043  
      2.467729  5.698977 10.000000    -0.000000    0.000000    0.013046  
 
  31 f  =   22.930533 THz   144.076789 2PiTHz  764.880229 cm-1    94.833096 meV
             X         Y         Z           dx          dy          dz
      1.233865  0.712372 10.000000     0.000000    0.000000   -0.229540  
      3.701594  0.712372 10.000000     0.000000   -0.000000    0.283971  
      6.169324  0.712372 10.000000    -0.000000   -0.000000    0.344440  
     -0.000000  2.849489 10.000000    -0.000000   -0.000000   -0.089904  
      2.467729  2.849489 10.000000     0.000000    0.000000   -0.209124  
      4.935459  2.849489 10.000000    -0.000000   -0.000000    0.353413  
     -1.233865  4.986605 10.000000    -0.000000   -0.000000   -0.135316  
      1.233865  4.986605 10.000000     0.000000   -0.000000   -0.123873  
      3.701594  4.986605 10.000000    -0.000000    0.000000   -0.194066  
      0.000000  1.424744 10.000000    -0.000000   -0.000000   -0.010138  
      2.467729  1.424744 10.000000     0.000000   -0.000000    0.082504  
      4.935459  1.424744 10.000000    -0.000000   -0.000000   -0.566577  
     -1.233865  3.561861 10.000000    -0.000000   -0.000000   -0.082954  
      1.233865  3.561861 10.000000     0.000000   -0.000000    0.325466  
      3.701594  3.561861 10.000000     0.000000    0.000000    0.028358  
     -2.467729  5.698977 10.000000     0.000000    0.000000    0.241112  
      0.000000  5.698977 10.000000     0.000000   -0.000000   -0.018220  
      2.467729  5.698977 10.000000    -0.000000    0.000000    0.000449  
 
  32 f  =   22.930533 THz   144.076789 2PiTHz  764.880229 cm-1    94.833096 meV
             X         Y         Z           dx          dy          dz
      1.233865  0.712372 10.000000    -0.000000   -0.000000    0.155907  
      3.701594  0.712372 10.000000     0.000000   -0.000000   -0.321566  
      6.169324  0.712372 10.000000    -0.000000   -0.000000    0.190820  
     -0.000000  2.849489 10.000000     0.000000   -0.000000    0.107340  
      2.467729  2.849489 10.000000     0.000000    0.000000    0.158728  
      4.935459  2.849489 10.000000    -0.000000    0.000000    0.165900  
     -1.233865  4.986605 10.000000     0.000000   -0.000000   -0.349548  
      1.233865  4.986605 10.000000     0.000000   -0.000000   -0.321807  
      3.701594  4.986605 10.000000    -0.000000    0.000000    0.214226  
      0.000000  1.424744 10.000000    -0.000000   -0.000000   -0.342720  
      2.467729  1.424744 10.000000     0.000000    0.000000    0.012712  
      4.935459  1.424744 10.000000     0.000000   -0.000000   -0.015826  
     -1.233865  3.561861 10.000000    -0.000000    0.000000    0.038500  
      1.233865  3.561861 10.000000     0.000000   -0.000000    0.032542  
      3.701594  3.561861 10.000000    -0.000000    0.000000   -0.227362  
     -2.467729  5.698977 10.000000    -0.000000    0.000000   -0.016716  
      0.000000  5.698977 10.000000     0.000000   -0.000000    0.570082  
      2.467729  5.698977 10.000000    -0.000000    0.000000   -0.051212  
 
  33 f  =   22.930533 THz   144.076789 2PiTHz  764.880229 cm-1    94.833096 meV
             X         Y         Z           dx          dy          dz
      1.233865  0.712372 10.000000    -0.000000   -0.000000   -0.297683  
      3.701594  0.712372 10.000000    -0.000000    0.000000   -0.370814  
      6.169324  0.712372 10.000000    -0.000000   -0.000000   -0.015739  
     -0.000000  2.849489 10.000000     0.000000    0.000000    0.270281  
      2.467729  2.849489 10.000000    -0.000000   -0.000000   -0.251873  
      4.935459  2.849489 10.000000     0.000000   -0.000000    0.223378  
     -1.233865  4.986605 10.000000     0.000000    0.000000    0.267612  
      1.233865  4.986605 10.000000     0.000000    0.000000    0.074305  
      3.701594  4.986605 10.000000    -0.000000    0.000000    0.100533  
      0.000000  1.424744 10.000000    -0.000000    0.000000    0.019022  
      2.467729  1.424744 10.000000    -0.000000   -0.000000    0.491029  
      4.935459  1.424744 10.000000    -0.000000    0.000000    0.091698  
     -1.233865  3.561861 10.000000     0.000000    0.000000   -0.492812  
      1.233865  3.561861 10.000000     0.000000   -0.000000   -0.065631  
      3.701594  3.561861 10.000000     0.000000   -0.000000   -0.041805  
     -2.467729  5.698977 10.000000    -0.000000   -0.000000   -0.026068  
      0.000000  5.698977 10.000000     0.000000    0.000000    0.022783  
      2.467729  5.698977 10.000000    -0.000000    0.000000    0.001783  
 
  34 f  =   22.930533 THz   144.076789 2PiTHz  764.880229 cm-1    94.833096 meV
             X         Y         Z           dx          dy          dz
      1.233865  0.712372 10.000000     0.000000   -0.000000    0.314107  
      3.701594  0.712372 10.000000     0.000000    0.000000   -0.046947  
      6.169324  0.712372 10.000000    -0.000000    0.000000    0.273877  
     -0.000000  2.849489 10.000000    -0.000000   -0.000000    0.295357  
      2.467729  2.849489 10.000000     0.000000   -0.000000   -0.313143  
      4.935459  2.849489 10.000000    -0.000000    0.000000   -0.271615  
     -1.233865  4.986605 10.000000     0.000000   -0.000000    0.039266  
      1.233865  4.986605 10.000000    -0.000000   -0.000000   -0.042491  
      3.701594  4.986605 10.000000    -0.000000    0.000000   -0.248410  
      0.000000  1.424744 10.000000    -0.000000   -0.000000   -0.460009  
      2.467729  1.424744 10.000000     0.000000   -0.000000    0.021789  
      4.935459  1.424744 10.000000    -0.000000    0.000000    0.034524  
     -1.233865  3.561861 10.000000     0.000000   -0.000000   -0.037471  
      1.233865  3.561861 10.000000    -0.000000    0.000000    0.026104  
      3.701594  3.561861 10.000000    -0.000000    0.000000    0.525736  
     -2.467729  5.698977 10.000000     0.000000   -0.000000   -0.060628  
      0.000000  5.698977 10.000000    -0.000000   -0.000000   -0.065727  
      2.467729  5.698977 10.000000    -0.000000    0.000000    0.015682  
 
  35 f  =   22.930533 THz   144.076789 2PiTHz  764.880229 cm-1    94.833096 meV
             X         Y         Z           dx          dy          dz
      1.233865  0.712372 10.000000     0.000000   -0.000000   -0.118448  
      3.701594  0.712372 10.000000    -0.000000   -0.000000   -0.090031  
      6.169324  0.712372 10.000000    -0.000000    0.000000    0.320645  
     -0.000000  2.849489 10.000000    -0.000000    0.000000   -0.221016  
      2.467729  2.849489 10.000000     0.000000   -0.000000   -0.147449  
      4.935459  2.849489 10.000000     0.000000   -0.000000   -0.232923  
     -1.233865  4.986605 10.000000     0.000000    0.000000   -0.173196  
      1.233865  4.986605 10.000000    -0.000000    0.000000    0.351371  
      3.701594  4.986605 10.000000     0.000000   -0.000000    0.311047  
      0.000000  1.424744 10.000000     0.000000    0.000000    0.019367  
      2.467729  1.424744 10.000000    -0.000000   -0.000000    0.291143  
      4.935459  1.424744 10.000000    -0.000000    0.000000    0.003320  
     -1.233865  3.561861 10.000000    -0.000000   -0.000000    0.283567  
      1.233865  3.561861 10.000000     0.000000   -0.000000    0.008541  
      3.701594  3.561861 10.000000    -0.000000   -0.000000    0.033602  
     -2.467729  5.698977 10.000000     0.000000   -0.000000   -0.011861  
      0.000000  5.698977 10.000000     0.000000    0.000000   -0.052969  
      2.467729  5.698977 10.000000    -0.000000   -0.000000   -0.574710  
 
  36 f  =   16.550508 THz   103.989906 2PiTHz  552.065493 cm-1    68.447422 meV
             X         Y         Z           dx          dy          dz
      1.233865  0.712372 10.000000    -0.294001    0.000002    0.000000  
      3.701594  0.712372 10.000000    -0.294000   -0.000003   -0.000000  
      6.169324  0.712372 10.000000    -0.293999    0.000001    0.000000  
     -0.000000  2.849489 10.000000     0.010962    0.000002   -0.000000  
      2.467729  2.849489 10.000000     0.010963   -0.000001    0.000000  
      4.935459  2.849489 10.000000     0.010961   -0.000002    0.000000  
     -1.233865  4.986605 10.000000     0.283036   -0.000000    0.000000  
      1.233865  4.986605 10.000000     0.283039   -0.000000    0.000000  
      3.701594  4.986605 10.000000     0.283038    0.000000   -0.000000  
      0.000000  1.424744 10.000000    -0.319300    0.000003   -0.000000  
      2.467729  1.424744 10.000000    -0.319299   -0.000001   -0.000000  
      4.935459  1.424744 10.000000    -0.319301   -0.000002    0.000000  
     -1.233865  3.561861 10.000000     0.076769    0.000000   -0.000000  
      1.233865  3.561861 10.000000     0.076772    0.000000    0.000000  
      3.701594  3.561861 10.000000     0.076772   -0.000000   -0.000000  
     -2.467729  5.698977 10.000000     0.242528    0.000002    0.000000  
      0.000000  5.698977 10.000000     0.242529   -0.000003   -0.000000  
      2.467729  5.698977 10.000000     0.242530    0.000001   -0.000000  
 
  37 f  =   16.550508 THz   103.989906 2PiTHz  552.065493 cm-1    68.447422 meV
             X         Y         Z           dx          dy          dz
      1.233865  0.712372 10.000000     0.157081   -0.000004    0.000000  
      3.701594  0.712372 10.000000     0.157085    0.000005   -0.000000  
      6.169324  0.712372 10.000000     0.157083   -0.000002   -0.000000  
     -0.000000  2.849489 10.000000    -0.333154   -0.000000   -0.000000  
      2.467729  2.849489 10.000000    -0.333156   -0.000003   -0.000000  
      4.935459  2.849489 10.000000    -0.333150    0.000004    0.000000  
     -1.233865  4.986605 10.000000     0.176073    0.000005   -0.000000  
      1.233865  4.986605 10.000000     0.176069   -0.000000    0.000000  
      3.701594  4.986605 10.000000     0.176068   -0.000005    0.000000  
      0.000000  1.424744 10.000000     0.095699   -0.000002    0.000000  
      2.467729  1.424744 10.000000     0.095698   -0.000003   -0.000000  
      4.935459  1.424744 10.000000     0.095703    0.000004   -0.000000  
     -1.233865  3.561861 10.000000    -0.324369    0.000005   -0.000000  
      1.233865  3.561861 10.000000    -0.324373   -0.000001    0.000000  
      3.701594  3.561861 10.000000    -0.324374   -0.000004    0.000000  
     -2.467729  5.698977 10.000000     0.228670   -0.000003   -0.000000  
      0.000000  5.698977 10.000000     0.228674    0.000005    0.000000  
      2.467729  5.698977 10.000000     0.228671   -0.000002   -0.000000  
 
  38 f  =   16.550508 THz   103.989906 2PiTHz  552.065493 cm-1    68.447422 meV
             X         Y         Z           dx          dy          dz
      1.233865  0.712372 10.000000     0.119197    0.161599   -0.000000  
      3.701594  0.712372 10.000000     0.057813    0.098334    0.000000  
      6.169324  0.712372 10.000000    -0.177012   -0.259933   -0.000000  
     -0.000000  2.849489 10.000000    -0.150593   -0.305692    0.000000  
      2.467729  2.849489 10.000000     0.106769    0.183127   -0.000000  
      4.935459  2.849489 10.000000     0.043823    0.122566   -0.000000  
     -1.233865  4.986605 10.000000     0.070244    0.076806   -0.000000  
      1.233865  4.986605 10.000000    -0.163021   -0.284164   -0.000000  
      3.701594  4.986605 10.000000     0.092780    0.207358    0.000000  
      0.000000  1.424744 10.000000    -0.143605   -0.287154    0.000000  
      2.467729  1.424744 10.000000     0.132942    0.218025    0.000000  
      4.935459  1.424744 10.000000     0.010661    0.069129   -0.000000  
     -1.233865  3.561861 10.000000     0.036379    0.024586    0.000000  
      1.233865  3.561861 10.000000    -0.151163   -0.274061   -0.000000  
      3.701594  3.561861 10.000000     0.114785    0.249475    0.000000  
     -2.467729  5.698977 10.000000     0.140502    0.204932   -0.000000  
      0.000000  5.698977 10.000000     0.028820    0.037679    0.000000  
      2.467729  5.698977 10.000000    -0.169321   -0.242611    0.000000  
 
  39 f  =   16.550508 THz   103.989906 2PiTHz  552.065493 cm-1    68.447422 meV
             X         Y         Z           dx          dy          dz
      1.233865  0.712372 10.000000    -0.139889   -0.196435    0.000000  
      3.701594  0.712372 10.000000     0.178959    0.226185   -0.000000  
      6.169324  0.712372 10.000000    -0.039082   -0.029750    0.000000  
     -0.000000  2.849489 10.000000    -0.041358   -0.025790   -0.000000  
      2.467729  2.849489 10.000000    -0.102455   -0.261256    0.000000  
      4.935459  2.849489 10.000000     0.143830    0.287047    0.000000  
     -1.233865  4.986605 10.000000     0.141537    0.291006    0.000000  
      1.233865  4.986605 10.000000    -0.003941   -0.090612   -0.000000  
      3.701594  4.986605 10.000000    -0.137601   -0.200395   -0.000000  
      0.000000  1.424744 10.000000    -0.076768   -0.074089    0.000000  
      2.467729  1.424744 10.000000    -0.079765   -0.219372    0.000000  
      4.935459  1.424744 10.000000     0.156524    0.293461   -0.000000  
     -1.233865  3.561861 10.000000     0.145989    0.311723    0.000000  
      1.233865  3.561861 10.000000    -0.036318   -0.144136   -0.000000  
      3.701594  3.561861 10.000000    -0.109654   -0.167588    0.000000  
     -2.467729  5.698977 10.000000    -0.120206   -0.149326   -0.000000  
      0.000000  5.698977 10.000000     0.186422    0.241677    0.000000  
      2.467729  5.698977 10.000000    -0.066225   -0.092351    0.000000  
 
  40 f  =   16.550508 THz   103.989906 2PiTHz  552.065493 cm-1    68.447422 meV
             X         Y         Z           dx          dy          dz
      1.233865  0.712372 10.000000    -0.069512    0.185081    0.000000  
      3.701594  0.712372 10.000000     0.142065   -0.324688   -0.000000  
      6.169324  0.712372 10.000000    -0.072546    0.139607    0.000000  
     -0.000000  2.849489 10.000000    -0.084160    0.159716   -0.000000  
      2.467729  2.849489 10.000000     0.183431   -0.253035    0.000000  
      4.935459  2.849489 10.000000    -0.099275    0.093318   -0.000000  
     -1.233865  4.986605 10.000000    -0.110884    0.113428    0.000000  
      1.233865  4.986605 10.000000     0.168787   -0.278400    0.000000  
      3.701594  4.986605 10.000000    -0.057905    0.164972   -0.000000  
      0.000000  1.424744 10.000000    -0.105368    0.212577   -0.000000  
      2.467729  1.424744 10.000000     0.175409   -0.251011   -0.000000  
      4.935459  1.424744 10.000000    -0.070035    0.038435    0.000000  
     -1.233865  3.561861 10.000000    -0.137976    0.156105    0.000000  
      1.233865  3.561861 10.000000     0.168843   -0.262378    0.000000  
      3.701594  3.561861 10.000000    -0.030872    0.106273   -0.000000  
     -2.467729  5.698977 10.000000    -0.098808    0.223943    0.000000  
      0.000000  5.698977 10.000000     0.136241   -0.318849   -0.000000  
      2.467729  5.698977 10.000000    -0.037433    0.094906    0.000000  
 
  41 f  =   16.550508 THz   103.989906 2PiTHz  552.065493 cm-1    68.447422 meV
             X         Y         Z           dx          dy          dz
      1.233865  0.712372 10.000000     0.130181   -0.260213   -0.000000  
      3.701594  0.712372 10.000000     0.001848   -0.020369    0.000000  
      6.169324  0.712372 10.000000    -0.132031    0.280582   -0.000000  
     -0.000000  2.849489 10.000000     0.155189   -0.216897    0.000000  
      2.467729  2.849489 10.000000    -0.003222   -0.029152   -0.000000  
      4.935459  2.849489 10.000000    -0.151969    0.246049   -0.000000  
     -1.233865  4.986605 10.000000     0.135253   -0.251430   -0.000000  
      1.233865  4.986605 10.000000     0.021788    0.014164   -0.000000  
      3.701594  4.986605 10.000000    -0.157037    0.237267    0.000000  
      0.000000  1.424744 10.000000     0.133930   -0.183115   -0.000000  
      2.467729  1.424744 10.000000     0.027425   -0.089448   -0.000000  
      4.935459  1.424744 10.000000    -0.161357    0.272564    0.000000  
     -1.233865  3.561861 10.000000     0.117830   -0.211002   -0.000000  
      1.233865  3.561861 10.000000     0.053638   -0.044045    0.000000  
      3.701594  3.561861 10.000000    -0.171470    0.255048   -0.000000  
     -2.467729  5.698977 10.000000     0.107719   -0.228518    0.000000  
      0.000000  5.698977 10.000000     0.037540   -0.071932   -0.000000  
      2.467729  5.698977 10.000000    -0.145255    0.300451   -0.000000  
 
  42 f  =   15.895925 THz    99.877043 2PiTHz  530.230972 cm-1    65.740286 meV
             X         Y         Z           dx          dy          dz
      1.233865  0.712372 10.000000     0.000000   -0.000000    0.456701  
      3.701594  0.712372 10.000000     0.000000   -0.000000   -0.127188  
      6.169324  0.712372 10.000000    -0.000000    0.000000   -0.329513  
     -0.000000  2.849489 10.000000     0.000000   -0.000000   -0.127188  
      2.467729  2.849489 10.000000     0.000000   -0.000000   -0.329513  
      4.935459  2.849489 10.000000     0.000000    0.000000    0.456701  
     -1.233865  4.986605 10.000000    -0.000000    0.000000   -0.329513  
      1.233865  4.986605 10.000000    -0.000000   -0.000000    0.456701  
      3.701594  4.986605 10.000000    -0.000000    0.000000   -0.127188  
      0.000000  1.424744 10.000000     0.000000   -0.000000   -0.001053  
      2.467729  1.424744 10.000000     0.000000   -0.000000    0.000063  
      4.935459  1.424744 10.000000    -0.000000    0.000000    0.000990  
     -1.233865  3.561861 10.000000     0.000000    0.000000    0.000063  
      1.233865  3.561861 10.000000     0.000000   -0.000000    0.000990  
      3.701594  3.561861 10.000000     0.000000    0.000000   -0.001053  
     -2.467729  5.698977 10.000000    -0.000000    0.000000    0.000990  
      0.000000  5.698977 10.000000    -0.000000   -0.000000   -0.001053  
      2.467729  5.698977 10.000000    -0.000000    0.000000    0.000063  
 
  43 f  =   15.895925 THz    99.877043 2PiTHz  530.230972 cm-1    65.740286 meV
             X         Y         Z           dx          dy          dz
      1.233865  0.712372 10.000000     0.000000    0.000000    0.000934  
      3.701594  0.712372 10.000000     0.000000    0.000000   -0.003091  
      6.169324  0.712372 10.000000     0.000000   -0.000000    0.002157  
     -0.000000  2.849489 10.000000    -0.000000   -0.000000   -0.003091  
      2.467729  2.849489 10.000000     0.000000    0.000000    0.002157  
      4.935459  2.849489 10.000000     0.000000    0.000000    0.000934  
     -1.233865  4.986605 10.000000    -0.000000    0.000000    0.002157  
      1.233865  4.986605 10.000000    -0.000000   -0.000000    0.000934  
      3.701594  4.986605 10.000000    -0.000000   -0.000000   -0.003091  
      0.000000  1.424744 10.000000    -0.000000   -0.000000    0.266560  
      2.467729  1.424744 10.000000     0.000000    0.000000   -0.469982  
      4.935459  1.424744 10.000000     0.000000    0.000000    0.203423  
     -1.233865  3.561861 10.000000     0.000000    0.000000   -0.469982  
      1.233865  3.561861 10.000000    -0.000000   -0.000000    0.203423  
      3.701594  3.561861 10.000000     0.000000    0.000000    0.266560  
     -2.467729  5.698977 10.000000    -0.000000    0.000000    0.203423  
      0.000000  5.698977 10.000000     0.000000    0.000000    0.266560  
      2.467729  5.698977 10.000000    -0.000000   -0.000000   -0.469982  
 
  44 f  =   15.895925 THz    99.877043 2PiTHz  530.230972 cm-1    65.740286 meV
             X         Y         Z           dx          dy          dz
      1.233865  0.712372 10.000000    -0.000000    0.000000   -0.011708  
      3.701594  0.712372 10.000000    -0.000000   -0.000000    0.049565  
      6.169324  0.712372 10.000000    -0.000000    0.000000   -0.037857  
     -0.000000  2.849489 10.000000     0.000000    0.000000    0.049565  
      2.467729  2.849489 10.000000     0.000000    0.000000   -0.037857  
      4.935459  2.849489 10.000000    -0.000000   -0.000000   -0.011708  
     -1.233865  4.986605 10.000000    -0.000000   -0.000000   -0.037857  
      1.233865  4.986605 10.000000     0.000000    0.000000   -0.011708  
      3.701594  4.986605 10.000000     0.000000    0.000000    0.049565  
      0.000000  1.424744 10.000000     0.000000    0.000000    0.386640  
      2.467729  1.424744 10.000000    -0.000000   -0.000000    0.035885  
      4.935459  1.424744 10.000000    -0.000000   -0.000000   -0.422526  
     -1.233865  3.561861 10.000000    -0.000000   -0.000000    0.035885  
      1.233865  3.561861 10.000000     0.000000    0.000000   -0.422526  
      3.701594  3.561861 10.000000     0.000000    0.000000    0.386640  
     -2.467729  5.698977 10.000000     0.000000    0.000000   -0.422526  
      0.000000  5.698977 10.000000    -0.000000   -0.000000    0.386640  
      2.467729  5.698977 10.000000     0.000000    0.000000    0.035885  
 
  45 f  =   15.895925 THz    99.877043 2PiTHz  530.230972 cm-1    65.740286 meV
             X         Y         Z           dx          dy          dz
      1.233865  0.712372 10.000000    -0.000000    0.000000   -0.116226  
      3.701594  0.712372 10.000000     0.000000    0.000000    0.451197  
      6.169324  0.712372 10.000000     0.000000   -0.000000   -0.334971  
     -0.000000  2.849489 10.000000    -0.000000    0.000000    0.451197  
      2.467729  2.849489 10.000000     0.000000   -0.000000   -0.334971  
      4.935459  2.849489 10.000000     0.000000    0.000000   -0.116226  
     -1.233865  4.986605 10.000000    -0.000000    0.000000   -0.334971  
      1.233865  4.986605 10.000000     0.000000   -0.000000   -0.116226  
      3.701594  4.986605 10.000000    -0.000000   -0.000000    0.451197  
      0.000000  1.424744 10.000000    -0.000000    0.000000   -0.040944  
      2.467729  1.424744 10.000000    -0.000000   -0.000000   -0.007144  
      4.935459  1.424744 10.000000     0.000000    0.000000    0.048088  
     -1.233865  3.561861 10.000000     0.000000    0.000000   -0.007144  
      1.233865  3.561861 10.000000     0.000000   -0.000000    0.048088  
      3.701594  3.561861 10.000000    -0.000000   -0.000000   -0.040944  
     -2.467729  5.698977 10.000000    -0.000000    0.000000    0.048088  
      0.000000  5.698977 10.000000     0.000000    0.000000   -0.040944  
      2.467729  5.698977 10.000000     0.000000   -0.000000   -0.007144  
 
  46 f  =    8.048667 THz    50.571267 2PiTHz  268.474630 cm-1    33.286624 meV
             X         Y         Z           dx          dy          dz
      1.233865  0.712372 10.000000    -0.000000   -0.000000    0.111515  
      3.701594  0.712372 10.000000    -0.000000   -0.000000    0.123239  
      6.169324  0.712372 10.000000    -0.000000   -0.000000   -0.323547  
     -0.000000  2.849489 10.000000    -0.000000   -0.000000    0.216156  
      2.467729  2.849489 10.000000    -0.000000   -0.000000    0.104621  
      4.935459  2.849489 10.000000    -0.000000   -0.000000    0.209469  
     -1.233865  4.986605 10.000000    -0.000000   -0.000000    0.218926  
      1.233865  4.986605 10.000000    -0.000000   -0.000000   -0.320983  
      3.701594  4.986605 10.000000    -0.000000   -0.000000   -0.339395  
      0.000000  1.424744 10.000000    -0.000000   -0.000000   -0.000206  
      2.467729  1.424744 10.000000    -0.000000   -0.000000    0.282721  
      4.935459  1.424744 10.000000    -0.000000   -0.000000    0.005697  
     -1.233865  3.561861 10.000000    -0.000000   -0.000000    0.294346  
      1.233865  3.561861 10.000000    -0.000000   -0.000000   -0.001113  
      3.701594  3.561861 10.000000    -0.000000   -0.000000   -0.013473  
     -2.467729  5.698977 10.000000    -0.000000   -0.000000   -0.004585  
      0.000000  5.698977 10.000000    -0.000000   -0.000000    0.013679  
      2.467729  5.698977 10.000000    -0.000000   -0.000000   -0.577067  
 
  47 f  =    8.048667 THz    50.571267 2PiTHz  268.474630 cm-1    33.286624 meV
             X         Y         Z           dx          dy          dz
      1.233865  0.712372 10.000000    -0.000000   -0.000000   -0.364563  
      3.701594  0.712372 10.000000    -0.000000   -0.000000    0.427048  
      6.169324  0.712372 10.000000    -0.000000   -0.000000    0.033132  
     -0.000000  2.849489 10.000000    -0.000000   -0.000000   -0.201836  
      2.467729  2.849489 10.000000    -0.000000   -0.000000    0.095300  
      4.935459  2.849489 10.000000    -0.000000   -0.000000    0.190597  
     -1.233865  4.986605 10.000000    -0.000000   -0.000000   -0.128432  
      1.233865  4.986605 10.000000    -0.000000   -0.000000    0.173966  
      3.701594  4.986605 10.000000    -0.000000   -0.000000   -0.225212  
      0.000000  1.424744 10.000000    -0.000000   -0.000000   -0.326300  
      2.467729  1.424744 10.000000    -0.000000   -0.000000    0.083173  
      4.935459  1.424744 10.000000    -0.000000   -0.000000    0.413748  
     -1.233865  3.561861 10.000000    -0.000000   -0.000000   -0.089199  
      1.233865  3.561861 10.000000    -0.000000   -0.000000   -0.036808  
      3.701594  3.561861 10.000000    -0.000000   -0.000000    0.089815  
     -2.467729  5.698977 10.000000    -0.000000   -0.000000   -0.376940  
      0.000000  5.698977 10.000000    -0.000000   -0.000000    0.236485  
      2.467729  5.698977 10.000000     0.000000   -0.000000    0.006026  
 
  48 f  =    8.048667 THz    50.571267 2PiTHz  268.474630 cm-1    33.286624 meV
             X         Y         Z           dx          dy          dz
      1.233865  0.712372 10.000000     0.000000    0.000000   -0.042504  
      3.701594  0.712372 10.000000     0.000000    0.000000   -0.154533  
      6.169324  0.712372 10.000000     0.000000    0.000000   -0.089185  
     -0.000000  2.849489 10.000000     0.000000    0.000000   -0.103440  
      2.467729  2.849489 10.000000     0.000000    0.000000    0.403097  
      4.935459  2.849489 10.000000     0.000000    0.000000    0.273421  
     -1.233865  4.986605 10.000000     0.000000    0.000000   -0.313912  
      1.233865  4.986605 10.000000     0.000000    0.000000   -0.230917  
      3.701594  4.986605 10.000000     0.000000    0.000000    0.257972  
      0.000000  1.424744 10.000000     0.000000    0.000000   -0.044138  
      2.467729  1.424744 10.000000     0.000000    0.000000    0.112848  
      4.935459  1.424744 10.000000     0.000000    0.000000    0.026099  
     -1.233865  3.561861 10.000000     0.000000    0.000000   -0.096695  
      1.233865  3.561861 10.000000     0.000000    0.000000    0.032104  
      3.701594  3.561861 10.000000     0.000000    0.000000    0.506648  
     -2.467729  5.698977 10.000000     0.000000    0.000000   -0.058204  
      0.000000  5.698977 10.000000     0.000000    0.000000   -0.462509  
      2.467729  5.698977 10.000000     0.000000    0.000000   -0.016153  
 
  49 f  =    8.048667 THz    50.571267 2PiTHz  268.474630 cm-1    33.286624 meV
             X         Y         Z           dx          dy          dz
      1.233865  0.712372 10.000000    -0.000000   -0.000000   -0.225474  
      3.701594  0.712372 10.000000     0.000000    0.000000   -0.206345  
      6.169324  0.712372 10.000000    -0.000000    0.000000   -0.315087  
     -0.000000  2.849489 10.000000     0.000000    0.000000    0.244737  
      2.467729  2.849489 10.000000    -0.000000   -0.000000    0.272412  
      4.935459  2.849489 10.000000     0.000000    0.000000   -0.156043  
     -1.233865  4.986605 10.000000     0.000000    0.000000    0.042675  
      1.233865  4.986605 10.000000    -0.000000    0.000000    0.381516  
      3.701594  4.986605 10.000000    -0.000000   -0.000000   -0.038392  
      0.000000  1.424744 10.000000    -0.000000    0.000000   -0.176142  
      2.467729  1.424744 10.000000    -0.000000   -0.000000   -0.085098  
      4.935459  1.424744 10.000000     0.000000    0.000000   -0.324271  
     -1.233865  3.561861 10.000000    -0.000000    0.000000    0.085106  
      1.233865  3.561861 10.000000     0.000000   -0.000000    0.536816  
      3.701594  3.561861 10.000000    -0.000000   -0.000000    0.072624  
     -2.467729  5.698977 10.000000    -0.000000   -0.000000   -0.212545  
      0.000000  5.698977 10.000000     0.000000    0.000000    0.103519  
      2.467729  5.698977 10.000000    -0.000000    0.000000   -0.000008  
 
  50 f  =    8.048667 THz    50.571267 2PiTHz  268.474630 cm-1    33.286624 meV
             X         Y         Z           dx          dy          dz
      1.233865  0.712372 10.000000    -0.000000    0.000000   -0.291332  
      3.701594  0.712372 10.000000    -0.000000   -0.000000   -0.255269  
      6.169324  0.712372 10.000000    -0.000000   -0.000000    0.264561  
     -0.000000  2.849489 10.000000    -0.000000   -0.000000    0.344474  
      2.467729  2.849489 10.000000    -0.000000    0.000000   -0.208246  
      4.935459  2.849489 10.000000    -0.000000   -0.000000    0.325076  
     -1.233865  4.986605 10.000000    -0.000000   -0.000000   -0.056315  
      1.233865  4.986605 10.000000    -0.000000   -0.000000   -0.033744  
      3.701594  4.986605 10.000000     0.000000    0.000000   -0.089205  
      0.000000  1.424744 10.000000    -0.000000   -0.000000    0.201406  
      2.467729  1.424744 10.000000    -0.000000    0.000000   -0.403943  
      4.935459  1.424744 10.000000    -0.000000   -0.000000    0.220036  
     -1.233865  3.561861 10.000000     0.000000   -0.000000    0.398458  
      1.233865  3.561861 10.000000    -0.000000   -0.000000    0.015992  
      3.701594  3.561861 10.000000     0.000000    0.000000   -0.020693  
     -2.467729  5.698977 10.000000     0.000000   -0.000000   -0.236029  
      0.000000  5.698977 10.000000    -0.000000   -0.000000   -0.180713  
      2.467729  5.698977 10.000000    -0.000000   -0.000000    0.005485  
 
  51 f  =    8.048667 THz    50.571267 2PiTHz  268.474630 cm-1    33.286624 meV
             X         Y         Z           dx          dy          dz
      1.233865  0.712372 10.000000    -0.000000    0.000000   -0.224660  
      3.701594  0.712372 10.000000    -0.000000    0.000000   -0.064458  
      6.169324  0.712372 10.000000     0.000000   -0.000000   -0.224336  
     -0.000000  2.849489 10.000000    -0.000000    0.000000   -0.237937  
      2.467729  2.849489 10.000000     0.000000    0.000000   -0.182329  
      4.935459  2.849489 10.000000     0.000000    0.000000    0.219877  
     -1.233865  4.986605 10.000000    -0.000000    0.000000    0.406665  
      1.233865  4.986605 10.000000    -0.000000   -0.000000    0.004783  
      3.701594  4.986605 10.000000     0.000000    0.000000    0.302395  
      0.000000  1.424744 10.000000    -0.000000    0.000000   -0.391565  
      2.467729  1.424744 10.000000    -0.000000    0.000000   -0.251671  
      4.935459  1.424744 10.000000     0.000000   -0.000000   -0.088681  
     -1.233865  3.561861 10.000000     0.000000    0.000000    0.251744  
      1.233865  3.561861 10.000000     0.000000   -0.000000   -0.206202  
      3.701594  3.561861 10.000000     0.000000   -0.000000    0.250382  
     -2.467729  5.698977 10.000000    -0.000000    0.000000    0.294883  
      0.000000  5.698977 10.000000    -0.000000    0.000000    0.141183  
      2.467729  5.698977 10.000000     0.000000   -0.000000   -0.000073  
 
  52 f  =    0.000001 THz     0.000006 2PiTHz    0.000031 cm-1     0.000004 meV
             X         Y         Z           dx          dy          dz
      1.233865  0.712372 10.000000     0.213944    0.098908   -0.001004  
      3.701594  0.712372 10.000000     0.213944    0.098908   -0.001004  
      6.169324  0.712372 10.000000     0.213944    0.098908   -0.001004  
     -0.000000  2.849489 10.000000     0.213944    0.098908   -0.001004  
      2.467729  2.849489 10.000000     0.213944    0.098908   -0.001004  
      4.935459  2.849489 10.000000     0.213944    0.098908   -0.001004  
     -1.233865  4.986605 10.000000     0.213944    0.098908   -0.001004  
      1.233865  4.986605 10.000000     0.213944    0.098908   -0.001004  
      3.701594  4.986605 10.000000     0.213944    0.098908   -0.001004  
      0.000000  1.424744 10.000000     0.213944    0.098908   -0.001004  
      2.467729  1.424744 10.000000     0.213944    0.098908   -0.001004  
      4.935459  1.424744 10.000000     0.213944    0.098908   -0.001004  
     -1.233865  3.561861 10.000000     0.213944    0.098908   -0.001004  
      1.233865  3.561861 10.000000     0.213944    0.098908   -0.001004  
      3.701594  3.561861 10.000000     0.213944    0.098908   -0.001004  
     -2.467729  5.698977 10.000000     0.213944    0.098908   -0.001004  
      0.000000  5.698977 10.000000     0.213944    0.098908   -0.001004  
      2.467729  5.698977 10.000000     0.213944    0.098908   -0.001004  
 
  53 f/i=    0.000001 THz     0.000004 2PiTHz    0.000022 cm-1     0.000003 meV
             X         Y         Z           dx          dy          dz
      1.233865  0.712372 10.000000     0.001042    0.000138    0.235700  
      3.701594  0.712372 10.000000     0.001042    0.000138    0.235700  
      6.169324  0.712372 10.000000     0.001042    0.000138    0.235700  
     -0.000000  2.849489 10.000000     0.001042    0.000138    0.235700  
      2.467729  2.849489 10.000000     0.001042    0.000138    0.235700  
      4.935459  2.849489 10.000000     0.001042    0.000138    0.235700  
     -1.233865  4.986605 10.000000     0.001042    0.000138    0.235700  
      1.233865  4.986605 10.000000     0.001042    0.000138    0.235700  
      3.701594  4.986605 10.000000     0.001042    0.000138    0.235700  
      0.000000  1.424744 10.000000     0.001042    0.000138    0.235700  
      2.467729  1.424744 10.000000     0.001042    0.000138    0.235700  
      4.935459  1.424744 10.000000     0.001042    0.000138    0.235700  
     -1.233865  3.561861 10.000000     0.001042    0.000138    0.235700  
      1.233865  3.561861 10.000000     0.001042    0.000138    0.235700  
      3.701594  3.561861 10.000000     0.001042    0.000138    0.235700  
     -2.467729  5.698977 10.000000     0.001042    0.000138    0.235700  
      0.000000  5.698977 10.000000     0.001042    0.000138    0.235700  
      2.467729  5.698977 10.000000     0.001042    0.000138    0.235700  
 
  54 f/i=    0.000001 THz     0.000009 2PiTHz    0.000047 cm-1     0.000006 meV
             X         Y         Z           dx          dy          dz
      1.233865  0.712372 10.000000     0.098907   -0.213946   -0.000312  
      3.701594  0.712372 10.000000     0.098907   -0.213946   -0.000312  
      6.169324  0.712372 10.000000     0.098907   -0.213946   -0.000312  
     -0.000000  2.849489 10.000000     0.098907   -0.213946   -0.000312  
      2.467729  2.849489 10.000000     0.098907   -0.213946   -0.000312  
      4.935459  2.849489 10.000000     0.098907   -0.213946   -0.000312  
     -1.233865  4.986605 10.000000     0.098907   -0.213946   -0.000312  
      1.233865  4.986605 10.000000     0.098907   -0.213946   -0.000312  
      3.701594  4.986605 10.000000     0.098907   -0.213946   -0.000312  
      0.000000  1.424744 10.000000     0.098907   -0.213946   -0.000312  
      2.467729  1.424744 10.000000     0.098907   -0.213946   -0.000312  
      4.935459  1.424744 10.000000     0.098907   -0.213946   -0.000312  
     -1.233865  3.561861 10.000000     0.098907   -0.213946   -0.000312  
      1.233865  3.561861 10.000000     0.098907   -0.213946   -0.000312  
      3.701594  3.561861 10.000000     0.098907   -0.213946   -0.000312  
     -2.467729  5.698977 10.000000     0.098907   -0.213946   -0.000312  
      0.000000  5.698977 10.000000     0.098907   -0.213946   -0.000312  
      2.467729  5.698977 10.000000     0.098907   -0.213946   -0.000312  
 

 ELASTIC MODULI CONTR FROM IONIC RELAXATION (kBar)
 Direction    XX          YY          ZZ          XY          YZ          ZX
 --------------------------------------------------------------------------------
 XX          -6.0427      6.0427      0.0000     -0.0000      0.0000     -0.0000
 YY           6.0427     -6.0427     -0.0000      0.0000     -0.0000      0.0000
 ZZ           0.0000     -0.0000     -0.0000     -0.0000      0.0000     -0.0000
 XY          -0.0000      0.0000     -0.0000     -6.0427     -0.0000      0.0000
 YZ           0.0000     -0.0000      0.0000     -0.0000     -0.0000      0.0000
 ZX          -0.0000      0.0000     -0.0000      0.0000      0.0000     -0.0000
 --------------------------------------------------------------------------------



--------------------------------------------------------------------------------------------------------


  LATTYP: Found a hexagonal cell.
 ALAT       =     7.4031881779
 C/A-ratio  =     2.7015387856
  
  Lattice vectors:
  
 A1 = (   7.4031881781,   0.0000000000,   0.0000000000)
 A2 = (  -3.7015940891,   6.4113490311,   0.0000000000)
 A3 = (   0.0000000000,   0.0000000000,  20.0000000000)


Analysis of symmetry for initial positions (statically):
=====================================================================
 Subroutine PRICEL returns following result:
 
  LATTYP: Found a hexagonal cell.
 ALAT       =     2.4677293559
 C/A-ratio  =     8.1046164776
  
  Lattice vectors:
  
 A1 = (   2.4677294662,   0.0000000000,   0.0000000000)
 A2 = (  -1.2338646228,   2.1371162163,   0.0000000000)
 A3 = (   0.0000000000,   0.0000000000,  20.0000000000)
 
   9 primitive cells build up your supercell.
 

 Routine SETGRP: Setting up the symmetry group for a 
 hexagonal supercell.
