 ir1  ir2   m    n          ReH 
   -1   -1    1    1   -0.117207
   -1   -1    2    1    0.002757
   -1   -1    3    1    0.417850
   -1   -1    4    1   -0.005428
   -1   -1    5    1   -0.016225
   -1   -1    6    1    0.020662
   -1   -1    7    1    0.019858
   -1   -1    8    1    0.003955
   -1   -1    9    1   -0.043015
   -1   -1   10    1   -0.032207
   -1   -1   11    1   -0.003435
   -1   -1   12    1   -0.007132
   -1   -1   13    1    0.016362
   -1   -1   14    1   -0.027945
   -1   -1   15    1    0.012225
   -1   -1   16    1    0.004902
   -1   -1   17    1    0.008207
   -1   -1   18    1   -0.021355
   -1   -1    1    2    0.000850
   -1   -1    2    2   -0.000948
   -1   -1    3    2   -0.007470
   -1   -1    4    2   -0.010730
   -1   -1    5    2    0.047722
   -1   -1    6    2    0.047205
   -1   -1    7    2    0.026240
   -1   -1    8    2    0.005625
   -1   -1    9    2    0.002920
   -1   -1   10    2    0.135662
   -1   -1   11    2    0.015145
   -1   -1   12    2   -0.032770
   -1   -1   13    2    0.078017
   -1   -1   14    2    0.067872
   -1   -1   15    2    0.073447
   -1   -1   16    2    0.005367
   -1   -1   17    2   -0.001313
   -1   -1   18    2   -0.111848
   -1   -1    1    3    0.000410
   -1   -1    2    3   -0.000145
   -1   -1    3    3    0.061208
   -1   -1    4    3    0.011895
   -1   -1    5    3   -0.012145
   -1   -1    6    3    0.006868
   -1   -1    7    3    0.002922
   -1   -1    8    3    0.000130
   -1   -1    9    3    0.016920
   -1   -1   10    3    0.090852
   -1   -1   11    3   -0.004222
   -1   -1   12    3   -0.004080
   -1   -1   13    3    0.015947
   -1   -1   14    3    0.019768
   -1   -1   15    3    0.014075
   -1   -1   16    3    0.003675
   -1   -1   17    3   -0.004825
   -1   -1   18    3   -0.011547
   -1   -1    1    4    0.079585
   -1   -1    2    4   -0.008690
   -1   -1    3    4    0.091683
   -1   -1    4    4    0.057377
   -1   -1    5    4    0.032955
   -1   -1    6    4    0.017235
   -1   -1    7    4    0.010610
   -1   -1    8    4    0.016845
   -1   -1    9    4    0.019300
   -1   -1   10    4    0.091400
   -1   -1   11    4   -0.005057
   -1   -1   12    4   -0.000375
   -1   -1   13    4   -0.012240
   -1   -1   14    4    0.062440
   -1   -1   15    4    0.165302
   -1   -1   16    4   -0.008025
   -1   -1   17    4    0.040600
   -1   -1   18    4    0.072898
   -1   -1    1    5    0.008477
   -1   -1    2    5    0.007238
   -1   -1    3    5   -0.136680
   -1   -1    4    5    0.001880
   -1   -1    5    5    0.009352
   -1   -1    6    5   -0.008015
   -1   -1    7    5   -0.005862
   -1   -1    8    5    0.024233
   -1   -1    9    5   -0.012507
   -1   -1   10    5   -0.013135
   -1   -1   11    5   -0.003260
   -1   -1   12    5    0.010285
   -1   -1   13    5   -0.019977
   -1   -1   14    5    0.043687
   -1   -1   15    5   -0.006443
   -1   -1   16    5    0.000755
   -1   -1   17    5    0.037283
   -1   -1   18    5    0.012913
   -1   -1    1    6   -0.678153
   -1   -1    2    6   -0.073625
   -1   -1    3    6   -0.606827
   -1   -1    4    6   -0.926927
   -1   -1    5    6    0.089567
   -1   -1    6    6   -0.034995
   -1   -1    7    6   -0.131095
   -1   -1    8    6    0.721285
   -1   -1    9    6    0.496515
   -1   -1   10    6   -1.412562
   -1   -1   11    6    0.188670
   -1   -1   12    6    0.088767
   -1   -1   13    6   -0.059990
   -1   -1   14    6    0.123783
   -1   -1   15    6    0.454065
   -1   -1   16    6    0.043803
   -1   -1   17    6    1.774373
   -1   -1   18    6   -0.478723
   -1   -1    1    7   -0.032575
   -1   -1    2    7    0.020452
   -1   -1    3    7    0.070785
   -1   -1    4    7    0.069645
   -1   -1    5    7   -0.138677
   -1   -1    6    7   -0.008560
   -1   -1    7    7   -0.139765
   -1   -1    8    7   -0.069070
   -1   -1    9    7    0.049687
   -1   -1   10    7    0.249897
   -1   -1   11    7   -0.337177
   -1   -1   12    7   -0.052165
   -1   -1   13    7   -0.062675
   -1   -1   14    7   -0.426425
   -1   -1   15    7   -0.349050
   -1   -1   16    7   -0.013317
   -1   -1   17    7    0.024910
   -1   -1   18    7    0.214757
   -1   -1    1    8   -0.014103
   -1   -1    2    8    0.003595
   -1   -1    3    8   -0.106100
   -1   -1    4    8   -0.003915
   -1   -1    5    8    0.002495
   -1   -1    6    8   -0.005812
   -1   -1    7    8   -0.005075
   -1   -1    8    8    0.024977
   -1   -1    9    8    0.002700
   -1   -1   10    8   -0.018420
   -1   -1   11    8    0.000240
   -1   -1   12    8    0.003710
   -1   -1   13    8   -0.010563
   -1   -1   14    8    0.020488
   -1   -1   15    8   -0.007400
   -1   -1   16    8   -0.001900
   -1   -1   17    8    0.014580
   -1   -1   18    8    0.011558
   -1   -1    1    9    0.067235
   -1   -1    2    9   -0.103442
   -1   -1    3    9   -0.272787
   -1   -1    4    9    0.060885
   -1   -1    5    9   -0.006932
   -1   -1    6    9    0.507730
   -1   -1    7    9   -0.076780
   -1   -1    8    9    0.037082
   -1   -1    9    9    0.058705
   -1   -1   10    9   -0.473670
   -1   -1   11    9    0.024645
   -1   -1   12    9   -0.361260
   -1   -1   13    9    1.003543
   -1   -1   14    9   -0.098515
   -1   -1   15    9    0.028082
   -1   -1   16    9    0.179195
   -1   -1   17    9    0.077295
   -1   -1   18    9   -0.303237
   -1   -1    1   10    0.040150
   -1   -1    2   10   -0.003842
   -1   -1    3   10    0.020822
   -1   -1    4   10    0.048763
   -1   -1    5   10    0.011250
   -1   -1    6   10    0.012670
   -1   -1    7   10    0.005118
   -1   -1    8   10    0.014737
   -1   -1    9   10   -0.000918
   -1   -1   10   10    0.051763
   -1   -1   11   10   -0.000220
   -1   -1   12   10    0.008525
   -1   -1   13   10    0.019040
   -1   -1   14   10    0.020855
   -1   -1   15   10    0.048697
   -1   -1   16   10    0.003695
   -1   -1   17   10    0.039867
   -1   -1   18   10    0.021645
   -1   -1    1   11   -0.008360
   -1   -1    2   11    0.002710
   -1   -1    3   11   -0.005273
   -1   -1    4   11    0.004612
   -1   -1    5   11   -0.013930
   -1   -1    6   11   -0.009050
   -1   -1    7   11   -0.003087
   -1   -1    8   11   -0.003515
   -1   -1    9   11    0.000420
   -1   -1   10   11   -0.050267
   -1   -1   11   11   -0.017920
   -1   -1   12   11   -0.006703
   -1   -1   13   11   -0.017260
   -1   -1   14   11   -0.025485
   -1   -1   15   11   -0.040322
   -1   -1   16   11   -0.001495
   -1   -1   17   11    0.007015
   -1   -1   18   11    0.028188
   -1   -1    1   12    0.004400
   -1   -1    2   12   -0.002347
   -1   -1    3   12   -0.005340
   -1   -1    4   12   -0.017450
   -1   -1    5   12    0.025140
   -1   -1    6   12   -0.013532
   -1   -1    7   12    0.010720
   -1   -1    8   12    0.001913
   -1   -1    9   12    0.036807
   -1   -1   10   12   -0.102258
   -1   -1   11   12    0.006007
   -1   -1   12   12   -0.107592
   -1   -1   13   12    0.009643
   -1   -1   14   12    0.063813
   -1   -1   15   12    0.051550
   -1   -1   16   12   -0.018908
   -1   -1   17   12   -0.025045
   -1   -1   18   12   -0.004275
   -1   -1    1   13    0.063575
   -1   -1    2   13   -0.028270
   -1   -1    3   13    0.007685
   -1   -1    4   13   -0.007707
   -1   -1    5   13    0.021900
   -1   -1    6   13    0.005050
   -1   -1    7   13   -0.002840
   -1   -1    8   13   -0.000458
   -1   -1    9   13    0.038568
   -1   -1   10   13   -0.189717
   -1   -1   11   13   -0.012238
   -1   -1   12   13   -0.359605
   -1   -1   13   13   -0.010537
   -1   -1   14   13    0.058033
   -1   -1   15   13    0.271052
   -1   -1   16   13    0.009105
   -1   -1   17   13   -0.010887
   -1   -1   18   13   -0.086470
   -1   -1    1   14    0.032612
   -1   -1    2   14    0.006677
   -1   -1    3   14   -0.139905
   -1   -1    4   14    0.004350
   -1   -1    5   14    0.012730
   -1   -1    6   14   -0.003247
   -1   -1    7   14    0.003288
   -1   -1    8   14    0.009005
   -1   -1    9   14   -0.029427
   -1   -1   10   14    0.001252
   -1   -1   11   14   -0.000773
   -1   -1   12   14    0.017827
   -1   -1   13   14   -0.002577
   -1   -1   14   14    0.021147
   -1   -1   15   14   -0.052928
   -1   -1   16   14    0.004560
   -1   -1   17   14    0.019660
   -1   -1   18   14    0.002902
   -1   -1    1   15    0.013283
   -1   -1    2   15    0.000975
   -1   -1    3   15    0.038540
   -1   -1    4   15   -0.012368
   -1   -1    5   15   -0.000023
   -1   -1    6   15    0.014993
   -1   -1    7   15   -0.015090
   -1   -1    8   15   -0.006797
   -1   -1    9   15    0.064230
   -1   -1   10   15    0.263895
   -1   -1   11   15    0.014445
   -1   -1   12   15   -0.015735
   -1   -1   13   15    0.039977
   -1   -1   14   15    0.005207
   -1   -1   15   15   -0.038875
   -1   -1   16   15    0.005895
   -1   -1   17   15   -0.009860
   -1   -1   18   15   -0.044018
   -1   -1    1   16    0.343165
   -1   -1    2   16   -0.008535
   -1   -1    3   16    0.020575
   -1   -1    4   16    0.165357
   -1   -1    5   16    0.033162
   -1   -1    6   16   -0.104850
   -1   -1    7   16    0.011117
   -1   -1    8   16    0.007078
   -1   -1    9   16    0.105402
   -1   -1   10   16    0.174445
   -1   -1   11   16   -0.023747
   -1   -1   12   16   -0.019860
   -1   -1   13   16   -0.010093
   -1   -1   14   16    0.035450
   -1   -1   15   16   -0.773745
   -1   -1   16   16   -0.090435
   -1   -1   17   16   -0.049430
   -1   -1   18   16    0.397670
   -1   -1    1   17   -0.020850
   -1   -1    2   17   -0.003035
   -1   -1    3   17    0.001823
   -1   -1    4   17   -0.004782
   -1   -1    5   17   -0.000462
   -1   -1    6   17   -0.014185
   -1   -1    7   17   -0.012365
   -1   -1    8   17   -0.004295
   -1   -1    9   17    0.032110
   -1   -1   10   17    0.121240
   -1   -1   11   17   -0.054192
   -1   -1   12   17   -0.018955
   -1   -1   13   17   -0.021728
   -1   -1   14   17   -0.011640
   -1   -1   15   17   -0.056975
   -1   -1   16   17   -0.001063
   -1   -1   17   17    0.008840
   -1   -1   18   17    0.025842
   -1   -1    1   18    0.018450
   -1   -1    2   18   -0.061322
   -1   -1    3   18   -0.041445
   -1   -1    4   18    0.022020
   -1   -1    5   18    0.027820
   -1   -1    6   18    0.048222
   -1   -1    7   18   -0.023038
   -1   -1    8   18    0.035967
   -1   -1    9   18    0.031730
   -1   -1   10   18    0.227597
   -1   -1   11   18    0.108713
   -1   -1   12   18   -0.036210
   -1   -1   13   18    0.064700
   -1   -1   14   18    0.100852
   -1   -1   15   18   -0.113077
   -1   -1   16   18    0.018555
   -1   -1   17   18    0.039730
   -1   -1   18   18    0.161442
    0   -1    1    1   -0.116652
    0   -1    2    1   -0.020892
    0   -1    3    1   -0.137465
    0   -1    4    1    0.092067
    0   -1    5    1   -0.043595
    0   -1    6    1    0.108515
    0   -1    7    1   -0.067303
    0   -1    8    1    0.001915
    0   -1    9    1    0.030660
    0   -1   10    1    1.357940
    0   -1   11    1   -0.118765
    0   -1   12    1   -0.080940
    0   -1   13    1    0.108378
    0   -1   14    1   -0.111670
    0   -1   15    1    1.586677
    0   -1   16    1    0.005550
    0   -1   17    1    0.082888
    0   -1   18    1   -0.342303
    0   -1    1    2   -0.001212
    0   -1    2    2    0.009182
    0   -1    3    2    0.005485
    0   -1    4    2    0.006212
    0   -1    5    2    0.001945
    0   -1    6    2    0.020243
    0   -1    7    2   -0.000763
    0   -1    8    2   -0.002545
    0   -1    9    2   -0.015682
    0   -1   10    2    0.037605
    0   -1   11    2    0.029450
    0   -1   12    2   -0.007935
    0   -1   13    2   -0.061007
    0   -1   14    2   -0.005012
    0   -1   15    2   -0.082913
    0   -1   16    2   -0.010595
    0   -1   17    2    0.019930
    0   -1   18    2   -0.030183
    0   -1    1    3    0.012735
    0   -1    2    3    0.040745
    0   -1    3    3    0.157280
    0   -1    4    3    0.027942
    0   -1    5    3   -0.018252
    0   -1    6    3   -0.019500
    0   -1    7    3    0.039520
    0   -1    8    3   -0.011892
    0   -1    9    3   -0.000957
    0   -1   10    3   -0.406397
    0   -1   11    3   -0.049195
    0   -1   12    3    0.077107
    0   -1   13    3   -0.058860
    0   -1   14    3    0.016985
    0   -1   15    3    0.552747
    0   -1   16    3   -0.026960
    0   -1   17    3   -0.064752
    0   -1   18    3   -0.112135
    0   -1    1    4   -0.001532
    0   -1    2    4   -0.038345
    0   -1    3    4   -0.007377
    0   -1    4    4    0.054713
    0   -1    5    4   -0.006805
    0   -1    6    4    0.107988
    0   -1    7    4    0.011415
    0   -1    8    4    0.001475
    0   -1    9    4    0.099575
    0   -1   10    4   -1.068637
    0   -1   11    4   -0.015810
    0   -1   12    4   -0.395245
    0   -1   13    4    0.163475
    0   -1   14    4   -0.007850
    0   -1   15    4    0.297820
    0   -1   16    4   -0.048835
    0   -1   17    4   -0.008353
    0   -1   18    4   -0.182315
    0   -1    1    5   -0.005055
    0   -1    2    5    0.024397
    0   -1    3    5   -0.018522
    0   -1    4    5    0.013387
    0   -1    5    5   -0.008727
    0   -1    6    5   -0.035157
    0   -1    7    5   -0.003083
    0   -1    8    5    0.003040
    0   -1    9    5    0.006840
    0   -1   10    5   -0.064097
    0   -1   11    5   -0.039045
    0   -1   12    5   -0.081188
    0   -1   13    5    0.003720
    0   -1   14    5   -0.005007
    0   -1   15    5    0.377255
    0   -1   16    5    0.018187
    0   -1   17    5   -0.008922
    0   -1   18    5    0.056080
    0   -1    1    6    0.039737
    0   -1    2    6   -0.501208
    0   -1    3    6   -0.024247
    0   -1    4    6   -0.037975
    0   -1    5    6   -0.080505
    0   -1    6    6   -0.077147
    0   -1    7    6    0.606295
    0   -1    8    6   -0.020348
    0   -1    9    6    1.176007
    0   -1   10    6    0.051917
    0   -1   11    6   -0.252767
    0   -1   12    6   -0.850647
    0   -1   13    6   -0.311007
    0   -1   14    6    0.051573
    0   -1   15    6   -0.229420
    0   -1   16    6    1.855945
    0   -1   17    6   -0.187187
    0   -1   18    6    0.452585
    0   -1    1    7    0.008702
    0   -1    2    7   -0.092812
    0   -1    3    7   -0.007275
    0   -1    4    7    0.044552
    0   -1    5    7    0.016282
    0   -1    6    7   -0.000885
    0   -1    7    7    0.052968
    0   -1    8    7    0.003155
    0   -1    9    7    0.009150
    0   -1   10    7   -0.969895
    0   -1   11    7   -0.000570
    0   -1   12    7   -0.503548
    0   -1   13    7    0.174775
    0   -1   14    7    0.027045
    0   -1   15    7   -0.138920
    0   -1   16    7   -0.070975
    0   -1   17    7    0.004715
    0   -1   18    7   -0.091768
    0   -1    1    8   -0.007838
    0   -1    2    8    0.017000
    0   -1    3    8    0.001885
    0   -1    4    8    0.014795
    0   -1    5    8   -0.044112
    0   -1    6    8   -0.006330
    0   -1    7    8   -0.060412
    0   -1    8    8   -0.002867
    0   -1    9    8    0.020315
    0   -1   10    8    0.100800
    0   -1   11    8   -0.154952
    0   -1   12    8   -0.101605
    0   -1   13    8   -0.030805
    0   -1   14    8   -0.026615
    0   -1   15    8    0.185440
    0   -1   16    8   -0.005925
    0   -1   17    8   -0.002640
    0   -1   18    8    0.119898
    0   -1    1    9   -0.001893
    0   -1    2    9    0.007302
    0   -1    3    9   -0.032237
    0   -1    4    9   -0.023837
    0   -1    5    9   -0.006460
    0   -1    6    9    0.007638
    0   -1    7    9    0.000198
    0   -1    8    9    0.006332
    0   -1    9    9   -0.072040
    0   -1   10    9    0.090737
    0   -1   11    9   -0.007987
    0   -1   12    9    0.068335
    0   -1   13    9    0.067127
    0   -1   14    9   -0.024373
    0   -1   15    9   -0.273450
    0   -1   16    9    0.005685
    0   -1   17    9    0.067068
    0   -1   18    9    0.126827
    0   -1    1   10   -0.022030
    0   -1    2   10    0.011722
    0   -1    3   10   -0.007025
    0   -1    4   10    0.068572
    0   -1    5   10   -0.033860
    0   -1    6   10   -0.019072
    0   -1    7   10    0.023787
    0   -1    8   10   -0.003197
    0   -1    9   10    0.058810
    0   -1   10   10    0.038807
    0   -1   11   10   -0.023330
    0   -1   12   10    0.042907
    0   -1   13   10   -0.020182
    0   -1   14   10   -0.031835
    0   -1   15   10    0.084858
    0   -1   16   10   -0.036823
    0   -1   17   10   -0.015167
    0   -1   18   10    0.032612
    0   -1    1   11   -0.002592
    0   -1    2   11   -0.001912
    0   -1    3   11    0.000650
    0   -1    4   11    0.007063
    0   -1    5   11   -0.003185
    0   -1    6   11   -0.007312
    0   -1    7   11    0.009817
    0   -1    8   11    0.000412
    0   -1    9   11    0.002545
    0   -1   10   11   -0.000315
    0   -1   11   11   -0.009313
    0   -1   12   11   -0.041650
    0   -1   13   11    0.027792
    0   -1   14   11   -0.005553
    0   -1   15   11    0.070943
    0   -1   16   11   -0.002373
    0   -1   17   11   -0.010290
    0   -1   18   11   -0.007252
    0   -1    1   12    0.002090
    0   -1    2   12    0.010620
    0   -1    3   12   -0.004417
    0   -1    4   12    0.002987
    0   -1    5   12    0.000782
    0   -1    6   12   -0.000872
    0   -1    7   12   -0.000060
    0   -1    8   12   -0.001070
    0   -1    9   12   -0.012672
    0   -1   10   12   -0.029357
    0   -1   11   12   -0.008710
    0   -1   12   12   -0.085180
    0   -1   13   12   -0.081165
    0   -1   14   12    0.003485
    0   -1   15   12    0.011677
    0   -1   16   12    0.024380
    0   -1   17   12   -0.011430
    0   -1   18   12   -0.007412
    0   -1    1   13    0.009477
    0   -1    2   13    0.029030
    0   -1    3   13    0.016702
    0   -1    4   13    0.003255
    0   -1    5   13   -0.005760
    0   -1    6   13   -0.064845
    0   -1    7   13    0.035840
    0   -1    8   13   -0.002590
    0   -1    9   13   -0.023960
    0   -1   10   13   -0.074735
    0   -1   11   13   -0.026752
    0   -1   12   13   -0.175542
    0   -1   13   13   -0.026917
    0   -1   14   13   -0.000202
    0   -1   15   13    0.202967
    0   -1   16   13    0.040152
    0   -1   17   13   -0.022077
    0   -1   18   13    0.038140
    0   -1    1   14   -0.006058
    0   -1    2   14    0.017232
    0   -1    3   14   -0.020295
    0   -1    4   14    0.006480
    0   -1    5   14   -0.004070
    0   -1    6   14   -0.004662
    0   -1    7   14   -0.010773
    0   -1    8   14    0.003787
    0   -1    9   14   -0.011083
    0   -1   10   14    0.023700
    0   -1   11   14    0.001815
    0   -1   12   14    0.083812
    0   -1   13   14    0.019120
    0   -1   14   14    0.012927
    0   -1   15   14   -0.293667
    0   -1   16   14   -0.004582
    0   -1   17   14    0.022760
    0   -1   18   14    0.082717
    0   -1    1   15    0.004197
    0   -1    2   15    0.010833
    0   -1    3   15    0.011467
    0   -1    4   15    0.011480
    0   -1    5   15    0.003275
    0   -1    6   15   -0.036875
    0   -1    7   15    0.030410
    0   -1    8   15    0.000285
    0   -1    9   15   -0.011157
    0   -1   10   15    0.017005
    0   -1   11   15   -0.000627
    0   -1   12   15   -0.020750
    0   -1   13   15   -0.013818
    0   -1   14   15    0.007785
    0   -1   15   15    0.016898
    0   -1   16   15   -0.009755
    0   -1   17   15   -0.011912
    0   -1   18   15    0.005487
    0   -1    1   16    0.000870
    0   -1    2   16   -0.001158
    0   -1    3   16    0.000255
    0   -1    4   16    0.026145
    0   -1    5   16    0.007855
    0   -1    6   16   -0.022235
    0   -1    7   16    0.012140
    0   -1    8   16   -0.001382
    0   -1    9   16   -0.105137
    0   -1   10   16   -0.455652
    0   -1   11   16    0.011712
    0   -1   12   16   -0.164912
    0   -1   13   16   -0.050835
    0   -1   14   16    0.012482
    0   -1   15   16   -0.003992
    0   -1   16   16   -0.111158
    0   -1   17   16    0.027838
    0   -1   18   16    0.029747
    0   -1    1   17    0.003442
    0   -1    2   17   -0.031385
    0   -1    3   17   -0.009392
    0   -1    4   17   -0.003552
    0   -1    5   17    0.013547
    0   -1    6   17    0.016325
    0   -1    7   17    0.019908
    0   -1    8   17   -0.001117
    0   -1    9   17    0.055290
    0   -1   10   17    0.019030
    0   -1   11   17    0.063033
    0   -1   12   17   -0.110830
    0   -1   13   17   -0.020030
    0   -1   14   17    0.029243
    0   -1   15   17    0.008975
    0   -1   16   17    0.002798
    0   -1   17   17   -0.007820
    0   -1   18   17   -0.016608
    0   -1    1   18   -0.012403
    0   -1    2   18   -0.053288
    0   -1    3   18   -0.015460
    0   -1    4   18   -0.000583
    0   -1    5   18    0.001300
    0   -1    6   18    0.056270
    0   -1    7   18   -0.058917
    0   -1    8   18   -0.000903
    0   -1    9   18   -0.008638
    0   -1   10   18    0.034187
    0   -1   11   18    0.016607
    0   -1   12   18   -0.072127
    0   -1   13   18   -0.011382
    0   -1   14   18   -0.001297
    0   -1   15   18   -0.022542
    0   -1   16   18   -0.042355
    0   -1   17   18    0.029845
    0   -1   18   18    0.106215
    1   -1    1    1   -0.004992
    1   -1    2    1   -0.041535
    1   -1    3    1   -0.006047
    1   -1    4    1    0.003660
    1   -1    5    1    0.002215
    1   -1    6    1    0.085235
    1   -1    7    1   -0.011770
    1   -1    8    1    0.001965
    1   -1    9    1    0.048945
    1   -1   10    1   -0.004597
    1   -1   11    1    0.038177
    1   -1   12    1   -0.037320
    1   -1   13    1    0.206992
    1   -1   14    1   -0.004548
    1   -1   15    1   -0.150072
    1   -1   16    1    0.077810
    1   -1   17    1    0.018752
    1   -1   18    1   -0.024012
    1   -1    1    2    0.002507
    1   -1    2    2   -0.000800
    1   -1    3    2   -0.005972
    1   -1    4    2    0.003845
    1   -1    5    2    0.000070
    1   -1    6    2    0.000030
    1   -1    7    2    0.002510
    1   -1    8    2    0.000065
    1   -1    9    2    0.007960
    1   -1   10    2    0.004702
    1   -1   11    2    0.000363
    1   -1   12    2   -0.011753
    1   -1   13    2   -0.002470
    1   -1   14    2   -0.000672
    1   -1   15    2   -0.003395
    1   -1   16    2   -0.000438
    1   -1   17    2    0.000742
    1   -1   18    2   -0.001172
    1   -1    1    3   -0.001757
    1   -1    2    3    0.026918
    1   -1    3    3   -0.017660
    1   -1    4    3    0.010138
    1   -1    5    3   -0.003847
    1   -1    6    3   -0.070767
    1   -1    7    3   -0.000915
    1   -1    8    3    0.001147
    1   -1    9    3    0.032495
    1   -1   10    3    0.050618
    1   -1   11    3   -0.025135
    1   -1   12    3    0.049142
    1   -1   13    3   -0.033095
    1   -1   14    3    0.004987
    1   -1   15    3    0.194975
    1   -1   16    3    0.000990
    1   -1   17    3   -0.040625
    1   -1   18    3   -0.011172
    1   -1    1    4    0.000793
    1   -1    2    4    0.002235
    1   -1    3    4   -0.007745
    1   -1    4    4    0.002230
    1   -1    5    4    0.000255
    1   -1    6    4    0.000810
    1   -1    7    4   -0.022080
    1   -1    8    4    0.000955
    1   -1    9    4   -0.002723
    1   -1   10    4   -0.003755
    1   -1   11    4    0.001227
    1   -1   12    4    0.011372
    1   -1   13    4   -0.000730
    1   -1   14    4    0.001222
    1   -1   15    4   -0.012727
    1   -1   16    4    0.033967
    1   -1   17    4    0.001980
    1   -1   18    4    0.014468
    1   -1    1    5   -0.001553
    1   -1    2    5    0.000435
    1   -1    3    5    0.000780
    1   -1    4    5   -0.001600
    1   -1    5    5    0.000923
    1   -1    6    5   -0.001495
    1   -1    7    5   -0.004425
    1   -1    8    5   -0.000327
    1   -1    9    5   -0.002893
    1   -1   10    5   -0.012325
    1   -1   11    5    0.004047
    1   -1   12    5    0.017752
    1   -1   13    5    0.035412
    1   -1   14    5   -0.000115
    1   -1   15    5   -0.024062
    1   -1   16    5   -0.011550
    1   -1   17    5    0.003465
    1   -1   18    5   -0.002172
    1   -1    1    6   -0.004300
    1   -1    2    6    0.014117
    1   -1    3    6    0.006097
    1   -1    4    6    0.011677
    1   -1    5    6    0.006188
    1   -1    6    6    0.000210
    1   -1    7    6    0.005605
    1   -1    8    6   -0.000300
    1   -1    9    6   -0.060592
    1   -1   10    6   -0.014487
    1   -1   11    6   -0.000228
    1   -1   12    6    0.009890
    1   -1   13    6   -0.192337
    1   -1   14    6    0.009567
    1   -1   15    6   -0.013725
    1   -1   16    6    0.117772
    1   -1   17    6   -0.004292
    1   -1   18    6    0.022867
    1   -1    1    7   -0.000657
    1   -1    2    7    0.006230
    1   -1    3    7   -0.009497
    1   -1    4    7    0.010050
    1   -1    5    7    0.001447
    1   -1    6    7    0.004202
    1   -1    7    7   -0.005890
    1   -1    8    7    0.001297
    1   -1    9    7   -0.005552
    1   -1   10    7   -0.006242
    1   -1   11    7    0.005738
    1   -1   12    7    0.007847
    1   -1   13    7   -0.029985
    1   -1   14    7   -0.001775
    1   -1   15    7   -0.013890
    1   -1   16    7    0.032247
    1   -1   17    7    0.001920
    1   -1   18    7    0.000910
    1   -1    1    8    0.000130
    1   -1    2    8   -0.003968
    1   -1    3    8   -0.000432
    1   -1    4    8    0.000787
    1   -1    5    8   -0.001167
    1   -1    6    8   -0.002100
    1   -1    7    8    0.012195
    1   -1    8    8   -0.000197
    1   -1    9    8    0.003377
    1   -1   10    8   -0.018915
    1   -1   11    8   -0.003197
    1   -1   12    8   -0.065062
    1   -1   13    8    0.059895
    1   -1   14    8   -0.000748
    1   -1   15    8    0.029490
    1   -1   16    8    0.004295
    1   -1   17    8   -0.005670
    1   -1   18    8   -0.000867
    1   -1    1    9    0.001137
    1   -1    2    9   -0.012810
    1   -1    3    9   -0.005112
    1   -1    4    9   -0.015332
    1   -1    5    9   -0.001032
    1   -1    6    9    0.021143
    1   -1    7    9   -0.005947
    1   -1    8    9    0.000860
    1   -1    9    9    0.014387
    1   -1   10    9    0.001618
    1   -1   11    9    0.002730
    1   -1   12    9    0.010652
    1   -1   13    9    0.047595
    1   -1   14    9    0.003332
    1   -1   15    9   -0.011302
    1   -1   16    9   -0.018410
    1   -1   17    9    0.003142
    1   -1   18    9    0.008977
    1   -1    1   10   -0.002540
    1   -1    2   10    0.012238
    1   -1    3   10   -0.001953
    1   -1    4   10   -0.002597
    1   -1    5   10    0.002850
    1   -1    6   10   -0.002140
    1   -1    7   10   -0.016465
    1   -1    8   10    0.001032
    1   -1    9   10    0.007870
    1   -1   10   10   -0.004135
    1   -1   11   10    0.000150
    1   -1   12   10    0.055435
    1   -1   13   10    0.101138
    1   -1   14   10    0.006033
    1   -1   15   10    0.002907
    1   -1   16   10    0.009655
    1   -1   17   10   -0.003070
    1   -1   18   10   -0.013728
    1   -1    1   11   -0.001100
    1   -1    2   11    0.000383
    1   -1    3   11    0.000545
    1   -1    4   11    0.001605
    1   -1    5   11    0.000445
    1   -1    6   11    0.000198
    1   -1    7   11   -0.002770
    1   -1    8   11   -0.000115
    1   -1    9   11   -0.001900
    1   -1   10   11   -0.003087
    1   -1   11   11    0.000305
    1   -1   12   11    0.015255
    1   -1   13   11    0.005930
    1   -1   14   11    0.000380
    1   -1   15   11   -0.000720
    1   -1   16   11   -0.002617
    1   -1   17   11    0.000160
    1   -1   18   11   -0.006695
    1   -1    1   12   -0.000525
    1   -1    2   12    0.005065
    1   -1    3   12   -0.001075
    1   -1    4   12    0.006210
    1   -1    5   12   -0.004010
    1   -1    6   12   -0.006420
    1   -1    7   12    0.008232
    1   -1    8   12   -0.000145
    1   -1    9   12   -0.009422
    1   -1   10   12   -0.007363
    1   -1   11   12    0.000202
    1   -1   12   12    0.007095
    1   -1   13   12    0.005790
    1   -1   14   12   -0.009675
    1   -1   15   12   -0.000408
    1   -1   16   12    0.000562
    1   -1   17   12    0.005822
    1   -1   18   12    0.003450
    1   -1    1   13   -0.010535
    1   -1    2   13    0.006827
    1   -1    3   13    0.001577
    1   -1    4   13   -0.001192
    1   -1    5   13   -0.002972
    1   -1    6   13   -0.012795
    1   -1    7   13    0.005183
    1   -1    8   13    0.001778
    1   -1    9   13   -0.007642
    1   -1   10   13    0.000828
    1   -1   11   13   -0.002050
    1   -1   12   13    0.004565
    1   -1   13   13    0.014937
    1   -1   14   13   -0.006137
    1   -1   15   13    0.005645
    1   -1   16   13    0.004522
    1   -1   17   13    0.002028
    1   -1   18   13    0.006450
    1   -1    1   14   -0.001735
    1   -1    2   14    0.003352
    1   -1    3   14    0.003920
    1   -1    4   14   -0.004030
    1   -1    5   14   -0.000080
    1   -1    6   14   -0.008682
    1   -1    7   14    0.005575
    1   -1    8   14   -0.001190
    1   -1    9   14    0.004835
    1   -1   10   14   -0.016143
    1   -1   11   14    0.005030
    1   -1   12   14    0.009790
    1   -1   13   14    0.051850
    1   -1   14   14   -0.002397
    1   -1   15   14   -0.015925
    1   -1   16   14   -0.023367
    1   -1   17   14    0.001720
    1   -1   18   14   -0.005290
    1   -1    1   15    0.001302
    1   -1    2   15   -0.002185
    1   -1    3   15   -0.013347
    1   -1    4   15    0.003290
    1   -1    5   15    0.002073
    1   -1    6   15   -0.008630
    1   -1    7   15    0.000660
    1   -1    8   15    0.001625
    1   -1    9   15    0.011985
    1   -1   10   15    0.004862
    1   -1   11   15   -0.002747
    1   -1   12   15   -0.006072
    1   -1   13   15   -0.026245
    1   -1   14   15    0.002103
    1   -1   15   15   -0.001425
    1   -1   16   15   -0.003732
    1   -1   17   15   -0.001805
    1   -1   18   15    0.000150
    1   -1    1   16    0.003345
    1   -1    2   16    0.001347
    1   -1    3   16   -0.007500
    1   -1    4   16    0.003405
    1   -1    5   16   -0.001017
    1   -1    6   16    0.007535
    1   -1    7   16   -0.000185
    1   -1    8   16   -0.000777
    1   -1    9   16    0.009522
    1   -1   10   16   -0.002645
    1   -1   11   16    0.001672
    1   -1   12   16   -0.003250
    1   -1   13   16   -0.015340
    1   -1   14   16   -0.001327
    1   -1   15   16   -0.002400
    1   -1   16   16    0.001652
    1   -1   17   16   -0.002500
    1   -1   18   16   -0.001542
    1   -1    1   17   -0.000183
    1   -1    2   17    0.000657
    1   -1    3   17    0.001985
    1   -1    4   17    0.006160
    1   -1    5   17   -0.000382
    1   -1    6   17    0.010322
    1   -1    7   17    0.000957
    1   -1    8   17   -0.000197
    1   -1    9   17   -0.010573
    1   -1   10   17   -0.001445
    1   -1   11   17    0.000482
    1   -1   12   17   -0.046727
    1   -1   13   17   -0.042985
    1   -1   14   17   -0.001522
    1   -1   15   17   -0.000500
    1   -1   16   17    0.012593
    1   -1   17   17   -0.000337
    1   -1   18   17    0.000098
    1   -1    1   18    0.000930
    1   -1    2   18    0.007380
    1   -1    3   18    0.014180
    1   -1    4   18    0.001113
    1   -1    5   18   -0.000095
    1   -1    6   18    0.030842
    1   -1    7   18    0.009160
    1   -1    8   18   -0.002105
    1   -1    9   18   -0.025060
    1   -1   10   18    0.001280
    1   -1   11   18    0.007702
    1   -1   12   18    0.001525
    1   -1   13   18    0.030940
    1   -1   14   18    0.001038
    1   -1   15   18    0.008820
    1   -1   16   18    0.017177
    1   -1   17   18    0.001785
    1   -1   18   18   -0.012275
   -1    0    1    1    0.014685
   -1    0    2    1    0.000127
   -1    0    3    1   -0.163157
   -1    0    4    1   -0.009408
   -1    0    5    1   -0.000032
   -1    0    6    1   -0.016147
   -1    0    7    1   -0.009775
   -1    0    8    1    0.013527
   -1    0    9    1    0.007417
   -1    0   10    1   -0.005647
   -1    0   11    1   -0.001755
   -1    0   12    1   -0.002220
   -1    0   13    1   -0.009440
   -1    0   14    1    0.002062
   -1    0   15    1   -0.001615
   -1    0   16    1   -0.003722
   -1    0   17    1    0.013678
   -1    0   18    1   -0.001140
   -1    0    1    2   -0.289690
   -1    0    2    2   -0.009865
   -1    0    3    2   -0.249012
   -1    0    4    2   -0.062247
   -1    0    5    2    0.255667
   -1    0    6    2    0.039305
   -1    0    7    2   -0.131070
   -1    0    8    2   -0.332332
   -1    0    9    2   -0.064965
   -1    0   10    2    0.185997
   -1    0   11    2    0.001302
   -1    0   12    2   -0.003233
   -1    0   13    2   -0.012535
   -1    0   14    2    0.462380
   -1    0   15    2   -0.008795
   -1    0   16    2   -0.035065
   -1    0   17    2    2.713255
   -1    0   18    2   -0.046297
   -1    0    1    3   -0.029597
   -1    0    2    3   -0.001298
   -1    0    3    3    0.041662
   -1    0    4    3    0.007968
   -1    0    5    3   -0.012642
   -1    0    6    3    0.028782
   -1    0    7    3   -0.008705
   -1    0    8    3    0.036002
   -1    0    9    3   -0.025450
   -1    0   10    3    0.008535
   -1    0   11    3    0.001585
   -1    0   12    3   -0.006547
   -1    0   13    3    0.012207
   -1    0   14    3   -0.005758
   -1    0   15    3    0.010202
   -1    0   16    3   -0.010592
   -1    0   17    3    0.003190
   -1    0   18    3   -0.006980
   -1    0    1    4    2.814030
   -1    0    2    4   -0.013020
   -1    0    3    4    1.230645
   -1    0    4    4    0.111525
   -1    0    5    4    0.005612
   -1    0    6    4    0.001350
   -1    0    7    4    0.081047
   -1    0    8    4   -0.195258
   -1    0    9    4    0.057038
   -1    0   10    4   -0.053585
   -1    0   11    4   -0.004253
   -1    0   12    4    0.022537
   -1    0   13    4    0.009240
   -1    0   14    4    0.029382
   -1    0   15    4    0.013992
   -1    0   16    4    0.016265
   -1    0   17    4   -0.077110
   -1    0   18    4   -0.054302
   -1    0    1    5    0.166487
   -1    0    2    5    0.004830
   -1    0    3    5   -0.135118
   -1    0    4    5    0.037520
   -1    0    5    5    0.017592
   -1    0    6    5    0.004520
   -1    0    7    5    0.022097
   -1    0    8    5   -0.025767
   -1    0    9    5   -0.010232
   -1    0   10    5   -0.002905
   -1    0   11    5   -0.007822
   -1    0   12    5    0.002158
   -1    0   13    5   -0.004573
   -1    0   14    5    0.025432
   -1    0   15    5    0.012137
   -1    0   16    5    0.004545
   -1    0   17    5   -0.034042
   -1    0   18    5   -0.028625
   -1    0    1    6    1.838132
   -1    0    2    6    0.022127
   -1    0    3    6    1.403040
   -1    0    4    6   -0.248463
   -1    0    5    6   -0.099120
   -1    0    6    6   -0.039500
   -1    0    7    6    0.199922
   -1    0    8    6   -0.833815
   -1    0    9    6    0.051322
   -1    0   10    6   -0.040720
   -1    0   11    6   -0.033870
   -1    0   12    6   -0.011740
   -1    0   13    6    0.079490
   -1    0   14    6   -0.043960
   -1    0   15    6   -0.004638
   -1    0   16    6    0.102262
   -1    0   17    6   -0.033600
   -1    0   18    6    0.090180
   -1    0    1    7    0.398467
   -1    0    2    7    0.037357
   -1    0    3    7   -0.162433
   -1    0    4    7   -0.001177
   -1    0    5    7   -0.147775
   -1    0    6    7    0.018552
   -1    0    7    7    0.037930
   -1    0    8    7   -0.504167
   -1    0    9    7    0.067467
   -1    0   10    7   -0.371327
   -1    0   11    7    0.068425
   -1    0   12    7    0.039840
   -1    0   13    7    0.014212
   -1    0   14    7   -0.859240
   -1    0   15    7    0.105395
   -1    0   16    7    0.012922
   -1    0   17    7    0.541183
   -1    0   18    7   -0.160117
   -1    0    1    8    0.048547
   -1    0    2    8    0.000037
   -1    0    3    8   -0.020018
   -1    0    4    8    0.002985
   -1    0    5    8   -0.005810
   -1    0    6    8   -0.002335
   -1    0    7    8    0.007475
   -1    0    8    8   -0.002340
   -1    0    9    8    0.000968
   -1    0   10    8    0.001145
   -1    0   11    8    0.001692
   -1    0   12    8    0.001255
   -1    0   13    8    0.000953
   -1    0   14    8   -0.019010
   -1    0   15    8    0.003017
   -1    0   16    8    0.001450
   -1    0   17    8   -0.013617
   -1    0   18    8   -0.005703
   -1    0    1    9   -2.376512
   -1    0    2    9    0.069703
   -1    0    3    9   -0.336867
   -1    0    4    9   -2.314320
   -1    0    5    9   -0.179635
   -1    0    6    9   -0.312165
   -1    0    7    9   -1.175080
   -1    0    8    9    0.454010
   -1    0    9    9    0.036430
   -1    0   10    9   -0.101895
   -1    0   11    9   -0.027080
   -1    0   12    9   -0.021185
   -1    0   13    9    0.056310
   -1    0   14    9   -0.010775
   -1    0   15    9    0.083695
   -1    0   16    9   -0.115747
   -1    0   17    9    0.207888
   -1    0   18    9    0.172595
   -1    0    1   10    0.470465
   -1    0    2   10    0.009650
   -1    0    3   10    0.534710
   -1    0    4   10   -0.002815
   -1    0    5   10   -0.034680
   -1    0    6   10   -0.026190
   -1    0    7   10   -0.019032
   -1    0    8   10   -0.029475
   -1    0    9   10   -0.001298
   -1    0   10   10    0.059347
   -1    0   11   10   -0.015675
   -1    0   12   10    0.006220
   -1    0   13   10    0.006508
   -1    0   14   10    0.002778
   -1    0   15   10    0.046892
   -1    0   16   10    0.002035
   -1    0   17   10    0.048300
   -1    0   18   10   -0.050960
   -1    0    1   11    0.135178
   -1    0    2   11    0.005010
   -1    0    3   11    0.002002
   -1    0    4   11    0.003430
   -1    0    5   11   -0.010690
   -1    0    6   11   -0.015772
   -1    0    7   11   -0.022665
   -1    0    8   11   -0.117040
   -1    0    9   11    0.060558
   -1    0   10   11   -0.070517
   -1    0   11   11   -0.039205
   -1    0   12   11   -0.019925
   -1    0   13   11   -0.004947
   -1    0   14   11    0.092125
   -1    0   15   11   -0.008735
   -1    0   16   11    0.010582
   -1    0   17   11    1.040267
   -1    0   18   11    0.019622
   -1    0    1   12    0.766815
   -1    0    2   12   -0.147092
   -1    0    3   12    0.593100
   -1    0    4   12   -0.677130
   -1    0    5   12    0.059880
   -1    0    6   12    0.083333
   -1    0    7   12    1.848730
   -1    0    8   12   -0.193590
   -1    0    9   12    0.046712
   -1    0   10   12    0.748475
   -1    0   11   12    0.115900
   -1    0   12   12   -0.067400
   -1    0   13   12    0.561890
   -1    0   14   12   -0.506710
   -1    0   15   12    0.072372
   -1    0   16   12    0.031523
   -1    0   17   12   -2.320580
   -1    0   18   12   -0.105610
   -1    0    1   13   -0.397792
   -1    0    2   13    0.616840
   -1    0    3   13    0.082057
   -1    0    4   13    1.866870
   -1    0    5   13   -3.363127
   -1    0    6   13   -0.059652
   -1    0    7   13   -0.157665
   -1    0    8   13   -0.060680
   -1    0    9   13    0.891607
   -1    0   10   13   -2.939990
   -1    0   11   13   -1.503677
   -1    0   12   13   -0.743295
   -1    0   13   13   -0.123645
   -1    0   14   13   -4.855010
   -1    0   15   13   -0.514330
   -1    0   16   13   -0.126137
   -1    0   17   13    4.427380
   -1    0   18   13    0.761960
   -1    0    1   14   -0.072050
   -1    0    2   14    0.008380
   -1    0    3   14   -0.369778
   -1    0    4   14    0.011527
   -1    0    5   14    0.008667
   -1    0    6   14    0.010852
   -1    0    7   14    0.005035
   -1    0    8   14    0.022900
   -1    0    9   14   -0.027023
   -1    0   10   14    0.012990
   -1    0   11   14   -0.011480
   -1    0   12   14    0.008882
   -1    0   13   14   -0.009082
   -1    0   14   14    0.007925
   -1    0   15   14    0.015825
   -1    0   16   14    0.004935
   -1    0   17   14    0.034110
   -1    0   18   14   -0.025295
   -1    0    1   15   -0.405905
   -1    0    2   15   -0.082595
   -1    0    3   15    2.912533
   -1    0    4   15    0.030322
   -1    0    5   15   -0.018682
   -1    0    6   15    0.005615
   -1    0    7   15   -0.116553
   -1    0    8   15   -0.613575
   -1    0    9   15   -0.114922
   -1    0   10   15    0.034000
   -1    0   11   15   -0.003197
   -1    0   12   15    0.020467
   -1    0   13   15    0.009935
   -1    0   14   15   -0.830722
   -1    0   15   15    0.082787
   -1    0   16   15   -0.032520
   -1    0   17   15   -0.041285
   -1    0   18   15   -0.050960
   -1    0    1   16    1.222517
   -1    0    2   16   -0.057058
   -1    0    3   16    0.047317
   -1    0    4   16    1.934280
   -1    0    5   16    0.116435
   -1    0    6   16    0.245045
   -1    0    7   16   -0.068040
   -1    0    8   16    0.458713
   -1    0    9   16    1.170792
   -1    0   10   16    3.202857
   -1    0   11   16   -0.132403
   -1    0   12   16   -0.042067
   -1    0   13   16    0.024178
   -1    0   14   16    0.257710
   -1    0   15   16   -0.643352
   -1    0   16   16    0.019985
   -1    0   17   16    0.079105
   -1    0   18   16    0.488748
   -1    0    1   17    0.230822
   -1    0    2   17    0.020257
   -1    0    3   17    1.854570
   -1    0    4   17    0.056962
   -1    0    5   17   -0.619965
   -1    0    6   17   -0.137463
   -1    0    7   17    0.108943
   -1    0    8   17    0.793498
   -1    0    9   17    0.052892
   -1    0   10   17   -0.008797
   -1    0   11   17    0.017540
   -1    0   12   17   -0.010727
   -1    0   13   17    0.053172
   -1    0   14   17   -1.228075
   -1    0   15   17   -0.020622
   -1    0   16   17    0.039662
   -1    0   17   17   -0.106922
   -1    0   18   17    0.113793
   -1    0    1   18   -0.080185
   -1    0    2   18   -0.014845
   -1    0    3   18   -3.693210
   -1    0    4   18    0.121120
   -1    0    5   18    0.239440
   -1    0    6   18   -0.068973
   -1    0    7   18   -0.071422
   -1    0    8   18    0.112007
   -1    0    9   18    0.155990
   -1    0   10   18    0.243868
   -1    0   11   18    0.018648
   -1    0   12   18   -0.001038
   -1    0   13   18   -0.008117
   -1    0   14   18    0.387400
   -1    0   15   18   -0.083017
   -1    0   16   18    0.011532
   -1    0   17   18    0.044802
   -1    0   18   18    0.219165
    0    0    1    1    2.717333
    0    0    2    1    0.014265
    0    0    3    1   -2.010743
    0    0    4    1    0.549335
    0    0    5    1    0.210625
    0    0    6    1   -0.081100
    0    0    7    1    1.111925
    0    0    8    1    0.095172
    0    0    9    1   -0.053535
    0    0   10    1   -0.807395
    0    0   11    1    0.041982
    0    0   12    1    0.103137
    0    0   13    1    0.470927
    0    0   14    1    0.326582
    0    0   15    1    0.028835
    0    0   16    1   -0.206943
    0    0   17    1   -0.126612
    0    0   18    1   -0.305752
    0    0    1    2    0.014265
    0    0    2    2    2.199307
    0    0    3    2    0.112337
    0    0    4    2    0.722862
    0    0    5    2   -1.983678
    0    0    6    2    4.955722
    0    0    7    2   -3.284440
    0    0    8    2    0.107072
    0    0    9    2   -1.952300
    0    0   10    2    0.014218
    0    0   11    2    0.493280
    0    0   12    2    1.046915
    0    0   13    2   -0.131778
    0    0   14    2   -1.610937
    0    0   15    2   -0.298230
    0    0   16    2   -1.098965
    0    0   17    2   -1.520015
    0    0   18    2    3.179615
    0    0    1    3   -2.010743
    0    0    2    3    0.112337
    0    0    3    3   -9.693097
    0    0    4    3   -0.460830
    0    0    5    3    0.811475
    0    0    6    3    0.580867
    0    0    7    3   -0.163047
    0    0    8    3    2.013097
    0    0    9    3   -0.605057
    0    0   10    3   -0.283715
    0    0   11    3    0.270680
    0    0   12    3    0.069392
    0    0   13    3   -0.202262
    0    0   14    3    1.175822
    0    0   15    3    0.572755
    0    0   16    3   -0.250042
    0    0   17    3   -0.179385
    0    0   18    3   -1.389175
    0    0    1    4    0.549335
    0    0    2    4    0.722862
    0    0    3    4   -0.460830
    0    0    4    4    1.083888
    0    0    5    4   -0.764902
    0    0    6    4   -0.454303
    0    0    7    4   -2.079935
    0    0    8    4   -0.132385
    0    0    9    4   -0.777280
    0    0   10    4    0.754642
    0    0   11    4   -0.191113
    0    0   12    4   -0.311262
    0    0   13    4    0.050607
    0    0   14    4   -0.959852
    0    0   15    4    1.189150
    0    0   16    4    1.926965
    0    0   17    4    0.291623
    0    0   18    4    2.431672
    0    0    1    5    0.210625
    0    0    2    5   -1.983678
    0    0    3    5    0.811475
    0    0    4    5   -0.764902
    0    0    5    5    2.842300
    0    0    6    5   -0.299635
    0    0    7    5    0.055075
    0    0    8    5    1.404497
    0    0    9    5   -2.033222
    0    0   10    5    0.789430
    0    0   11    5    0.619993
    0    0   12    5   -0.027047
    0    0   13    5   -0.008340
    0    0   14    5    2.971685
    0    0   15    5    0.468542
    0    0   16    5    0.204360
    0    0   17    5    1.563367
    0    0   18    5   -0.274560
    0    0    1    6   -0.081100
    0    0    2    6    4.955722
    0    0    3    6    0.580867
    0    0    4    6   -0.454303
    0    0    5    6   -0.299635
    0    0    6    6   -1.301222
    0    0    7    6   -0.768520
    0    0    8    6   -0.094640
    0    0    9    6    1.215470
    0    0   10    6   -0.740052
    0    0   11    6   -0.789333
    0    0   12    6   -0.423333
    0    0   13    6    0.021855
    0    0   14    6    0.302125
    0    0   15    6    1.015665
    0    0   16    6    2.977982
    0    0   17    6   -1.606130
    0    0   18    6   -1.653457
    0    0    1    7    1.111925
    0    0    2    7   -3.284440
    0    0    3    7   -0.163047
    0    0    4    7   -2.079935
    0    0    5    7    0.055075
    0    0    6    7   -0.768520
    0    0    7    7   15.348847
    0    0    8    7    0.152282
    0    0    9    7   -0.818320
    0    0   10    7    0.426757
    0    0   11    7    1.361442
    0    0   12    7   -0.445958
    0    0   13    7   -3.270190
    0    0   14    7    0.098255
    0    0   15    7    0.048702
    0    0   16    7   -1.011807
    0    0   17    7   -0.039950
    0    0   18    7    0.497065
    0    0    1    8    0.095172
    0    0    2    8    0.107072
    0    0    3    8    2.013097
    0    0    4    8   -0.132385
    0    0    5    8    1.404497
    0    0    6    8   -0.094640
    0    0    7    8    0.152282
    0    0    8    8    2.886273
    0    0    9    8   -0.104830
    0    0   10    8    0.084270
    0    0   11    8   -0.015313
    0    0   12    8   -0.023437
    0    0   13    8    0.025670
    0    0   14    8    0.714663
    0    0   15    8    0.028377
    0    0   16    8    0.084090
    0    0   17    8   -1.059270
    0    0   18    8   -0.084427
    0    0    1    9   -0.053535
    0    0    2    9   -1.952300
    0    0    3    9   -0.605057
    0    0    4    9   -0.777280
    0    0    5    9   -2.033222
    0    0    6    9    1.215470
    0    0    7    9   -0.818320
    0    0    8    9   -0.104830
    0    0    9    9    6.568020
    0    0   10    9    0.092485
    0    0   11    9   -1.238790
    0    0   12    9    0.010348
    0    0   13    9   -0.124385
    0    0   14    9   -1.639038
    0    0   15    9   -0.879552
    0    0   16    9   -2.750202
    0    0   17    9    1.226400
    0    0   18    9   -0.270108
    0    0    1   10   -0.807395
    0    0    2   10    0.014218
    0    0    3   10   -0.283715
    0    0    4   10    0.754642
    0    0    5   10    0.789430
    0    0    6   10   -0.740052
    0    0    7   10    0.426757
    0    0    8   10    0.084270
    0    0    9   10    0.092485
    0    0   10   10   -1.624455
    0    0   11   10    0.287515
    0    0   12   10    0.603627
    0    0   13   10   -0.519217
    0    0   14   10    0.931505
    0    0   15   10    1.076470
    0    0   16   10   -0.322565
    0    0   17   10   -1.245685
    0    0   18   10   -2.852205
    0    0    1   11    0.041982
    0    0    2   11    0.493280
    0    0    3   11    0.270680
    0    0    4   11   -0.191113
    0    0    5   11    0.619993
    0    0    6   11   -0.789333
    0    0    7   11    1.361442
    0    0    8   11   -0.015313
    0    0    9   11   -1.238790
    0    0   10   11    0.287515
    0    0   11   11    1.903420
    0    0   12   11    0.004135
    0    0   13   11    0.208283
    0    0   14   11   -0.344185
    0    0   15   11    1.675582
    0    0   16   11    0.316468
    0    0   17   11   -1.045802
    0    0   18   11    0.144403
    0    0    1   12    0.103137
    0    0    2   12    1.046915
    0    0    3   12    0.069392
    0    0    4   12   -0.311262
    0    0    5   12   -0.027047
    0    0    6   12   -0.423333
    0    0    7   12   -0.445958
    0    0    8   12   -0.023437
    0    0    9   12    0.010348
    0    0   10   12    0.603627
    0    0   11   12    0.004135
    0    0   12   12   12.151475
    0    0   13   12   -1.284547
    0    0   14   12    0.315427
    0    0   15   12   -1.564432
    0    0   16   12    0.692062
    0    0   17   12   -0.177187
    0    0   18   12    0.434290
    0    0    1   13    0.470927
    0    0    2   13   -0.131778
    0    0    3   13   -0.202262
    0    0    4   13    0.050607
    0    0    5   13   -0.008340
    0    0    6   13    0.021855
    0    0    7   13   -3.270190
    0    0    8   13    0.025670
    0    0    9   13   -0.124385
    0    0   10   13   -0.519217
    0    0   11   13    0.208283
    0    0   12   13   -1.284547
    0    0   13   13    9.706495
    0    0   14   13    0.046642
    0    0   15   13    0.870030
    0    0   16   13    0.447182
    0    0   17   13   -0.156787
    0    0   18   13   -0.278095
    0    0    1   14    0.326582
    0    0    2   14   -1.610937
    0    0    3   14    1.175822
    0    0    4   14   -0.959852
    0    0    5   14    2.971685
    0    0    6   14    0.302125
    0    0    7   14    0.098255
    0    0    8   14    0.714663
    0    0    9   14   -1.639038
    0    0   10   14    0.931505
    0    0   11   14   -0.344185
    0    0   12   14    0.315427
    0    0   13   14    0.046642
    0    0   14   14    3.916377
    0    0   15   14    0.259305
    0    0   16   14   -0.068815
    0    0   17   14    5.704702
    0    0   18   14   -0.426250
    0    0    1   15    0.028835
    0    0    2   15   -0.298230
    0    0    3   15    0.572755
    0    0    4   15    1.189150
    0    0    5   15    0.468542
    0    0    6   15    1.015665
    0    0    7   15    0.048702
    0    0    8   15    0.028377
    0    0    9   15   -0.879552
    0    0   10   15    1.076470
    0    0   11   15    1.675582
    0    0   12   15   -1.564432
    0    0   13   15    0.870030
    0    0   14   15    0.259305
    0    0   15   15  -11.217982
    0    0   16   15   -0.437645
    0    0   17   15    1.058493
    0    0   18   15    3.001920
    0    0    1   16   -0.206943
    0    0    2   16   -1.098965
    0    0    3   16   -0.250042
    0    0    4   16    1.926965
    0    0    5   16    0.204360
    0    0    6   16    2.977982
    0    0    7   16   -1.011807
    0    0    8   16    0.084090
    0    0    9   16   -2.750202
    0    0   10   16   -0.322565
    0    0   11   16    0.316468
    0    0   12   16    0.692062
    0    0   13   16    0.447182
    0    0   14   16   -0.068815
    0    0   15   16   -0.437645
    0    0   16   16    3.118168
    0    0   17   16    0.422100
    0    0   18   16   -0.176443
    0    0    1   17   -0.126612
    0    0    2   17   -1.520015
    0    0    3   17   -0.179385
    0    0    4   17    0.291623
    0    0    5   17    1.563367
    0    0    6   17   -1.606130
    0    0    7   17   -0.039950
    0    0    8   17   -1.059270
    0    0    9   17    1.226400
    0    0   10   17   -1.245685
    0    0   11   17   -1.045802
    0    0   12   17   -0.177187
    0    0   13   17   -0.156787
    0    0   14   17    5.704702
    0    0   15   17    1.058493
    0    0   16   17    0.422100
    0    0   17   17   -1.739925
    0    0   18   17   -0.484862
    0    0    1   18   -0.305752
    0    0    2   18    3.179615
    0    0    3   18   -1.389175
    0    0    4   18    2.431672
    0    0    5   18   -0.274560
    0    0    6   18   -1.653457
    0    0    7   18    0.497065
    0    0    8   18   -0.084427
    0    0    9   18   -0.270108
    0    0   10   18   -2.852205
    0    0   11   18    0.144403
    0    0   12   18    0.434290
    0    0   13   18   -0.278095
    0    0   14   18   -0.426250
    0    0   15   18    3.001920
    0    0   16   18   -0.176443
    0    0   17   18   -0.484862
    0    0   18   18  -11.463070
    1    0    1    1    0.014685
    1    0    2    1   -0.289690
    1    0    3    1   -0.029597
    1    0    4    1    2.814030
    1    0    5    1    0.166487
    1    0    6    1    1.838132
    1    0    7    1    0.398467
    1    0    8    1    0.048547
    1    0    9    1   -2.376512
    1    0   10    1    0.470465
    1    0   11    1    0.135178
    1    0   12    1    0.766815
    1    0   13    1   -0.397792
    1    0   14    1   -0.072050
    1    0   15    1   -0.405905
    1    0   16    1    1.222517
    1    0   17    1    0.230822
    1    0   18    1   -0.080185
    1    0    1    2    0.000127
    1    0    2    2   -0.009865
    1    0    3    2   -0.001298
    1    0    4    2   -0.013020
    1    0    5    2    0.004830
    1    0    6    2    0.022127
    1    0    7    2    0.037357
    1    0    8    2    0.000037
    1    0    9    2    0.069703
    1    0   10    2    0.009650
    1    0   11    2    0.005010
    1    0   12    2   -0.147092
    1    0   13    2    0.616840
    1    0   14    2    0.008380
    1    0   15    2   -0.082595
    1    0   16    2   -0.057058
    1    0   17    2    0.020257
    1    0   18    2   -0.014845
    1    0    1    3   -0.163157
    1    0    2    3   -0.249012
    1    0    3    3    0.041662
    1    0    4    3    1.230645
    1    0    5    3   -0.135118
    1    0    6    3    1.403040
    1    0    7    3   -0.162433
    1    0    8    3   -0.020018
    1    0    9    3   -0.336867
    1    0   10    3    0.534710
    1    0   11    3    0.002002
    1    0   12    3    0.593100
    1    0   13    3    0.082057
    1    0   14    3   -0.369778
    1    0   15    3    2.912533
    1    0   16    3    0.047317
    1    0   17    3    1.854570
    1    0   18    3   -3.693210
    1    0    1    4   -0.009408
    1    0    2    4   -0.062247
    1    0    3    4    0.007968
    1    0    4    4    0.111525
    1    0    5    4    0.037520
    1    0    6    4   -0.248463
    1    0    7    4   -0.001177
    1    0    8    4    0.002985
    1    0    9    4   -2.314320
    1    0   10    4   -0.002815
    1    0   11    4    0.003430
    1    0   12    4   -0.677130
    1    0   13    4    1.866870
    1    0   14    4    0.011527
    1    0   15    4    0.030322
    1    0   16    4    1.934280
    1    0   17    4    0.056962
    1    0   18    4    0.121120
    1    0    1    5   -0.000032
    1    0    2    5    0.255667
    1    0    3    5   -0.012642
    1    0    4    5    0.005612
    1    0    5    5    0.017592
    1    0    6    5   -0.099120
    1    0    7    5   -0.147775
    1    0    8    5   -0.005810
    1    0    9    5   -0.179635
    1    0   10    5   -0.034680
    1    0   11    5   -0.010690
    1    0   12    5    0.059880
    1    0   13    5   -3.363127
    1    0   14    5    0.008667
    1    0   15    5   -0.018682
    1    0   16    5    0.116435
    1    0   17    5   -0.619965
    1    0   18    5    0.239440
    1    0    1    6   -0.016147
    1    0    2    6    0.039305
    1    0    3    6    0.028782
    1    0    4    6    0.001350
    1    0    5    6    0.004520
    1    0    6    6   -0.039500
    1    0    7    6    0.018552
    1    0    8    6   -0.002335
    1    0    9    6   -0.312165
    1    0   10    6   -0.026190
    1    0   11    6   -0.015772
    1    0   12    6    0.083333
    1    0   13    6   -0.059652
    1    0   14    6    0.010852
    1    0   15    6    0.005615
    1    0   16    6    0.245045
    1    0   17    6   -0.137463
    1    0   18    6   -0.068973
    1    0    1    7   -0.009775
    1    0    2    7   -0.131070
    1    0    3    7   -0.008705
    1    0    4    7    0.081047
    1    0    5    7    0.022097
    1    0    6    7    0.199922
    1    0    7    7    0.037930
    1    0    8    7    0.007475
    1    0    9    7   -1.175080
    1    0   10    7   -0.019032
    1    0   11    7   -0.022665
    1    0   12    7    1.848730
    1    0   13    7   -0.157665
    1    0   14    7    0.005035
    1    0   15    7   -0.116553
    1    0   16    7   -0.068040
    1    0   17    7    0.108943
    1    0   18    7   -0.071422
    1    0    1    8    0.013527
    1    0    2    8   -0.332332
    1    0    3    8    0.036002
    1    0    4    8   -0.195258
    1    0    5    8   -0.025767
    1    0    6    8   -0.833815
    1    0    7    8   -0.504167
    1    0    8    8   -0.002340
    1    0    9    8    0.454010
    1    0   10    8   -0.029475
    1    0   11    8   -0.117040
    1    0   12    8   -0.193590
    1    0   13    8   -0.060680
    1    0   14    8    0.022900
    1    0   15    8   -0.613575
    1    0   16    8    0.458713
    1    0   17    8    0.793498
    1    0   18    8    0.112007
    1    0    1    9    0.007417
    1    0    2    9   -0.064965
    1    0    3    9   -0.025450
    1    0    4    9    0.057038
    1    0    5    9   -0.010232
    1    0    6    9    0.051322
    1    0    7    9    0.067467
    1    0    8    9    0.000968
    1    0    9    9    0.036430
    1    0   10    9   -0.001298
    1    0   11    9    0.060558
    1    0   12    9    0.046712
    1    0   13    9    0.891607
    1    0   14    9   -0.027023
    1    0   15    9   -0.114922
    1    0   16    9    1.170792
    1    0   17    9    0.052892
    1    0   18    9    0.155990
    1    0    1   10   -0.005647
    1    0    2   10    0.185997
    1    0    3   10    0.008535
    1    0    4   10   -0.053585
    1    0    5   10   -0.002905
    1    0    6   10   -0.040720
    1    0    7   10   -0.371327
    1    0    8   10    0.001145
    1    0    9   10   -0.101895
    1    0   10   10    0.059347
    1    0   11   10   -0.070517
    1    0   12   10    0.748475
    1    0   13   10   -2.939990
    1    0   14   10    0.012990
    1    0   15   10    0.034000
    1    0   16   10    3.202857
    1    0   17   10   -0.008797
    1    0   18   10    0.243868
    1    0    1   11   -0.001755
    1    0    2   11    0.001302
    1    0    3   11    0.001585
    1    0    4   11   -0.004253
    1    0    5   11   -0.007822
    1    0    6   11   -0.033870
    1    0    7   11    0.068425
    1    0    8   11    0.001692
    1    0    9   11   -0.027080
    1    0   10   11   -0.015675
    1    0   11   11   -0.039205
    1    0   12   11    0.115900
    1    0   13   11   -1.503677
    1    0   14   11   -0.011480
    1    0   15   11   -0.003197
    1    0   16   11   -0.132403
    1    0   17   11    0.017540
    1    0   18   11    0.018648
    1    0    1   12   -0.002220
    1    0    2   12   -0.003233
    1    0    3   12   -0.006547
    1    0    4   12    0.022537
    1    0    5   12    0.002158
    1    0    6   12   -0.011740
    1    0    7   12    0.039840
    1    0    8   12    0.001255
    1    0    9   12   -0.021185
    1    0   10   12    0.006220
    1    0   11   12   -0.019925
    1    0   12   12   -0.067400
    1    0   13   12   -0.743295
    1    0   14   12    0.008882
    1    0   15   12    0.020467
    1    0   16   12   -0.042067
    1    0   17   12   -0.010727
    1    0   18   12   -0.001038
    1    0    1   13   -0.009440
    1    0    2   13   -0.012535
    1    0    3   13    0.012207
    1    0    4   13    0.009240
    1    0    5   13   -0.004573
    1    0    6   13    0.079490
    1    0    7   13    0.014212
    1    0    8   13    0.000953
    1    0    9   13    0.056310
    1    0   10   13    0.006508
    1    0   11   13   -0.004947
    1    0   12   13    0.561890
    1    0   13   13   -0.123645
    1    0   14   13   -0.009082
    1    0   15   13    0.009935
    1    0   16   13    0.024178
    1    0   17   13    0.053172
    1    0   18   13   -0.008117
    1    0    1   14    0.002062
    1    0    2   14    0.462380
    1    0    3   14   -0.005758
    1    0    4   14    0.029382
    1    0    5   14    0.025432
    1    0    6   14   -0.043960
    1    0    7   14   -0.859240
    1    0    8   14   -0.019010
    1    0    9   14   -0.010775
    1    0   10   14    0.002778
    1    0   11   14    0.092125
    1    0   12   14   -0.506710
    1    0   13   14   -4.855010
    1    0   14   14    0.007925
    1    0   15   14   -0.830722
    1    0   16   14    0.257710
    1    0   17   14   -1.228075
    1    0   18   14    0.387400
    1    0    1   15   -0.001615
    1    0    2   15   -0.008795
    1    0    3   15    0.010202
    1    0    4   15    0.013992
    1    0    5   15    0.012137
    1    0    6   15   -0.004638
    1    0    7   15    0.105395
    1    0    8   15    0.003017
    1    0    9   15    0.083695
    1    0   10   15    0.046892
    1    0   11   15   -0.008735
    1    0   12   15    0.072372
    1    0   13   15   -0.514330
    1    0   14   15    0.015825
    1    0   15   15    0.082787
    1    0   16   15   -0.643352
    1    0   17   15   -0.020622
    1    0   18   15   -0.083017
    1    0    1   16   -0.003722
    1    0    2   16   -0.035065
    1    0    3   16   -0.010592
    1    0    4   16    0.016265
    1    0    5   16    0.004545
    1    0    6   16    0.102262
    1    0    7   16    0.012922
    1    0    8   16    0.001450
    1    0    9   16   -0.115747
    1    0   10   16    0.002035
    1    0   11   16    0.010582
    1    0   12   16    0.031523
    1    0   13   16   -0.126137
    1    0   14   16    0.004935
    1    0   15   16   -0.032520
    1    0   16   16    0.019985
    1    0   17   16    0.039662
    1    0   18   16    0.011532
    1    0    1   17    0.013678
    1    0    2   17    2.713255
    1    0    3   17    0.003190
    1    0    4   17   -0.077110
    1    0    5   17   -0.034042
    1    0    6   17   -0.033600
    1    0    7   17    0.541183
    1    0    8   17   -0.013617
    1    0    9   17    0.207888
    1    0   10   17    0.048300
    1    0   11   17    1.040267
    1    0   12   17   -2.320580
    1    0   13   17    4.427380
    1    0   14   17    0.034110
    1    0   15   17   -0.041285
    1    0   16   17    0.079105
    1    0   17   17   -0.106922
    1    0   18   17    0.044802
    1    0    1   18   -0.001140
    1    0    2   18   -0.046297
    1    0    3   18   -0.006980
    1    0    4   18   -0.054302
    1    0    5   18   -0.028625
    1    0    6   18    0.090180
    1    0    7   18   -0.160117
    1    0    8   18   -0.005703
    1    0    9   18    0.172595
    1    0   10   18   -0.050960
    1    0   11   18    0.019622
    1    0   12   18   -0.105610
    1    0   13   18    0.761960
    1    0   14   18   -0.025295
    1    0   15   18   -0.050960
    1    0   16   18    0.488748
    1    0   17   18    0.113793
    1    0   18   18    0.219165
   -1    1    1    1   -0.004992
   -1    1    2    1    0.002507
   -1    1    3    1   -0.001757
   -1    1    4    1    0.000793
   -1    1    5    1   -0.001553
   -1    1    6    1   -0.004300
   -1    1    7    1   -0.000657
   -1    1    8    1    0.000130
   -1    1    9    1    0.001137
   -1    1   10    1   -0.002540
   -1    1   11    1   -0.001100
   -1    1   12    1   -0.000525
   -1    1   13    1   -0.010535
   -1    1   14    1   -0.001735
   -1    1   15    1    0.001302
   -1    1   16    1    0.003345
   -1    1   17    1   -0.000183
   -1    1   18    1    0.000930
   -1    1    1    2   -0.041535
   -1    1    2    2   -0.000800
   -1    1    3    2    0.026918
   -1    1    4    2    0.002235
   -1    1    5    2    0.000435
   -1    1    6    2    0.014117
   -1    1    7    2    0.006230
   -1    1    8    2   -0.003968
   -1    1    9    2   -0.012810
   -1    1   10    2    0.012238
   -1    1   11    2    0.000383
   -1    1   12    2    0.005065
   -1    1   13    2    0.006827
   -1    1   14    2    0.003352
   -1    1   15    2   -0.002185
   -1    1   16    2    0.001347
   -1    1   17    2    0.000657
   -1    1   18    2    0.007380
   -1    1    1    3   -0.006047
   -1    1    2    3   -0.005972
   -1    1    3    3   -0.017660
   -1    1    4    3   -0.007745
   -1    1    5    3    0.000780
   -1    1    6    3    0.006097
   -1    1    7    3   -0.009497
   -1    1    8    3   -0.000432
   -1    1    9    3   -0.005112
   -1    1   10    3   -0.001953
   -1    1   11    3    0.000545
   -1    1   12    3   -0.001075
   -1    1   13    3    0.001577
   -1    1   14    3    0.003920
   -1    1   15    3   -0.013347
   -1    1   16    3   -0.007500
   -1    1   17    3    0.001985
   -1    1   18    3    0.014180
   -1    1    1    4    0.003660
   -1    1    2    4    0.003845
   -1    1    3    4    0.010138
   -1    1    4    4    0.002230
   -1    1    5    4   -0.001600
   -1    1    6    4    0.011677
   -1    1    7    4    0.010050
   -1    1    8    4    0.000787
   -1    1    9    4   -0.015332
   -1    1   10    4   -0.002597
   -1    1   11    4    0.001605
   -1    1   12    4    0.006210
   -1    1   13    4   -0.001192
   -1    1   14    4   -0.004030
   -1    1   15    4    0.003290
   -1    1   16    4    0.003405
   -1    1   17    4    0.006160
   -1    1   18    4    0.001113
   -1    1    1    5    0.002215
   -1    1    2    5    0.000070
   -1    1    3    5   -0.003847
   -1    1    4    5    0.000255
   -1    1    5    5    0.000923
   -1    1    6    5    0.006188
   -1    1    7    5    0.001447
   -1    1    8    5   -0.001167
   -1    1    9    5   -0.001032
   -1    1   10    5    0.002850
   -1    1   11    5    0.000445
   -1    1   12    5   -0.004010
   -1    1   13    5   -0.002972
   -1    1   14    5   -0.000080
   -1    1   15    5    0.002073
   -1    1   16    5   -0.001017
   -1    1   17    5   -0.000382
   -1    1   18    5   -0.000095
   -1    1    1    6    0.085235
   -1    1    2    6    0.000030
   -1    1    3    6   -0.070767
   -1    1    4    6    0.000810
   -1    1    5    6   -0.001495
   -1    1    6    6    0.000210
   -1    1    7    6    0.004202
   -1    1    8    6   -0.002100
   -1    1    9    6    0.021143
   -1    1   10    6   -0.002140
   -1    1   11    6    0.000198
   -1    1   12    6   -0.006420
   -1    1   13    6   -0.012795
   -1    1   14    6   -0.008682
   -1    1   15    6   -0.008630
   -1    1   16    6    0.007535
   -1    1   17    6    0.010322
   -1    1   18    6    0.030842
   -1    1    1    7   -0.011770
   -1    1    2    7    0.002510
   -1    1    3    7   -0.000915
   -1    1    4    7   -0.022080
   -1    1    5    7   -0.004425
   -1    1    6    7    0.005605
   -1    1    7    7   -0.005890
   -1    1    8    7    0.012195
   -1    1    9    7   -0.005947
   -1    1   10    7   -0.016465
   -1    1   11    7   -0.002770
   -1    1   12    7    0.008232
   -1    1   13    7    0.005183
   -1    1   14    7    0.005575
   -1    1   15    7    0.000660
   -1    1   16    7   -0.000185
   -1    1   17    7    0.000957
   -1    1   18    7    0.009160
   -1    1    1    8    0.001965
   -1    1    2    8    0.000065
   -1    1    3    8    0.001147
   -1    1    4    8    0.000955
   -1    1    5    8   -0.000327
   -1    1    6    8   -0.000300
   -1    1    7    8    0.001297
   -1    1    8    8   -0.000197
   -1    1    9    8    0.000860
   -1    1   10    8    0.001032
   -1    1   11    8   -0.000115
   -1    1   12    8   -0.000145
   -1    1   13    8    0.001778
   -1    1   14    8   -0.001190
   -1    1   15    8    0.001625
   -1    1   16    8   -0.000777
   -1    1   17    8   -0.000197
   -1    1   18    8   -0.002105
   -1    1    1    9    0.048945
   -1    1    2    9    0.007960
   -1    1    3    9    0.032495
   -1    1    4    9   -0.002723
   -1    1    5    9   -0.002893
   -1    1    6    9   -0.060592
   -1    1    7    9   -0.005552
   -1    1    8    9    0.003377
   -1    1    9    9    0.014387
   -1    1   10    9    0.007870
   -1    1   11    9   -0.001900
   -1    1   12    9   -0.009422
   -1    1   13    9   -0.007642
   -1    1   14    9    0.004835
   -1    1   15    9    0.011985
   -1    1   16    9    0.009522
   -1    1   17    9   -0.010573
   -1    1   18    9   -0.025060
   -1    1    1   10   -0.004597
   -1    1    2   10    0.004702
   -1    1    3   10    0.050618
   -1    1    4   10   -0.003755
   -1    1    5   10   -0.012325
   -1    1    6   10   -0.014487
   -1    1    7   10   -0.006242
   -1    1    8   10   -0.018915
   -1    1    9   10    0.001618
   -1    1   10   10   -0.004135
   -1    1   11   10   -0.003087
   -1    1   12   10   -0.007363
   -1    1   13   10    0.000828
   -1    1   14   10   -0.016143
   -1    1   15   10    0.004862
   -1    1   16   10   -0.002645
   -1    1   17   10   -0.001445
   -1    1   18   10    0.001280
   -1    1    1   11    0.038177
   -1    1    2   11    0.000363
   -1    1    3   11   -0.025135
   -1    1    4   11    0.001227
   -1    1    5   11    0.004047
   -1    1    6   11   -0.000228
   -1    1    7   11    0.005738
   -1    1    8   11   -0.003197
   -1    1    9   11    0.002730
   -1    1   10   11    0.000150
   -1    1   11   11    0.000305
   -1    1   12   11    0.000202
   -1    1   13   11   -0.002050
   -1    1   14   11    0.005030
   -1    1   15   11   -0.002747
   -1    1   16   11    0.001672
   -1    1   17   11    0.000482
   -1    1   18   11    0.007702
   -1    1    1   12   -0.037320
   -1    1    2   12   -0.011753
   -1    1    3   12    0.049142
   -1    1    4   12    0.011372
   -1    1    5   12    0.017752
   -1    1    6   12    0.009890
   -1    1    7   12    0.007847
   -1    1    8   12   -0.065062
   -1    1    9   12    0.010652
   -1    1   10   12    0.055435
   -1    1   11   12    0.015255
   -1    1   12   12    0.007095
   -1    1   13   12    0.004565
   -1    1   14   12    0.009790
   -1    1   15   12   -0.006072
   -1    1   16   12   -0.003250
   -1    1   17   12   -0.046727
   -1    1   18   12    0.001525
   -1    1    1   13    0.206992
   -1    1    2   13   -0.002470
   -1    1    3   13   -0.033095
   -1    1    4   13   -0.000730
   -1    1    5   13    0.035412
   -1    1    6   13   -0.192337
   -1    1    7   13   -0.029985
   -1    1    8   13    0.059895
   -1    1    9   13    0.047595
   -1    1   10   13    0.101138
   -1    1   11   13    0.005930
   -1    1   12   13    0.005790
   -1    1   13   13    0.014937
   -1    1   14   13    0.051850
   -1    1   15   13   -0.026245
   -1    1   16   13   -0.015340
   -1    1   17   13   -0.042985
   -1    1   18   13    0.030940
   -1    1    1   14   -0.004548
   -1    1    2   14   -0.000672
   -1    1    3   14    0.004987
   -1    1    4   14    0.001222
   -1    1    5   14   -0.000115
   -1    1    6   14    0.009567
   -1    1    7   14   -0.001775
   -1    1    8   14   -0.000748
   -1    1    9   14    0.003332
   -1    1   10   14    0.006033
   -1    1   11   14    0.000380
   -1    1   12   14   -0.009675
   -1    1   13   14   -0.006137
   -1    1   14   14   -0.002397
   -1    1   15   14    0.002103
   -1    1   16   14   -0.001327
   -1    1   17   14   -0.001522
   -1    1   18   14    0.001038
   -1    1    1   15   -0.150072
   -1    1    2   15   -0.003395
   -1    1    3   15    0.194975
   -1    1    4   15   -0.012727
   -1    1    5   15   -0.024062
   -1    1    6   15   -0.013725
   -1    1    7   15   -0.013890
   -1    1    8   15    0.029490
   -1    1    9   15   -0.011302
   -1    1   10   15    0.002907
   -1    1   11   15   -0.000720
   -1    1   12   15   -0.000408
   -1    1   13   15    0.005645
   -1    1   14   15   -0.015925
   -1    1   15   15   -0.001425
   -1    1   16   15   -0.002400
   -1    1   17   15   -0.000500
   -1    1   18   15    0.008820
   -1    1    1   16    0.077810
   -1    1    2   16   -0.000438
   -1    1    3   16    0.000990
   -1    1    4   16    0.033967
   -1    1    5   16   -0.011550
   -1    1    6   16    0.117772
   -1    1    7   16    0.032247
   -1    1    8   16    0.004295
   -1    1    9   16   -0.018410
   -1    1   10   16    0.009655
   -1    1   11   16   -0.002617
   -1    1   12   16    0.000562
   -1    1   13   16    0.004522
   -1    1   14   16   -0.023367
   -1    1   15   16   -0.003732
   -1    1   16   16    0.001652
   -1    1   17   16    0.012593
   -1    1   18   16    0.017177
   -1    1    1   17    0.018752
   -1    1    2   17    0.000742
   -1    1    3   17   -0.040625
   -1    1    4   17    0.001980
   -1    1    5   17    0.003465
   -1    1    6   17   -0.004292
   -1    1    7   17    0.001920
   -1    1    8   17   -0.005670
   -1    1    9   17    0.003142
   -1    1   10   17   -0.003070
   -1    1   11   17    0.000160
   -1    1   12   17    0.005822
   -1    1   13   17    0.002028
   -1    1   14   17    0.001720
   -1    1   15   17   -0.001805
   -1    1   16   17   -0.002500
   -1    1   17   17   -0.000337
   -1    1   18   17    0.001785
   -1    1    1   18   -0.024012
   -1    1    2   18   -0.001172
   -1    1    3   18   -0.011172
   -1    1    4   18    0.014468
   -1    1    5   18   -0.002172
   -1    1    6   18    0.022867
   -1    1    7   18    0.000910
   -1    1    8   18   -0.000867
   -1    1    9   18    0.008977
   -1    1   10   18   -0.013728
   -1    1   11   18   -0.006695
   -1    1   12   18    0.003450
   -1    1   13   18    0.006450
   -1    1   14   18   -0.005290
   -1    1   15   18    0.000150
   -1    1   16   18   -0.001542
   -1    1   17   18    0.000098
   -1    1   18   18   -0.012275
    0    1    1    1   -0.116652
    0    1    2    1   -0.001212
    0    1    3    1    0.012735
    0    1    4    1   -0.001532
    0    1    5    1   -0.005055
    0    1    6    1    0.039737
    0    1    7    1    0.008702
    0    1    8    1   -0.007838
    0    1    9    1   -0.001893
    0    1   10    1   -0.022030
    0    1   11    1   -0.002592
    0    1   12    1    0.002090
    0    1   13    1    0.009477
    0    1   14    1   -0.006058
    0    1   15    1    0.004197
    0    1   16    1    0.000870
    0    1   17    1    0.003442
    0    1   18    1   -0.012403
    0    1    1    2   -0.020892
    0    1    2    2    0.009182
    0    1    3    2    0.040745
    0    1    4    2   -0.038345
    0    1    5    2    0.024397
    0    1    6    2   -0.501208
    0    1    7    2   -0.092812
    0    1    8    2    0.017000
    0    1    9    2    0.007302
    0    1   10    2    0.011722
    0    1   11    2   -0.001912
    0    1   12    2    0.010620
    0    1   13    2    0.029030
    0    1   14    2    0.017232
    0    1   15    2    0.010833
    0    1   16    2   -0.001158
    0    1   17    2   -0.031385
    0    1   18    2   -0.053288
    0    1    1    3   -0.137465
    0    1    2    3    0.005485
    0    1    3    3    0.157280
    0    1    4    3   -0.007377
    0    1    5    3   -0.018522
    0    1    6    3   -0.024247
    0    1    7    3   -0.007275
    0    1    8    3    0.001885
    0    1    9    3   -0.032237
    0    1   10    3   -0.007025
    0    1   11    3    0.000650
    0    1   12    3   -0.004417
    0    1   13    3    0.016702
    0    1   14    3   -0.020295
    0    1   15    3    0.011467
    0    1   16    3    0.000255
    0    1   17    3   -0.009392
    0    1   18    3   -0.015460
    0    1    1    4    0.092067
    0    1    2    4    0.006212
    0    1    3    4    0.027942
    0    1    4    4    0.054713
    0    1    5    4    0.013387
    0    1    6    4   -0.037975
    0    1    7    4    0.044552
    0    1    8    4    0.014795
    0    1    9    4   -0.023837
    0    1   10    4    0.068572
    0    1   11    4    0.007063
    0    1   12    4    0.002987
    0    1   13    4    0.003255
    0    1   14    4    0.006480
    0    1   15    4    0.011480
    0    1   16    4    0.026145
    0    1   17    4   -0.003552
    0    1   18    4   -0.000583
    0    1    1    5   -0.043595
    0    1    2    5    0.001945
    0    1    3    5   -0.018252
    0    1    4    5   -0.006805
    0    1    5    5   -0.008727
    0    1    6    5   -0.080505
    0    1    7    5    0.016282
    0    1    8    5   -0.044112
    0    1    9    5   -0.006460
    0    1   10    5   -0.033860
    0    1   11    5   -0.003185
    0    1   12    5    0.000782
    0    1   13    5   -0.005760
    0    1   14    5   -0.004070
    0    1   15    5    0.003275
    0    1   16    5    0.007855
    0    1   17    5    0.013547
    0    1   18    5    0.001300
    0    1    1    6    0.108515
    0    1    2    6    0.020243
    0    1    3    6   -0.019500
    0    1    4    6    0.107988
    0    1    5    6   -0.035157
    0    1    6    6   -0.077147
    0    1    7    6   -0.000885
    0    1    8    6   -0.006330
    0    1    9    6    0.007638
    0    1   10    6   -0.019072
    0    1   11    6   -0.007312
    0    1   12    6   -0.000872
    0    1   13    6   -0.064845
    0    1   14    6   -0.004662
    0    1   15    6   -0.036875
    0    1   16    6   -0.022235
    0    1   17    6    0.016325
    0    1   18    6    0.056270
    0    1    1    7   -0.067303
    0    1    2    7   -0.000763
    0    1    3    7    0.039520
    0    1    4    7    0.011415
    0    1    5    7   -0.003083
    0    1    6    7    0.606295
    0    1    7    7    0.052968
    0    1    8    7   -0.060412
    0    1    9    7    0.000198
    0    1   10    7    0.023787
    0    1   11    7    0.009817
    0    1   12    7   -0.000060
    0    1   13    7    0.035840
    0    1   14    7   -0.010773
    0    1   15    7    0.030410
    0    1   16    7    0.012140
    0    1   17    7    0.019908
    0    1   18    7   -0.058917
    0    1    1    8    0.001915
    0    1    2    8   -0.002545
    0    1    3    8   -0.011892
    0    1    4    8    0.001475
    0    1    5    8    0.003040
    0    1    6    8   -0.020348
    0    1    7    8    0.003155
    0    1    8    8   -0.002867
    0    1    9    8    0.006332
    0    1   10    8   -0.003197
    0    1   11    8    0.000412
    0    1   12    8   -0.001070
    0    1   13    8   -0.002590
    0    1   14    8    0.003787
    0    1   15    8    0.000285
    0    1   16    8   -0.001382
    0    1   17    8   -0.001117
    0    1   18    8   -0.000903
    0    1    1    9    0.030660
    0    1    2    9   -0.015682
    0    1    3    9   -0.000957
    0    1    4    9    0.099575
    0    1    5    9    0.006840
    0    1    6    9    1.176007
    0    1    7    9    0.009150
    0    1    8    9    0.020315
    0    1    9    9   -0.072040
    0    1   10    9    0.058810
    0    1   11    9    0.002545
    0    1   12    9   -0.012672
    0    1   13    9   -0.023960
    0    1   14    9   -0.011083
    0    1   15    9   -0.011157
    0    1   16    9   -0.105137
    0    1   17    9    0.055290
    0    1   18    9   -0.008638
    0    1    1   10    1.357940
    0    1    2   10    0.037605
    0    1    3   10   -0.406397
    0    1    4   10   -1.068637
    0    1    5   10   -0.064097
    0    1    6   10    0.051917
    0    1    7   10   -0.969895
    0    1    8   10    0.100800
    0    1    9   10    0.090737
    0    1   10   10    0.038807
    0    1   11   10   -0.000315
    0    1   12   10   -0.029357
    0    1   13   10   -0.074735
    0    1   14   10    0.023700
    0    1   15   10    0.017005
    0    1   16   10   -0.455652
    0    1   17   10    0.019030
    0    1   18   10    0.034187
    0    1    1   11   -0.118765
    0    1    2   11    0.029450
    0    1    3   11   -0.049195
    0    1    4   11   -0.015810
    0    1    5   11   -0.039045
    0    1    6   11   -0.252767
    0    1    7   11   -0.000570
    0    1    8   11   -0.154952
    0    1    9   11   -0.007987
    0    1   10   11   -0.023330
    0    1   11   11   -0.009313
    0    1   12   11   -0.008710
    0    1   13   11   -0.026752
    0    1   14   11    0.001815
    0    1   15   11   -0.000627
    0    1   16   11    0.011712
    0    1   17   11    0.063033
    0    1   18   11    0.016607
    0    1    1   12   -0.080940
    0    1    2   12   -0.007935
    0    1    3   12    0.077107
    0    1    4   12   -0.395245
    0    1    5   12   -0.081188
    0    1    6   12   -0.850647
    0    1    7   12   -0.503548
    0    1    8   12   -0.101605
    0    1    9   12    0.068335
    0    1   10   12    0.042907
    0    1   11   12   -0.041650
    0    1   12   12   -0.085180
    0    1   13   12   -0.175542
    0    1   14   12    0.083812
    0    1   15   12   -0.020750
    0    1   16   12   -0.164912
    0    1   17   12   -0.110830
    0    1   18   12   -0.072127
    0    1    1   13    0.108378
    0    1    2   13   -0.061007
    0    1    3   13   -0.058860
    0    1    4   13    0.163475
    0    1    5   13    0.003720
    0    1    6   13   -0.311007
    0    1    7   13    0.174775
    0    1    8   13   -0.030805
    0    1    9   13    0.067127
    0    1   10   13   -0.020182
    0    1   11   13    0.027792
    0    1   12   13   -0.081165
    0    1   13   13   -0.026917
    0    1   14   13    0.019120
    0    1   15   13   -0.013818
    0    1   16   13   -0.050835
    0    1   17   13   -0.020030
    0    1   18   13   -0.011382
    0    1    1   14   -0.111670
    0    1    2   14   -0.005012
    0    1    3   14    0.016985
    0    1    4   14   -0.007850
    0    1    5   14   -0.005007
    0    1    6   14    0.051573
    0    1    7   14    0.027045
    0    1    8   14   -0.026615
    0    1    9   14   -0.024373
    0    1   10   14   -0.031835
    0    1   11   14   -0.005553
    0    1   12   14    0.003485
    0    1   13   14   -0.000202
    0    1   14   14    0.012927
    0    1   15   14    0.007785
    0    1   16   14    0.012482
    0    1   17   14    0.029243
    0    1   18   14   -0.001297
    0    1    1   15    1.586677
    0    1    2   15   -0.082913
    0    1    3   15    0.552747
    0    1    4   15    0.297820
    0    1    5   15    0.377255
    0    1    6   15   -0.229420
    0    1    7   15   -0.138920
    0    1    8   15    0.185440
    0    1    9   15   -0.273450
    0    1   10   15    0.084858
    0    1   11   15    0.070943
    0    1   12   15    0.011677
    0    1   13   15    0.202967
    0    1   14   15   -0.293667
    0    1   15   15    0.016898
    0    1   16   15   -0.003992
    0    1   17   15    0.008975
    0    1   18   15   -0.022542
    0    1    1   16    0.005550
    0    1    2   16   -0.010595
    0    1    3   16   -0.026960
    0    1    4   16   -0.048835
    0    1    5   16    0.018187
    0    1    6   16    1.855945
    0    1    7   16   -0.070975
    0    1    8   16   -0.005925
    0    1    9   16    0.005685
    0    1   10   16   -0.036823
    0    1   11   16   -0.002373
    0    1   12   16    0.024380
    0    1   13   16    0.040152
    0    1   14   16   -0.004582
    0    1   15   16   -0.009755
    0    1   16   16   -0.111158
    0    1   17   16    0.002798
    0    1   18   16   -0.042355
    0    1    1   17    0.082888
    0    1    2   17    0.019930
    0    1    3   17   -0.064752
    0    1    4   17   -0.008353
    0    1    5   17   -0.008922
    0    1    6   17   -0.187187
    0    1    7   17    0.004715
    0    1    8   17   -0.002640
    0    1    9   17    0.067068
    0    1   10   17   -0.015167
    0    1   11   17   -0.010290
    0    1   12   17   -0.011430
    0    1   13   17   -0.022077
    0    1   14   17    0.022760
    0    1   15   17   -0.011912
    0    1   16   17    0.027838
    0    1   17   17   -0.007820
    0    1   18   17    0.029845
    0    1    1   18   -0.342303
    0    1    2   18   -0.030183
    0    1    3   18   -0.112135
    0    1    4   18   -0.182315
    0    1    5   18    0.056080
    0    1    6   18    0.452585
    0    1    7   18   -0.091768
    0    1    8   18    0.119898
    0    1    9   18    0.126827
    0    1   10   18    0.032612
    0    1   11   18   -0.007252
    0    1   12   18   -0.007412
    0    1   13   18    0.038140
    0    1   14   18    0.082717
    0    1   15   18    0.005487
    0    1   16   18    0.029747
    0    1   17   18   -0.016608
    0    1   18   18    0.106215
    1    1    1    1   -0.117207
    1    1    2    1    0.000850
    1    1    3    1    0.000410
    1    1    4    1    0.079585
    1    1    5    1    0.008477
    1    1    6    1   -0.678153
    1    1    7    1   -0.032575
    1    1    8    1   -0.014103
    1    1    9    1    0.067235
    1    1   10    1    0.040150
    1    1   11    1   -0.008360
    1    1   12    1    0.004400
    1    1   13    1    0.063575
    1    1   14    1    0.032612
    1    1   15    1    0.013283
    1    1   16    1    0.343165
    1    1   17    1   -0.020850
    1    1   18    1    0.018450
    1    1    1    2    0.002757
    1    1    2    2   -0.000948
    1    1    3    2   -0.000145
    1    1    4    2   -0.008690
    1    1    5    2    0.007238
    1    1    6    2   -0.073625
    1    1    7    2    0.020452
    1    1    8    2    0.003595
    1    1    9    2   -0.103442
    1    1   10    2   -0.003842
    1    1   11    2    0.002710
    1    1   12    2   -0.002347
    1    1   13    2   -0.028270
    1    1   14    2    0.006677
    1    1   15    2    0.000975
    1    1   16    2   -0.008535
    1    1   17    2   -0.003035
    1    1   18    2   -0.061322
    1    1    1    3    0.417850
    1    1    2    3   -0.007470
    1    1    3    3    0.061208
    1    1    4    3    0.091683
    1    1    5    3   -0.136680
    1    1    6    3   -0.606827
    1    1    7    3    0.070785
    1    1    8    3   -0.106100
    1    1    9    3   -0.272787
    1    1   10    3    0.020822
    1    1   11    3   -0.005273
    1    1   12    3   -0.005340
    1    1   13    3    0.007685
    1    1   14    3   -0.139905
    1    1   15    3    0.038540
    1    1   16    3    0.020575
    1    1   17    3    0.001823
    1    1   18    3   -0.041445
    1    1    1    4   -0.005428
    1    1    2    4   -0.010730
    1    1    3    4    0.011895
    1    1    4    4    0.057377
    1    1    5    4    0.001880
    1    1    6    4   -0.926927
    1    1    7    4    0.069645
    1    1    8    4   -0.003915
    1    1    9    4    0.060885
    1    1   10    4    0.048763
    1    1   11    4    0.004612
    1    1   12    4   -0.017450
    1    1   13    4   -0.007707
    1    1   14    4    0.004350
    1    1   15    4   -0.012368
    1    1   16    4    0.165357
    1    1   17    4   -0.004782
    1    1   18    4    0.022020
    1    1    1    5   -0.016225
    1    1    2    5    0.047722
    1    1    3    5   -0.012145
    1    1    4    5    0.032955
    1    1    5    5    0.009352
    1    1    6    5    0.089567
    1    1    7    5   -0.138677
    1    1    8    5    0.002495
    1    1    9    5   -0.006932
    1    1   10    5    0.011250
    1    1   11    5   -0.013930
    1    1   12    5    0.025140
    1    1   13    5    0.021900
    1    1   14    5    0.012730
    1    1   15    5   -0.000023
    1    1   16    5    0.033162
    1    1   17    5   -0.000462
    1    1   18    5    0.027820
    1    1    1    6    0.020662
    1    1    2    6    0.047205
    1    1    3    6    0.006868
    1    1    4    6    0.017235
    1    1    5    6   -0.008015
    1    1    6    6   -0.034995
    1    1    7    6   -0.008560
    1    1    8    6   -0.005812
    1    1    9    6    0.507730
    1    1   10    6    0.012670
    1    1   11    6   -0.009050
    1    1   12    6   -0.013532
    1    1   13    6    0.005050
    1    1   14    6   -0.003247
    1    1   15    6    0.014993
    1    1   16    6   -0.104850
    1    1   17    6   -0.014185
    1    1   18    6    0.048222
    1    1    1    7    0.019858
    1    1    2    7    0.026240
    1    1    3    7    0.002922
    1    1    4    7    0.010610
    1    1    5    7   -0.005862
    1    1    6    7   -0.131095
    1    1    7    7   -0.139765
    1    1    8    7   -0.005075
    1    1    9    7   -0.076780
    1    1   10    7    0.005118
    1    1   11    7   -0.003087
    1    1   12    7    0.010720
    1    1   13    7   -0.002840
    1    1   14    7    0.003288
    1    1   15    7   -0.015090
    1    1   16    7    0.011117
    1    1   17    7   -0.012365
    1    1   18    7   -0.023038
    1    1    1    8    0.003955
    1    1    2    8    0.005625
    1    1    3    8    0.000130
    1    1    4    8    0.016845
    1    1    5    8    0.024233
    1    1    6    8    0.721285
    1    1    7    8   -0.069070
    1    1    8    8    0.024977
    1    1    9    8    0.037082
    1    1   10    8    0.014737
    1    1   11    8   -0.003515
    1    1   12    8    0.001913
    1    1   13    8   -0.000458
    1    1   14    8    0.009005
    1    1   15    8   -0.006797
    1    1   16    8    0.007078
    1    1   17    8   -0.004295
    1    1   18    8    0.035967
    1    1    1    9   -0.043015
    1    1    2    9    0.002920
    1    1    3    9    0.016920
    1    1    4    9    0.019300
    1    1    5    9   -0.012507
    1    1    6    9    0.496515
    1    1    7    9    0.049687
    1    1    8    9    0.002700
    1    1    9    9    0.058705
    1    1   10    9   -0.000918
    1    1   11    9    0.000420
    1    1   12    9    0.036807
    1    1   13    9    0.038568
    1    1   14    9   -0.029427
    1    1   15    9    0.064230
    1    1   16    9    0.105402
    1    1   17    9    0.032110
    1    1   18    9    0.031730
    1    1    1   10   -0.032207
    1    1    2   10    0.135662
    1    1    3   10    0.090852
    1    1    4   10    0.091400
    1    1    5   10   -0.013135
    1    1    6   10   -1.412562
    1    1    7   10    0.249897
    1    1    8   10   -0.018420
    1    1    9   10   -0.473670
    1    1   10   10    0.051763
    1    1   11   10   -0.050267
    1    1   12   10   -0.102258
    1    1   13   10   -0.189717
    1    1   14   10    0.001252
    1    1   15   10    0.263895
    1    1   16   10    0.174445
    1    1   17   10    0.121240
    1    1   18   10    0.227597
    1    1    1   11   -0.003435
    1    1    2   11    0.015145
    1    1    3   11   -0.004222
    1    1    4   11   -0.005057
    1    1    5   11   -0.003260
    1    1    6   11    0.188670
    1    1    7   11   -0.337177
    1    1    8   11    0.000240
    1    1    9   11    0.024645
    1    1   10   11   -0.000220
    1    1   11   11   -0.017920
    1    1   12   11    0.006007
    1    1   13   11   -0.012238
    1    1   14   11   -0.000773
    1    1   15   11    0.014445
    1    1   16   11   -0.023747
    1    1   17   11   -0.054192
    1    1   18   11    0.108713
    1    1    1   12   -0.007132
    1    1    2   12   -0.032770
    1    1    3   12   -0.004080
    1    1    4   12   -0.000375
    1    1    5   12    0.010285
    1    1    6   12    0.088767
    1    1    7   12   -0.052165
    1    1    8   12    0.003710
    1    1    9   12   -0.361260
    1    1   10   12    0.008525
    1    1   11   12   -0.006703
    1    1   12   12   -0.107592
    1    1   13   12   -0.359605
    1    1   14   12    0.017827
    1    1   15   12   -0.015735
    1    1   16   12   -0.019860
    1    1   17   12   -0.018955
    1    1   18   12   -0.036210
    1    1    1   13    0.016362
    1    1    2   13    0.078017
    1    1    3   13    0.015947
    1    1    4   13   -0.012240
    1    1    5   13   -0.019977
    1    1    6   13   -0.059990
    1    1    7   13   -0.062675
    1    1    8   13   -0.010563
    1    1    9   13    1.003543
    1    1   10   13    0.019040
    1    1   11   13   -0.017260
    1    1   12   13    0.009643
    1    1   13   13   -0.010537
    1    1   14   13   -0.002577
    1    1   15   13    0.039977
    1    1   16   13   -0.010093
    1    1   17   13   -0.021728
    1    1   18   13    0.064700
    1    1    1   14   -0.027945
    1    1    2   14    0.067872
    1    1    3   14    0.019768
    1    1    4   14    0.062440
    1    1    5   14    0.043687
    1    1    6   14    0.123783
    1    1    7   14   -0.426425
    1    1    8   14    0.020488
    1    1    9   14   -0.098515
    1    1   10   14    0.020855
    1    1   11   14   -0.025485
    1    1   12   14    0.063813
    1    1   13   14    0.058033
    1    1   14   14    0.021147
    1    1   15   14    0.005207
    1    1   16   14    0.035450
    1    1   17   14   -0.011640
    1    1   18   14    0.100852
    1    1    1   15    0.012225
    1    1    2   15    0.073447
    1    1    3   15    0.014075
    1    1    4   15    0.165302
    1    1    5   15   -0.006443
    1    1    6   15    0.454065
    1    1    7   15   -0.349050
    1    1    8   15   -0.007400
    1    1    9   15    0.028082
    1    1   10   15    0.048697
    1    1   11   15   -0.040322
    1    1   12   15    0.051550
    1    1   13   15    0.271052
    1    1   14   15   -0.052928
    1    1   15   15   -0.038875
    1    1   16   15   -0.773745
    1    1   17   15   -0.056975
    1    1   18   15   -0.113077
    1    1    1   16    0.004902
    1    1    2   16    0.005367
    1    1    3   16    0.003675
    1    1    4   16   -0.008025
    1    1    5   16    0.000755
    1    1    6   16    0.043803
    1    1    7   16   -0.013317
    1    1    8   16   -0.001900
    1    1    9   16    0.179195
    1    1   10   16    0.003695
    1    1   11   16   -0.001495
    1    1   12   16   -0.018908
    1    1   13   16    0.009105
    1    1   14   16    0.004560
    1    1   15   16    0.005895
    1    1   16   16   -0.090435
    1    1   17   16   -0.001063
    1    1   18   16    0.018555
    1    1    1   17    0.008207
    1    1    2   17   -0.001313
    1    1    3   17   -0.004825
    1    1    4   17    0.040600
    1    1    5   17    0.037283
    1    1    6   17    1.774373
    1    1    7   17    0.024910
    1    1    8   17    0.014580
    1    1    9   17    0.077295
    1    1   10   17    0.039867
    1    1   11   17    0.007015
    1    1   12   17   -0.025045
    1    1   13   17   -0.010887
    1    1   14   17    0.019660
    1    1   15   17   -0.009860
    1    1   16   17   -0.049430
    1    1   17   17    0.008840
    1    1   18   17    0.039730
    1    1    1   18   -0.021355
    1    1    2   18   -0.111848
    1    1    3   18   -0.011547
    1    1    4   18    0.072898
    1    1    5   18    0.012913
    1    1    6   18   -0.478723
    1    1    7   18    0.214757
    1    1    8   18    0.011558
    1    1    9   18   -0.303237
    1    1   10   18    0.021645
    1    1   11   18    0.028188
    1    1   12   18   -0.004275
    1    1   13   18   -0.086470
    1    1   14   18    0.002902
    1    1   15   18   -0.044018
    1    1   16   18    0.397670
    1    1   17   18    0.025842
    1    1   18   18    0.161442
