 ir1  ir2   m    n          ReH 
   -1   -1    1    1    0.014545
   -1   -1    2    1   -0.002932
   -1   -1    3    1    0.084703
   -1   -1    4    1   -0.524338
   -1   -1    5    1   -0.045942
   -1   -1    6    1    0.003510
   -1   -1    7    1   -0.157760
   -1   -1    8    1    0.320850
   -1   -1    9    1    1.245532
   -1   -1   10    1   -1.756350
   -1   -1   11    1   -0.017773
   -1   -1   12    1   -0.047310
   -1   -1   13    1    0.153207
   -1   -1   14    1    0.014173
   -1   -1   15    1   -0.011580
   -1   -1   16    1    0.743030
   -1   -1   17    1   -0.009480
   -1   -1   18    1   -0.026872
   -1   -1    1    2   -0.120435
   -1   -1    2    2   -0.005090
   -1   -1    3    2    0.006800
   -1   -1    4    2    0.112507
   -1   -1    5    2    0.007190
   -1   -1    6    2    0.031967
   -1   -1    7    2    0.083170
   -1   -1    8    2    0.005420
   -1   -1    9    2    0.045597
   -1   -1   10    2   -0.057027
   -1   -1   11    2    0.011332
   -1   -1   12    2    0.038722
   -1   -1   13    2   -0.002967
   -1   -1   14    2    0.003955
   -1   -1   15    2    0.018262
   -1   -1   16    2   -0.056165
   -1   -1   17    2   -0.006490
   -1   -1   18    2   -0.035437
   -1   -1    1    3    0.034630
   -1   -1    2    3    0.009907
   -1   -1    3    3   -0.038425
   -1   -1    4    3   -0.111205
   -1   -1    5    3   -0.007933
   -1   -1    6    3   -0.024105
   -1   -1    7    3    0.003448
   -1   -1    8    3    0.057723
   -1   -1    9    3   -0.085220
   -1   -1   10    3    0.295803
   -1   -1   11    3    0.005760
   -1   -1   12    3   -0.080572
   -1   -1   13    3    0.056450
   -1   -1   14    3   -0.002853
   -1   -1   15    3   -0.054242
   -1   -1   16    3    0.008567
   -1   -1   17    3    0.003533
   -1   -1   18    3    0.028012
   -1   -1    1    4    0.092705
   -1   -1    2    4    0.014292
   -1   -1    3    4    0.005148
   -1   -1    4    4   -0.025470
   -1   -1    5    4    0.008527
   -1   -1    6    4   -0.037533
   -1   -1    7    4    0.011452
   -1   -1    8    4   -0.021010
   -1   -1    9    4   -0.086257
   -1   -1   10    4   -0.131747
   -1   -1   11    4    0.019400
   -1   -1   12    4   -0.066490
   -1   -1   13    4    0.021467
   -1   -1   14    4    0.005998
   -1   -1   15    4   -0.026918
   -1   -1   16    4   -0.108485
   -1   -1   17    4    0.009015
   -1   -1   18    4   -0.007043
   -1   -1    1    5   -0.023285
   -1   -1    2    5    0.000197
   -1   -1    3    5    0.010515
   -1   -1    4    5    0.029417
   -1   -1    5    5   -0.002010
   -1   -1    6    5   -0.008575
   -1   -1    7    5    0.009042
   -1   -1    8    5   -0.006877
   -1   -1    9    5    0.048560
   -1   -1   10    5   -0.058518
   -1   -1   11    5    0.000242
   -1   -1   12    5    0.006452
   -1   -1   13    5   -0.006393
   -1   -1   14    5   -0.001588
   -1   -1   15    5   -0.001043
   -1   -1   16    5    0.011522
   -1   -1   17    5   -0.000967
   -1   -1   18    5   -0.020735
   -1   -1    1    6    0.417663
   -1   -1    2    6    0.028052
   -1   -1    3    6   -0.054675
   -1   -1    4    6   -0.480355
   -1   -1    5    6   -0.047653
   -1   -1    6    6   -0.223692
   -1   -1    7    6   -0.222850
   -1   -1    8    6    0.021767
   -1   -1    9    6   -0.125793
   -1   -1   10    6    0.298860
   -1   -1   11    6   -0.018877
   -1   -1   12    6   -0.197017
   -1   -1   13    6    0.184892
   -1   -1   14    6   -0.049748
   -1   -1   15    6   -0.336792
   -1   -1   16    6    0.375095
   -1   -1   17    6   -0.021742
   -1   -1   18    6    0.352980
   -1   -1    1    7   -0.097430
   -1   -1    2    7   -0.019460
   -1   -1    3    7    0.010502
   -1   -1    4    7    0.068087
   -1   -1    5    7   -0.009298
   -1   -1    6    7    0.035527
   -1   -1    7    7   -0.055785
   -1   -1    8    7   -0.021832
   -1   -1    9    7   -0.041605
   -1   -1   10    7    0.128897
   -1   -1   11    7    0.047032
   -1   -1   12    7    0.066017
   -1   -1   13    7    0.035890
   -1   -1   14    7    0.059230
   -1   -1   15    7    0.025828
   -1   -1   16    7    0.102538
   -1   -1   17    7   -0.010535
   -1   -1   18    7   -0.007173
   -1   -1    1    8   -0.009885
   -1   -1    2    8    0.002097
   -1   -1    3    8    0.015742
   -1   -1    4    8   -0.030808
   -1   -1    5    8   -0.004788
   -1   -1    6    8   -0.002448
   -1   -1    7    8   -0.029070
   -1   -1    8    8    0.003210
   -1   -1    9    8    0.070432
   -1   -1   10    8    0.070333
   -1   -1   11    8    0.002338
   -1   -1   12    8    0.013627
   -1   -1   13    8   -0.014967
   -1   -1   14    8    0.001195
   -1   -1   15    8    0.009757
   -1   -1   16    8    0.034882
   -1   -1   17    8   -0.006897
   -1   -1   18    8   -0.010667
   -1   -1    1    9   -0.073887
   -1   -1    2    9    0.007825
   -1   -1    3    9    0.008507
   -1   -1    4    9    0.047187
   -1   -1    5    9    0.011482
   -1   -1    6    9   -0.002518
   -1   -1    7    9    0.014423
   -1   -1    8    9    0.004948
   -1   -1    9    9    0.015338
   -1   -1   10    9    0.010615
   -1   -1   11    9    0.002782
   -1   -1   12    9   -0.017755
   -1   -1   13    9   -0.004437
   -1   -1   14    9    0.012057
   -1   -1   15    9    0.007078
   -1   -1   16    9   -0.085530
   -1   -1   17    9    0.006135
   -1   -1   18    9   -0.046085
   -1   -1    1   10   -0.061417
   -1   -1    2   10   -0.000552
   -1   -1    3   10   -0.001290
   -1   -1    4   10    0.034055
   -1   -1    5   10    0.001055
   -1   -1    6   10    0.044635
   -1   -1    7   10    0.028902
   -1   -1    8   10    0.016442
   -1   -1    9   10   -0.051645
   -1   -1   10   10   -0.034592
   -1   -1   11   10    0.003268
   -1   -1   12   10   -0.035660
   -1   -1   13   10    0.052255
   -1   -1   14   10    0.005952
   -1   -1   15   10   -0.012347
   -1   -1   16   10   -0.067053
   -1   -1   17   10    0.001583
   -1   -1   18   10    0.023467
   -1   -1    1   11    0.019272
   -1   -1    2   11    0.002655
   -1   -1    3   11    0.005460
   -1   -1    4   11   -0.021135
   -1   -1    5   11   -0.001285
   -1   -1    6   11   -0.029087
   -1   -1    7   11   -0.021207
   -1   -1    8   11   -0.004343
   -1   -1    9   11    0.034677
   -1   -1   10   11    0.015190
   -1   -1   11   11   -0.015742
   -1   -1   12   11   -0.018220
   -1   -1   13   11   -0.015295
   -1   -1   14   11   -0.014798
   -1   -1   15   11    0.010805
   -1   -1   16   11    0.039877
   -1   -1   17   11   -0.000725
   -1   -1   18   11   -0.015822
   -1   -1    1   12   -1.542492
   -1   -1    2   12    0.139390
   -1   -1    3   12    0.107065
   -1   -1    4   12    0.732005
   -1   -1    5   12    0.052415
   -1   -1    6   12   -0.267730
   -1   -1    7   12   -0.055990
   -1   -1    8   12    0.011042
   -1   -1    9   12    0.077505
   -1   -1   10   12    0.170455
   -1   -1   11   12   -0.169060
   -1   -1   12   12    0.137742
   -1   -1   13   12   -0.731985
   -1   -1   14   12    0.072438
   -1   -1   15   12   -0.032395
   -1   -1   16   12   -0.159492
   -1   -1   17   12   -0.031582
   -1   -1   18   12   -0.116655
   -1   -1    1   13    0.364270
   -1   -1    2   13   -0.001033
   -1   -1    3   13    0.086540
   -1   -1    4   13   -0.139685
   -1   -1    5   13   -0.010115
   -1   -1    6   13   -0.147785
   -1   -1    7   13   -0.226800
   -1   -1    8   13   -0.034748
   -1   -1    9   13    0.147360
   -1   -1   10   13    0.081403
   -1   -1   11   13    0.001848
   -1   -1   12   13   -0.286157
   -1   -1   13   13    0.114050
   -1   -1   14   13   -0.014493
   -1   -1   15   13   -0.094858
   -1   -1   16   13    0.091057
   -1   -1   17   13    0.021585
   -1   -1   18   13    0.059705
   -1   -1    1   14   -0.018445
   -1   -1    2   14    0.000423
   -1   -1    3   14   -0.000113
   -1   -1    4   14    0.019410
   -1   -1    5   14    0.002155
   -1   -1    6   14   -0.000200
   -1   -1    7   14    0.013187
   -1   -1    8   14   -0.000838
   -1   -1    9   14    0.013835
   -1   -1   10   14   -0.006857
   -1   -1   11   14   -0.000017
   -1   -1   12   14    0.006207
   -1   -1   13   14   -0.000440
   -1   -1   14   14   -0.002205
   -1   -1   15   14   -0.000130
   -1   -1   16   14   -0.009542
   -1   -1   17   14   -0.000140
   -1   -1   18   14   -0.016765
   -1   -1    1   15    0.079392
   -1   -1    2   15   -0.033052
   -1   -1    3   15   -0.062595
   -1   -1    4   15   -0.543087
   -1   -1    5   15   -0.018762
   -1   -1    6   15    0.056710
   -1   -1    7   15    0.601180
   -1   -1    8   15    0.008757
   -1   -1    9   15   -0.153297
   -1   -1   10   15    0.214718
   -1   -1   11   15    0.062920
   -1   -1   12   15    0.070942
   -1   -1   13   15    0.220692
   -1   -1   14   15   -0.001682
   -1   -1   15   15    0.000563
   -1   -1   16   15    0.013625
   -1   -1   17   15    0.002912
   -1   -1   18   15    0.080850
   -1   -1    1   16    0.091725
   -1   -1    2   16   -0.023925
   -1   -1    3   16   -0.090865
   -1   -1    4   16   -0.112740
   -1   -1    5   16   -0.003380
   -1   -1    6   16    0.125043
   -1   -1    7   16    0.041517
   -1   -1    8   16    0.038572
   -1   -1    9   16   -0.393130
   -1   -1   10   16    0.125700
   -1   -1   11   16    0.036138
   -1   -1   12   16   -0.035172
   -1   -1   13   16    0.066685
   -1   -1   14   16    0.057737
   -1   -1   15   16    0.056483
   -1   -1   16   16   -0.141105
   -1   -1   17   16    0.027052
   -1   -1   18   16    0.072515
   -1   -1    1   17   -0.014255
   -1   -1    2   17    0.012850
   -1   -1    3   17   -0.006592
   -1   -1    4   17    0.008810
   -1   -1    5   17   -0.000338
   -1   -1    6   17    0.004210
   -1   -1    7   17   -0.013100
   -1   -1    8   17   -0.002118
   -1   -1    9   17    0.002850
   -1   -1   10   17   -0.011455
   -1   -1   11   17   -0.058927
   -1   -1   12   17   -0.002825
   -1   -1   13   17   -0.009277
   -1   -1   14   17   -0.014122
   -1   -1   15   17   -0.001572
   -1   -1   16   17   -0.000183
   -1   -1   17   17   -0.000532
   -1   -1   18   17   -0.015652
   -1   -1    1   18    0.106542
   -1   -1    2   18   -0.029717
   -1   -1    3   18   -0.014740
   -1   -1    4   18   -0.146572
   -1   -1    5   18   -0.029375
   -1   -1    6   18    0.015705
   -1   -1    7   18    0.047612
   -1   -1    8   18    0.023790
   -1   -1    9   18   -0.068693
   -1   -1   10   18    0.148635
   -1   -1   11   18    0.004587
   -1   -1   12   18   -0.049020
   -1   -1   13   18    0.119537
   -1   -1   14   18   -0.016915
   -1   -1   15   18   -0.019172
   -1   -1   16   18    0.110217
   -1   -1   17   18   -0.017300
   -1   -1   18   18    0.164662
    0   -1    1    1   -0.140130
    0   -1    2    1   -0.183245
    0   -1    3    1   -0.565773
    0   -1    4    1    0.365777
    0   -1    5    1    0.232160
    0   -1    6    1    0.430905
    0   -1    7    1    0.352887
    0   -1    8    1   -0.194477
    0   -1    9    1   -0.224025
    0   -1   10    1   -0.945082
    0   -1   11    1   -0.011425
    0   -1   12    1    0.331375
    0   -1   13    1   -0.774367
    0   -1   14    1    0.031012
    0   -1   15    1    0.089993
    0   -1   16    1   -1.663965
    0   -1   17    1    0.148152
    0   -1   18    1   -1.442167
    0   -1    1    2    0.015690
    0   -1    2    2    0.006925
    0   -1    3    2    0.005067
    0   -1    4    2   -0.007345
    0   -1    5    2    0.000657
    0   -1    6    2    0.016790
    0   -1    7    2   -0.047235
    0   -1    8    2    0.003750
    0   -1    9    2    0.013147
    0   -1   10    2    0.081235
    0   -1   11    2   -0.000835
    0   -1   12    2    0.067858
    0   -1   13    2   -0.046572
    0   -1   14    2    0.001317
    0   -1   15    2   -0.013080
    0   -1   16    2   -0.021290
    0   -1   17    2   -0.003675
    0   -1   18    2   -0.009085
    0   -1    1    3   -0.215067
    0   -1    2    3   -0.007925
    0   -1    3    3    0.033372
    0   -1    4    3    0.157995
    0   -1    5    3    0.010292
    0   -1    6    3   -0.027922
    0   -1    7    3    0.030328
    0   -1    8    3    0.007113
    0   -1    9    3    0.014220
    0   -1   10    3   -0.069685
    0   -1   11    3   -0.014735
    0   -1   12    3    0.024620
    0   -1   13    3    0.112017
    0   -1   14    3    0.001955
    0   -1   15    3    0.173412
    0   -1   16    3   -0.093302
    0   -1   17    3   -0.016095
    0   -1   18    3   -0.055875
    0   -1    1    4    0.068125
    0   -1    2    4   -0.041715
    0   -1    3    4   -0.059355
    0   -1    4    4   -0.092315
    0   -1    5    4    0.002073
    0   -1    6    4   -0.007545
    0   -1    7    4    0.043232
    0   -1    8    4    0.036565
    0   -1    9    4   -0.002835
    0   -1   10    4    0.021330
    0   -1   11    4    0.230568
    0   -1   12    4   -0.067737
    0   -1   13    4    0.267260
    0   -1   14    4    0.008875
    0   -1   15    4   -0.494208
    0   -1   16    4   -0.024437
    0   -1   17    4   -0.031332
    0   -1   18    4    0.041585
    0   -1    1    5   -0.028268
    0   -1    2    5   -0.009178
    0   -1    3    5   -0.007072
    0   -1    4    5    0.019258
    0   -1    5    5   -0.005055
    0   -1    6    5   -0.007577
    0   -1    7    5   -0.149798
    0   -1    8    5   -0.000962
    0   -1    9    5    0.015755
    0   -1   10    5   -0.186300
    0   -1   11    5   -0.005960
    0   -1   12    5    0.204997
    0   -1   13    5    0.031407
    0   -1   14    5   -0.003375
    0   -1   15    5   -0.004295
    0   -1   16    5   -0.004422
    0   -1   17    5   -0.035922
    0   -1   18    5   -0.019312
    0   -1    1    6    0.045132
    0   -1    2    6   -0.006848
    0   -1    3    6   -0.001310
    0   -1    4    6   -0.024053
    0   -1    5    6   -0.007193
    0   -1    6    6   -0.134250
    0   -1    7    6    0.457382
    0   -1    8    6    0.000883
    0   -1    9    6   -0.009690
    0   -1   10    6   -0.056225
    0   -1   11    6   -0.018065
    0   -1   12    6   -0.054647
    0   -1   13    6    0.107937
    0   -1   14    6   -0.007837
    0   -1   15    6   -0.002683
    0   -1   16    6    0.141105
    0   -1   17    6   -0.014022
    0   -1   18    6    0.011135
    0   -1    1    7   -0.097462
    0   -1    2    7   -0.041005
    0   -1    3    7   -0.007265
    0   -1    4    7    0.043410
    0   -1    5    7   -0.006063
    0   -1    6    7    0.067510
    0   -1    7    7   -0.055240
    0   -1    8    7   -0.025710
    0   -1    9    7    0.030025
    0   -1   10    7    0.019305
    0   -1   11    7   -0.003340
    0   -1   12    7    0.107190
    0   -1   13    7    0.232545
    0   -1   14    7   -0.008000
    0   -1   15    7    0.120482
    0   -1   16    7    0.037382
    0   -1   17    7   -0.041675
    0   -1   18    7   -0.041763
    0   -1    1    8    0.047680
    0   -1    2    8   -0.017555
    0   -1    3    8    0.013440
    0   -1    4    8   -0.047892
    0   -1    5    8   -0.012865
    0   -1    6    8   -0.062317
    0   -1    7    8   -0.018367
    0   -1    8    8   -0.016372
    0   -1    9    8    0.006430
    0   -1   10    8   -0.303855
    0   -1   11    8   -0.164838
    0   -1   12    8    0.212455
    0   -1   13    8   -0.047892
    0   -1   14    8    0.003775
    0   -1   15    8    0.345115
    0   -1   16    8   -0.051070
    0   -1   17    8   -0.011133
    0   -1   18    8   -0.055782
    0   -1    1    9   -0.047857
    0   -1    2    9   -0.005115
    0   -1    3    9    0.058167
    0   -1    4    9    0.047580
    0   -1    5    9   -0.008755
    0   -1    6    9   -0.009487
    0   -1    7    9    0.720650
    0   -1    8    9   -0.005497
    0   -1    9    9    0.010232
    0   -1   10    9    0.067405
    0   -1   11    9    0.009610
    0   -1   12    9   -0.012517
    0   -1   13    9    0.011083
    0   -1   14    9   -0.004942
    0   -1   15    9   -0.112827
    0   -1   16    9    0.038218
    0   -1   17    9   -0.006802
    0   -1   18    9    0.058395
    0   -1    1   10    0.011917
    0   -1    2   10   -0.012922
    0   -1    3   10    0.001435
    0   -1    4   10   -0.013080
    0   -1    5   10    0.002030
    0   -1    6   10    0.030350
    0   -1    7   10    0.089925
    0   -1    8   10    0.004260
    0   -1    9   10    0.004457
    0   -1   10   10   -0.105577
    0   -1   11   10    0.008188
    0   -1   12   10   -0.083435
    0   -1   13   10    0.051038
    0   -1   14   10   -0.001262
    0   -1   15   10    0.109752
    0   -1   16   10   -0.047695
    0   -1   17   10    0.011005
    0   -1   18   10   -0.028607
    0   -1    1   11    0.015438
    0   -1    2   11    0.004865
    0   -1    3   11   -0.000652
    0   -1    4   11   -0.005992
    0   -1    5   11   -0.002492
    0   -1    6   11   -0.036547
    0   -1    7   11    0.038677
    0   -1    8   11   -0.001118
    0   -1    9   11    0.008962
    0   -1   10   11    0.117625
    0   -1   11   11   -0.009295
    0   -1   12   11    0.017730
    0   -1   13   11   -0.007407
    0   -1   14   11   -0.000715
    0   -1   15   11    0.000980
    0   -1   16   11    0.027040
    0   -1   17   11   -0.005183
    0   -1   18   11   -0.006748
    0   -1    1   12   -0.034027
    0   -1    2   12    0.018780
    0   -1    3   12   -0.021910
    0   -1    4   12   -0.029910
    0   -1    5   12   -0.004457
    0   -1    6   12   -0.014267
    0   -1    7   12    1.152993
    0   -1    8   12    0.004172
    0   -1    9   12   -0.013767
    0   -1   10   12    0.049718
    0   -1   11   12   -0.013347
    0   -1   12   12    0.232060
    0   -1   13   12   -0.118343
    0   -1   14   12   -0.000555
    0   -1   15   12   -0.026850
    0   -1   16   12    0.031577
    0   -1   17   12   -0.024745
    0   -1   18   12   -0.007935
    0   -1    1   13    0.117635
    0   -1    2   13   -0.002260
    0   -1    3   13    0.032390
    0   -1    4   13   -0.024025
    0   -1    5   13   -0.002687
    0   -1    6   13   -0.098880
    0   -1    7   13   -0.067315
    0   -1    8   13   -0.003085
    0   -1    9   13    0.003532
    0   -1   10   13    0.207265
    0   -1   11   13   -0.003035
    0   -1   12   13   -0.321352
    0   -1   13   13    0.150035
    0   -1   14   13    0.001633
    0   -1   15   13   -0.056795
    0   -1   16   13    0.075292
    0   -1   17   13    0.034185
    0   -1   18   13    0.080992
    0   -1    1   14   -0.008610
    0   -1    2   14    0.002795
    0   -1    3   14   -0.002445
    0   -1    4   14    0.007087
    0   -1    5   14    0.001285
    0   -1    6   14   -0.004110
    0   -1    7   14   -0.016875
    0   -1    8   14    0.000110
    0   -1    9   14    0.010608
    0   -1   10   14    0.014082
    0   -1   11   14    0.001670
    0   -1   12   14    0.025532
    0   -1   13   14   -0.013798
    0   -1   14   14    0.002475
    0   -1   15   14    0.011347
    0   -1   16   14   -0.014400
    0   -1   17   14   -0.003055
    0   -1   18   14   -0.010355
    0   -1    1   15   -0.011417
    0   -1    2   15   -0.004917
    0   -1    3   15   -0.005612
    0   -1    4   15    0.011817
    0   -1    5   15    0.003405
    0   -1    6   15   -0.008195
    0   -1    7   15    1.295357
    0   -1    8   15    0.000395
    0   -1    9   15    0.010657
    0   -1   10   15   -0.182235
    0   -1   11   15    0.003328
    0   -1   12   15   -0.016172
    0   -1   13   15    0.023365
    0   -1   14   15   -0.000403
    0   -1   15   15   -0.004745
    0   -1   16   15    0.005045
    0   -1   17   15    0.001627
    0   -1   18   15   -0.034805
    0   -1    1   16   -0.076967
    0   -1    2   16   -0.038777
    0   -1    3   16   -0.003405
    0   -1    4   16    0.043568
    0   -1    5   16    0.005413
    0   -1    6   16    0.097325
    0   -1    7   16   -0.113505
    0   -1    8   16    0.001067
    0   -1    9   16   -0.093560
    0   -1   10   16   -1.157407
    0   -1   11   16    0.011637
    0   -1   12   16    0.032017
    0   -1   13   16    0.111228
    0   -1   14   16   -0.006215
    0   -1   15   16    0.084695
    0   -1   16   16   -0.109547
    0   -1   17   16   -0.000770
    0   -1   18   16    0.018528
    0   -1    1   17   -0.088430
    0   -1    2   17   -0.013555
    0   -1    3   17    0.007012
    0   -1    4   17    0.068038
    0   -1    5   17    0.007405
    0   -1    6   17    0.036457
    0   -1    7   17    0.046080
    0   -1    8   17    0.000522
    0   -1    9   17    0.022420
    0   -1   10   17    0.012620
    0   -1   11   17    0.089382
    0   -1   12   17    0.002430
    0   -1   13   17   -0.010102
    0   -1   14   17    0.009005
    0   -1   15   17    0.011170
    0   -1   16   17   -0.023137
    0   -1   17   17   -0.002380
    0   -1   18   17   -0.032000
    0   -1    1   18    0.162070
    0   -1    2   18   -0.052092
    0   -1    3   18   -0.051407
    0   -1    4   18   -0.157415
    0   -1    5   18   -0.007150
    0   -1    6   18    0.060565
    0   -1    7   18    1.827432
    0   -1    8   18    0.018580
    0   -1    9   18   -0.097528
    0   -1   10   18    0.048885
    0   -1   11   18   -0.002283
    0   -1   12   18   -0.072320
    0   -1   13   18    0.191282
    0   -1   14   18   -0.011125
    0   -1   15   18    0.206325
    0   -1   16   18    0.007698
    0   -1   17   18    0.018220
    0   -1   18   18   -0.039030
    1   -1    1    1   -0.020555
    1   -1    2    1    0.021610
    1   -1    3    1   -0.116725
    1   -1    4    1    0.032223
    1   -1    5    1   -0.007883
    1   -1    6    1   -0.167052
    1   -1    7    1    0.226483
    1   -1    8    1   -0.022857
    1   -1    9    1    0.011370
    1   -1   10    1   -0.022413
    1   -1   11    1    0.015642
    1   -1   12    1    0.046932
    1   -1   13    1   -0.367198
    1   -1   14    1    0.004063
    1   -1   15    1   -0.017757
    1   -1   16    1    0.000300
    1   -1   17    1    0.059162
    1   -1   18    1   -0.085203
    1   -1    1    2    0.008245
    1   -1    2    2    0.000712
    1   -1    3    2    0.002095
    1   -1    4    2   -0.009482
    1   -1    5    2   -0.000265
    1   -1    6    2   -0.002325
    1   -1    7    2   -0.029365
    1   -1    8    2    0.000253
    1   -1    9    2   -0.000350
    1   -1   10    2    0.007475
    1   -1   11    2    0.002182
    1   -1   12    2   -0.022025
    1   -1   13    2    0.000877
    1   -1   14    2    0.000687
    1   -1   15    2   -0.006075
    1   -1   16    2   -0.007250
    1   -1   17    2    0.001685
    1   -1   18    2    0.001477
    1   -1    1    3   -0.002245
    1   -1    2    3   -0.005573
    1   -1    3    3   -0.008257
    1   -1    4    3    0.005378
    1   -1    5    3    0.003170
    1   -1    6    3    0.024710
    1   -1    7    3    0.208360
    1   -1    8    3   -0.003708
    1   -1    9    3   -0.019387
    1   -1   10    3    0.052730
    1   -1   11    3   -0.004880
    1   -1   12    3    0.040378
    1   -1   13    3   -0.020045
    1   -1   14    3    0.000705
    1   -1   15    3    0.015490
    1   -1   16    3   -0.022062
    1   -1   17    3   -0.000142
    1   -1   18    3    0.001600
    1   -1    1    4    0.023725
    1   -1    2    4   -0.020820
    1   -1    3    4    0.011687
    1   -1    4    4    0.008190
    1   -1    5    4   -0.006412
    1   -1    6    4   -0.012587
    1   -1    7    4   -0.017180
    1   -1    8    4    0.006063
    1   -1    9    4   -0.024637
    1   -1   10    4    0.053948
    1   -1   11    4   -0.000107
    1   -1   12    4   -0.099235
    1   -1   13    4    0.121207
    1   -1   14    4   -0.005668
    1   -1   15    4    0.009600
    1   -1   16    4    0.029385
    1   -1   17    4    0.001220
    1   -1   18    4    0.050197
    1   -1    1    5   -0.005835
    1   -1    2    5    0.003530
    1   -1    3    5   -0.001175
    1   -1    4    5    0.000330
    1   -1    5    5    0.000163
    1   -1    6    5   -0.000817
    1   -1    7    5   -0.017253
    1   -1    8    5   -0.000628
    1   -1    9    5    0.004845
    1   -1   10    5    0.040422
    1   -1   11    5   -0.000422
    1   -1   12    5    0.005697
    1   -1   13    5   -0.013590
    1   -1   14    5    0.000852
    1   -1   15    5    0.003420
    1   -1   16    5   -0.005005
    1   -1   17    5   -0.001560
    1   -1   18    5   -0.003993
    1   -1    1    6    0.007898
    1   -1    2    6    0.004702
    1   -1    3    6    0.009405
    1   -1    4    6    0.038242
    1   -1    5    6    0.003180
    1   -1    6    6   -0.044250
    1   -1    7    6    0.060042
    1   -1    8    6   -0.002220
    1   -1    9    6   -0.000445
    1   -1   10    6    0.077850
    1   -1   11    6   -0.009895
    1   -1   12    6    0.033875
    1   -1   13    6   -0.003563
    1   -1   14    6    0.002295
    1   -1   15    6    0.010390
    1   -1   16    6    0.006620
    1   -1   17    6   -0.000233
    1   -1   18    6   -0.005862
    1   -1    1    7   -0.075145
    1   -1    2    7    0.006620
    1   -1    3    7   -0.035047
    1   -1    4    7   -0.001922
    1   -1    5    7    0.002575
    1   -1    6    7    0.027490
    1   -1    7    7   -0.026642
    1   -1    8    7   -0.002177
    1   -1    9    7    0.025850
    1   -1   10    7   -0.041200
    1   -1   11    7   -0.002350
    1   -1   12    7    0.102192
    1   -1   13    7   -0.061707
    1   -1   14    7    0.000325
    1   -1   15    7    0.023530
    1   -1   16    7   -0.002698
    1   -1   17    7   -0.009190
    1   -1   18    7   -0.036747
    1   -1    1    8   -0.011200
    1   -1    2    8   -0.001553
    1   -1    3    8   -0.010495
    1   -1    4    8   -0.002140
    1   -1    5    8   -0.001640
    1   -1    6    8    0.006870
    1   -1    7    8   -0.002197
    1   -1    8    8   -0.001398
    1   -1    9    8    0.003552
    1   -1   10    8   -0.227890
    1   -1   11    8    0.002267
    1   -1   12    8    0.070670
    1   -1   13    8   -0.037447
    1   -1   14    8   -0.002090
    1   -1   15    8   -0.003650
    1   -1   16    8    0.018462
    1   -1   17    8   -0.005248
    1   -1   18    8   -0.017687
    1   -1    1    9    0.016213
    1   -1    2    9   -0.002307
    1   -1    3    9   -0.007915
    1   -1    4    9   -0.019295
    1   -1    5    9    0.000667
    1   -1    6    9    0.003188
    1   -1    7    9    0.234912
    1   -1    8    9    0.005010
    1   -1    9    9    0.006627
    1   -1   10    9    0.065275
    1   -1   11    9   -0.001392
    1   -1   12    9   -0.042505
    1   -1   13    9    0.027265
    1   -1   14    9    0.001708
    1   -1   15    9   -0.008480
    1   -1   16    9    0.006685
    1   -1   17    9   -0.005723
    1   -1   18    9    0.003730
    1   -1    1   10    0.014450
    1   -1    2   10    0.000957
    1   -1    3   10   -0.012492
    1   -1    4   10    0.000322
    1   -1    5   10    0.005608
    1   -1    6   10   -0.001708
    1   -1    7   10    0.042790
    1   -1    8   10   -0.001730
    1   -1    9   10   -0.007690
    1   -1   10   10   -0.034345
    1   -1   11   10   -0.000618
    1   -1   12   10    0.034702
    1   -1   13   10   -0.051317
    1   -1   14   10   -0.000005
    1   -1   15   10    0.017680
    1   -1   16   10   -0.039850
    1   -1   17   10    0.005907
    1   -1   18   10   -0.021128
    1   -1    1   11   -0.000900
    1   -1    2   11    0.003407
    1   -1    3   11    0.000152
    1   -1    4   11    0.002533
    1   -1    5   11    0.000662
    1   -1    6   11   -0.010743
    1   -1    7   11   -0.001010
    1   -1    8   11   -0.000360
    1   -1    9   11    0.004047
    1   -1   10   11    0.021315
    1   -1   11   11   -0.001007
    1   -1   12   11   -0.000900
    1   -1   13   11   -0.006270
    1   -1   14   11    0.000980
    1   -1   15   11    0.001370
    1   -1   16   11   -0.001970
    1   -1   17   11    0.000490
    1   -1   18   11   -0.004230
    1   -1    1   12   -0.013630
    1   -1    2   12    0.006028
    1   -1    3   12    0.011477
    1   -1    4   12    0.020035
    1   -1    5   12    0.000248
    1   -1    6   12   -0.033200
    1   -1    7   12    0.018775
    1   -1    8   12   -0.008967
    1   -1    9   12    0.008015
    1   -1   10   12    0.027665
    1   -1   11   12   -0.004747
    1   -1   12   12    0.017492
    1   -1   13   12    0.006172
    1   -1   14   12    0.001695
    1   -1   15   12    0.001200
    1   -1   16   12    0.002110
    1   -1   17   12   -0.000158
    1   -1   18   12   -0.006897
    1   -1    1   13    0.061712
    1   -1    2   13   -0.004255
    1   -1    3   13    0.011685
    1   -1    4   13   -0.004928
    1   -1    5   13    0.000497
    1   -1    6   13   -0.008437
    1   -1    7   13    0.053940
    1   -1    8   13    0.015042
    1   -1    9   13   -0.022060
    1   -1   10   13    0.086337
    1   -1   11   13   -0.002250
    1   -1   12   13   -0.057632
    1   -1   13   13    0.032357
    1   -1   14   13   -0.001130
    1   -1   15   13    0.000842
    1   -1   16   13    0.010287
    1   -1   17   13    0.003578
    1   -1   18   13    0.036288
    1   -1    1   14   -0.003722
    1   -1    2   14    0.001935
    1   -1    3   14   -0.001070
    1   -1    4   14    0.000612
    1   -1    5   14    0.000520
    1   -1    6   14    0.004047
    1   -1    7   14   -0.032205
    1   -1    8   14   -0.000350
    1   -1    9   14    0.001020
    1   -1   10   14   -0.007427
    1   -1   11   14    0.000512
    1   -1   12   14    0.010518
    1   -1   13   14   -0.004085
    1   -1   14   14    0.000313
    1   -1   15   14    0.001733
    1   -1   16   14   -0.008217
    1   -1   17   14   -0.000928
    1   -1   18   14   -0.002107
    1   -1    1   15   -0.005662
    1   -1    2   15    0.000930
    1   -1    3   15    0.000343
    1   -1    4   15    0.005772
    1   -1    5   15    0.000342
    1   -1    6   15   -0.002195
    1   -1    7   15    0.006495
    1   -1    8   15   -0.002090
    1   -1    9   15    0.003640
    1   -1   10   15   -0.008065
    1   -1   11   15   -0.001800
    1   -1   12   15    0.019217
    1   -1   13   15   -0.012987
    1   -1   14   15    0.000302
    1   -1   15   15    0.004830
    1   -1   16   15   -0.001587
    1   -1   17   15   -0.001233
    1   -1   18   15   -0.008483
    1   -1    1   16    0.017075
    1   -1    2   16   -0.014460
    1   -1    3   16   -0.009615
    1   -1    4   16   -0.001172
    1   -1    5   16    0.001903
    1   -1    6   16    0.025580
    1   -1    7   16    0.092885
    1   -1    8   16    0.003080
    1   -1    9   16   -0.019045
    1   -1   10   16   -0.080715
    1   -1   11   16    0.002468
    1   -1   12   16    0.000947
    1   -1   13   16    0.059237
    1   -1   14   16   -0.004155
    1   -1   15   16   -0.009107
    1   -1   16   16   -0.007747
    1   -1   17   16    0.000175
    1   -1   18   16    0.016067
    1   -1    1   17   -0.008525
    1   -1    2   17    0.005385
    1   -1    3   17   -0.002907
    1   -1    4   17    0.002710
    1   -1    5   17    0.000610
    1   -1    6   17    0.007365
    1   -1    7   17   -0.033347
    1   -1    8   17   -0.000572
    1   -1    9   17    0.007807
    1   -1   10   17    0.186938
    1   -1   11   17   -0.003947
    1   -1   12   17    0.012370
    1   -1   13   17   -0.016025
    1   -1   14   17    0.001832
    1   -1   15   17    0.005378
    1   -1   16   17   -0.013887
    1   -1   17   17   -0.000068
    1   -1   18   17   -0.007525
    1   -1    1   18    0.030440
    1   -1    2   18   -0.005457
    1   -1    3   18    0.002097
    1   -1    4   18    0.003802
    1   -1    5   18    0.003582
    1   -1    6   18   -0.017493
    1   -1    7   18   -0.026665
    1   -1    8   18    0.001682
    1   -1    9   18   -0.014125
    1   -1   10   18   -0.186280
    1   -1   11   18    0.005992
    1   -1   12   18    0.014745
    1   -1   13   18   -0.010155
    1   -1   14   18   -0.000865
    1   -1   15   18    0.009728
    1   -1   16   18   -0.036393
    1   -1   17   18    0.006867
    1   -1   18   18   -0.001685
   -1    0    1    1   -0.070322
   -1    0    2    1    0.010715
   -1    0    3    1    0.131593
   -1    0    4    1    0.151968
   -1    0    5    1   -0.022802
   -1    0    6    1    0.047130
   -1    0    7    1   -0.144912
   -1    0    8    1    0.009190
   -1    0    9    1    0.350105
   -1    0   10    1   -0.031602
   -1    0   11    1    0.003647
   -1    0   12    1    0.012820
   -1    0   13    1    0.135572
   -1    0   14    1   -0.050207
   -1    0   15    1   -0.014910
   -1    0   16    1   -0.022220
   -1    0   17    1   -0.155847
   -1    0   18    1   -0.022370
   -1    0    1    2    0.042940
   -1    0    2    2    0.004805
   -1    0    3    2    0.141758
   -1    0    4    2   -0.282510
   -1    0    5    2    0.044725
   -1    0    6    2    0.004975
   -1    0    7    2    0.014002
   -1    0    8    2   -0.075810
   -1    0    9    2    0.262842
   -1    0   10    2   -0.089567
   -1    0   11    2   -0.006058
   -1    0   12    2    0.049662
   -1    0   13    2    0.020070
   -1    0   14    2    0.064980
   -1    0   15    2   -0.005823
   -1    0   16    2   -0.077823
   -1    0   17    2    1.958475
   -1    0   18    2   -0.391263
   -1    0    1    3    0.133703
   -1    0    2    3    0.017927
   -1    0    3    3   -0.340425
   -1    0    4    3   -0.417250
   -1    0    5    3   -0.030397
   -1    0    6    3   -0.053120
   -1    0    7    3   -0.177675
   -1    0    8    3    0.235812
   -1    0    9    3    0.224447
   -1    0   10    3   -0.208155
   -1    0   11    3   -0.005355
   -1    0   12    3    0.040525
   -1    0   13    3    0.082140
   -1    0   14    3   -0.028880
   -1    0   15    3    0.021008
   -1    0   16    3    0.151070
   -1    0   17    3   -0.049797
   -1    0   18    3   -0.093043
   -1    0    1    4    0.075452
   -1    0    2    4   -0.121297
   -1    0    3    4    0.243177
   -1    0    4    4   -0.015697
   -1    0    5    4   -0.001515
   -1    0    6    4    0.201130
   -1    0    7    4    0.037045
   -1    0    8    4   -0.028738
   -1    0    9    4    0.500957
   -1    0   10    4    0.013300
   -1    0   11    4   -0.018367
   -1    0   12    4    0.048580
   -1    0   13    4    0.146040
   -1    0   14    4    0.007580
   -1    0   15    4    0.007210
   -1    0   16    4    0.380920
   -1    0   17    4    0.047445
   -1    0   18    4   -0.236382
   -1    0    1    5    0.003773
   -1    0    2    5   -0.002782
   -1    0    3    5    0.076347
   -1    0    4    5    0.012655
   -1    0    5    5    0.003127
   -1    0    6    5   -0.005660
   -1    0    7    5    0.002012
   -1    0    8    5    0.016172
   -1    0    9    5    0.000775
   -1    0   10    5    0.022835
   -1    0   11    5   -0.003820
   -1    0   12    5    0.014055
   -1    0   13    5    0.017780
   -1    0   14    5   -0.004022
   -1    0   15    5    0.002905
   -1    0   16    5    0.012667
   -1    0   17    5   -0.065775
   -1    0   18    5   -0.093152
   -1    0    1    6    1.172742
   -1    0    2    6    0.127540
   -1    0    3    6   -2.709382
   -1    0    4    6    0.905865
   -1    0    5    6   -0.085560
   -1    0    6    6   -0.262635
   -1    0    7    6   -0.247037
   -1    0    8    6    0.161048
   -1    0    9    6   -0.704457
   -1    0   10    6    0.673760
   -1    0   11    6    0.006237
   -1    0   12    6   -0.128928
   -1    0   13    6   -0.317730
   -1    0   14    6   -0.162100
   -1    0   15    6    0.167295
   -1    0   16    6    0.572172
   -1    0   17    6   -1.002820
   -1    0   18    6    1.276965
   -1    0    1    7   -0.416650
   -1    0    2    7    0.023095
   -1    0    3    7    0.294785
   -1    0    4    7   -0.712045
   -1    0    5    7   -0.050818
   -1    0    6    7   -0.050010
   -1    0    7    7    0.003270
   -1    0    8    7    0.246372
   -1    0    9    7    0.289135
   -1    0   10    7    0.643082
   -1    0   11    7    0.017010
   -1    0   12    7   -0.069555
   -1    0   13    7   -0.071750
   -1    0   14    7    0.082387
   -1    0   15    7    0.030590
   -1    0   16    7   -0.103777
   -1    0   17    7    0.042287
   -1    0   18    7    0.557640
   -1    0    1    8   -0.017445
   -1    0    2    8    0.004312
   -1    0    3    8   -0.007535
   -1    0    4    8    0.031510
   -1    0    5    8   -0.000180
   -1    0    6    8   -0.001913
   -1    0    7    8   -0.029257
   -1    0    8    8   -0.001195
   -1    0    9    8   -0.015755
   -1    0   10    8   -0.031547
   -1    0   11    8   -0.001842
   -1    0   12    8    0.005942
   -1    0   13    8    0.010187
   -1    0   14    8   -0.008550
   -1    0   15    8   -0.000720
   -1    0   16    8   -0.024170
   -1    0   17    8   -0.008485
   -1    0   18    8    0.062215
   -1    0    1    9    0.005270
   -1    0    2    9   -0.006597
   -1    0    3    9    0.054340
   -1    0    4    9    0.122873
   -1    0    5    9    0.027662
   -1    0    6    9   -0.027245
   -1    0    7    9    0.011617
   -1    0    8    9   -0.001538
   -1    0    9    9   -0.120692
   -1    0   10    9   -0.036045
   -1    0   11    9   -0.007785
   -1    0   12    9    0.024788
   -1    0   13    9    0.071590
   -1    0   14    9    0.009267
   -1    0   15    9   -0.003138
   -1    0   16    9   -0.041995
   -1    0   17    9    0.027678
   -1    0   18    9   -0.225293
   -1    0    1   10    0.062332
   -1    0    2   10    0.019668
   -1    0    3   10   -0.051140
   -1    0    4   10   -0.092300
   -1    0    5   10    0.026898
   -1    0    6   10    0.232930
   -1    0    7   10   -0.019105
   -1    0    8   10   -0.031765
   -1    0    9   10    0.205162
   -1    0   10   10   -0.172527
   -1    0   11   10   -0.118080
   -1    0   12   10    0.004175
   -1    0   13   10    0.189582
   -1    0   14   10   -0.723062
   -1    0   15   10   -0.026897
   -1    0   16   10   -0.659390
   -1    0   17   10   -0.404775
   -1    0   18   10   -0.096367
   -1    0    1   11   -0.040975
   -1    0    2   11    0.003847
   -1    0    3   11   -0.016620
   -1    0    4   11   -0.011168
   -1    0    5   11   -0.044397
   -1    0    6   11   -0.070255
   -1    0    7   11    0.002347
   -1    0    8   11    0.095380
   -1    0    9   11    0.020440
   -1    0   10   11    0.078482
   -1    0   11   11   -0.007677
   -1    0   12   11   -0.013132
   -1    0   13   11   -0.027255
   -1    0   14   11   -0.015255
   -1    0   15   11    0.006575
   -1    0   16   11    0.040785
   -1    0   17   11    0.545552
   -1    0   18   11    0.078397
   -1    0    1   12    0.034377
   -1    0    2   12   -0.097292
   -1    0    3   12   -0.023005
   -1    0    4   12   -0.250240
   -1    0    5   12    0.251147
   -1    0    6   12    0.317672
   -1    0    7   12   -0.101903
   -1    0    8   12    0.164615
   -1    0    9   12    0.968275
   -1    0   10   12   -0.885397
   -1    0   11   12   -0.001198
   -1    0   12   12    0.405728
   -1    0   13   12   -0.155637
   -1    0   14   12    0.170262
   -1    0   15   12    0.015088
   -1    0   16   12    0.311615
   -1    0   17   12    0.035240
   -1    0   18   12   -1.516965
   -1    0    1   13    0.003802
   -1    0    2   13   -0.110253
   -1    0    3   13    1.281010
   -1    0    4   13    0.824638
   -1    0    5   13   -0.024008
   -1    0    6   13   -0.015833
   -1    0    7   13    0.165245
   -1    0    8   13    0.653848
   -1    0    9   13    0.416388
   -1    0   10   13   -0.500903
   -1    0   11   13   -0.035095
   -1    0   12   13   -0.013473
   -1    0   13   13    0.387937
   -1    0   14   13   -0.071352
   -1    0   15   13   -0.014055
   -1    0   16   13    0.484272
   -1    0   17   13   -0.565022
   -1    0   18   13    0.846950
   -1    0    1   14    0.002477
   -1    0    2   14    0.001132
   -1    0    3   14    0.057905
   -1    0    4   14   -0.000855
   -1    0    5   14    0.009155
   -1    0    6   14   -0.003305
   -1    0    7   14    0.001457
   -1    0    8   14   -0.006825
   -1    0    9   14    0.054055
   -1    0   10   14    0.003290
   -1    0   11   14   -0.003172
   -1    0   12   14    0.009945
   -1    0   13   14    0.005462
   -1    0   14   14    0.000108
   -1    0   15   14   -0.000458
   -1    0   16   14   -0.005315
   -1    0   17   14    0.037777
   -1    0   18   14   -0.063952
   -1    0    1   15    0.003785
   -1    0    2   15   -0.011895
   -1    0    3   15    0.080165
   -1    0    4   15   -0.305620
   -1    0    5   15    0.057693
   -1    0    6   15   -0.098475
   -1    0    7   15   -0.033592
   -1    0    8   15   -0.142715
   -1    0    9   15   -1.128570
   -1    0   10   15   -0.680620
   -1    0   11   15    0.012488
   -1    0   12   15   -0.050548
   -1    0   13   15    0.099517
   -1    0   14   15    0.011500
   -1    0   15   15   -0.009632
   -1    0   16   15   -0.209340
   -1    0   17   15    0.039320
   -1    0   18   15   -0.616880
   -1    0    1   16    0.033840
   -1    0    2   16   -0.008058
   -1    0    3   16   -0.498250
   -1    0    4   16   -0.208212
   -1    0    5   16   -0.011883
   -1    0    6   16    0.243930
   -1    0    7   16    0.091452
   -1    0    8   16   -0.058122
   -1    0    9   16    0.545237
   -1    0   10   16   -0.297177
   -1    0   11   16    0.063497
   -1    0   12   16   -0.126287
   -1    0   13   16    0.038132
   -1    0   14   16    0.046912
   -1    0   15   16   -0.036642
   -1    0   16   16   -0.191280
   -1    0   17   16    0.057417
   -1    0   18   16    0.439802
   -1    0    1   17   -0.026285
   -1    0    2   17    0.036172
   -1    0    3   17   -0.012785
   -1    0    4   17    0.394412
   -1    0    5   17   -1.185780
   -1    0    6   17    0.006550
   -1    0    7   17    0.076332
   -1    0    8   17    0.883087
   -1    0    9   17   -0.100225
   -1    0   10   17    0.204082
   -1    0   11   17    0.059812
   -1    0   12   17    0.009170
   -1    0   13   17    0.005392
   -1    0   14   17   -2.125542
   -1    0   15   17    0.003245
   -1    0   16   17   -0.011537
   -1    0   17   17   -0.007788
   -1    0   18   17    0.066422
   -1    0    1   18    0.142060
   -1    0    2   18    0.019533
   -1    0    3   18   -0.342095
   -1    0    4   18   -0.205462
   -1    0    5   18   -0.050632
   -1    0    6   18   -0.009303
   -1    0    7   18   -0.112513
   -1    0    8   18    0.043375
   -1    0    9   18   -0.764365
   -1    0   10   18   -0.477038
   -1    0   11   18    0.007698
   -1    0   12   18   -0.026745
   -1    0   13   18   -0.034967
   -1    0   14   18   -0.048223
   -1    0   15   18   -0.029162
   -1    0   16   18    0.024622
   -1    0   17   18   -0.039203
   -1    0   18   18    0.317905
    0    0    1    1   -2.867408
    0    0    2    1   -0.167412
    0    0    3    1   -0.155140
    0    0    4    1    0.752088
    0    0    5    1   -0.092213
    0    0    6    1    0.464948
    0    0    7    1   -0.311503
    0    0    8    1   -0.347152
    0    0    9    1    2.284253
    0    0   10    1    0.210760
    0    0   11    1    0.187393
    0    0   12    1   -0.249947
    0    0   13    1    1.512552
    0    0   14    1   -0.034985
    0    0   15    1    0.065070
    0    0   16    1   -0.065117
    0    0   17    1    0.004055
    0    0   18    1   -0.882190
    0    0    1    2   -0.167412
    0    0    2    2    1.268665
    0    0    3    2    0.017025
    0    0    4    2    0.109942
    0    0    5    2   -0.317800
    0    0    6    2   -2.795843
    0    0    7    2    1.353440
    0    0    8    2    0.048518
    0    0    9    2    0.101165
    0    0   10    2    0.344103
    0    0   11    2    0.882212
    0    0   12    2    0.116380
    0    0   13    2   -1.303950
    0    0   14    2   -0.113743
    0    0   15    2    0.177970
    0    0   16    2   -1.730022
    0    0   17    2   -2.161330
    0    0   18    2    0.006807
    0    0    1    3   -0.155140
    0    0    2    3    0.017025
    0    0    3    3    2.198737
    0    0    4    3    0.157263
    0    0    5    3    0.113647
    0    0    6    3   -0.000415
    0    0    7    3   -1.386962
    0    0    8    3   -0.361857
    0    0    9    3    1.588027
    0    0   10    3   -1.051092
    0    0   11    3   -0.029108
    0    0   12    3    0.577490
    0    0   13    3    0.428480
    0    0   14    3    0.031657
    0    0   15    3    0.564577
    0    0   16    3    2.449822
    0    0   17    3    0.019690
    0    0   18    3    1.692847
    0    0    1    4    0.752088
    0    0    2    4    0.109942
    0    0    3    4    0.157263
    0    0    4    4    2.028323
    0    0    5    4    0.020467
    0    0    6    4    0.024725
    0    0    7    4    0.329277
    0    0    8    4   -0.801135
    0    0    9    4   -2.061900
    0    0   10    4    0.336228
    0    0   11    4   -0.050627
    0    0   12    4   -0.727327
    0    0   13    4   -1.396157
    0    0   14    4   -0.442630
    0    0   15    4    0.187915
    0    0   16    4   -0.621363
    0    0   17    4    0.001385
    0    0   18    4    4.439460
    0    0    1    5   -0.092213
    0    0    2    5   -0.317800
    0    0    3    5    0.113647
    0    0    4    5    0.020467
    0    0    5    5   -0.071525
    0    0    6    5    0.128047
    0    0    7    5    0.775457
    0    0    8    5   -0.043042
    0    0    9    5   -0.058087
    0    0   10    5    0.060530
    0    0   11    5    0.144465
    0    0   12    5    0.037488
    0    0   13    5   -0.183533
    0    0   14    5   -0.273895
    0    0   15    5   -0.142445
    0    0   16    5   -0.652225
    0    0   17    5    1.166125
    0    0   18    5   -0.636027
    0    0    1    6    0.464948
    0    0    2    6   -2.795843
    0    0    3    6   -0.000415
    0    0    4    6    0.024725
    0    0    5    6    0.128047
    0    0    6    6    7.287458
    0    0    7    6   -0.094902
    0    0    8    6   -0.023985
    0    0    9    6    0.082507
    0    0   10    6   -0.141750
    0    0   11    6    1.098555
    0    0   12    6    1.573752
    0    0   13    6    5.452480
    0    0   14    6   -0.077158
    0    0   15    6   -0.951738
    0    0   16    6   -1.621290
    0    0   17    6    0.118482
    0    0   18    6   -0.633655
    0    0    1    7   -0.311503
    0    0    2    7    1.353440
    0    0    3    7   -1.386962
    0    0    4    7    0.329277
    0    0    5    7    0.775457
    0    0    6    7   -0.094902
    0    0    7    7  -10.768058
    0    0    8    7   -0.140147
    0    0    9    7   -0.296220
    0    0   10    7   -1.130042
    0    0   11    7   -0.042342
    0    0   12    7   -0.011725
    0    0   13    7    0.933585
    0    0   14    7    0.085635
    0    0   15    7   -0.039260
    0    0   16    7   -0.318447
    0    0   17    7   -0.394775
    0    0   18    7   -1.032837
    0    0    1    8   -0.347152
    0    0    2    8    0.048518
    0    0    3    8   -0.361857
    0    0    4    8   -0.801135
    0    0    5    8   -0.043042
    0    0    6    8   -0.023985
    0    0    7    8   -0.140147
    0    0    8    8   -0.158682
    0    0    9    8   -0.046125
    0    0   10    8   -0.225610
    0    0   11    8    0.001540
    0    0   12    8    0.045117
    0    0   13    8    0.029912
    0    0   14    8   -0.014530
    0    0   15    8   -0.000367
    0    0   16    8    0.158970
    0    0   17    8   -2.106572
    0    0   18    8    0.148317
    0    0    1    9    2.284253
    0    0    2    9    0.101165
    0    0    3    9    1.588027
    0    0    4    9   -2.061900
    0    0    5    9   -0.058087
    0    0    6    9    0.082507
    0    0    7    9   -0.296220
    0    0    8    9   -0.046125
    0    0    9    9    5.029580
    0    0   10    9    0.608960
    0    0   11    9    0.135300
    0    0   12    9   -0.244312
    0    0   13    9   -1.181395
    0    0   14    9   -0.196155
    0    0   15    9   -0.245110
    0    0   16    9    0.905133
    0    0   17    9    0.202757
    0    0   18    9    0.223540
    0    0    1   10    0.210760
    0    0    2   10    0.344103
    0    0    3   10   -1.051092
    0    0    4   10    0.336228
    0    0    5   10    0.060530
    0    0    6   10   -0.141750
    0    0    7   10   -1.130042
    0    0    8   10   -0.225610
    0    0    9   10    0.608960
    0    0   10   10   14.011097
    0    0   11   10   -0.230945
    0    0   12   10    0.325170
    0    0   13   10   -0.027225
    0    0   14   10    0.165410
    0    0   15   10   -0.711275
    0    0   16   10    1.051632
    0    0   17   10   -0.037890
    0    0   18   10    1.177597
    0    0    1   11    0.187393
    0    0    2   11    0.882212
    0    0    3   11   -0.029108
    0    0    4   11   -0.050627
    0    0    5   11    0.144465
    0    0    6   11    1.098555
    0    0    7   11   -0.042342
    0    0    8   11    0.001540
    0    0    9   11    0.135300
    0    0   10   11   -0.230945
    0    0   11   11    0.904425
    0    0   12   11    0.414865
    0    0   13   11    1.340020
    0    0   14   11    0.086772
    0    0   15   11    0.046715
    0    0   16   11   -1.396452
    0    0   17   11   -0.900875
    0    0   18   11   -0.281917
    0    0    1   12   -0.249947
    0    0    2   12    0.116380
    0    0    3   12    0.577490
    0    0    4   12   -0.727327
    0    0    5   12    0.037488
    0    0    6   12    1.573752
    0    0    7   12   -0.011725
    0    0    8   12    0.045117
    0    0    9   12   -0.244312
    0    0   10   12    0.325170
    0    0   11   12    0.414865
    0    0   12   12   -5.656102
    0    0   13   12   -3.914065
    0    0   14   12    0.026393
    0    0   15   12    1.116965
    0    0   16   12    0.892315
    0    0   17   12    2.312160
    0    0   18   12    1.213232
    0    0    1   13    1.512552
    0    0    2   13   -1.303950
    0    0    3   13    0.428480
    0    0    4   13   -1.396157
    0    0    5   13   -0.183533
    0    0    6   13    5.452480
    0    0    7   13    0.933585
    0    0    8   13    0.029912
    0    0    9   13   -1.181395
    0    0   10   13   -0.027225
    0    0   11   13    1.340020
    0    0   12   13   -3.914065
    0    0   13   13   -5.802085
    0    0   14   13    0.003200
    0    0   15   13    0.023840
    0    0   16   13    0.037142
    0    0   17   13    2.042572
    0    0   18   13    2.125457
    0    0    1   14   -0.034985
    0    0    2   14   -0.113743
    0    0    3   14    0.031657
    0    0    4   14   -0.442630
    0    0    5   14   -0.273895
    0    0    6   14   -0.077158
    0    0    7   14    0.085635
    0    0    8   14   -0.014530
    0    0    9   14   -0.196155
    0    0   10   14    0.165410
    0    0   11   14    0.086772
    0    0   12   14    0.026393
    0    0   13   14    0.003200
    0    0   14   14   -0.173102
    0    0   15   14    0.043787
    0    0   16   14   -0.723530
    0    0   17   14    2.639165
    0    0   18   14   -0.111660
    0    0    1   15    0.065070
    0    0    2   15    0.177970
    0    0    3   15    0.564577
    0    0    4   15    0.187915
    0    0    5   15   -0.142445
    0    0    6   15   -0.951738
    0    0    7   15   -0.039260
    0    0    8   15   -0.000367
    0    0    9   15   -0.245110
    0    0   10   15   -0.711275
    0    0   11   15    0.046715
    0    0   12   15    1.116965
    0    0   13   15    0.023840
    0    0   14   15    0.043787
    0    0   15   15   -0.400080
    0    0   16   15    0.279372
    0    0   17   15   -0.072025
    0    0   18   15   -0.228578
    0    0    1   16   -0.065117
    0    0    2   16   -1.730022
    0    0    3   16    2.449822
    0    0    4   16   -0.621363
    0    0    5   16   -0.652225
    0    0    6   16   -1.621290
    0    0    7   16   -0.318447
    0    0    8   16    0.158970
    0    0    9   16    0.905133
    0    0   10   16    1.051632
    0    0   11   16   -1.396452
    0    0   12   16    0.892315
    0    0   13   16    0.037142
    0    0   14   16   -0.723530
    0    0   15   16    0.279372
    0    0   16   16    9.578540
    0    0   17   16   -0.008835
    0    0   18   16    2.883107
    0    0    1   17    0.004055
    0    0    2   17   -2.161330
    0    0    3   17    0.019690
    0    0    4   17    0.001385
    0    0    5   17    1.166125
    0    0    6   17    0.118482
    0    0    7   17   -0.394775
    0    0    8   17   -2.106572
    0    0    9   17    0.202757
    0    0   10   17   -0.037890
    0    0   11   17   -0.900875
    0    0   12   17    2.312160
    0    0   13   17    2.042572
    0    0   14   17    2.639165
    0    0   15   17   -0.072025
    0    0   16   17   -0.008835
    0    0   17   17   -1.454772
    0    0   18   17   -0.112512
    0    0    1   18   -0.882190
    0    0    2   18    0.006807
    0    0    3   18    1.692847
    0    0    4   18    4.439460
    0    0    5   18   -0.636027
    0    0    6   18   -0.633655
    0    0    7   18   -1.032837
    0    0    8   18    0.148317
    0    0    9   18    0.223540
    0    0   10   18    1.177597
    0    0   11   18   -0.281917
    0    0   12   18    1.213232
    0    0   13   18    2.125457
    0    0   14   18   -0.111660
    0    0   15   18   -0.228578
    0    0   16   18    2.883107
    0    0   17   18   -0.112512
    0    0   18   18   -0.768428
    1    0    1    1   -0.070322
    1    0    2    1    0.042940
    1    0    3    1    0.133703
    1    0    4    1    0.075452
    1    0    5    1    0.003773
    1    0    6    1    1.172742
    1    0    7    1   -0.416650
    1    0    8    1   -0.017445
    1    0    9    1    0.005270
    1    0   10    1    0.062332
    1    0   11    1   -0.040975
    1    0   12    1    0.034377
    1    0   13    1    0.003802
    1    0   14    1    0.002477
    1    0   15    1    0.003785
    1    0   16    1    0.033840
    1    0   17    1   -0.026285
    1    0   18    1    0.142060
    1    0    1    2    0.010715
    1    0    2    2    0.004805
    1    0    3    2    0.017927
    1    0    4    2   -0.121297
    1    0    5    2   -0.002782
    1    0    6    2    0.127540
    1    0    7    2    0.023095
    1    0    8    2    0.004312
    1    0    9    2   -0.006597
    1    0   10    2    0.019668
    1    0   11    2    0.003847
    1    0   12    2   -0.097292
    1    0   13    2   -0.110253
    1    0   14    2    0.001132
    1    0   15    2   -0.011895
    1    0   16    2   -0.008058
    1    0   17    2    0.036172
    1    0   18    2    0.019533
    1    0    1    3    0.131593
    1    0    2    3    0.141758
    1    0    3    3   -0.340425
    1    0    4    3    0.243177
    1    0    5    3    0.076347
    1    0    6    3   -2.709382
    1    0    7    3    0.294785
    1    0    8    3   -0.007535
    1    0    9    3    0.054340
    1    0   10    3   -0.051140
    1    0   11    3   -0.016620
    1    0   12    3   -0.023005
    1    0   13    3    1.281010
    1    0   14    3    0.057905
    1    0   15    3    0.080165
    1    0   16    3   -0.498250
    1    0   17    3   -0.012785
    1    0   18    3   -0.342095
    1    0    1    4    0.151968
    1    0    2    4   -0.282510
    1    0    3    4   -0.417250
    1    0    4    4   -0.015697
    1    0    5    4    0.012655
    1    0    6    4    0.905865
    1    0    7    4   -0.712045
    1    0    8    4    0.031510
    1    0    9    4    0.122873
    1    0   10    4   -0.092300
    1    0   11    4   -0.011168
    1    0   12    4   -0.250240
    1    0   13    4    0.824638
    1    0   14    4   -0.000855
    1    0   15    4   -0.305620
    1    0   16    4   -0.208212
    1    0   17    4    0.394412
    1    0   18    4   -0.205462
    1    0    1    5   -0.022802
    1    0    2    5    0.044725
    1    0    3    5   -0.030397
    1    0    4    5   -0.001515
    1    0    5    5    0.003127
    1    0    6    5   -0.085560
    1    0    7    5   -0.050818
    1    0    8    5   -0.000180
    1    0    9    5    0.027662
    1    0   10    5    0.026898
    1    0   11    5   -0.044397
    1    0   12    5    0.251147
    1    0   13    5   -0.024008
    1    0   14    5    0.009155
    1    0   15    5    0.057693
    1    0   16    5   -0.011883
    1    0   17    5   -1.185780
    1    0   18    5   -0.050632
    1    0    1    6    0.047130
    1    0    2    6    0.004975
    1    0    3    6   -0.053120
    1    0    4    6    0.201130
    1    0    5    6   -0.005660
    1    0    6    6   -0.262635
    1    0    7    6   -0.050010
    1    0    8    6   -0.001913
    1    0    9    6   -0.027245
    1    0   10    6    0.232930
    1    0   11    6   -0.070255
    1    0   12    6    0.317672
    1    0   13    6   -0.015833
    1    0   14    6   -0.003305
    1    0   15    6   -0.098475
    1    0   16    6    0.243930
    1    0   17    6    0.006550
    1    0   18    6   -0.009303
    1    0    1    7   -0.144912
    1    0    2    7    0.014002
    1    0    3    7   -0.177675
    1    0    4    7    0.037045
    1    0    5    7    0.002012
    1    0    6    7   -0.247037
    1    0    7    7    0.003270
    1    0    8    7   -0.029257
    1    0    9    7    0.011617
    1    0   10    7   -0.019105
    1    0   11    7    0.002347
    1    0   12    7   -0.101903
    1    0   13    7    0.165245
    1    0   14    7    0.001457
    1    0   15    7   -0.033592
    1    0   16    7    0.091452
    1    0   17    7    0.076332
    1    0   18    7   -0.112513
    1    0    1    8    0.009190
    1    0    2    8   -0.075810
    1    0    3    8    0.235812
    1    0    4    8   -0.028738
    1    0    5    8    0.016172
    1    0    6    8    0.161048
    1    0    7    8    0.246372
    1    0    8    8   -0.001195
    1    0    9    8   -0.001538
    1    0   10    8   -0.031765
    1    0   11    8    0.095380
    1    0   12    8    0.164615
    1    0   13    8    0.653848
    1    0   14    8   -0.006825
    1    0   15    8   -0.142715
    1    0   16    8   -0.058122
    1    0   17    8    0.883087
    1    0   18    8    0.043375
    1    0    1    9    0.350105
    1    0    2    9    0.262842
    1    0    3    9    0.224447
    1    0    4    9    0.500957
    1    0    5    9    0.000775
    1    0    6    9   -0.704457
    1    0    7    9    0.289135
    1    0    8    9   -0.015755
    1    0    9    9   -0.120692
    1    0   10    9    0.205162
    1    0   11    9    0.020440
    1    0   12    9    0.968275
    1    0   13    9    0.416388
    1    0   14    9    0.054055
    1    0   15    9   -1.128570
    1    0   16    9    0.545237
    1    0   17    9   -0.100225
    1    0   18    9   -0.764365
    1    0    1   10   -0.031602
    1    0    2   10   -0.089567
    1    0    3   10   -0.208155
    1    0    4   10    0.013300
    1    0    5   10    0.022835
    1    0    6   10    0.673760
    1    0    7   10    0.643082
    1    0    8   10   -0.031547
    1    0    9   10   -0.036045
    1    0   10   10   -0.172527
    1    0   11   10    0.078482
    1    0   12   10   -0.885397
    1    0   13   10   -0.500903
    1    0   14   10    0.003290
    1    0   15   10   -0.680620
    1    0   16   10   -0.297177
    1    0   17   10    0.204082
    1    0   18   10   -0.477038
    1    0    1   11    0.003647
    1    0    2   11   -0.006058
    1    0    3   11   -0.005355
    1    0    4   11   -0.018367
    1    0    5   11   -0.003820
    1    0    6   11    0.006237
    1    0    7   11    0.017010
    1    0    8   11   -0.001842
    1    0    9   11   -0.007785
    1    0   10   11   -0.118080
    1    0   11   11   -0.007677
    1    0   12   11   -0.001198
    1    0   13   11   -0.035095
    1    0   14   11   -0.003172
    1    0   15   11    0.012488
    1    0   16   11    0.063497
    1    0   17   11    0.059812
    1    0   18   11    0.007698
    1    0    1   12    0.012820
    1    0    2   12    0.049662
    1    0    3   12    0.040525
    1    0    4   12    0.048580
    1    0    5   12    0.014055
    1    0    6   12   -0.128928
    1    0    7   12   -0.069555
    1    0    8   12    0.005942
    1    0    9   12    0.024788
    1    0   10   12    0.004175
    1    0   11   12   -0.013132
    1    0   12   12    0.405728
    1    0   13   12   -0.013473
    1    0   14   12    0.009945
    1    0   15   12   -0.050548
    1    0   16   12   -0.126287
    1    0   17   12    0.009170
    1    0   18   12   -0.026745
    1    0    1   13    0.135572
    1    0    2   13    0.020070
    1    0    3   13    0.082140
    1    0    4   13    0.146040
    1    0    5   13    0.017780
    1    0    6   13   -0.317730
    1    0    7   13   -0.071750
    1    0    8   13    0.010187
    1    0    9   13    0.071590
    1    0   10   13    0.189582
    1    0   11   13   -0.027255
    1    0   12   13   -0.155637
    1    0   13   13    0.387937
    1    0   14   13    0.005462
    1    0   15   13    0.099517
    1    0   16   13    0.038132
    1    0   17   13    0.005392
    1    0   18   13   -0.034967
    1    0    1   14   -0.050207
    1    0    2   14    0.064980
    1    0    3   14   -0.028880
    1    0    4   14    0.007580
    1    0    5   14   -0.004022
    1    0    6   14   -0.162100
    1    0    7   14    0.082387
    1    0    8   14   -0.008550
    1    0    9   14    0.009267
    1    0   10   14   -0.723062
    1    0   11   14   -0.015255
    1    0   12   14    0.170262
    1    0   13   14   -0.071352
    1    0   14   14    0.000108
    1    0   15   14    0.011500
    1    0   16   14    0.046912
    1    0   17   14   -2.125542
    1    0   18   14   -0.048223
    1    0    1   15   -0.014910
    1    0    2   15   -0.005823
    1    0    3   15    0.021008
    1    0    4   15    0.007210
    1    0    5   15    0.002905
    1    0    6   15    0.167295
    1    0    7   15    0.030590
    1    0    8   15   -0.000720
    1    0    9   15   -0.003138
    1    0   10   15   -0.026897
    1    0   11   15    0.006575
    1    0   12   15    0.015088
    1    0   13   15   -0.014055
    1    0   14   15   -0.000458
    1    0   15   15   -0.009632
    1    0   16   15   -0.036642
    1    0   17   15    0.003245
    1    0   18   15   -0.029162
    1    0    1   16   -0.022220
    1    0    2   16   -0.077823
    1    0    3   16    0.151070
    1    0    4   16    0.380920
    1    0    5   16    0.012667
    1    0    6   16    0.572172
    1    0    7   16   -0.103777
    1    0    8   16   -0.024170
    1    0    9   16   -0.041995
    1    0   10   16   -0.659390
    1    0   11   16    0.040785
    1    0   12   16    0.311615
    1    0   13   16    0.484272
    1    0   14   16   -0.005315
    1    0   15   16   -0.209340
    1    0   16   16   -0.191280
    1    0   17   16   -0.011537
    1    0   18   16    0.024622
    1    0    1   17   -0.155847
    1    0    2   17    1.958475
    1    0    3   17   -0.049797
    1    0    4   17    0.047445
    1    0    5   17   -0.065775
    1    0    6   17   -1.002820
    1    0    7   17    0.042287
    1    0    8   17   -0.008485
    1    0    9   17    0.027678
    1    0   10   17   -0.404775
    1    0   11   17    0.545552
    1    0   12   17    0.035240
    1    0   13   17   -0.565022
    1    0   14   17    0.037777
    1    0   15   17    0.039320
    1    0   16   17    0.057417
    1    0   17   17   -0.007788
    1    0   18   17   -0.039203
    1    0    1   18   -0.022370
    1    0    2   18   -0.391263
    1    0    3   18   -0.093043
    1    0    4   18   -0.236382
    1    0    5   18   -0.093152
    1    0    6   18    1.276965
    1    0    7   18    0.557640
    1    0    8   18    0.062215
    1    0    9   18   -0.225293
    1    0   10   18   -0.096367
    1    0   11   18    0.078397
    1    0   12   18   -1.516965
    1    0   13   18    0.846950
    1    0   14   18   -0.063952
    1    0   15   18   -0.616880
    1    0   16   18    0.439802
    1    0   17   18    0.066422
    1    0   18   18    0.317905
   -1    1    1    1   -0.020555
   -1    1    2    1    0.008245
   -1    1    3    1   -0.002245
   -1    1    4    1    0.023725
   -1    1    5    1   -0.005835
   -1    1    6    1    0.007898
   -1    1    7    1   -0.075145
   -1    1    8    1   -0.011200
   -1    1    9    1    0.016213
   -1    1   10    1    0.014450
   -1    1   11    1   -0.000900
   -1    1   12    1   -0.013630
   -1    1   13    1    0.061712
   -1    1   14    1   -0.003722
   -1    1   15    1   -0.005662
   -1    1   16    1    0.017075
   -1    1   17    1   -0.008525
   -1    1   18    1    0.030440
   -1    1    1    2    0.021610
   -1    1    2    2    0.000712
   -1    1    3    2   -0.005573
   -1    1    4    2   -0.020820
   -1    1    5    2    0.003530
   -1    1    6    2    0.004702
   -1    1    7    2    0.006620
   -1    1    8    2   -0.001553
   -1    1    9    2   -0.002307
   -1    1   10    2    0.000957
   -1    1   11    2    0.003407
   -1    1   12    2    0.006028
   -1    1   13    2   -0.004255
   -1    1   14    2    0.001935
   -1    1   15    2    0.000930
   -1    1   16    2   -0.014460
   -1    1   17    2    0.005385
   -1    1   18    2   -0.005457
   -1    1    1    3   -0.116725
   -1    1    2    3    0.002095
   -1    1    3    3   -0.008257
   -1    1    4    3    0.011687
   -1    1    5    3   -0.001175
   -1    1    6    3    0.009405
   -1    1    7    3   -0.035047
   -1    1    8    3   -0.010495
   -1    1    9    3   -0.007915
   -1    1   10    3   -0.012492
   -1    1   11    3    0.000152
   -1    1   12    3    0.011477
   -1    1   13    3    0.011685
   -1    1   14    3   -0.001070
   -1    1   15    3    0.000343
   -1    1   16    3   -0.009615
   -1    1   17    3   -0.002907
   -1    1   18    3    0.002097
   -1    1    1    4    0.032223
   -1    1    2    4   -0.009482
   -1    1    3    4    0.005378
   -1    1    4    4    0.008190
   -1    1    5    4    0.000330
   -1    1    6    4    0.038242
   -1    1    7    4   -0.001922
   -1    1    8    4   -0.002140
   -1    1    9    4   -0.019295
   -1    1   10    4    0.000322
   -1    1   11    4    0.002533
   -1    1   12    4    0.020035
   -1    1   13    4   -0.004928
   -1    1   14    4    0.000612
   -1    1   15    4    0.005772
   -1    1   16    4   -0.001172
   -1    1   17    4    0.002710
   -1    1   18    4    0.003802
   -1    1    1    5   -0.007883
   -1    1    2    5   -0.000265
   -1    1    3    5    0.003170
   -1    1    4    5   -0.006412
   -1    1    5    5    0.000163
   -1    1    6    5    0.003180
   -1    1    7    5    0.002575
   -1    1    8    5   -0.001640
   -1    1    9    5    0.000667
   -1    1   10    5    0.005608
   -1    1   11    5    0.000662
   -1    1   12    5    0.000248
   -1    1   13    5    0.000497
   -1    1   14    5    0.000520
   -1    1   15    5    0.000342
   -1    1   16    5    0.001903
   -1    1   17    5    0.000610
   -1    1   18    5    0.003582
   -1    1    1    6   -0.167052
   -1    1    2    6   -0.002325
   -1    1    3    6    0.024710
   -1    1    4    6   -0.012587
   -1    1    5    6   -0.000817
   -1    1    6    6   -0.044250
   -1    1    7    6    0.027490
   -1    1    8    6    0.006870
   -1    1    9    6    0.003188
   -1    1   10    6   -0.001708
   -1    1   11    6   -0.010743
   -1    1   12    6   -0.033200
   -1    1   13    6   -0.008437
   -1    1   14    6    0.004047
   -1    1   15    6   -0.002195
   -1    1   16    6    0.025580
   -1    1   17    6    0.007365
   -1    1   18    6   -0.017493
   -1    1    1    7    0.226483
   -1    1    2    7   -0.029365
   -1    1    3    7    0.208360
   -1    1    4    7   -0.017180
   -1    1    5    7   -0.017253
   -1    1    6    7    0.060042
   -1    1    7    7   -0.026642
   -1    1    8    7   -0.002197
   -1    1    9    7    0.234912
   -1    1   10    7    0.042790
   -1    1   11    7   -0.001010
   -1    1   12    7    0.018775
   -1    1   13    7    0.053940
   -1    1   14    7   -0.032205
   -1    1   15    7    0.006495
   -1    1   16    7    0.092885
   -1    1   17    7   -0.033347
   -1    1   18    7   -0.026665
   -1    1    1    8   -0.022857
   -1    1    2    8    0.000253
   -1    1    3    8   -0.003708
   -1    1    4    8    0.006063
   -1    1    5    8   -0.000628
   -1    1    6    8   -0.002220
   -1    1    7    8   -0.002177
   -1    1    8    8   -0.001398
   -1    1    9    8    0.005010
   -1    1   10    8   -0.001730
   -1    1   11    8   -0.000360
   -1    1   12    8   -0.008967
   -1    1   13    8    0.015042
   -1    1   14    8   -0.000350
   -1    1   15    8   -0.002090
   -1    1   16    8    0.003080
   -1    1   17    8   -0.000572
   -1    1   18    8    0.001682
   -1    1    1    9    0.011370
   -1    1    2    9   -0.000350
   -1    1    3    9   -0.019387
   -1    1    4    9   -0.024637
   -1    1    5    9    0.004845
   -1    1    6    9   -0.000445
   -1    1    7    9    0.025850
   -1    1    8    9    0.003552
   -1    1    9    9    0.006627
   -1    1   10    9   -0.007690
   -1    1   11    9    0.004047
   -1    1   12    9    0.008015
   -1    1   13    9   -0.022060
   -1    1   14    9    0.001020
   -1    1   15    9    0.003640
   -1    1   16    9   -0.019045
   -1    1   17    9    0.007807
   -1    1   18    9   -0.014125
   -1    1    1   10   -0.022413
   -1    1    2   10    0.007475
   -1    1    3   10    0.052730
   -1    1    4   10    0.053948
   -1    1    5   10    0.040422
   -1    1    6   10    0.077850
   -1    1    7   10   -0.041200
   -1    1    8   10   -0.227890
   -1    1    9   10    0.065275
   -1    1   10   10   -0.034345
   -1    1   11   10    0.021315
   -1    1   12   10    0.027665
   -1    1   13   10    0.086337
   -1    1   14   10   -0.007427
   -1    1   15   10   -0.008065
   -1    1   16   10   -0.080715
   -1    1   17   10    0.186938
   -1    1   18   10   -0.186280
   -1    1    1   11    0.015642
   -1    1    2   11    0.002182
   -1    1    3   11   -0.004880
   -1    1    4   11   -0.000107
   -1    1    5   11   -0.000422
   -1    1    6   11   -0.009895
   -1    1    7   11   -0.002350
   -1    1    8   11    0.002267
   -1    1    9   11   -0.001392
   -1    1   10   11   -0.000618
   -1    1   11   11   -0.001007
   -1    1   12   11   -0.004747
   -1    1   13   11   -0.002250
   -1    1   14   11    0.000512
   -1    1   15   11   -0.001800
   -1    1   16   11    0.002468
   -1    1   17   11   -0.003947
   -1    1   18   11    0.005992
   -1    1    1   12    0.046932
   -1    1    2   12   -0.022025
   -1    1    3   12    0.040378
   -1    1    4   12   -0.099235
   -1    1    5   12    0.005697
   -1    1    6   12    0.033875
   -1    1    7   12    0.102192
   -1    1    8   12    0.070670
   -1    1    9   12   -0.042505
   -1    1   10   12    0.034702
   -1    1   11   12   -0.000900
   -1    1   12   12    0.017492
   -1    1   13   12   -0.057632
   -1    1   14   12    0.010518
   -1    1   15   12    0.019217
   -1    1   16   12    0.000947
   -1    1   17   12    0.012370
   -1    1   18   12    0.014745
   -1    1    1   13   -0.367198
   -1    1    2   13    0.000877
   -1    1    3   13   -0.020045
   -1    1    4   13    0.121207
   -1    1    5   13   -0.013590
   -1    1    6   13   -0.003563
   -1    1    7   13   -0.061707
   -1    1    8   13   -0.037447
   -1    1    9   13    0.027265
   -1    1   10   13   -0.051317
   -1    1   11   13   -0.006270
   -1    1   12   13    0.006172
   -1    1   13   13    0.032357
   -1    1   14   13   -0.004085
   -1    1   15   13   -0.012987
   -1    1   16   13    0.059237
   -1    1   17   13   -0.016025
   -1    1   18   13   -0.010155
   -1    1    1   14    0.004063
   -1    1    2   14    0.000687
   -1    1    3   14    0.000705
   -1    1    4   14   -0.005668
   -1    1    5   14    0.000852
   -1    1    6   14    0.002295
   -1    1    7   14    0.000325
   -1    1    8   14   -0.002090
   -1    1    9   14    0.001708
   -1    1   10   14   -0.000005
   -1    1   11   14    0.000980
   -1    1   12   14    0.001695
   -1    1   13   14   -0.001130
   -1    1   14   14    0.000313
   -1    1   15   14    0.000302
   -1    1   16   14   -0.004155
   -1    1   17   14    0.001832
   -1    1   18   14   -0.000865
   -1    1    1   15   -0.017757
   -1    1    2   15   -0.006075
   -1    1    3   15    0.015490
   -1    1    4   15    0.009600
   -1    1    5   15    0.003420
   -1    1    6   15    0.010390
   -1    1    7   15    0.023530
   -1    1    8   15   -0.003650
   -1    1    9   15   -0.008480
   -1    1   10   15    0.017680
   -1    1   11   15    0.001370
   -1    1   12   15    0.001200
   -1    1   13   15    0.000842
   -1    1   14   15    0.001733
   -1    1   15   15    0.004830
   -1    1   16   15   -0.009107
   -1    1   17   15    0.005378
   -1    1   18   15    0.009728
   -1    1    1   16    0.000300
   -1    1    2   16   -0.007250
   -1    1    3   16   -0.022062
   -1    1    4   16    0.029385
   -1    1    5   16   -0.005005
   -1    1    6   16    0.006620
   -1    1    7   16   -0.002698
   -1    1    8   16    0.018462
   -1    1    9   16    0.006685
   -1    1   10   16   -0.039850
   -1    1   11   16   -0.001970
   -1    1   12   16    0.002110
   -1    1   13   16    0.010287
   -1    1   14   16   -0.008217
   -1    1   15   16   -0.001587
   -1    1   16   16   -0.007747
   -1    1   17   16   -0.013887
   -1    1   18   16   -0.036393
   -1    1    1   17    0.059162
   -1    1    2   17    0.001685
   -1    1    3   17   -0.000142
   -1    1    4   17    0.001220
   -1    1    5   17   -0.001560
   -1    1    6   17   -0.000233
   -1    1    7   17   -0.009190
   -1    1    8   17   -0.005248
   -1    1    9   17   -0.005723
   -1    1   10   17    0.005907
   -1    1   11   17    0.000490
   -1    1   12   17   -0.000158
   -1    1   13   17    0.003578
   -1    1   14   17   -0.000928
   -1    1   15   17   -0.001233
   -1    1   16   17    0.000175
   -1    1   17   17   -0.000068
   -1    1   18   17    0.006867
   -1    1    1   18   -0.085203
   -1    1    2   18    0.001477
   -1    1    3   18    0.001600
   -1    1    4   18    0.050197
   -1    1    5   18   -0.003993
   -1    1    6   18   -0.005862
   -1    1    7   18   -0.036747
   -1    1    8   18   -0.017687
   -1    1    9   18    0.003730
   -1    1   10   18   -0.021128
   -1    1   11   18   -0.004230
   -1    1   12   18   -0.006897
   -1    1   13   18    0.036288
   -1    1   14   18   -0.002107
   -1    1   15   18   -0.008483
   -1    1   16   18    0.016067
   -1    1   17   18   -0.007525
   -1    1   18   18   -0.001685
    0    1    1    1   -0.140130
    0    1    2    1    0.015690
    0    1    3    1   -0.215067
    0    1    4    1    0.068125
    0    1    5    1   -0.028268
    0    1    6    1    0.045132
    0    1    7    1   -0.097462
    0    1    8    1    0.047680
    0    1    9    1   -0.047857
    0    1   10    1    0.011917
    0    1   11    1    0.015438
    0    1   12    1   -0.034027
    0    1   13    1    0.117635
    0    1   14    1   -0.008610
    0    1   15    1   -0.011417
    0    1   16    1   -0.076967
    0    1   17    1   -0.088430
    0    1   18    1    0.162070
    0    1    1    2   -0.183245
    0    1    2    2    0.006925
    0    1    3    2   -0.007925
    0    1    4    2   -0.041715
    0    1    5    2   -0.009178
    0    1    6    2   -0.006848
    0    1    7    2   -0.041005
    0    1    8    2   -0.017555
    0    1    9    2   -0.005115
    0    1   10    2   -0.012922
    0    1   11    2    0.004865
    0    1   12    2    0.018780
    0    1   13    2   -0.002260
    0    1   14    2    0.002795
    0    1   15    2   -0.004917
    0    1   16    2   -0.038777
    0    1   17    2   -0.013555
    0    1   18    2   -0.052092
    0    1    1    3   -0.565773
    0    1    2    3    0.005067
    0    1    3    3    0.033372
    0    1    4    3   -0.059355
    0    1    5    3   -0.007072
    0    1    6    3   -0.001310
    0    1    7    3   -0.007265
    0    1    8    3    0.013440
    0    1    9    3    0.058167
    0    1   10    3    0.001435
    0    1   11    3   -0.000652
    0    1   12    3   -0.021910
    0    1   13    3    0.032390
    0    1   14    3   -0.002445
    0    1   15    3   -0.005612
    0    1   16    3   -0.003405
    0    1   17    3    0.007012
    0    1   18    3   -0.051407
    0    1    1    4    0.365777
    0    1    2    4   -0.007345
    0    1    3    4    0.157995
    0    1    4    4   -0.092315
    0    1    5    4    0.019258
    0    1    6    4   -0.024053
    0    1    7    4    0.043410
    0    1    8    4   -0.047892
    0    1    9    4    0.047580
    0    1   10    4   -0.013080
    0    1   11    4   -0.005992
    0    1   12    4   -0.029910
    0    1   13    4   -0.024025
    0    1   14    4    0.007087
    0    1   15    4    0.011817
    0    1   16    4    0.043568
    0    1   17    4    0.068038
    0    1   18    4   -0.157415
    0    1    1    5    0.232160
    0    1    2    5    0.000657
    0    1    3    5    0.010292
    0    1    4    5    0.002073
    0    1    5    5   -0.005055
    0    1    6    5   -0.007193
    0    1    7    5   -0.006063
    0    1    8    5   -0.012865
    0    1    9    5   -0.008755
    0    1   10    5    0.002030
    0    1   11    5   -0.002492
    0    1   12    5   -0.004457
    0    1   13    5   -0.002687
    0    1   14    5    0.001285
    0    1   15    5    0.003405
    0    1   16    5    0.005413
    0    1   17    5    0.007405
    0    1   18    5   -0.007150
    0    1    1    6    0.430905
    0    1    2    6    0.016790
    0    1    3    6   -0.027922
    0    1    4    6   -0.007545
    0    1    5    6   -0.007577
    0    1    6    6   -0.134250
    0    1    7    6    0.067510
    0    1    8    6   -0.062317
    0    1    9    6   -0.009487
    0    1   10    6    0.030350
    0    1   11    6   -0.036547
    0    1   12    6   -0.014267
    0    1   13    6   -0.098880
    0    1   14    6   -0.004110
    0    1   15    6   -0.008195
    0    1   16    6    0.097325
    0    1   17    6    0.036457
    0    1   18    6    0.060565
    0    1    1    7    0.352887
    0    1    2    7   -0.047235
    0    1    3    7    0.030328
    0    1    4    7    0.043232
    0    1    5    7   -0.149798
    0    1    6    7    0.457382
    0    1    7    7   -0.055240
    0    1    8    7   -0.018367
    0    1    9    7    0.720650
    0    1   10    7    0.089925
    0    1   11    7    0.038677
    0    1   12    7    1.152993
    0    1   13    7   -0.067315
    0    1   14    7   -0.016875
    0    1   15    7    1.295357
    0    1   16    7   -0.113505
    0    1   17    7    0.046080
    0    1   18    7    1.827432
    0    1    1    8   -0.194477
    0    1    2    8    0.003750
    0    1    3    8    0.007113
    0    1    4    8    0.036565
    0    1    5    8   -0.000962
    0    1    6    8    0.000883
    0    1    7    8   -0.025710
    0    1    8    8   -0.016372
    0    1    9    8   -0.005497
    0    1   10    8    0.004260
    0    1   11    8   -0.001118
    0    1   12    8    0.004172
    0    1   13    8   -0.003085
    0    1   14    8    0.000110
    0    1   15    8    0.000395
    0    1   16    8    0.001067
    0    1   17    8    0.000522
    0    1   18    8    0.018580
    0    1    1    9   -0.224025
    0    1    2    9    0.013147
    0    1    3    9    0.014220
    0    1    4    9   -0.002835
    0    1    5    9    0.015755
    0    1    6    9   -0.009690
    0    1    7    9    0.030025
    0    1    8    9    0.006430
    0    1    9    9    0.010232
    0    1   10    9    0.004457
    0    1   11    9    0.008962
    0    1   12    9   -0.013767
    0    1   13    9    0.003532
    0    1   14    9    0.010608
    0    1   15    9    0.010657
    0    1   16    9   -0.093560
    0    1   17    9    0.022420
    0    1   18    9   -0.097528
    0    1    1   10   -0.945082
    0    1    2   10    0.081235
    0    1    3   10   -0.069685
    0    1    4   10    0.021330
    0    1    5   10   -0.186300
    0    1    6   10   -0.056225
    0    1    7   10    0.019305
    0    1    8   10   -0.303855
    0    1    9   10    0.067405
    0    1   10   10   -0.105577
    0    1   11   10    0.117625
    0    1   12   10    0.049718
    0    1   13   10    0.207265
    0    1   14   10    0.014082
    0    1   15   10   -0.182235
    0    1   16   10   -1.157407
    0    1   17   10    0.012620
    0    1   18   10    0.048885
    0    1    1   11   -0.011425
    0    1    2   11   -0.000835
    0    1    3   11   -0.014735
    0    1    4   11    0.230568
    0    1    5   11   -0.005960
    0    1    6   11   -0.018065
    0    1    7   11   -0.003340
    0    1    8   11   -0.164838
    0    1    9   11    0.009610
    0    1   10   11    0.008188
    0    1   11   11   -0.009295
    0    1   12   11   -0.013347
    0    1   13   11   -0.003035
    0    1   14   11    0.001670
    0    1   15   11    0.003328
    0    1   16   11    0.011637
    0    1   17   11    0.089382
    0    1   18   11   -0.002283
    0    1    1   12    0.331375
    0    1    2   12    0.067858
    0    1    3   12    0.024620
    0    1    4   12   -0.067737
    0    1    5   12    0.204997
    0    1    6   12   -0.054647
    0    1    7   12    0.107190
    0    1    8   12    0.212455
    0    1    9   12   -0.012517
    0    1   10   12   -0.083435
    0    1   11   12    0.017730
    0    1   12   12    0.232060
    0    1   13   12   -0.321352
    0    1   14   12    0.025532
    0    1   15   12   -0.016172
    0    1   16   12    0.032017
    0    1   17   12    0.002430
    0    1   18   12   -0.072320
    0    1    1   13   -0.774367
    0    1    2   13   -0.046572
    0    1    3   13    0.112017
    0    1    4   13    0.267260
    0    1    5   13    0.031407
    0    1    6   13    0.107937
    0    1    7   13    0.232545
    0    1    8   13   -0.047892
    0    1    9   13    0.011083
    0    1   10   13    0.051038
    0    1   11   13   -0.007407
    0    1   12   13   -0.118343
    0    1   13   13    0.150035
    0    1   14   13   -0.013798
    0    1   15   13    0.023365
    0    1   16   13    0.111228
    0    1   17   13   -0.010102
    0    1   18   13    0.191282
    0    1    1   14    0.031012
    0    1    2   14    0.001317
    0    1    3   14    0.001955
    0    1    4   14    0.008875
    0    1    5   14   -0.003375
    0    1    6   14   -0.007837
    0    1    7   14   -0.008000
    0    1    8   14    0.003775
    0    1    9   14   -0.004942
    0    1   10   14   -0.001262
    0    1   11   14   -0.000715
    0    1   12   14   -0.000555
    0    1   13   14    0.001633
    0    1   14   14    0.002475
    0    1   15   14   -0.000403
    0    1   16   14   -0.006215
    0    1   17   14    0.009005
    0    1   18   14   -0.011125
    0    1    1   15    0.089993
    0    1    2   15   -0.013080
    0    1    3   15    0.173412
    0    1    4   15   -0.494208
    0    1    5   15   -0.004295
    0    1    6   15   -0.002683
    0    1    7   15    0.120482
    0    1    8   15    0.345115
    0    1    9   15   -0.112827
    0    1   10   15    0.109752
    0    1   11   15    0.000980
    0    1   12   15   -0.026850
    0    1   13   15   -0.056795
    0    1   14   15    0.011347
    0    1   15   15   -0.004745
    0    1   16   15    0.084695
    0    1   17   15    0.011170
    0    1   18   15    0.206325
    0    1    1   16   -1.663965
    0    1    2   16   -0.021290
    0    1    3   16   -0.093302
    0    1    4   16   -0.024437
    0    1    5   16   -0.004422
    0    1    6   16    0.141105
    0    1    7   16    0.037382
    0    1    8   16   -0.051070
    0    1    9   16    0.038218
    0    1   10   16   -0.047695
    0    1   11   16    0.027040
    0    1   12   16    0.031577
    0    1   13   16    0.075292
    0    1   14   16   -0.014400
    0    1   15   16    0.005045
    0    1   16   16   -0.109547
    0    1   17   16   -0.023137
    0    1   18   16    0.007698
    0    1    1   17    0.148152
    0    1    2   17   -0.003675
    0    1    3   17   -0.016095
    0    1    4   17   -0.031332
    0    1    5   17   -0.035922
    0    1    6   17   -0.014022
    0    1    7   17   -0.041675
    0    1    8   17   -0.011133
    0    1    9   17   -0.006802
    0    1   10   17    0.011005
    0    1   11   17   -0.005183
    0    1   12   17   -0.024745
    0    1   13   17    0.034185
    0    1   14   17   -0.003055
    0    1   15   17    0.001627
    0    1   16   17   -0.000770
    0    1   17   17   -0.002380
    0    1   18   17    0.018220
    0    1    1   18   -1.442167
    0    1    2   18   -0.009085
    0    1    3   18   -0.055875
    0    1    4   18    0.041585
    0    1    5   18   -0.019312
    0    1    6   18    0.011135
    0    1    7   18   -0.041763
    0    1    8   18   -0.055782
    0    1    9   18    0.058395
    0    1   10   18   -0.028607
    0    1   11   18   -0.006748
    0    1   12   18   -0.007935
    0    1   13   18    0.080992
    0    1   14   18   -0.010355
    0    1   15   18   -0.034805
    0    1   16   18    0.018528
    0    1   17   18   -0.032000
    0    1   18   18   -0.039030
    1    1    1    1    0.014545
    1    1    2    1   -0.120435
    1    1    3    1    0.034630
    1    1    4    1    0.092705
    1    1    5    1   -0.023285
    1    1    6    1    0.417663
    1    1    7    1   -0.097430
    1    1    8    1   -0.009885
    1    1    9    1   -0.073887
    1    1   10    1   -0.061417
    1    1   11    1    0.019272
    1    1   12    1   -1.542492
    1    1   13    1    0.364270
    1    1   14    1   -0.018445
    1    1   15    1    0.079392
    1    1   16    1    0.091725
    1    1   17    1   -0.014255
    1    1   18    1    0.106542
    1    1    1    2   -0.002932
    1    1    2    2   -0.005090
    1    1    3    2    0.009907
    1    1    4    2    0.014292
    1    1    5    2    0.000197
    1    1    6    2    0.028052
    1    1    7    2   -0.019460
    1    1    8    2    0.002097
    1    1    9    2    0.007825
    1    1   10    2   -0.000552
    1    1   11    2    0.002655
    1    1   12    2    0.139390
    1    1   13    2   -0.001033
    1    1   14    2    0.000423
    1    1   15    2   -0.033052
    1    1   16    2   -0.023925
    1    1   17    2    0.012850
    1    1   18    2   -0.029717
    1    1    1    3    0.084703
    1    1    2    3    0.006800
    1    1    3    3   -0.038425
    1    1    4    3    0.005148
    1    1    5    3    0.010515
    1    1    6    3   -0.054675
    1    1    7    3    0.010502
    1    1    8    3    0.015742
    1    1    9    3    0.008507
    1    1   10    3   -0.001290
    1    1   11    3    0.005460
    1    1   12    3    0.107065
    1    1   13    3    0.086540
    1    1   14    3   -0.000113
    1    1   15    3   -0.062595
    1    1   16    3   -0.090865
    1    1   17    3   -0.006592
    1    1   18    3   -0.014740
    1    1    1    4   -0.524338
    1    1    2    4    0.112507
    1    1    3    4   -0.111205
    1    1    4    4   -0.025470
    1    1    5    4    0.029417
    1    1    6    4   -0.480355
    1    1    7    4    0.068087
    1    1    8    4   -0.030808
    1    1    9    4    0.047187
    1    1   10    4    0.034055
    1    1   11    4   -0.021135
    1    1   12    4    0.732005
    1    1   13    4   -0.139685
    1    1   14    4    0.019410
    1    1   15    4   -0.543087
    1    1   16    4   -0.112740
    1    1   17    4    0.008810
    1    1   18    4   -0.146572
    1    1    1    5   -0.045942
    1    1    2    5    0.007190
    1    1    3    5   -0.007933
    1    1    4    5    0.008527
    1    1    5    5   -0.002010
    1    1    6    5   -0.047653
    1    1    7    5   -0.009298
    1    1    8    5   -0.004788
    1    1    9    5    0.011482
    1    1   10    5    0.001055
    1    1   11    5   -0.001285
    1    1   12    5    0.052415
    1    1   13    5   -0.010115
    1    1   14    5    0.002155
    1    1   15    5   -0.018762
    1    1   16    5   -0.003380
    1    1   17    5   -0.000338
    1    1   18    5   -0.029375
    1    1    1    6    0.003510
    1    1    2    6    0.031967
    1    1    3    6   -0.024105
    1    1    4    6   -0.037533
    1    1    5    6   -0.008575
    1    1    6    6   -0.223692
    1    1    7    6    0.035527
    1    1    8    6   -0.002448
    1    1    9    6   -0.002518
    1    1   10    6    0.044635
    1    1   11    6   -0.029087
    1    1   12    6   -0.267730
    1    1   13    6   -0.147785
    1    1   14    6   -0.000200
    1    1   15    6    0.056710
    1    1   16    6    0.125043
    1    1   17    6    0.004210
    1    1   18    6    0.015705
    1    1    1    7   -0.157760
    1    1    2    7    0.083170
    1    1    3    7    0.003448
    1    1    4    7    0.011452
    1    1    5    7    0.009042
    1    1    6    7   -0.222850
    1    1    7    7   -0.055785
    1    1    8    7   -0.029070
    1    1    9    7    0.014423
    1    1   10    7    0.028902
    1    1   11    7   -0.021207
    1    1   12    7   -0.055990
    1    1   13    7   -0.226800
    1    1   14    7    0.013187
    1    1   15    7    0.601180
    1    1   16    7    0.041517
    1    1   17    7   -0.013100
    1    1   18    7    0.047612
    1    1    1    8    0.320850
    1    1    2    8    0.005420
    1    1    3    8    0.057723
    1    1    4    8   -0.021010
    1    1    5    8   -0.006877
    1    1    6    8    0.021767
    1    1    7    8   -0.021832
    1    1    8    8    0.003210
    1    1    9    8    0.004948
    1    1   10    8    0.016442
    1    1   11    8   -0.004343
    1    1   12    8    0.011042
    1    1   13    8   -0.034748
    1    1   14    8   -0.000838
    1    1   15    8    0.008757
    1    1   16    8    0.038572
    1    1   17    8   -0.002118
    1    1   18    8    0.023790
    1    1    1    9    1.245532
    1    1    2    9    0.045597
    1    1    3    9   -0.085220
    1    1    4    9   -0.086257
    1    1    5    9    0.048560
    1    1    6    9   -0.125793
    1    1    7    9   -0.041605
    1    1    8    9    0.070432
    1    1    9    9    0.015338
    1    1   10    9   -0.051645
    1    1   11    9    0.034677
    1    1   12    9    0.077505
    1    1   13    9    0.147360
    1    1   14    9    0.013835
    1    1   15    9   -0.153297
    1    1   16    9   -0.393130
    1    1   17    9    0.002850
    1    1   18    9   -0.068693
    1    1    1   10   -1.756350
    1    1    2   10   -0.057027
    1    1    3   10    0.295803
    1    1    4   10   -0.131747
    1    1    5   10   -0.058518
    1    1    6   10    0.298860
    1    1    7   10    0.128897
    1    1    8   10    0.070333
    1    1    9   10    0.010615
    1    1   10   10   -0.034592
    1    1   11   10    0.015190
    1    1   12   10    0.170455
    1    1   13   10    0.081403
    1    1   14   10   -0.006857
    1    1   15   10    0.214718
    1    1   16   10    0.125700
    1    1   17   10   -0.011455
    1    1   18   10    0.148635
    1    1    1   11   -0.017773
    1    1    2   11    0.011332
    1    1    3   11    0.005760
    1    1    4   11    0.019400
    1    1    5   11    0.000242
    1    1    6   11   -0.018877
    1    1    7   11    0.047032
    1    1    8   11    0.002338
    1    1    9   11    0.002782
    1    1   10   11    0.003268
    1    1   11   11   -0.015742
    1    1   12   11   -0.169060
    1    1   13   11    0.001848
    1    1   14   11   -0.000017
    1    1   15   11    0.062920
    1    1   16   11    0.036138
    1    1   17   11   -0.058927
    1    1   18   11    0.004587
    1    1    1   12   -0.047310
    1    1    2   12    0.038722
    1    1    3   12   -0.080572
    1    1    4   12   -0.066490
    1    1    5   12    0.006452
    1    1    6   12   -0.197017
    1    1    7   12    0.066017
    1    1    8   12    0.013627
    1    1    9   12   -0.017755
    1    1   10   12   -0.035660
    1    1   11   12   -0.018220
    1    1   12   12    0.137742
    1    1   13   12   -0.286157
    1    1   14   12    0.006207
    1    1   15   12    0.070942
    1    1   16   12   -0.035172
    1    1   17   12   -0.002825
    1    1   18   12   -0.049020
    1    1    1   13    0.153207
    1    1    2   13   -0.002967
    1    1    3   13    0.056450
    1    1    4   13    0.021467
    1    1    5   13   -0.006393
    1    1    6   13    0.184892
    1    1    7   13    0.035890
    1    1    8   13   -0.014967
    1    1    9   13   -0.004437
    1    1   10   13    0.052255
    1    1   11   13   -0.015295
    1    1   12   13   -0.731985
    1    1   13   13    0.114050
    1    1   14   13   -0.000440
    1    1   15   13    0.220692
    1    1   16   13    0.066685
    1    1   17   13   -0.009277
    1    1   18   13    0.119537
    1    1    1   14    0.014173
    1    1    2   14    0.003955
    1    1    3   14   -0.002853
    1    1    4   14    0.005998
    1    1    5   14   -0.001588
    1    1    6   14   -0.049748
    1    1    7   14    0.059230
    1    1    8   14    0.001195
    1    1    9   14    0.012057
    1    1   10   14    0.005952
    1    1   11   14   -0.014798
    1    1   12   14    0.072438
    1    1   13   14   -0.014493
    1    1   14   14   -0.002205
    1    1   15   14   -0.001682
    1    1   16   14    0.057737
    1    1   17   14   -0.014122
    1    1   18   14   -0.016915
    1    1    1   15   -0.011580
    1    1    2   15    0.018262
    1    1    3   15   -0.054242
    1    1    4   15   -0.026918
    1    1    5   15   -0.001043
    1    1    6   15   -0.336792
    1    1    7   15    0.025828
    1    1    8   15    0.009757
    1    1    9   15    0.007078
    1    1   10   15   -0.012347
    1    1   11   15    0.010805
    1    1   12   15   -0.032395
    1    1   13   15   -0.094858
    1    1   14   15   -0.000130
    1    1   15   15    0.000563
    1    1   16   15    0.056483
    1    1   17   15   -0.001572
    1    1   18   15   -0.019172
    1    1    1   16    0.743030
    1    1    2   16   -0.056165
    1    1    3   16    0.008567
    1    1    4   16   -0.108485
    1    1    5   16    0.011522
    1    1    6   16    0.375095
    1    1    7   16    0.102538
    1    1    8   16    0.034882
    1    1    9   16   -0.085530
    1    1   10   16   -0.067053
    1    1   11   16    0.039877
    1    1   12   16   -0.159492
    1    1   13   16    0.091057
    1    1   14   16   -0.009542
    1    1   15   16    0.013625
    1    1   16   16   -0.141105
    1    1   17   16   -0.000183
    1    1   18   16    0.110217
    1    1    1   17   -0.009480
    1    1    2   17   -0.006490
    1    1    3   17    0.003533
    1    1    4   17    0.009015
    1    1    5   17   -0.000967
    1    1    6   17   -0.021742
    1    1    7   17   -0.010535
    1    1    8   17   -0.006897
    1    1    9   17    0.006135
    1    1   10   17    0.001583
    1    1   11   17   -0.000725
    1    1   12   17   -0.031582
    1    1   13   17    0.021585
    1    1   14   17   -0.000140
    1    1   15   17    0.002912
    1    1   16   17    0.027052
    1    1   17   17   -0.000532
    1    1   18   17   -0.017300
    1    1    1   18   -0.026872
    1    1    2   18   -0.035437
    1    1    3   18    0.028012
    1    1    4   18   -0.007043
    1    1    5   18   -0.020735
    1    1    6   18    0.352980
    1    1    7   18   -0.007173
    1    1    8   18   -0.010667
    1    1    9   18   -0.046085
    1    1   10   18    0.023467
    1    1   11   18   -0.015822
    1    1   12   18   -0.116655
    1    1   13   18    0.059705
    1    1   14   18   -0.016765
    1    1   15   18    0.080850
    1    1   16   18    0.072515
    1    1   17   18   -0.015652
    1    1   18   18    0.164662
