 ir1  ir2   m    n          ReH 
   -1   -1    1    1   -0.093925
   -1   -1    2    1   -0.006627
   -1   -1    3    1    0.040167
   -1   -1    4    1    0.024450
   -1   -1    5    1    0.012190
   -1   -1    6    1    0.032965
   -1   -1    7    1   -0.099602
   -1   -1    8    1   -0.005815
   -1   -1    9    1   -0.020617
   -1   -1   10    1    0.076857
   -1   -1   11    1   -0.006887
   -1   -1   12    1   -0.019370
   -1   -1   13    1   -0.008142
   -1   -1   14    1    0.007598
   -1   -1   15    1    0.089257
   -1   -1   16    1   -0.039315
   -1   -1   17    1    0.005988
   -1   -1   18    1    0.057090
   -1   -1    1    2    0.040307
   -1   -1    2    2   -0.020060
   -1   -1    3    2    0.068822
   -1   -1    4    2   -0.042487
   -1   -1    5    2    0.006415
   -1   -1    6    2    0.048305
   -1   -1    7    2    0.000720
   -1   -1    8    2   -0.009897
   -1   -1    9    2    0.020945
   -1   -1   10    2    0.019683
   -1   -1   11    2   -0.033777
   -1   -1   12    2   -0.037685
   -1   -1   13    2   -0.004520
   -1   -1   14    2   -0.073362
   -1   -1   15    2    0.033118
   -1   -1   16    2    0.011145
   -1   -1   17    2   -0.001297
   -1   -1   18    2   -0.053535
   -1   -1    1    3    0.024920
   -1   -1    2    3    0.012455
   -1   -1    3    3   -0.059480
   -1   -1    4    3   -0.030970
   -1   -1    5    3    0.010617
   -1   -1    6    3   -0.031550
   -1   -1    7    3    0.024900
   -1   -1    8    3    0.019987
   -1   -1    9    3    0.045200
   -1   -1   10    3   -0.014700
   -1   -1   11    3    0.002432
   -1   -1   12    3    0.021020
   -1   -1   13    3    0.002672
   -1   -1   14    3    0.025535
   -1   -1   15    3   -0.194758
   -1   -1   16    3   -0.004082
   -1   -1   17    3    0.014485
   -1   -1   18    3   -0.010552
   -1   -1    1    4    0.025827
   -1   -1    2    4    0.016753
   -1   -1    3    4    0.100020
   -1   -1    4    4   -0.276877
   -1   -1    5    4   -0.001133
   -1   -1    6    4   -0.001897
   -1   -1    7    4   -0.016145
   -1   -1    8    4    0.015822
   -1   -1    9    4   -0.005220
   -1   -1   10    4   -0.250732
   -1   -1   11    4   -0.033892
   -1   -1   12    4    0.035565
   -1   -1   13    4   -0.067532
   -1   -1   14    4   -0.014003
   -1   -1   15    4   -0.003722
   -1   -1   16    4    0.038823
   -1   -1   17    4   -0.049105
   -1   -1   18    4   -0.000773
   -1   -1    1    5    0.014070
   -1   -1    2    5   -0.000230
   -1   -1    3    5   -0.034822
   -1   -1    4    5   -0.041855
   -1   -1    5    5    0.008188
   -1   -1    6    5    0.001947
   -1   -1    7    5   -0.004953
   -1   -1    8    5   -0.006543
   -1   -1    9    5    0.002257
   -1   -1   10    5   -0.003093
   -1   -1   11    5    0.003302
   -1   -1   12    5    0.019525
   -1   -1   13    5   -0.004100
   -1   -1   14    5   -0.004873
   -1   -1   15    5   -0.009735
   -1   -1   16    5   -0.020152
   -1   -1   17    5    0.074110
   -1   -1   18    5   -0.009665
   -1   -1    1    6   -0.068650
   -1   -1    2    6    0.072682
   -1   -1    3    6   -0.475275
   -1   -1    4    6    0.999177
   -1   -1    5    6    0.039502
   -1   -1    6    6   -0.095855
   -1   -1    7    6    0.044475
   -1   -1    8    6    0.007117
   -1   -1    9    6   -0.132785
   -1   -1   10    6    0.066370
   -1   -1   11    6   -0.083538
   -1   -1   12    6   -0.324093
   -1   -1   13    6   -0.030127
   -1   -1   14    6    0.006172
   -1   -1   15    6   -0.127767
   -1   -1   16    6    0.910582
   -1   -1   17    6    0.062405
   -1   -1   18    6    0.019900
   -1   -1    1    7   -0.080488
   -1   -1    2    7   -0.000845
   -1   -1    3    7    0.019318
   -1   -1    4    7    0.120145
   -1   -1    5    7   -0.006098
   -1   -1    6    7    0.018922
   -1   -1    7    7    0.137882
   -1   -1    8    7   -0.020645
   -1   -1    9    7   -0.060065
   -1   -1   10    7   -0.053890
   -1   -1   11    7    0.022942
   -1   -1   12    7   -0.072670
   -1   -1   13    7   -0.003997
   -1   -1   14    7    0.012432
   -1   -1   15    7   -0.034605
   -1   -1   16    7    0.157640
   -1   -1   17    7    0.020868
   -1   -1   18    7   -0.016540
   -1   -1    1    8   -0.010472
   -1   -1    2    8    0.000058
   -1   -1    3    8   -0.016035
   -1   -1    4    8    0.001190
   -1   -1    5    8    0.004175
   -1   -1    6    8   -0.000592
   -1   -1    7    8   -0.008037
   -1   -1    8    8   -0.010120
   -1   -1    9    8   -0.008885
   -1   -1   10    8    0.001305
   -1   -1   11    8   -0.000828
   -1   -1   12    8   -0.001988
   -1   -1   13    8    0.001632
   -1   -1   14    8   -0.004018
   -1   -1   15    8    0.013425
   -1   -1   16    8    0.003787
   -1   -1   17    8    0.042245
   -1   -1   18    8    0.004858
   -1   -1    1    9   -0.055977
   -1   -1    2    9    0.023057
   -1   -1    3    9    0.077495
   -1   -1    4    9    0.114715
   -1   -1    5    9   -0.009022
   -1   -1    6    9   -0.035842
   -1   -1    7    9   -0.037772
   -1   -1    8    9    0.001142
   -1   -1    9    9   -0.094447
   -1   -1   10    9   -0.043655
   -1   -1   11    9   -0.004382
   -1   -1   12    9    0.009912
   -1   -1   13    9    0.054367
   -1   -1   14    9    0.038497
   -1   -1   15    9    0.042142
   -1   -1   16    9   -0.056588
   -1   -1   17    9   -0.142717
   -1   -1   18    9    0.011145
   -1   -1    1   10    0.047225
   -1   -1    2   10   -0.015365
   -1   -1    3   10    0.113080
   -1   -1    4   10   -0.111090
   -1   -1    5   10   -0.003757
   -1   -1    6   10   -0.029115
   -1   -1    7   10   -0.089825
   -1   -1    8   10   -0.001330
   -1   -1    9   10    0.088982
   -1   -1   10   10    0.117792
   -1   -1   11   10   -0.028745
   -1   -1   12   10    0.015970
   -1   -1   13   10    0.043610
   -1   -1   14   10   -0.023477
   -1   -1   15   10    0.038670
   -1   -1   16   10   -0.070200
   -1   -1   17   10   -0.017372
   -1   -1   18   10   -0.021585
   -1   -1    1   11    0.004635
   -1   -1    2   11    0.000102
   -1   -1    3   11   -0.025640
   -1   -1    4   11    0.003042
   -1   -1    5   11   -0.002315
   -1   -1    6   11   -0.002255
   -1   -1    7   11   -0.001497
   -1   -1    8   11    0.001920
   -1   -1    9   11    0.010190
   -1   -1   10   11    0.002953
   -1   -1   11   11    0.001975
   -1   -1   12   11    0.005380
   -1   -1   13   11   -0.001498
   -1   -1   14   11    0.013565
   -1   -1   15   11    0.001145
   -1   -1   16   11    0.003540
   -1   -1   17   11    0.011645
   -1   -1   18   11    0.010825
   -1   -1    1   12    0.039545
   -1   -1    2   12   -0.054400
   -1   -1    3   12    0.036937
   -1   -1    4   12   -0.039007
   -1   -1    5   12   -0.011512
   -1   -1    6   12    0.093900
   -1   -1    7   12   -0.008955
   -1   -1    8   12   -0.018075
   -1   -1    9   12    0.087828
   -1   -1   10   12    0.018633
   -1   -1   11   12   -0.031223
   -1   -1   12   12   -0.233052
   -1   -1   13   12    0.029975
   -1   -1   14   12   -0.044885
   -1   -1   15   12    0.019205
   -1   -1   16   12    0.034867
   -1   -1   17   12   -0.018582
   -1   -1   18   12   -0.008750
   -1   -1    1   13   -0.016943
   -1   -1    2   13   -0.014953
   -1   -1    3   13   -0.025063
   -1   -1    4   13    0.071395
   -1   -1    5   13    0.005260
   -1   -1    6   13    0.029762
   -1   -1    7   13    0.011752
   -1   -1    8   13    0.019775
   -1   -1    9   13    0.116363
   -1   -1   10   13   -0.209317
   -1   -1   11   13    0.039695
   -1   -1   12   13   -0.106495
   -1   -1   13   13    0.104222
   -1   -1   14   13    0.033328
   -1   -1   15   13    0.084295
   -1   -1   16   13    0.109965
   -1   -1   17   13   -0.026630
   -1   -1   18   13   -0.117367
   -1   -1    1   14    0.015575
   -1   -1    2   14   -0.001210
   -1   -1    3   14    0.019340
   -1   -1    4   14    0.016765
   -1   -1    5   14    0.000355
   -1   -1    6   14   -0.000207
   -1   -1    7   14    0.002605
   -1   -1    8   14    0.001090
   -1   -1    9   14    0.006313
   -1   -1   10   14    0.000630
   -1   -1   11   14   -0.001517
   -1   -1   12   14   -0.004202
   -1   -1   13   14    0.001383
   -1   -1   14   14   -0.007243
   -1   -1   15   14   -0.000702
   -1   -1   16   14   -0.003205
   -1   -1   17   14   -0.018372
   -1   -1   18   14   -0.040967
   -1   -1    1   15    0.013395
   -1   -1    2   15    0.015580
   -1   -1    3   15    0.011593
   -1   -1    4   15   -0.003965
   -1   -1    5   15    0.000807
   -1   -1    6   15    0.008505
   -1   -1    7   15    0.037468
   -1   -1    8   15   -0.001897
   -1   -1    9   15   -0.071075
   -1   -1   10   15    0.047475
   -1   -1   11   15    0.018683
   -1   -1   12   15    0.006495
   -1   -1   13   15   -0.039375
   -1   -1   14   15    0.008680
   -1   -1   15   15   -0.083125
   -1   -1   16   15    0.010845
   -1   -1   17   15    0.007635
   -1   -1   18   15    0.033092
   -1   -1    1   16    0.086742
   -1   -1    2   16   -0.043612
   -1   -1    3   16   -0.035022
   -1   -1    4   16    0.052092
   -1   -1    5   16   -0.012397
   -1   -1    6   16   -0.008225
   -1   -1    7   16   -0.017762
   -1   -1    8   16    0.005010
   -1   -1    9   16    0.233290
   -1   -1   10   16   -0.065125
   -1   -1   11   16   -0.008068
   -1   -1   12   16   -0.065750
   -1   -1   13   16    0.027443
   -1   -1   14   16   -0.004187
   -1   -1   15   16   -0.051150
   -1   -1   16   16    0.045505
   -1   -1   17   16   -0.004525
   -1   -1   18   16   -0.052930
   -1   -1    1   17    0.008837
   -1   -1    2   17   -0.002887
   -1   -1    3   17    0.025227
   -1   -1    4   17   -0.005947
   -1   -1    5   17   -0.001865
   -1   -1    6   17    0.010705
   -1   -1    7   17    0.002147
   -1   -1    8   17   -0.004347
   -1   -1    9   17   -0.003325
   -1   -1   10   17   -0.010605
   -1   -1   11   17   -0.000955
   -1   -1   12   17   -0.007610
   -1   -1   13   17    0.003700
   -1   -1   14   17   -0.007302
   -1   -1   15   17   -0.000490
   -1   -1   16   17    0.005585
   -1   -1   17   17   -0.003345
   -1   -1   18   17    0.004340
   -1   -1    1   18   -0.023053
   -1   -1    2   18   -0.009463
   -1   -1    3   18    0.055637
   -1   -1    4   18   -0.165552
   -1   -1    5   18   -0.005510
   -1   -1    6   18    0.016460
   -1   -1    7   18    0.018637
   -1   -1    8   18   -0.017135
   -1   -1    9   18   -0.002482
   -1   -1   10   18    0.005927
   -1   -1   11   18   -0.024447
   -1   -1   12   18   -0.004697
   -1   -1   13   18   -0.002890
   -1   -1   14   18   -0.059582
   -1   -1   15   18   -0.006380
   -1   -1   16   18    0.024860
   -1   -1   17   18    0.026407
   -1   -1   18   18    0.132480
    0   -1    1    1    0.035135
    0   -1    2    1    0.060940
    0   -1    3    1   -0.024655
    0   -1    4    1    0.053477
    0   -1    5    1    0.009160
    0   -1    6    1    0.010857
    0   -1    7    1    0.154545
    0   -1    8    1    0.010790
    0   -1    9    1   -0.192128
    0   -1   10    1   -0.314587
    0   -1   11    1    0.018847
    0   -1   12    1    0.147120
    0   -1   13    1   -0.140977
    0   -1   14    1    0.005602
    0   -1   15    1   -0.137842
    0   -1   16    1    0.117735
    0   -1   17    1   -0.004967
    0   -1   18    1   -0.037632
    0   -1    1    2    0.002553
    0   -1    2    2    0.014350
    0   -1    3    2    0.011623
    0   -1    4    2    0.005680
    0   -1    5    2    0.000272
    0   -1    6    2   -0.012682
    0   -1    7    2   -0.010405
    0   -1    8    2    0.001522
    0   -1    9    2    0.006375
    0   -1   10    2    1.715945
    0   -1   11    2   -0.043458
    0   -1   12    2   -0.008578
    0   -1   13    2   -0.114280
    0   -1   14    2    0.009570
    0   -1   15    2   -0.006477
    0   -1   16    2   -0.000593
    0   -1   17    2   -0.004507
    0   -1   18    2   -0.009705
    0   -1    1    3    0.177022
    0   -1    2    3    0.013300
    0   -1    3    3   -0.189570
    0   -1    4    3    0.264290
    0   -1    5    3   -0.000700
    0   -1    6    3   -0.049885
    0   -1    7    3   -0.164060
    0   -1    8    3    0.010165
    0   -1    9    3    0.132250
    0   -1   10    3    0.016910
    0   -1   11    3   -0.018462
    0   -1   12    3    0.082102
    0   -1   13    3    0.031195
    0   -1   14    3    0.018523
    0   -1   15    3   -0.098760
    0   -1   16    3   -0.225250
    0   -1   17    3    0.023223
    0   -1   18    3    0.034333
    0   -1    1    4   -0.052178
    0   -1    2    4   -0.074795
    0   -1    3    4   -0.086675
    0   -1    4    4   -0.099018
    0   -1    5    4   -0.008462
    0   -1    6    4   -0.062973
    0   -1    7    4   -0.391827
    0   -1    8    4    0.007410
    0   -1    9    4    0.476525
    0   -1   10    4    0.065080
    0   -1   11    4   -0.110280
    0   -1   12    4    0.262200
    0   -1   13    4    0.274435
    0   -1   14    4    0.009047
    0   -1   15    4    0.481862
    0   -1   16    4   -0.215950
    0   -1   17    4    0.016495
    0   -1   18    4    0.004890
    0   -1    1    5   -0.003178
    0   -1    2    5    0.027537
    0   -1    3    5    0.015107
    0   -1    4    5   -0.008822
    0   -1    5    5    0.004307
    0   -1    6    5   -0.082240
    0   -1    7    5   -0.009392
    0   -1    8    5    0.000052
    0   -1    9    5   -0.049853
    0   -1   10    5   -0.138107
    0   -1   11    5   -0.009930
    0   -1   12    5   -0.149753
    0   -1   13    5   -0.096887
    0   -1   14    5    0.017820
    0   -1   15    5    0.001102
    0   -1   16    5   -0.030855
    0   -1   17    5   -0.002700
    0   -1   18    5    0.009770
    0   -1    1    6    0.059803
    0   -1    2    6    0.002172
    0   -1    3    6   -0.033752
    0   -1    4    6    0.176700
    0   -1    5    6    0.000095
    0   -1    6    6   -0.095448
    0   -1    7    6   -0.016632
    0   -1    8    6    0.001778
    0   -1    9    6    0.048142
    0   -1   10    6    0.203042
    0   -1   11    6   -0.021427
    0   -1   12    6   -0.083602
    0   -1   13    6    0.113032
    0   -1   14    6    0.004792
    0   -1   15    6    0.047190
    0   -1   16    6    0.044852
    0   -1   17    6    0.012182
    0   -1   18    6    0.004967
    0   -1    1    7   -0.063772
    0   -1    2    7    0.013800
    0   -1    3    7   -0.010000
    0   -1    4    7    0.162983
    0   -1    5    7    0.012905
    0   -1    6    7   -0.025048
    0   -1    7    7    0.095195
    0   -1    8    7   -0.003522
    0   -1    9    7   -0.224123
    0   -1   10    7   -0.379620
    0   -1   11    7    0.051227
    0   -1   12    7   -0.415650
    0   -1   13    7   -0.040935
    0   -1   14    7   -0.009222
    0   -1   15    7   -0.183110
    0   -1   16    7    0.237680
    0   -1   17    7    0.003762
    0   -1   18    7    0.026407
    0   -1    1    8   -0.015643
    0   -1    2    8   -0.009873
    0   -1    3    8   -0.062810
    0   -1    4    8    0.068980
    0   -1    5    8    0.031362
    0   -1    6    8   -0.035255
    0   -1    7    8    0.013812
    0   -1    8    8    0.000735
    0   -1    9    8   -0.122027
    0   -1   10    8   -0.101257
    0   -1   11    8    0.143217
    0   -1   12    8   -0.231142
    0   -1   13    8    0.066822
    0   -1   14    8   -0.034037
    0   -1   15    8   -0.029300
    0   -1   16    8    0.140115
    0   -1   17    8    0.017800
    0   -1   18    8   -0.058187
    0   -1    1    9   -0.153112
    0   -1    2    9   -0.130933
    0   -1    3    9    0.011692
    0   -1    4    9   -0.063003
    0   -1    5    9    0.001313
    0   -1    6    9    0.070523
    0   -1    7    9    0.040420
    0   -1    8    9    0.001100
    0   -1    9    9   -0.114962
    0   -1   10    9    0.740697
    0   -1   11    9    0.202687
    0   -1   12    9   -0.117005
    0   -1   13    9    0.755875
    0   -1   14    9   -0.020282
    0   -1   15    9   -0.047633
    0   -1   16    9   -0.014447
    0   -1   17    9    0.009633
    0   -1   18    9   -0.000122
    0   -1    1   10   -0.072317
    0   -1    2   10   -0.015322
    0   -1    3   10    0.007057
    0   -1    4   10    0.003467
    0   -1    5   10    0.002200
    0   -1    6   10   -0.053780
    0   -1    7   10   -0.157825
    0   -1    8   10   -0.000638
    0   -1    9   10    0.126575
    0   -1   10   10    0.126855
    0   -1   11   10   -0.028470
    0   -1   12   10    0.054255
    0   -1   13   10   -0.054517
    0   -1   14   10    0.007360
    0   -1   15   10    0.044035
    0   -1   16   10   -0.044710
    0   -1   17   10   -0.004095
    0   -1   18   10   -0.000043
    0   -1    1   11    0.000630
    0   -1    2   11    0.004363
    0   -1    3   11    0.000833
    0   -1    4   11    0.005897
    0   -1    5   11   -0.000145
    0   -1    6   11   -0.009487
    0   -1    7   11    0.000575
    0   -1    8   11    0.000820
    0   -1    9   11   -0.001210
    0   -1   10   11   -0.341150
    0   -1   11   11   -0.007567
    0   -1   12   11   -0.015752
    0   -1   13   11   -0.008887
    0   -1   14   11    0.005535
    0   -1   15   11    0.000802
    0   -1   16   11    0.006030
    0   -1   17   11   -0.000392
    0   -1   18   11   -0.001312
    0   -1    1   12   -0.042553
    0   -1    2   12   -0.003632
    0   -1    3   12    0.011860
    0   -1    4   12   -0.000202
    0   -1    5   12    0.002237
    0   -1    6   12    0.005513
    0   -1    7   12    0.001750
    0   -1    8   12    0.000712
    0   -1    9   12   -0.039360
    0   -1   10   12   -0.071133
    0   -1   11   12    0.003415
    0   -1   12   12   -0.175630
    0   -1   13   12   -0.056692
    0   -1   14   12    0.000832
    0   -1   15   12   -0.028830
    0   -1   16   12    0.055645
    0   -1   17   12   -0.003340
    0   -1   18   12    0.011602
    0   -1    1   13   -0.018065
    0   -1    2   13   -0.000195
    0   -1    3   13    0.000313
    0   -1    4   13   -0.033542
    0   -1    5   13   -0.006408
    0   -1    6   13   -0.004278
    0   -1    7   13   -0.001302
    0   -1    8   13    0.006783
    0   -1    9   13    0.026003
    0   -1   10   13   -0.071950
    0   -1   11   13   -0.015323
    0   -1   12   13    0.028280
    0   -1   13   13    0.094672
    0   -1   14   13    0.004795
    0   -1   15   13   -0.031622
    0   -1   16   13    0.020985
    0   -1   17   13   -0.001823
    0   -1   18   13   -0.012955
    0   -1    1   14   -0.012272
    0   -1    2   14   -0.006885
    0   -1    3   14    0.018170
    0   -1    4   14    0.014975
    0   -1    5   14   -0.001187
    0   -1    6   14    0.006177
    0   -1    7   14    0.012010
    0   -1    8   14    0.000332
    0   -1    9   14   -0.003307
    0   -1   10   14    0.136345
    0   -1   11   14   -0.000658
    0   -1   12   14   -0.025760
    0   -1   13   14    0.044332
    0   -1   14   14   -0.001010
    0   -1   15   14   -0.016210
    0   -1   16   14    0.007100
    0   -1   17   14   -0.003965
    0   -1   18   14   -0.012505
    0   -1    1   15    0.031345
    0   -1    2   15    0.013805
    0   -1    3   15    0.000510
    0   -1    4   15   -0.013622
    0   -1    5   15   -0.003445
    0   -1    6   15    0.013750
    0   -1    7   15   -0.005490
    0   -1    8   15    0.000543
    0   -1    9   15    0.008312
    0   -1   10   15   -0.160613
    0   -1   11   15   -0.006653
    0   -1   12   15    0.058017
    0   -1   13   15   -0.056635
    0   -1   14   15   -0.000990
    0   -1   15   15   -0.042520
    0   -1   16   15   -0.060030
    0   -1   17   15    0.001432
    0   -1   18   15    0.000300
    0   -1    1   16   -0.075375
    0   -1    2   16   -0.000845
    0   -1    3   16   -0.007922
    0   -1    4   16    0.034387
    0   -1    5   16   -0.003595
    0   -1    6   16   -0.022455
    0   -1    7   16    0.021517
    0   -1    8   16   -0.001812
    0   -1    9   16    0.018240
    0   -1   10   16   -0.287375
    0   -1   11   16    0.007147
    0   -1   12   16   -0.020037
    0   -1   13   16   -0.077913
    0   -1   14   16    0.000460
    0   -1   15   16   -0.037200
    0   -1   16   16    0.066990
    0   -1   17   16   -0.001922
    0   -1   18   16    0.027165
    0   -1    1   17   -0.028175
    0   -1    2   17   -0.007187
    0   -1    3   17    0.071660
    0   -1    4   17    0.032942
    0   -1    5   17   -0.008575
    0   -1    6   17    0.012005
    0   -1    7   17   -0.004087
    0   -1    8   17   -0.003472
    0   -1    9   17   -0.006985
    0   -1   10   17   -0.003632
    0   -1   11   17    0.019027
    0   -1   12   17    0.014823
    0   -1   13   17   -0.006932
    0   -1   14   17    0.024155
    0   -1   15   17    0.001373
    0   -1   16   17    0.005043
    0   -1   17   17    0.006375
    0   -1   18   17    0.066010
    0   -1    1   18    0.049427
    0   -1    2   18   -0.095212
    0   -1    3   18    0.017717
    0   -1    4   18   -0.105030
    0   -1    5   18    0.000245
    0   -1    6   18    0.029940
    0   -1    7   18   -0.334330
    0   -1    8   18   -0.016440
    0   -1    9   18    0.653845
    0   -1   10   18    1.125527
    0   -1   11   18    0.018235
    0   -1   12   18   -0.069282
    0   -1   13   18   -0.028510
    0   -1   14   18   -0.077442
    0   -1   15   18    0.060732
    0   -1   16   18   -0.200237
    0   -1   17   18   -0.011895
    0   -1   18   18    0.088995
    1   -1    1    1   -0.003878
    1   -1    2    1   -0.000962
    1   -1    3    1    0.002655
    1   -1    4    1   -0.003905
    1   -1    5    1   -0.006242
    1   -1    6    1   -0.014457
    1   -1    7    1    0.006340
    1   -1    8    1   -0.000305
    1   -1    9    1    0.041655
    1   -1   10    1    0.027207
    1   -1   11    1    0.000977
    1   -1   12    1    0.146558
    1   -1   13    1   -0.007492
    1   -1   14    1   -0.002615
    1   -1   15    1   -0.013798
    1   -1   16    1   -0.031552
    1   -1   17    1   -0.002605
    1   -1   18    1   -0.012977
    1   -1    1    2   -0.007367
    1   -1    2    2    0.001370
    1   -1    3    2   -0.000815
    1   -1    4    2   -0.001052
    1   -1    5    2    0.000092
    1   -1    6    2   -0.008915
    1   -1    7    2    0.001427
    1   -1    8    2    0.000258
    1   -1    9    2   -0.003640
    1   -1   10    2   -0.015088
    1   -1   11    2   -0.000010
    1   -1   12    2    0.009385
    1   -1   13    2    0.008567
    1   -1   14    2    0.001488
    1   -1   15    2    0.000660
    1   -1   16    2   -0.008942
    1   -1   17    2   -0.000842
    1   -1   18    2   -0.004015
    1   -1    1    3    0.024915
    1   -1    2    3    0.000388
    1   -1    3    3    0.000800
    1   -1    4    3    0.015163
    1   -1    5    3   -0.000402
    1   -1    6    3   -0.050447
    1   -1    7    3    0.015955
    1   -1    8    3   -0.000505
    1   -1    9    3    0.005642
    1   -1   10    3   -0.137432
    1   -1   11    3    0.002195
    1   -1   12    3    0.012793
    1   -1   13    3    0.027473
    1   -1   14    3   -0.001710
    1   -1   15    3    0.002492
    1   -1   16    3   -0.005785
    1   -1   17    3   -0.000608
    1   -1   18    3   -0.000720
    1   -1    1    4   -0.000712
    1   -1    2    4    0.014068
    1   -1    3    4    0.015282
    1   -1    4    4    0.022695
    1   -1    5    4    0.002880
    1   -1    6    4   -0.037705
    1   -1    7    4   -0.026132
    1   -1    8    4   -0.003995
    1   -1    9    4   -0.027580
    1   -1   10    4    0.052517
    1   -1   11    4    0.001292
    1   -1   12    4    0.026265
    1   -1   13    4   -0.054707
    1   -1   14    4   -0.000032
    1   -1   15    4    0.007667
    1   -1   16    4   -0.016025
    1   -1   17    4   -0.001515
    1   -1   18    4   -0.003547
    1   -1    1    5   -0.002182
    1   -1    2    5   -0.000500
    1   -1    3    5   -0.000277
    1   -1    4    5    0.008587
    1   -1    5    5    0.000060
    1   -1    6    5   -0.006002
    1   -1    7    5    0.002155
    1   -1    8    5   -0.000313
    1   -1    9    5    0.001782
    1   -1   10    5   -0.227825
    1   -1   11    5    0.000940
    1   -1   12    5   -0.001642
    1   -1   13    5    0.008285
    1   -1   14    5   -0.000240
    1   -1   15    5   -0.000018
    1   -1   16    5    0.001905
    1   -1   17    5   -0.000210
    1   -1   18    5   -0.000295
    1   -1    1    6    0.020920
    1   -1    2    6   -0.005758
    1   -1    3    6    0.005745
    1   -1    4    6    0.007117
    1   -1    5    6    0.001285
    1   -1    6    6    0.022095
    1   -1    7    6   -0.002427
    1   -1    8    6    0.000177
    1   -1    9    6    0.006155
    1   -1   10    6   -0.024145
    1   -1   11    6    0.000942
    1   -1   12    6   -0.013102
    1   -1   13    6   -0.001170
    1   -1   14    6   -0.002130
    1   -1   15    6   -0.000368
    1   -1   16    6    0.015605
    1   -1   17    6    0.000772
    1   -1   18    6    0.000355
    1   -1    1    7    0.029575
    1   -1    2    7    0.004835
    1   -1    3    7   -0.015450
    1   -1    4    7   -0.013592
    1   -1    5    7    0.002185
    1   -1    6    7   -0.008315
    1   -1    7    7   -0.025090
    1   -1    8    7    0.002085
    1   -1    9    7    0.009325
    1   -1   10    7    0.151985
    1   -1   11    7   -0.001903
    1   -1   12    7    0.032127
    1   -1   13    7   -0.042022
    1   -1   14    7    0.002622
    1   -1   15    7    0.000635
    1   -1   16    7   -0.025465
    1   -1   17    7    0.002162
    1   -1   18    7    0.003328
    1   -1    1    8   -0.004853
    1   -1    2    8    0.002237
    1   -1    3    8   -0.000445
    1   -1    4    8    0.032145
    1   -1    5    8    0.002240
    1   -1    6    8   -0.012365
    1   -1    7    8   -0.005933
    1   -1    8    8    0.000602
    1   -1    9    8   -0.003077
    1   -1   10    8    0.991005
    1   -1   11    8   -0.009808
    1   -1   12    8   -0.051365
    1   -1   13    8   -0.010200
    1   -1   14    8    0.003135
    1   -1   15    8   -0.001730
    1   -1   16    8    0.016632
    1   -1   17    8    0.000760
    1   -1   18    8   -0.002390
    1   -1    1    9   -0.022912
    1   -1    2    9    0.000560
    1   -1    3    9   -0.004383
    1   -1    4    9   -0.025100
    1   -1    5    9    0.000000
    1   -1    6    9    0.023647
    1   -1    7    9    0.009045
    1   -1    8    9    0.000023
    1   -1    9    9    0.004365
    1   -1   10    9   -0.260455
    1   -1   11    9    0.001507
    1   -1   12    9   -0.023920
    1   -1   13    9   -0.067685
    1   -1   14    9   -0.002952
    1   -1   15    9   -0.012580
    1   -1   16    9    0.034048
    1   -1   17    9    0.005422
    1   -1   18    9    0.024277
    1   -1    1   10   -0.028677
    1   -1    2   10   -0.008805
    1   -1    3   10   -0.010100
    1   -1    4   10    0.003307
    1   -1    5   10   -0.002213
    1   -1    6   10    0.032495
    1   -1    7   10    0.032720
    1   -1    8   10   -0.000635
    1   -1    9   10    0.006352
    1   -1   10   10   -0.038595
    1   -1   11   10    0.000245
    1   -1   12   10   -0.018798
    1   -1   13   10   -0.069697
    1   -1   14   10    0.000995
    1   -1   15   10   -0.003292
    1   -1   16   10    0.017200
    1   -1   17   10    0.000852
    1   -1   18   10    0.006683
    1   -1    1   11    0.001442
    1   -1    2   11   -0.000628
    1   -1    3   11    0.000047
    1   -1    4   11    0.000633
    1   -1    5   11   -0.000007
    1   -1    6   11    0.001830
    1   -1    7   11   -0.000928
    1   -1    8   11    0.000105
    1   -1    9   11    0.001527
    1   -1   10   11   -0.079535
    1   -1   11   11   -0.000180
    1   -1   12   11   -0.002392
    1   -1   13   11    0.002497
    1   -1   14   11   -0.000097
    1   -1   15   11    0.001043
    1   -1   16   11    0.001005
    1   -1   17   11   -0.000070
    1   -1   18   11    0.000230
    1   -1    1   12   -0.043130
    1   -1    2   12    0.008717
    1   -1    3   12   -0.006445
    1   -1    4   12   -0.010005
    1   -1    5   12    0.001513
    1   -1    6   12   -0.014832
    1   -1    7   12    0.013558
    1   -1    8   12    0.002565
    1   -1    9   12   -0.022250
    1   -1   10   12   -0.056342
    1   -1   11   12    0.000323
    1   -1   12   12    0.032615
    1   -1   13   12   -0.013672
    1   -1   14   12    0.004385
    1   -1   15   12   -0.008892
    1   -1   16   12   -0.000218
    1   -1   17   12   -0.002327
    1   -1   18   12    0.000372
    1   -1    1   13   -0.008572
    1   -1    2   13    0.001770
    1   -1    3   13    0.004350
    1   -1    4   13   -0.024502
    1   -1    5   13   -0.000587
    1   -1    6   13    0.017732
    1   -1    7   13    0.004892
    1   -1    8   13   -0.000255
    1   -1    9   13   -0.012122
    1   -1   10   13    0.035540
    1   -1   11   13   -0.000718
    1   -1   12   13    0.039922
    1   -1   13   13   -0.015678
    1   -1   14   13   -0.003440
    1   -1   15   13   -0.001705
    1   -1   16   13   -0.005960
    1   -1   17   13   -0.000818
    1   -1   18   13    0.008170
    1   -1    1   14   -0.007877
    1   -1    2   14   -0.000305
    1   -1    3   14    0.000957
    1   -1    4   14   -0.001177
    1   -1    5   14    0.000718
    1   -1    6   14    0.002097
    1   -1    7   14   -0.001187
    1   -1    8   14    0.000360
    1   -1    9   14   -0.006885
    1   -1   10   14   -0.020067
    1   -1   11   14   -0.000207
    1   -1   12   14   -0.003500
    1   -1   13   14    0.000767
    1   -1   14   14    0.000163
    1   -1   15   14   -0.000520
    1   -1   16   14    0.003255
    1   -1   17   14    0.000390
    1   -1   18   14    0.002280
    1   -1    1   15   -0.007732
    1   -1    2   15    0.000870
    1   -1    3   15    0.005887
    1   -1    4   15    0.007043
    1   -1    5   15   -0.001118
    1   -1    6   15   -0.001890
    1   -1    7   15    0.004110
    1   -1    8   15   -0.000505
    1   -1    9   15    0.005410
    1   -1   10   15   -0.066105
    1   -1   11   15   -0.000602
    1   -1   12   15    0.009590
    1   -1   13   15   -0.003035
    1   -1   14   15   -0.001075
    1   -1   15   15    0.003123
    1   -1   16   15   -0.002658
    1   -1   17   15   -0.001867
    1   -1   18   15   -0.005717
    1   -1    1   16    0.002100
    1   -1    2   16   -0.000397
    1   -1    3   16    0.001730
    1   -1    4   16    0.006385
    1   -1    5   16    0.001632
    1   -1    6   16    0.006735
    1   -1    7   16   -0.007347
    1   -1    8   16   -0.000507
    1   -1    9   16   -0.007877
    1   -1   10   16    0.038955
    1   -1   11   16    0.000917
    1   -1   12   16   -0.010192
    1   -1   13   16    0.034780
    1   -1   14   16   -0.000100
    1   -1   15   16   -0.000932
    1   -1   16   16   -0.014953
    1   -1   17   16   -0.000992
    1   -1   18   16    0.000862
    1   -1    1   17    0.003605
    1   -1    2   17    0.006237
    1   -1    3   17    0.002062
    1   -1    4   17    0.003037
    1   -1    5   17    0.002307
    1   -1    6   17   -0.004185
    1   -1    7   17    0.004973
    1   -1    8   17   -0.002478
    1   -1    9   17   -0.008210
    1   -1   10   17   -1.246257
    1   -1   11   17    0.006930
    1   -1   12   17    0.032077
    1   -1   13   17   -0.068413
    1   -1   14   17   -0.002648
    1   -1   15   17    0.004912
    1   -1   16   17   -0.004270
    1   -1   17   17    0.000000
    1   -1   18   17    0.008700
    1   -1    1   18    0.003830
    1   -1    2   18    0.004207
    1   -1    3   18    0.018010
    1   -1    4   18   -0.001603
    1   -1    5   18   -0.001722
    1   -1    6   18   -0.017422
    1   -1    7   18   -0.012030
    1   -1    8   18   -0.002533
    1   -1    9   18    0.017175
    1   -1   10   18    1.088688
    1   -1   11   18   -0.002805
    1   -1   12   18    0.051853
    1   -1   13   18   -0.180070
    1   -1   14   18    0.001292
    1   -1   15   18    0.007228
    1   -1   16   18   -0.006688
    1   -1   17   18   -0.007160
    1   -1   18   18   -0.008828
   -1    0    1    1    0.164378
   -1    0    2    1    0.003853
   -1    0    3    1    0.189915
   -1    0    4    1   -0.547455
   -1    0    5    1   -0.036270
   -1    0    6    1   -0.005568
   -1    0    7    1    0.220045
   -1    0    8    1    0.009498
   -1    0    9    1   -0.048662
   -1    0   10    1    0.556175
   -1    0   11    1    0.004047
   -1    0   12    1   -0.027117
   -1    0   13    1    0.036983
   -1    0   14    1   -0.057173
   -1    0   15    1   -0.166565
   -1    0   16    1   -0.109720
   -1    0   17    1   -0.098460
   -1    0   18    1    0.173268
   -1    0    1    2   -0.050907
   -1    0    2    2   -0.033787
   -1    0    3    2    0.341970
   -1    0    4    2    0.227982
   -1    0    5    2   -0.011900
   -1    0    6    2    0.019977
   -1    0    7    2   -0.120297
   -1    0    8    2   -0.138815
   -1    0    9    2   -0.021237
   -1    0   10    2    0.147695
   -1    0   11    2   -0.035068
   -1    0   12    2   -0.028407
   -1    0   13    2   -0.014470
   -1    0   14    2   -0.037080
   -1    0   15    2    0.015040
   -1    0   16    2   -0.065263
   -1    0   17    2   -0.505518
   -1    0   18    2    0.214890
   -1    0    1    3   -0.061535
   -1    0    2    3    0.012132
   -1    0    3    3   -0.157112
   -1    0    4    3    0.045720
   -1    0    5    3    0.006678
   -1    0    6    3   -0.048517
   -1    0    7    3   -0.083282
   -1    0    8    3    0.001180
   -1    0    9    3    0.040150
   -1    0   10    3   -0.004687
   -1    0   11    3   -0.001978
   -1    0   12    3    0.025975
   -1    0   13    3    0.008353
   -1    0   14    3    0.020587
   -1    0   15    3    0.006697
   -1    0   16    3   -0.014910
   -1    0   17    3    0.025382
   -1    0   18    3   -0.012327
   -1    0    1    4   -2.113245
   -1    0    2    4   -0.157265
   -1    0    3    4    0.118697
   -1    0    4    4   -0.136937
   -1    0    5    4    0.026585
   -1    0    6    4    0.103972
   -1    0    7    4    0.187097
   -1    0    8    4    0.380785
   -1    0    9    4    0.549747
   -1    0   10    4   -0.097380
   -1    0   11    4    0.023260
   -1    0   12    4   -0.089235
   -1    0   13    4   -0.112675
   -1    0   14    4   -0.007013
   -1    0   15    4   -0.164640
   -1    0   16    4    0.261027
   -1    0   17    4   -0.136825
   -1    0   18    4   -0.299312
   -1    0    1    5   -0.020430
   -1    0    2    5    0.000358
   -1    0    3    5   -0.012327
   -1    0    4    5   -0.135262
   -1    0    5    5    0.005542
   -1    0    6    5   -0.007877
   -1    0    7    5    0.011200
   -1    0    8    5   -0.152397
   -1    0    9    5   -0.014042
   -1    0   10    5    0.039912
   -1    0   11    5   -0.008340
   -1    0   12    5   -0.002317
   -1    0   13    5    0.006705
   -1    0   14    5   -0.002927
   -1    0   15    5   -0.027767
   -1    0   16    5   -0.007820
   -1    0   17    5   -0.112498
   -1    0   18    5    0.149182
   -1    0    1    6    0.765552
   -1    0    2    6    0.223065
   -1    0    3    6   -1.906457
   -1    0    4    6   -0.716010
   -1    0    5    6   -0.102220
   -1    0    6    6   -0.136112
   -1    0    7    6   -0.331665
   -1    0    8    6   -0.220100
   -1    0    9    6   -0.473445
   -1    0   10    6   -0.291700
   -1    0   11    6    0.048280
   -1    0   12    6    0.135728
   -1    0   13    6    0.163247
   -1    0   14    6    0.269600
   -1    0   15    6    0.008217
   -1    0   16    6    0.045662
   -1    0   17    6   -1.981688
   -1    0   18    6    0.679685
   -1    0    1    7    0.196525
   -1    0    2    7    0.003220
   -1    0    3    7    0.387037
   -1    0    4    7    1.616080
   -1    0    5    7   -0.034997
   -1    0    6    7   -0.034855
   -1    0    7    7   -0.136547
   -1    0    8    7   -0.084157
   -1    0    9    7   -0.095252
   -1    0   10    7   -0.567943
   -1    0   11    7   -0.027870
   -1    0   12    7    0.006905
   -1    0   13    7    0.010235
   -1    0   14    7   -0.008917
   -1    0   15    7    0.071782
   -1    0   16    7    0.120972
   -1    0   17    7   -0.115533
   -1    0   18    7    0.038982
   -1    0    1    8    0.016635
   -1    0    2    8    0.002560
   -1    0    3    8    0.001488
   -1    0    4    8    0.002405
   -1    0    5    8   -0.001288
   -1    0    6    8   -0.000290
   -1    0    7    8    0.005400
   -1    0    8    8    0.004002
   -1    0    9    8   -0.008130
   -1    0   10    8    0.004027
   -1    0   11    8    0.001250
   -1    0   12    8    0.002877
   -1    0   13    8   -0.002820
   -1    0   14    8   -0.001888
   -1    0   15    8   -0.005002
   -1    0   16    8   -0.004082
   -1    0   17    8   -0.006772
   -1    0   18    8   -0.006022
   -1    0    1    9   -0.334297
   -1    0    2    9   -0.027587
   -1    0    3    9    0.062620
   -1    0    4    9    0.435637
   -1    0    5    9   -0.121618
   -1    0    6    9    0.104705
   -1    0    7    9   -0.021570
   -1    0    8    9    0.494195
   -1    0    9    9    0.025612
   -1    0   10    9   -0.357007
   -1    0   11    9    0.035002
   -1    0   12    9   -0.045140
   -1    0   13    9   -0.016618
   -1    0   14    9   -0.118267
   -1    0   15    9    0.055265
   -1    0   16    9    0.146865
   -1    0   17    9   -0.814345
   -1    0   18    9   -0.615757
   -1    0    1   10    0.003777
   -1    0    2   10   -0.032745
   -1    0    3   10    0.052450
   -1    0    4   10   -2.110030
   -1    0    5   10   -0.118617
   -1    0    6   10   -0.077975
   -1    0    7   10   -0.036510
   -1    0    8   10    0.047130
   -1    0    9   10    0.000950
   -1    0   10   10    0.268912
   -1    0   11   10    0.325090
   -1    0   12   10    0.126510
   -1    0   13   10    0.021477
   -1    0   14   10    0.495755
   -1    0   15   10   -0.091455
   -1    0   16   10   -0.422722
   -1    0   17   10   -0.057380
   -1    0   18   10    0.817400
   -1    0    1   11    0.153815
   -1    0    2   11    0.002455
   -1    0    3   11   -0.355792
   -1    0    4   11   -0.011100
   -1    0    5   11    0.015440
   -1    0    6   11    0.006235
   -1    0    7   11   -0.019017
   -1    0    8   11   -0.000542
   -1    0    9   11   -0.016692
   -1    0   10   11    0.034888
   -1    0   11   11   -0.006452
   -1    0   12   11   -0.001040
   -1    0   13   11    0.006100
   -1    0   14   11    0.105005
   -1    0   15   11    0.012317
   -1    0   16   11   -0.003245
   -1    0   17   11    0.263713
   -1    0   18   11    0.052420
   -1    0    1   12    0.197123
   -1    0    2   12   -0.028692
   -1    0    3   12   -0.185192
   -1    0    4   12    0.687002
   -1    0    5   12   -0.348830
   -1    0    6   12    0.153053
   -1    0    7   12   -0.225142
   -1    0    8   12   -0.067928
   -1    0    9   12   -0.144142
   -1    0   10   12    0.334590
   -1    0   11   12   -0.004245
   -1    0   12   12   -0.074255
   -1    0   13   12   -0.099767
   -1    0   14   12   -0.137687
   -1    0   15   12    1.975790
   -1    0   16   12    0.339062
   -1    0   17   12   -3.081640
   -1    0   18   12    0.785130
   -1    0    1   13    3.326062
   -1    0    2   13   -0.320062
   -1    0    3   13   -0.102275
   -1    0    4   13   -0.710747
   -1    0    5   13    0.145627
   -1    0    6   13    0.243522
   -1    0    7   13   -1.024787
   -1    0    8   13    0.088800
   -1    0    9   13    1.622772
   -1    0   10   13    0.145160
   -1    0   11   13   -0.060555
   -1    0   12   13   -0.305600
   -1    0   13   13   -0.113152
   -1    0   14   13    0.279720
   -1    0   15   13    1.301425
   -1    0   16   13    0.653997
   -1    0   17   13    2.823355
   -1    0   18   13   -1.321392
   -1    0    1   14   -0.026715
   -1    0    2   14   -0.002188
   -1    0    3   14    0.026085
   -1    0    4   14   -0.006300
   -1    0    5   14    0.001315
   -1    0    6   14    0.001602
   -1    0    7   14   -0.011567
   -1    0    8   14    0.012898
   -1    0    9   14    0.004365
   -1    0   10   14    0.011180
   -1    0   11   14    0.002748
   -1    0   12   14    0.001787
   -1    0   13   14   -0.005815
   -1    0   14   14   -0.017725
   -1    0   15   14   -0.016490
   -1    0   16   14   -0.000897
   -1    0   17   14   -0.068017
   -1    0   18   14   -0.041215
   -1    0    1   15    0.206665
   -1    0    2   15    0.026445
   -1    0    3   15    0.442420
   -1    0    4   15   -0.519088
   -1    0    5   15   -0.007315
   -1    0    6   15   -0.055475
   -1    0    7   15    0.127210
   -1    0    8   15   -0.042205
   -1    0    9   15   -0.047250
   -1    0   10   15   -0.136905
   -1    0   11   15   -0.004357
   -1    0   12   15    0.035748
   -1    0   13   15   -0.021572
   -1    0   14   15    0.003938
   -1    0   15   15   -0.089210
   -1    0   16   15    0.029115
   -1    0   17   15    0.057275
   -1    0   18   15    0.016460
   -1    0    1   16    0.754877
   -1    0    2   16    0.014243
   -1    0    3   16   -0.186158
   -1    0    4   16    0.867028
   -1    0    5   16   -0.022162
   -1    0    6   16   -0.085187
   -1    0    7   16    0.049587
   -1    0    8   16    0.046355
   -1    0    9   16    0.012000
   -1    0   10   16   -0.778495
   -1    0   11   16   -0.009050
   -1    0   12   16    0.012325
   -1    0   13   16   -0.009830
   -1    0   14   16   -0.000455
   -1    0   15   16    0.051405
   -1    0   16   16   -0.055113
   -1    0   17   16   -0.193740
   -1    0   18   16    1.649795
   -1    0    1   17    0.041502
   -1    0    2   17   -0.003837
   -1    0    3   17    0.025855
   -1    0    4   17   -0.021045
   -1    0    5   17   -0.003470
   -1    0    6   17    0.007215
   -1    0    7   17    0.019100
   -1    0    8   17   -0.010877
   -1    0    9   17    0.004965
   -1    0   10   17    0.008467
   -1    0   11   17   -0.001430
   -1    0   12   17   -0.006040
   -1    0   13   17    0.004450
   -1    0   14   17   -0.010062
   -1    0   15   17    0.001950
   -1    0   16   17   -0.003993
   -1    0   17   17   -0.008110
   -1    0   18   17   -0.012712
   -1    0    1   18   -0.109862
   -1    0    2   18    0.002760
   -1    0    3   18   -0.001115
   -1    0    4   18   -0.007685
   -1    0    5   18    0.033367
   -1    0    6   18    0.010040
   -1    0    7   18   -0.063260
   -1    0    8   18   -0.070600
   -1    0    9   18   -0.054953
   -1    0   10   18   -0.053195
   -1    0   11   18   -0.008613
   -1    0   12   18   -0.003455
   -1    0   13   18    0.011867
   -1    0   14   18    0.014437
   -1    0   15   18    0.102760
   -1    0   16   18    0.012527
   -1    0   17   18    0.331613
   -1    0   18   18    0.189587
    0    0    1    1   -1.090908
    0    0    2    1   -0.016685
    0    0    3    1   -0.899815
    0    0    4    1   -0.439620
    0    0    5    1    0.167563
    0    0    6    1   -1.242747
    0    0    7    1    3.225312
    0    0    8    1    0.486420
    0    0    9    1    1.569857
    0    0   10    1   -2.306405
    0    0   11    1   -0.031355
    0    0   12    1    1.138932
    0    0   13    1    0.542822
    0    0   14    1    0.636155
    0    0   15    1   -3.089202
    0    0   16    1    0.843987
    0    0   17    1    0.234027
    0    0   18    1   -1.315948
    0    0    1    2   -0.016685
    0    0    2    2    1.373870
    0    0    3    2   -0.047553
    0    0    4    2   -0.144432
    0    0    5    2   -2.774005
    0    0    6    2   -1.369810
    0    0    7    2    0.076697
    0    0    8    2    0.007833
    0    0    9    2    1.479020
    0    0   10    2    0.307662
    0    0   11    2    0.176835
    0    0   12    2    0.194187
    0    0   13    2    1.221665
    0    0   14    2    0.526657
    0    0   15    2   -0.297565
    0    0   16    2    0.153095
    0    0   17    2   -0.052280
    0    0   18    2    0.651552
    0    0    1    3   -0.899815
    0    0    2    3   -0.047553
    0    0    3    3    9.533647
    0    0    4    3    0.143930
    0    0    5    3   -0.348785
    0    0    6    3   -0.856445
    0    0    7    3    1.053275
    0    0    8    3   -0.735542
    0    0    9    3    0.412760
    0    0   10    3   -0.094303
    0    0   11    3   -0.445567
    0    0   12    3    0.132982
    0    0   13    3   -0.064560
    0    0   14    3   -1.356555
    0    0   15    3   -0.294843
    0    0   16    3   -0.013085
    0    0   17    3   -2.243162
    0    0   18    3   -0.193260
    0    0    1    4   -0.439620
    0    0    2    4   -0.144432
    0    0    3    4    0.143930
    0    0    4    4   -3.009430
    0    0    5    4    0.015930
    0    0    6    4    2.260898
    0    0    7    4    0.429017
    0    0    8    4    0.075843
    0    0    9    4   -1.080753
    0    0   10    4    1.401417
    0    0   11    4    0.127370
    0    0   12    4    2.222618
    0    0   13    4    1.258053
    0    0   14    4   -0.032785
    0    0   15    4    0.196825
    0    0   16    4    0.605790
    0    0   17    4   -0.059565
    0    0   18    4   -0.359718
    0    0    1    5    0.167563
    0    0    2    5   -2.774005
    0    0    3    5   -0.348785
    0    0    4    5    0.015930
    0    0    5    5   -1.551737
    0    0    6    5    0.100403
    0    0    7    5   -0.022737
    0    0    8    5   -0.890282
    0    0    9    5    1.597710
    0    0   10    5    0.022267
    0    0   11    5   -0.416315
    0    0   12    5   -0.291612
    0    0   13    5   -0.093312
    0    0   14    5   -0.353803
    0    0   15    5    0.285212
    0    0   16    5   -0.037615
    0    0   17    5   -0.219948
    0    0   18    5    2.133025
    0    0    1    6   -1.242747
    0    0    2    6   -1.369810
    0    0    3    6   -0.856445
    0    0    4    6    2.260898
    0    0    5    6    0.100403
    0    0    6    6    3.599995
    0    0    7    6   -0.929002
    0    0    8    6    0.063300
    0    0    9    6   -0.720127
    0    0   10    6   -0.340090
    0    0   11    6    0.144487
    0    0   12    6    2.293085
    0    0   13    6   -0.073742
    0    0   14    6    0.227405
    0    0   15    6    0.147995
    0    0   16    6   -0.674190
    0    0   17    6    0.131970
    0    0   18    6    0.155020
    0    0    1    7    3.225312
    0    0    2    7    0.076697
    0    0    3    7    1.053275
    0    0    4    7    0.429017
    0    0    5    7   -0.022737
    0    0    6    7   -0.929002
    0    0    7    7    5.394825
    0    0    8    7   -0.203623
    0    0    9    7    0.052225
    0    0   10    7    2.926877
    0    0   11    7   -0.106550
    0    0   12    7    0.350392
    0    0   13    7    0.425880
    0    0   14    7   -0.079953
    0    0   15    7   -1.693570
    0    0   16    7   -0.233070
    0    0   17    7   -0.310457
    0    0   18    7   -1.637912
    0    0    1    8    0.486420
    0    0    2    8    0.007833
    0    0    3    8   -0.735542
    0    0    4    8    0.075843
    0    0    5    8   -0.890282
    0    0    6    8    0.063300
    0    0    7    8   -0.203623
    0    0    8    8    0.323978
    0    0    9    8    0.403040
    0    0   10    8    0.014870
    0    0   11    8   -0.069545
    0    0   12    8    0.001730
    0    0   13    8   -0.002735
    0    0   14    8    0.300907
    0    0   15    8    0.130845
    0    0   16    8   -0.094395
    0    0   17    8   -0.680695
    0    0   18    8    1.132180
    0    0    1    9    1.569857
    0    0    2    9    1.479020
    0    0    3    9    0.412760
    0    0    4    9   -1.080753
    0    0    5    9    1.597710
    0    0    6    9   -0.720127
    0    0    7    9    0.052225
    0    0    8    9    0.403040
    0    0    9    9   -7.771905
    0    0   10    9   -1.139577
    0    0   11    9   -0.079662
    0    0   12    9    3.219812
    0    0   13    9    1.105895
    0    0   14    9   -0.451033
    0    0   15    9    0.253585
    0    0   16    9    0.147165
    0    0   17    9   -0.139347
    0    0   18    9   -0.034795
    0    0    1   10   -2.306405
    0    0    2   10    0.307662
    0    0    3   10   -0.094303
    0    0    4   10    1.401417
    0    0    5   10    0.022267
    0    0    6   10   -0.340090
    0    0    7   10    2.926877
    0    0    8   10    0.014870
    0    0    9   10   -1.139577
    0    0   10   10  -13.990025
    0    0   11   10    0.175782
    0    0   12   10    0.750787
    0    0   13   10    0.368705
    0    0   14   10    0.084303
    0    0   15   10    0.047677
    0    0   16   10    1.935150
    0    0   17   10   -0.057765
    0    0   18   10   -0.303347
    0    0    1   11   -0.031355
    0    0    2   11    0.176835
    0    0    3   11   -0.445567
    0    0    4   11    0.127370
    0    0    5   11   -0.416315
    0    0    6   11    0.144487
    0    0    7   11   -0.106550
    0    0    8   11   -0.069545
    0    0    9   11   -0.079662
    0    0   10   11    0.175782
    0    0   11   11   -1.432905
    0    0   12   11   -0.440395
    0    0   13   11   -0.131477
    0    0   14   11    0.415588
    0    0   15   11   -0.457905
    0    0   16   11   -0.049460
    0    0   17   11   -0.101037
    0    0   18   11    0.974370
    0    0    1   12    1.138932
    0    0    2   12    0.194187
    0    0    3   12    0.132982
    0    0    4   12    2.222618
    0    0    5   12   -0.291612
    0    0    6   12    2.293085
    0    0    7   12    0.350392
    0    0    8   12    0.001730
    0    0    9   12    3.219812
    0    0   10   12    0.750787
    0    0   11   12   -0.440395
    0    0   12   12    5.135187
    0    0   13   12   -0.253062
    0    0   14   12   -0.243957
    0    0   15   12   -0.392363
    0    0   16   12    2.310360
    0    0   17   12   -0.124960
    0    0   18   12    0.041532
    0    0    1   13    0.542822
    0    0    2   13    1.221665
    0    0    3   13   -0.064560
    0    0    4   13    1.258053
    0    0    5   13   -0.093312
    0    0    6   13   -0.073742
    0    0    7   13    0.425880
    0    0    8   13   -0.002735
    0    0    9   13    1.105895
    0    0   10   13    0.368705
    0    0   11   13   -0.131477
    0    0   12   13   -0.253062
    0    0   13   13   -8.763667
    0    0   14   13    0.235975
    0    0   15   13    0.575185
    0    0   16   13    0.911245
    0    0   17   13    0.016432
    0    0   18   13   -0.665277
    0    0    1   14    0.636155
    0    0    2   14    0.526657
    0    0    3   14   -1.356555
    0    0    4   14   -0.032785
    0    0    5   14   -0.353803
    0    0    6   14    0.227405
    0    0    7   14   -0.079953
    0    0    8   14    0.300907
    0    0    9   14   -0.451033
    0    0   10   14    0.084303
    0    0   11   14    0.415588
    0    0   12   14   -0.243957
    0    0   13   14    0.235975
    0    0   14   14   -0.238462
    0    0   15   14    0.174270
    0    0   16   14   -0.119410
    0    0   17   14    2.003412
    0    0   18   14    2.246475
    0    0    1   15   -3.089202
    0    0    2   15   -0.297565
    0    0    3   15   -0.294843
    0    0    4   15    0.196825
    0    0    5   15    0.285212
    0    0    6   15    0.147995
    0    0    7   15   -1.693570
    0    0    8   15    0.130845
    0    0    9   15    0.253585
    0    0   10   15    0.047677
    0    0   11   15   -0.457905
    0    0   12   15   -0.392363
    0    0   13   15    0.575185
    0    0   14   15    0.174270
    0    0   15   15    3.525867
    0    0   16   15    0.553743
    0    0   17   15   -0.139872
    0    0   18   15   -0.433802
    0    0    1   16    0.843987
    0    0    2   16    0.153095
    0    0    3   16   -0.013085
    0    0    4   16    0.605790
    0    0    5   16   -0.037615
    0    0    6   16   -0.674190
    0    0    7   16   -0.233070
    0    0    8   16   -0.094395
    0    0    9   16    0.147165
    0    0   10   16    1.935150
    0    0   11   16   -0.049460
    0    0   12   16    2.310360
    0    0   13   16    0.911245
    0    0   14   16   -0.119410
    0    0   15   16    0.553743
    0    0   16   16    1.337172
    0    0   17   16    0.004520
    0    0   18   16    0.925580
    0    0    1   17    0.234027
    0    0    2   17   -0.052280
    0    0    3   17   -2.243162
    0    0    4   17   -0.059565
    0    0    5   17   -0.219948
    0    0    6   17    0.131970
    0    0    7   17   -0.310457
    0    0    8   17   -0.680695
    0    0    9   17   -0.139347
    0    0   10   17   -0.057765
    0    0   11   17   -0.101037
    0    0   12   17   -0.124960
    0    0   13   17    0.016432
    0    0   14   17    2.003412
    0    0   15   17   -0.139872
    0    0   16   17    0.004520
    0    0   17   17   -1.884853
    0    0   18   17    0.611270
    0    0    1   18   -1.315948
    0    0    2   18    0.651552
    0    0    3   18   -0.193260
    0    0    4   18   -0.359718
    0    0    5   18    2.133025
    0    0    6   18    0.155020
    0    0    7   18   -1.637912
    0    0    8   18    1.132180
    0    0    9   18   -0.034795
    0    0   10   18   -0.303347
    0    0   11   18    0.974370
    0    0   12   18    0.041532
    0    0   13   18   -0.665277
    0    0   14   18    2.246475
    0    0   15   18   -0.433802
    0    0   16   18    0.925580
    0    0   17   18    0.611270
    0    0   18   18  -11.404005
    1    0    1    1    0.164378
    1    0    2    1   -0.050907
    1    0    3    1   -0.061535
    1    0    4    1   -2.113245
    1    0    5    1   -0.020430
    1    0    6    1    0.765552
    1    0    7    1    0.196525
    1    0    8    1    0.016635
    1    0    9    1   -0.334297
    1    0   10    1    0.003777
    1    0   11    1    0.153815
    1    0   12    1    0.197123
    1    0   13    1    3.326062
    1    0   14    1   -0.026715
    1    0   15    1    0.206665
    1    0   16    1    0.754877
    1    0   17    1    0.041502
    1    0   18    1   -0.109862
    1    0    1    2    0.003853
    1    0    2    2   -0.033787
    1    0    3    2    0.012132
    1    0    4    2   -0.157265
    1    0    5    2    0.000358
    1    0    6    2    0.223065
    1    0    7    2    0.003220
    1    0    8    2    0.002560
    1    0    9    2   -0.027587
    1    0   10    2   -0.032745
    1    0   11    2    0.002455
    1    0   12    2   -0.028692
    1    0   13    2   -0.320062
    1    0   14    2   -0.002188
    1    0   15    2    0.026445
    1    0   16    2    0.014243
    1    0   17    2   -0.003837
    1    0   18    2    0.002760
    1    0    1    3    0.189915
    1    0    2    3    0.341970
    1    0    3    3   -0.157112
    1    0    4    3    0.118697
    1    0    5    3   -0.012327
    1    0    6    3   -1.906457
    1    0    7    3    0.387037
    1    0    8    3    0.001488
    1    0    9    3    0.062620
    1    0   10    3    0.052450
    1    0   11    3   -0.355792
    1    0   12    3   -0.185192
    1    0   13    3   -0.102275
    1    0   14    3    0.026085
    1    0   15    3    0.442420
    1    0   16    3   -0.186158
    1    0   17    3    0.025855
    1    0   18    3   -0.001115
    1    0    1    4   -0.547455
    1    0    2    4    0.227982
    1    0    3    4    0.045720
    1    0    4    4   -0.136937
    1    0    5    4   -0.135262
    1    0    6    4   -0.716010
    1    0    7    4    1.616080
    1    0    8    4    0.002405
    1    0    9    4    0.435637
    1    0   10    4   -2.110030
    1    0   11    4   -0.011100
    1    0   12    4    0.687002
    1    0   13    4   -0.710747
    1    0   14    4   -0.006300
    1    0   15    4   -0.519088
    1    0   16    4    0.867028
    1    0   17    4   -0.021045
    1    0   18    4   -0.007685
    1    0    1    5   -0.036270
    1    0    2    5   -0.011900
    1    0    3    5    0.006678
    1    0    4    5    0.026585
    1    0    5    5    0.005542
    1    0    6    5   -0.102220
    1    0    7    5   -0.034997
    1    0    8    5   -0.001288
    1    0    9    5   -0.121618
    1    0   10    5   -0.118617
    1    0   11    5    0.015440
    1    0   12    5   -0.348830
    1    0   13    5    0.145627
    1    0   14    5    0.001315
    1    0   15    5   -0.007315
    1    0   16    5   -0.022162
    1    0   17    5   -0.003470
    1    0   18    5    0.033367
    1    0    1    6   -0.005568
    1    0    2    6    0.019977
    1    0    3    6   -0.048517
    1    0    4    6    0.103972
    1    0    5    6   -0.007877
    1    0    6    6   -0.136112
    1    0    7    6   -0.034855
    1    0    8    6   -0.000290
    1    0    9    6    0.104705
    1    0   10    6   -0.077975
    1    0   11    6    0.006235
    1    0   12    6    0.153053
    1    0   13    6    0.243522
    1    0   14    6    0.001602
    1    0   15    6   -0.055475
    1    0   16    6   -0.085187
    1    0   17    6    0.007215
    1    0   18    6    0.010040
    1    0    1    7    0.220045
    1    0    2    7   -0.120297
    1    0    3    7   -0.083282
    1    0    4    7    0.187097
    1    0    5    7    0.011200
    1    0    6    7   -0.331665
    1    0    7    7   -0.136547
    1    0    8    7    0.005400
    1    0    9    7   -0.021570
    1    0   10    7   -0.036510
    1    0   11    7   -0.019017
    1    0   12    7   -0.225142
    1    0   13    7   -1.024787
    1    0   14    7   -0.011567
    1    0   15    7    0.127210
    1    0   16    7    0.049587
    1    0   17    7    0.019100
    1    0   18    7   -0.063260
    1    0    1    8    0.009498
    1    0    2    8   -0.138815
    1    0    3    8    0.001180
    1    0    4    8    0.380785
    1    0    5    8   -0.152397
    1    0    6    8   -0.220100
    1    0    7    8   -0.084157
    1    0    8    8    0.004002
    1    0    9    8    0.494195
    1    0   10    8    0.047130
    1    0   11    8   -0.000542
    1    0   12    8   -0.067928
    1    0   13    8    0.088800
    1    0   14    8    0.012898
    1    0   15    8   -0.042205
    1    0   16    8    0.046355
    1    0   17    8   -0.010877
    1    0   18    8   -0.070600
    1    0    1    9   -0.048662
    1    0    2    9   -0.021237
    1    0    3    9    0.040150
    1    0    4    9    0.549747
    1    0    5    9   -0.014042
    1    0    6    9   -0.473445
    1    0    7    9   -0.095252
    1    0    8    9   -0.008130
    1    0    9    9    0.025612
    1    0   10    9    0.000950
    1    0   11    9   -0.016692
    1    0   12    9   -0.144142
    1    0   13    9    1.622772
    1    0   14    9    0.004365
    1    0   15    9   -0.047250
    1    0   16    9    0.012000
    1    0   17    9    0.004965
    1    0   18    9   -0.054953
    1    0    1   10    0.556175
    1    0    2   10    0.147695
    1    0    3   10   -0.004687
    1    0    4   10   -0.097380
    1    0    5   10    0.039912
    1    0    6   10   -0.291700
    1    0    7   10   -0.567943
    1    0    8   10    0.004027
    1    0    9   10   -0.357007
    1    0   10   10    0.268912
    1    0   11   10    0.034888
    1    0   12   10    0.334590
    1    0   13   10    0.145160
    1    0   14   10    0.011180
    1    0   15   10   -0.136905
    1    0   16   10   -0.778495
    1    0   17   10    0.008467
    1    0   18   10   -0.053195
    1    0    1   11    0.004047
    1    0    2   11   -0.035068
    1    0    3   11   -0.001978
    1    0    4   11    0.023260
    1    0    5   11   -0.008340
    1    0    6   11    0.048280
    1    0    7   11   -0.027870
    1    0    8   11    0.001250
    1    0    9   11    0.035002
    1    0   10   11    0.325090
    1    0   11   11   -0.006452
    1    0   12   11   -0.004245
    1    0   13   11   -0.060555
    1    0   14   11    0.002748
    1    0   15   11   -0.004357
    1    0   16   11   -0.009050
    1    0   17   11   -0.001430
    1    0   18   11   -0.008613
    1    0    1   12   -0.027117
    1    0    2   12   -0.028407
    1    0    3   12    0.025975
    1    0    4   12   -0.089235
    1    0    5   12   -0.002317
    1    0    6   12    0.135728
    1    0    7   12    0.006905
    1    0    8   12    0.002877
    1    0    9   12   -0.045140
    1    0   10   12    0.126510
    1    0   11   12   -0.001040
    1    0   12   12   -0.074255
    1    0   13   12   -0.305600
    1    0   14   12    0.001787
    1    0   15   12    0.035748
    1    0   16   12    0.012325
    1    0   17   12   -0.006040
    1    0   18   12   -0.003455
    1    0    1   13    0.036983
    1    0    2   13   -0.014470
    1    0    3   13    0.008353
    1    0    4   13   -0.112675
    1    0    5   13    0.006705
    1    0    6   13    0.163247
    1    0    7   13    0.010235
    1    0    8   13   -0.002820
    1    0    9   13   -0.016618
    1    0   10   13    0.021477
    1    0   11   13    0.006100
    1    0   12   13   -0.099767
    1    0   13   13   -0.113152
    1    0   14   13   -0.005815
    1    0   15   13   -0.021572
    1    0   16   13   -0.009830
    1    0   17   13    0.004450
    1    0   18   13    0.011867
    1    0    1   14   -0.057173
    1    0    2   14   -0.037080
    1    0    3   14    0.020587
    1    0    4   14   -0.007013
    1    0    5   14   -0.002927
    1    0    6   14    0.269600
    1    0    7   14   -0.008917
    1    0    8   14   -0.001888
    1    0    9   14   -0.118267
    1    0   10   14    0.495755
    1    0   11   14    0.105005
    1    0   12   14   -0.137687
    1    0   13   14    0.279720
    1    0   14   14   -0.017725
    1    0   15   14    0.003938
    1    0   16   14   -0.000455
    1    0   17   14   -0.010062
    1    0   18   14    0.014437
    1    0    1   15   -0.166565
    1    0    2   15    0.015040
    1    0    3   15    0.006697
    1    0    4   15   -0.164640
    1    0    5   15   -0.027767
    1    0    6   15    0.008217
    1    0    7   15    0.071782
    1    0    8   15   -0.005002
    1    0    9   15    0.055265
    1    0   10   15   -0.091455
    1    0   11   15    0.012317
    1    0   12   15    1.975790
    1    0   13   15    1.301425
    1    0   14   15   -0.016490
    1    0   15   15   -0.089210
    1    0   16   15    0.051405
    1    0   17   15    0.001950
    1    0   18   15    0.102760
    1    0    1   16   -0.109720
    1    0    2   16   -0.065263
    1    0    3   16   -0.014910
    1    0    4   16    0.261027
    1    0    5   16   -0.007820
    1    0    6   16    0.045662
    1    0    7   16    0.120972
    1    0    8   16   -0.004082
    1    0    9   16    0.146865
    1    0   10   16   -0.422722
    1    0   11   16   -0.003245
    1    0   12   16    0.339062
    1    0   13   16    0.653997
    1    0   14   16   -0.000897
    1    0   15   16    0.029115
    1    0   16   16   -0.055113
    1    0   17   16   -0.003993
    1    0   18   16    0.012527
    1    0    1   17   -0.098460
    1    0    2   17   -0.505518
    1    0    3   17    0.025382
    1    0    4   17   -0.136825
    1    0    5   17   -0.112498
    1    0    6   17   -1.981688
    1    0    7   17   -0.115533
    1    0    8   17   -0.006772
    1    0    9   17   -0.814345
    1    0   10   17   -0.057380
    1    0   11   17    0.263713
    1    0   12   17   -3.081640
    1    0   13   17    2.823355
    1    0   14   17   -0.068017
    1    0   15   17    0.057275
    1    0   16   17   -0.193740
    1    0   17   17   -0.008110
    1    0   18   17    0.331613
    1    0    1   18    0.173268
    1    0    2   18    0.214890
    1    0    3   18   -0.012327
    1    0    4   18   -0.299312
    1    0    5   18    0.149182
    1    0    6   18    0.679685
    1    0    7   18    0.038982
    1    0    8   18   -0.006022
    1    0    9   18   -0.615757
    1    0   10   18    0.817400
    1    0   11   18    0.052420
    1    0   12   18    0.785130
    1    0   13   18   -1.321392
    1    0   14   18   -0.041215
    1    0   15   18    0.016460
    1    0   16   18    1.649795
    1    0   17   18   -0.012712
    1    0   18   18    0.189587
   -1    1    1    1   -0.003878
   -1    1    2    1   -0.007367
   -1    1    3    1    0.024915
   -1    1    4    1   -0.000712
   -1    1    5    1   -0.002182
   -1    1    6    1    0.020920
   -1    1    7    1    0.029575
   -1    1    8    1   -0.004853
   -1    1    9    1   -0.022912
   -1    1   10    1   -0.028677
   -1    1   11    1    0.001442
   -1    1   12    1   -0.043130
   -1    1   13    1   -0.008572
   -1    1   14    1   -0.007877
   -1    1   15    1   -0.007732
   -1    1   16    1    0.002100
   -1    1   17    1    0.003605
   -1    1   18    1    0.003830
   -1    1    1    2   -0.000962
   -1    1    2    2    0.001370
   -1    1    3    2    0.000388
   -1    1    4    2    0.014068
   -1    1    5    2   -0.000500
   -1    1    6    2   -0.005758
   -1    1    7    2    0.004835
   -1    1    8    2    0.002237
   -1    1    9    2    0.000560
   -1    1   10    2   -0.008805
   -1    1   11    2   -0.000628
   -1    1   12    2    0.008717
   -1    1   13    2    0.001770
   -1    1   14    2   -0.000305
   -1    1   15    2    0.000870
   -1    1   16    2   -0.000397
   -1    1   17    2    0.006237
   -1    1   18    2    0.004207
   -1    1    1    3    0.002655
   -1    1    2    3   -0.000815
   -1    1    3    3    0.000800
   -1    1    4    3    0.015282
   -1    1    5    3   -0.000277
   -1    1    6    3    0.005745
   -1    1    7    3   -0.015450
   -1    1    8    3   -0.000445
   -1    1    9    3   -0.004383
   -1    1   10    3   -0.010100
   -1    1   11    3    0.000047
   -1    1   12    3   -0.006445
   -1    1   13    3    0.004350
   -1    1   14    3    0.000957
   -1    1   15    3    0.005887
   -1    1   16    3    0.001730
   -1    1   17    3    0.002062
   -1    1   18    3    0.018010
   -1    1    1    4   -0.003905
   -1    1    2    4   -0.001052
   -1    1    3    4    0.015163
   -1    1    4    4    0.022695
   -1    1    5    4    0.008587
   -1    1    6    4    0.007117
   -1    1    7    4   -0.013592
   -1    1    8    4    0.032145
   -1    1    9    4   -0.025100
   -1    1   10    4    0.003307
   -1    1   11    4    0.000633
   -1    1   12    4   -0.010005
   -1    1   13    4   -0.024502
   -1    1   14    4   -0.001177
   -1    1   15    4    0.007043
   -1    1   16    4    0.006385
   -1    1   17    4    0.003037
   -1    1   18    4   -0.001603
   -1    1    1    5   -0.006242
   -1    1    2    5    0.000092
   -1    1    3    5   -0.000402
   -1    1    4    5    0.002880
   -1    1    5    5    0.000060
   -1    1    6    5    0.001285
   -1    1    7    5    0.002185
   -1    1    8    5    0.002240
   -1    1    9    5    0.000000
   -1    1   10    5   -0.002213
   -1    1   11    5   -0.000007
   -1    1   12    5    0.001513
   -1    1   13    5   -0.000587
   -1    1   14    5    0.000718
   -1    1   15    5   -0.001118
   -1    1   16    5    0.001632
   -1    1   17    5    0.002307
   -1    1   18    5   -0.001722
   -1    1    1    6   -0.014457
   -1    1    2    6   -0.008915
   -1    1    3    6   -0.050447
   -1    1    4    6   -0.037705
   -1    1    5    6   -0.006002
   -1    1    6    6    0.022095
   -1    1    7    6   -0.008315
   -1    1    8    6   -0.012365
   -1    1    9    6    0.023647
   -1    1   10    6    0.032495
   -1    1   11    6    0.001830
   -1    1   12    6   -0.014832
   -1    1   13    6    0.017732
   -1    1   14    6    0.002097
   -1    1   15    6   -0.001890
   -1    1   16    6    0.006735
   -1    1   17    6   -0.004185
   -1    1   18    6   -0.017422
   -1    1    1    7    0.006340
   -1    1    2    7    0.001427
   -1    1    3    7    0.015955
   -1    1    4    7   -0.026132
   -1    1    5    7    0.002155
   -1    1    6    7   -0.002427
   -1    1    7    7   -0.025090
   -1    1    8    7   -0.005933
   -1    1    9    7    0.009045
   -1    1   10    7    0.032720
   -1    1   11    7   -0.000928
   -1    1   12    7    0.013558
   -1    1   13    7    0.004892
   -1    1   14    7   -0.001187
   -1    1   15    7    0.004110
   -1    1   16    7   -0.007347
   -1    1   17    7    0.004973
   -1    1   18    7   -0.012030
   -1    1    1    8   -0.000305
   -1    1    2    8    0.000258
   -1    1    3    8   -0.000505
   -1    1    4    8   -0.003995
   -1    1    5    8   -0.000313
   -1    1    6    8    0.000177
   -1    1    7    8    0.002085
   -1    1    8    8    0.000602
   -1    1    9    8    0.000023
   -1    1   10    8   -0.000635
   -1    1   11    8    0.000105
   -1    1   12    8    0.002565
   -1    1   13    8   -0.000255
   -1    1   14    8    0.000360
   -1    1   15    8   -0.000505
   -1    1   16    8   -0.000507
   -1    1   17    8   -0.002478
   -1    1   18    8   -0.002533
   -1    1    1    9    0.041655
   -1    1    2    9   -0.003640
   -1    1    3    9    0.005642
   -1    1    4    9   -0.027580
   -1    1    5    9    0.001782
   -1    1    6    9    0.006155
   -1    1    7    9    0.009325
   -1    1    8    9   -0.003077
   -1    1    9    9    0.004365
   -1    1   10    9    0.006352
   -1    1   11    9    0.001527
   -1    1   12    9   -0.022250
   -1    1   13    9   -0.012122
   -1    1   14    9   -0.006885
   -1    1   15    9    0.005410
   -1    1   16    9   -0.007877
   -1    1   17    9   -0.008210
   -1    1   18    9    0.017175
   -1    1    1   10    0.027207
   -1    1    2   10   -0.015088
   -1    1    3   10   -0.137432
   -1    1    4   10    0.052517
   -1    1    5   10   -0.227825
   -1    1    6   10   -0.024145
   -1    1    7   10    0.151985
   -1    1    8   10    0.991005
   -1    1    9   10   -0.260455
   -1    1   10   10   -0.038595
   -1    1   11   10   -0.079535
   -1    1   12   10   -0.056342
   -1    1   13   10    0.035540
   -1    1   14   10   -0.020067
   -1    1   15   10   -0.066105
   -1    1   16   10    0.038955
   -1    1   17   10   -1.246257
   -1    1   18   10    1.088688
   -1    1    1   11    0.000977
   -1    1    2   11   -0.000010
   -1    1    3   11    0.002195
   -1    1    4   11    0.001292
   -1    1    5   11    0.000940
   -1    1    6   11    0.000942
   -1    1    7   11   -0.001903
   -1    1    8   11   -0.009808
   -1    1    9   11    0.001507
   -1    1   10   11    0.000245
   -1    1   11   11   -0.000180
   -1    1   12   11    0.000323
   -1    1   13   11   -0.000718
   -1    1   14   11   -0.000207
   -1    1   15   11   -0.000602
   -1    1   16   11    0.000917
   -1    1   17   11    0.006930
   -1    1   18   11   -0.002805
   -1    1    1   12    0.146558
   -1    1    2   12    0.009385
   -1    1    3   12    0.012793
   -1    1    4   12    0.026265
   -1    1    5   12   -0.001642
   -1    1    6   12   -0.013102
   -1    1    7   12    0.032127
   -1    1    8   12   -0.051365
   -1    1    9   12   -0.023920
   -1    1   10   12   -0.018798
   -1    1   11   12   -0.002392
   -1    1   12   12    0.032615
   -1    1   13   12    0.039922
   -1    1   14   12   -0.003500
   -1    1   15   12    0.009590
   -1    1   16   12   -0.010192
   -1    1   17   12    0.032077
   -1    1   18   12    0.051853
   -1    1    1   13   -0.007492
   -1    1    2   13    0.008567
   -1    1    3   13    0.027473
   -1    1    4   13   -0.054707
   -1    1    5   13    0.008285
   -1    1    6   13   -0.001170
   -1    1    7   13   -0.042022
   -1    1    8   13   -0.010200
   -1    1    9   13   -0.067685
   -1    1   10   13   -0.069697
   -1    1   11   13    0.002497
   -1    1   12   13   -0.013672
   -1    1   13   13   -0.015678
   -1    1   14   13    0.000767
   -1    1   15   13   -0.003035
   -1    1   16   13    0.034780
   -1    1   17   13   -0.068413
   -1    1   18   13   -0.180070
   -1    1    1   14   -0.002615
   -1    1    2   14    0.001488
   -1    1    3   14   -0.001710
   -1    1    4   14   -0.000032
   -1    1    5   14   -0.000240
   -1    1    6   14   -0.002130
   -1    1    7   14    0.002622
   -1    1    8   14    0.003135
   -1    1    9   14   -0.002952
   -1    1   10   14    0.000995
   -1    1   11   14   -0.000097
   -1    1   12   14    0.004385
   -1    1   13   14   -0.003440
   -1    1   14   14    0.000163
   -1    1   15   14   -0.001075
   -1    1   16   14   -0.000100
   -1    1   17   14   -0.002648
   -1    1   18   14    0.001292
   -1    1    1   15   -0.013798
   -1    1    2   15    0.000660
   -1    1    3   15    0.002492
   -1    1    4   15    0.007667
   -1    1    5   15   -0.000018
   -1    1    6   15   -0.000368
   -1    1    7   15    0.000635
   -1    1    8   15   -0.001730
   -1    1    9   15   -0.012580
   -1    1   10   15   -0.003292
   -1    1   11   15    0.001043
   -1    1   12   15   -0.008892
   -1    1   13   15   -0.001705
   -1    1   14   15   -0.000520
   -1    1   15   15    0.003123
   -1    1   16   15   -0.000932
   -1    1   17   15    0.004912
   -1    1   18   15    0.007228
   -1    1    1   16   -0.031552
   -1    1    2   16   -0.008942
   -1    1    3   16   -0.005785
   -1    1    4   16   -0.016025
   -1    1    5   16    0.001905
   -1    1    6   16    0.015605
   -1    1    7   16   -0.025465
   -1    1    8   16    0.016632
   -1    1    9   16    0.034048
   -1    1   10   16    0.017200
   -1    1   11   16    0.001005
   -1    1   12   16   -0.000218
   -1    1   13   16   -0.005960
   -1    1   14   16    0.003255
   -1    1   15   16   -0.002658
   -1    1   16   16   -0.014953
   -1    1   17   16   -0.004270
   -1    1   18   16   -0.006688
   -1    1    1   17   -0.002605
   -1    1    2   17   -0.000842
   -1    1    3   17   -0.000608
   -1    1    4   17   -0.001515
   -1    1    5   17   -0.000210
   -1    1    6   17    0.000772
   -1    1    7   17    0.002162
   -1    1    8   17    0.000760
   -1    1    9   17    0.005422
   -1    1   10   17    0.000852
   -1    1   11   17   -0.000070
   -1    1   12   17   -0.002327
   -1    1   13   17   -0.000818
   -1    1   14   17    0.000390
   -1    1   15   17   -0.001867
   -1    1   16   17   -0.000992
   -1    1   17   17    0.000000
   -1    1   18   17   -0.007160
   -1    1    1   18   -0.012977
   -1    1    2   18   -0.004015
   -1    1    3   18   -0.000720
   -1    1    4   18   -0.003547
   -1    1    5   18   -0.000295
   -1    1    6   18    0.000355
   -1    1    7   18    0.003328
   -1    1    8   18   -0.002390
   -1    1    9   18    0.024277
   -1    1   10   18    0.006683
   -1    1   11   18    0.000230
   -1    1   12   18    0.000372
   -1    1   13   18    0.008170
   -1    1   14   18    0.002280
   -1    1   15   18   -0.005717
   -1    1   16   18    0.000862
   -1    1   17   18    0.008700
   -1    1   18   18   -0.008828
    0    1    1    1    0.035135
    0    1    2    1    0.002553
    0    1    3    1    0.177022
    0    1    4    1   -0.052178
    0    1    5    1   -0.003178
    0    1    6    1    0.059803
    0    1    7    1   -0.063772
    0    1    8    1   -0.015643
    0    1    9    1   -0.153112
    0    1   10    1   -0.072317
    0    1   11    1    0.000630
    0    1   12    1   -0.042553
    0    1   13    1   -0.018065
    0    1   14    1   -0.012272
    0    1   15    1    0.031345
    0    1   16    1   -0.075375
    0    1   17    1   -0.028175
    0    1   18    1    0.049427
    0    1    1    2    0.060940
    0    1    2    2    0.014350
    0    1    3    2    0.013300
    0    1    4    2   -0.074795
    0    1    5    2    0.027537
    0    1    6    2    0.002172
    0    1    7    2    0.013800
    0    1    8    2   -0.009873
    0    1    9    2   -0.130933
    0    1   10    2   -0.015322
    0    1   11    2    0.004363
    0    1   12    2   -0.003632
    0    1   13    2   -0.000195
    0    1   14    2   -0.006885
    0    1   15    2    0.013805
    0    1   16    2   -0.000845
    0    1   17    2   -0.007187
    0    1   18    2   -0.095212
    0    1    1    3   -0.024655
    0    1    2    3    0.011623
    0    1    3    3   -0.189570
    0    1    4    3   -0.086675
    0    1    5    3    0.015107
    0    1    6    3   -0.033752
    0    1    7    3   -0.010000
    0    1    8    3   -0.062810
    0    1    9    3    0.011692
    0    1   10    3    0.007057
    0    1   11    3    0.000833
    0    1   12    3    0.011860
    0    1   13    3    0.000313
    0    1   14    3    0.018170
    0    1   15    3    0.000510
    0    1   16    3   -0.007922
    0    1   17    3    0.071660
    0    1   18    3    0.017717
    0    1    1    4    0.053477
    0    1    2    4    0.005680
    0    1    3    4    0.264290
    0    1    4    4   -0.099018
    0    1    5    4   -0.008822
    0    1    6    4    0.176700
    0    1    7    4    0.162983
    0    1    8    4    0.068980
    0    1    9    4   -0.063003
    0    1   10    4    0.003467
    0    1   11    4    0.005897
    0    1   12    4   -0.000202
    0    1   13    4   -0.033542
    0    1   14    4    0.014975
    0    1   15    4   -0.013622
    0    1   16    4    0.034387
    0    1   17    4    0.032942
    0    1   18    4   -0.105030
    0    1    1    5    0.009160
    0    1    2    5    0.000272
    0    1    3    5   -0.000700
    0    1    4    5   -0.008462
    0    1    5    5    0.004307
    0    1    6    5    0.000095
    0    1    7    5    0.012905
    0    1    8    5    0.031362
    0    1    9    5    0.001313
    0    1   10    5    0.002200
    0    1   11    5   -0.000145
    0    1   12    5    0.002237
    0    1   13    5   -0.006408
    0    1   14    5   -0.001187
    0    1   15    5   -0.003445
    0    1   16    5   -0.003595
    0    1   17    5   -0.008575
    0    1   18    5    0.000245
    0    1    1    6    0.010857
    0    1    2    6   -0.012682
    0    1    3    6   -0.049885
    0    1    4    6   -0.062973
    0    1    5    6   -0.082240
    0    1    6    6   -0.095448
    0    1    7    6   -0.025048
    0    1    8    6   -0.035255
    0    1    9    6    0.070523
    0    1   10    6   -0.053780
    0    1   11    6   -0.009487
    0    1   12    6    0.005513
    0    1   13    6   -0.004278
    0    1   14    6    0.006177
    0    1   15    6    0.013750
    0    1   16    6   -0.022455
    0    1   17    6    0.012005
    0    1   18    6    0.029940
    0    1    1    7    0.154545
    0    1    2    7   -0.010405
    0    1    3    7   -0.164060
    0    1    4    7   -0.391827
    0    1    5    7   -0.009392
    0    1    6    7   -0.016632
    0    1    7    7    0.095195
    0    1    8    7    0.013812
    0    1    9    7    0.040420
    0    1   10    7   -0.157825
    0    1   11    7    0.000575
    0    1   12    7    0.001750
    0    1   13    7   -0.001302
    0    1   14    7    0.012010
    0    1   15    7   -0.005490
    0    1   16    7    0.021517
    0    1   17    7   -0.004087
    0    1   18    7   -0.334330
    0    1    1    8    0.010790
    0    1    2    8    0.001522
    0    1    3    8    0.010165
    0    1    4    8    0.007410
    0    1    5    8    0.000052
    0    1    6    8    0.001778
    0    1    7    8   -0.003522
    0    1    8    8    0.000735
    0    1    9    8    0.001100
    0    1   10    8   -0.000638
    0    1   11    8    0.000820
    0    1   12    8    0.000712
    0    1   13    8    0.006783
    0    1   14    8    0.000332
    0    1   15    8    0.000543
    0    1   16    8   -0.001812
    0    1   17    8   -0.003472
    0    1   18    8   -0.016440
    0    1    1    9   -0.192128
    0    1    2    9    0.006375
    0    1    3    9    0.132250
    0    1    4    9    0.476525
    0    1    5    9   -0.049853
    0    1    6    9    0.048142
    0    1    7    9   -0.224123
    0    1    8    9   -0.122027
    0    1    9    9   -0.114962
    0    1   10    9    0.126575
    0    1   11    9   -0.001210
    0    1   12    9   -0.039360
    0    1   13    9    0.026003
    0    1   14    9   -0.003307
    0    1   15    9    0.008312
    0    1   16    9    0.018240
    0    1   17    9   -0.006985
    0    1   18    9    0.653845
    0    1    1   10   -0.314587
    0    1    2   10    1.715945
    0    1    3   10    0.016910
    0    1    4   10    0.065080
    0    1    5   10   -0.138107
    0    1    6   10    0.203042
    0    1    7   10   -0.379620
    0    1    8   10   -0.101257
    0    1    9   10    0.740697
    0    1   10   10    0.126855
    0    1   11   10   -0.341150
    0    1   12   10   -0.071133
    0    1   13   10   -0.071950
    0    1   14   10    0.136345
    0    1   15   10   -0.160613
    0    1   16   10   -0.287375
    0    1   17   10   -0.003632
    0    1   18   10    1.125527
    0    1    1   11    0.018847
    0    1    2   11   -0.043458
    0    1    3   11   -0.018462
    0    1    4   11   -0.110280
    0    1    5   11   -0.009930
    0    1    6   11   -0.021427
    0    1    7   11    0.051227
    0    1    8   11    0.143217
    0    1    9   11    0.202687
    0    1   10   11   -0.028470
    0    1   11   11   -0.007567
    0    1   12   11    0.003415
    0    1   13   11   -0.015323
    0    1   14   11   -0.000658
    0    1   15   11   -0.006653
    0    1   16   11    0.007147
    0    1   17   11    0.019027
    0    1   18   11    0.018235
    0    1    1   12    0.147120
    0    1    2   12   -0.008578
    0    1    3   12    0.082102
    0    1    4   12    0.262200
    0    1    5   12   -0.149753
    0    1    6   12   -0.083602
    0    1    7   12   -0.415650
    0    1    8   12   -0.231142
    0    1    9   12   -0.117005
    0    1   10   12    0.054255
    0    1   11   12   -0.015752
    0    1   12   12   -0.175630
    0    1   13   12    0.028280
    0    1   14   12   -0.025760
    0    1   15   12    0.058017
    0    1   16   12   -0.020037
    0    1   17   12    0.014823
    0    1   18   12   -0.069282
    0    1    1   13   -0.140977
    0    1    2   13   -0.114280
    0    1    3   13    0.031195
    0    1    4   13    0.274435
    0    1    5   13   -0.096887
    0    1    6   13    0.113032
    0    1    7   13   -0.040935
    0    1    8   13    0.066822
    0    1    9   13    0.755875
    0    1   10   13   -0.054517
    0    1   11   13   -0.008887
    0    1   12   13   -0.056692
    0    1   13   13    0.094672
    0    1   14   13    0.044332
    0    1   15   13   -0.056635
    0    1   16   13   -0.077913
    0    1   17   13   -0.006932
    0    1   18   13   -0.028510
    0    1    1   14    0.005602
    0    1    2   14    0.009570
    0    1    3   14    0.018523
    0    1    4   14    0.009047
    0    1    5   14    0.017820
    0    1    6   14    0.004792
    0    1    7   14   -0.009222
    0    1    8   14   -0.034037
    0    1    9   14   -0.020282
    0    1   10   14    0.007360
    0    1   11   14    0.005535
    0    1   12   14    0.000832
    0    1   13   14    0.004795
    0    1   14   14   -0.001010
    0    1   15   14   -0.000990
    0    1   16   14    0.000460
    0    1   17   14    0.024155
    0    1   18   14   -0.077442
    0    1    1   15   -0.137842
    0    1    2   15   -0.006477
    0    1    3   15   -0.098760
    0    1    4   15    0.481862
    0    1    5   15    0.001102
    0    1    6   15    0.047190
    0    1    7   15   -0.183110
    0    1    8   15   -0.029300
    0    1    9   15   -0.047633
    0    1   10   15    0.044035
    0    1   11   15    0.000802
    0    1   12   15   -0.028830
    0    1   13   15   -0.031622
    0    1   14   15   -0.016210
    0    1   15   15   -0.042520
    0    1   16   15   -0.037200
    0    1   17   15    0.001373
    0    1   18   15    0.060732
    0    1    1   16    0.117735
    0    1    2   16   -0.000593
    0    1    3   16   -0.225250
    0    1    4   16   -0.215950
    0    1    5   16   -0.030855
    0    1    6   16    0.044852
    0    1    7   16    0.237680
    0    1    8   16    0.140115
    0    1    9   16   -0.014447
    0    1   10   16   -0.044710
    0    1   11   16    0.006030
    0    1   12   16    0.055645
    0    1   13   16    0.020985
    0    1   14   16    0.007100
    0    1   15   16   -0.060030
    0    1   16   16    0.066990
    0    1   17   16    0.005043
    0    1   18   16   -0.200237
    0    1    1   17   -0.004967
    0    1    2   17   -0.004507
    0    1    3   17    0.023223
    0    1    4   17    0.016495
    0    1    5   17   -0.002700
    0    1    6   17    0.012182
    0    1    7   17    0.003762
    0    1    8   17    0.017800
    0    1    9   17    0.009633
    0    1   10   17   -0.004095
    0    1   11   17   -0.000392
    0    1   12   17   -0.003340
    0    1   13   17   -0.001823
    0    1   14   17   -0.003965
    0    1   15   17    0.001432
    0    1   16   17   -0.001922
    0    1   17   17    0.006375
    0    1   18   17   -0.011895
    0    1    1   18   -0.037632
    0    1    2   18   -0.009705
    0    1    3   18    0.034333
    0    1    4   18    0.004890
    0    1    5   18    0.009770
    0    1    6   18    0.004967
    0    1    7   18    0.026407
    0    1    8   18   -0.058187
    0    1    9   18   -0.000122
    0    1   10   18   -0.000043
    0    1   11   18   -0.001312
    0    1   12   18    0.011602
    0    1   13   18   -0.012955
    0    1   14   18   -0.012505
    0    1   15   18    0.000300
    0    1   16   18    0.027165
    0    1   17   18    0.066010
    0    1   18   18    0.088995
    1    1    1    1   -0.093925
    1    1    2    1    0.040307
    1    1    3    1    0.024920
    1    1    4    1    0.025827
    1    1    5    1    0.014070
    1    1    6    1   -0.068650
    1    1    7    1   -0.080488
    1    1    8    1   -0.010472
    1    1    9    1   -0.055977
    1    1   10    1    0.047225
    1    1   11    1    0.004635
    1    1   12    1    0.039545
    1    1   13    1   -0.016943
    1    1   14    1    0.015575
    1    1   15    1    0.013395
    1    1   16    1    0.086742
    1    1   17    1    0.008837
    1    1   18    1   -0.023053
    1    1    1    2   -0.006627
    1    1    2    2   -0.020060
    1    1    3    2    0.012455
    1    1    4    2    0.016753
    1    1    5    2   -0.000230
    1    1    6    2    0.072682
    1    1    7    2   -0.000845
    1    1    8    2    0.000058
    1    1    9    2    0.023057
    1    1   10    2   -0.015365
    1    1   11    2    0.000102
    1    1   12    2   -0.054400
    1    1   13    2   -0.014953
    1    1   14    2   -0.001210
    1    1   15    2    0.015580
    1    1   16    2   -0.043612
    1    1   17    2   -0.002887
    1    1   18    2   -0.009463
    1    1    1    3    0.040167
    1    1    2    3    0.068822
    1    1    3    3   -0.059480
    1    1    4    3    0.100020
    1    1    5    3   -0.034822
    1    1    6    3   -0.475275
    1    1    7    3    0.019318
    1    1    8    3   -0.016035
    1    1    9    3    0.077495
    1    1   10    3    0.113080
    1    1   11    3   -0.025640
    1    1   12    3    0.036937
    1    1   13    3   -0.025063
    1    1   14    3    0.019340
    1    1   15    3    0.011593
    1    1   16    3   -0.035022
    1    1   17    3    0.025227
    1    1   18    3    0.055637
    1    1    1    4    0.024450
    1    1    2    4   -0.042487
    1    1    3    4   -0.030970
    1    1    4    4   -0.276877
    1    1    5    4   -0.041855
    1    1    6    4    0.999177
    1    1    7    4    0.120145
    1    1    8    4    0.001190
    1    1    9    4    0.114715
    1    1   10    4   -0.111090
    1    1   11    4    0.003042
    1    1   12    4   -0.039007
    1    1   13    4    0.071395
    1    1   14    4    0.016765
    1    1   15    4   -0.003965
    1    1   16    4    0.052092
    1    1   17    4   -0.005947
    1    1   18    4   -0.165552
    1    1    1    5    0.012190
    1    1    2    5    0.006415
    1    1    3    5    0.010617
    1    1    4    5   -0.001133
    1    1    5    5    0.008188
    1    1    6    5    0.039502
    1    1    7    5   -0.006098
    1    1    8    5    0.004175
    1    1    9    5   -0.009022
    1    1   10    5   -0.003757
    1    1   11    5   -0.002315
    1    1   12    5   -0.011512
    1    1   13    5    0.005260
    1    1   14    5    0.000355
    1    1   15    5    0.000807
    1    1   16    5   -0.012397
    1    1   17    5   -0.001865
    1    1   18    5   -0.005510
    1    1    1    6    0.032965
    1    1    2    6    0.048305
    1    1    3    6   -0.031550
    1    1    4    6   -0.001897
    1    1    5    6    0.001947
    1    1    6    6   -0.095855
    1    1    7    6    0.018922
    1    1    8    6   -0.000592
    1    1    9    6   -0.035842
    1    1   10    6   -0.029115
    1    1   11    6   -0.002255
    1    1   12    6    0.093900
    1    1   13    6    0.029762
    1    1   14    6   -0.000207
    1    1   15    6    0.008505
    1    1   16    6   -0.008225
    1    1   17    6    0.010705
    1    1   18    6    0.016460
    1    1    1    7   -0.099602
    1    1    2    7    0.000720
    1    1    3    7    0.024900
    1    1    4    7   -0.016145
    1    1    5    7   -0.004953
    1    1    6    7    0.044475
    1    1    7    7    0.137882
    1    1    8    7   -0.008037
    1    1    9    7   -0.037772
    1    1   10    7   -0.089825
    1    1   11    7   -0.001497
    1    1   12    7   -0.008955
    1    1   13    7    0.011752
    1    1   14    7    0.002605
    1    1   15    7    0.037468
    1    1   16    7   -0.017762
    1    1   17    7    0.002147
    1    1   18    7    0.018637
    1    1    1    8   -0.005815
    1    1    2    8   -0.009897
    1    1    3    8    0.019987
    1    1    4    8    0.015822
    1    1    5    8   -0.006543
    1    1    6    8    0.007117
    1    1    7    8   -0.020645
    1    1    8    8   -0.010120
    1    1    9    8    0.001142
    1    1   10    8   -0.001330
    1    1   11    8    0.001920
    1    1   12    8   -0.018075
    1    1   13    8    0.019775
    1    1   14    8    0.001090
    1    1   15    8   -0.001897
    1    1   16    8    0.005010
    1    1   17    8   -0.004347
    1    1   18    8   -0.017135
    1    1    1    9   -0.020617
    1    1    2    9    0.020945
    1    1    3    9    0.045200
    1    1    4    9   -0.005220
    1    1    5    9    0.002257
    1    1    6    9   -0.132785
    1    1    7    9   -0.060065
    1    1    8    9   -0.008885
    1    1    9    9   -0.094447
    1    1   10    9    0.088982
    1    1   11    9    0.010190
    1    1   12    9    0.087828
    1    1   13    9    0.116363
    1    1   14    9    0.006313
    1    1   15    9   -0.071075
    1    1   16    9    0.233290
    1    1   17    9   -0.003325
    1    1   18    9   -0.002482
    1    1    1   10    0.076857
    1    1    2   10    0.019683
    1    1    3   10   -0.014700
    1    1    4   10   -0.250732
    1    1    5   10   -0.003093
    1    1    6   10    0.066370
    1    1    7   10   -0.053890
    1    1    8   10    0.001305
    1    1    9   10   -0.043655
    1    1   10   10    0.117792
    1    1   11   10    0.002953
    1    1   12   10    0.018633
    1    1   13   10   -0.209317
    1    1   14   10    0.000630
    1    1   15   10    0.047475
    1    1   16   10   -0.065125
    1    1   17   10   -0.010605
    1    1   18   10    0.005927
    1    1    1   11   -0.006887
    1    1    2   11   -0.033777
    1    1    3   11    0.002432
    1    1    4   11   -0.033892
    1    1    5   11    0.003302
    1    1    6   11   -0.083538
    1    1    7   11    0.022942
    1    1    8   11   -0.000828
    1    1    9   11   -0.004382
    1    1   10   11   -0.028745
    1    1   11   11    0.001975
    1    1   12   11   -0.031223
    1    1   13   11    0.039695
    1    1   14   11   -0.001517
    1    1   15   11    0.018683
    1    1   16   11   -0.008068
    1    1   17   11   -0.000955
    1    1   18   11   -0.024447
    1    1    1   12   -0.019370
    1    1    2   12   -0.037685
    1    1    3   12    0.021020
    1    1    4   12    0.035565
    1    1    5   12    0.019525
    1    1    6   12   -0.324093
    1    1    7   12   -0.072670
    1    1    8   12   -0.001988
    1    1    9   12    0.009912
    1    1   10   12    0.015970
    1    1   11   12    0.005380
    1    1   12   12   -0.233052
    1    1   13   12   -0.106495
    1    1   14   12   -0.004202
    1    1   15   12    0.006495
    1    1   16   12   -0.065750
    1    1   17   12   -0.007610
    1    1   18   12   -0.004697
    1    1    1   13   -0.008142
    1    1    2   13   -0.004520
    1    1    3   13    0.002672
    1    1    4   13   -0.067532
    1    1    5   13   -0.004100
    1    1    6   13   -0.030127
    1    1    7   13   -0.003997
    1    1    8   13    0.001632
    1    1    9   13    0.054367
    1    1   10   13    0.043610
    1    1   11   13   -0.001498
    1    1   12   13    0.029975
    1    1   13   13    0.104222
    1    1   14   13    0.001383
    1    1   15   13   -0.039375
    1    1   16   13    0.027443
    1    1   17   13    0.003700
    1    1   18   13   -0.002890
    1    1    1   14    0.007598
    1    1    2   14   -0.073362
    1    1    3   14    0.025535
    1    1    4   14   -0.014003
    1    1    5   14   -0.004873
    1    1    6   14    0.006172
    1    1    7   14    0.012432
    1    1    8   14   -0.004018
    1    1    9   14    0.038497
    1    1   10   14   -0.023477
    1    1   11   14    0.013565
    1    1   12   14   -0.044885
    1    1   13   14    0.033328
    1    1   14   14   -0.007243
    1    1   15   14    0.008680
    1    1   16   14   -0.004187
    1    1   17   14   -0.007302
    1    1   18   14   -0.059582
    1    1    1   15    0.089257
    1    1    2   15    0.033118
    1    1    3   15   -0.194758
    1    1    4   15   -0.003722
    1    1    5   15   -0.009735
    1    1    6   15   -0.127767
    1    1    7   15   -0.034605
    1    1    8   15    0.013425
    1    1    9   15    0.042142
    1    1   10   15    0.038670
    1    1   11   15    0.001145
    1    1   12   15    0.019205
    1    1   13   15    0.084295
    1    1   14   15   -0.000702
    1    1   15   15   -0.083125
    1    1   16   15   -0.051150
    1    1   17   15   -0.000490
    1    1   18   15   -0.006380
    1    1    1   16   -0.039315
    1    1    2   16    0.011145
    1    1    3   16   -0.004082
    1    1    4   16    0.038823
    1    1    5   16   -0.020152
    1    1    6   16    0.910582
    1    1    7   16    0.157640
    1    1    8   16    0.003787
    1    1    9   16   -0.056588
    1    1   10   16   -0.070200
    1    1   11   16    0.003540
    1    1   12   16    0.034867
    1    1   13   16    0.109965
    1    1   14   16   -0.003205
    1    1   15   16    0.010845
    1    1   16   16    0.045505
    1    1   17   16    0.005585
    1    1   18   16    0.024860
    1    1    1   17    0.005988
    1    1    2   17   -0.001297
    1    1    3   17    0.014485
    1    1    4   17   -0.049105
    1    1    5   17    0.074110
    1    1    6   17    0.062405
    1    1    7   17    0.020868
    1    1    8   17    0.042245
    1    1    9   17   -0.142717
    1    1   10   17   -0.017372
    1    1   11   17    0.011645
    1    1   12   17   -0.018582
    1    1   13   17   -0.026630
    1    1   14   17   -0.018372
    1    1   15   17    0.007635
    1    1   16   17   -0.004525
    1    1   17   17   -0.003345
    1    1   18   17    0.026407
    1    1    1   18    0.057090
    1    1    2   18   -0.053535
    1    1    3   18   -0.010552
    1    1    4   18   -0.000773
    1    1    5   18   -0.009665
    1    1    6   18    0.019900
    1    1    7   18   -0.016540
    1    1    8   18    0.004858
    1    1    9   18    0.011145
    1    1   10   18   -0.021585
    1    1   11   18    0.010825
    1    1   12   18   -0.008750
    1    1   13   18   -0.117367
    1    1   14   18   -0.040967
    1    1   15   18    0.033092
    1    1   16   18   -0.052930
    1    1   17   18    0.004340
    1    1   18   18    0.132480
