 ir1  ir2   m    n          ReH 
   -1   -1    1    1    0.096240
   -1   -1    2    1   -0.011785
   -1   -1    3    1   -0.012750
   -1   -1    4    1    0.003402
   -1   -1    5    1    0.005997
   -1   -1    6    1    0.010170
   -1   -1    7    1   -0.047045
   -1   -1    8    1   -0.000345
   -1   -1    9    1   -0.057262
   -1   -1   10    1    0.079747
   -1   -1   11    1    0.010070
   -1   -1   12    1   -0.037855
   -1   -1   13    1   -0.056695
   -1   -1   14    1   -0.008627
   -1   -1   15    1   -0.027178
   -1   -1   16    1    0.040695
   -1   -1   17    1   -0.000583
   -1   -1   18    1   -0.007460
   -1   -1    1    2   -0.007168
   -1   -1    2    2   -0.008255
   -1   -1    3    2   -0.033907
   -1   -1    4    2    0.016577
   -1   -1    5    2    0.011477
   -1   -1    6    2   -0.008407
   -1   -1    7    2    0.022580
   -1   -1    8    2   -0.012865
   -1   -1    9    2    0.047150
   -1   -1   10    2   -0.217540
   -1   -1   11    2   -0.017120
   -1   -1   12    2    0.007855
   -1   -1   13    2   -0.043870
   -1   -1   14    2    0.061443
   -1   -1   15    2    0.021313
   -1   -1   16    2    0.036962
   -1   -1   17    2    0.037280
   -1   -1   18    2   -0.027240
   -1   -1    1    3   -0.060577
   -1   -1    2    3    0.001708
   -1   -1    3    3   -0.388508
   -1   -1    4    3    0.000030
   -1   -1    5    3    0.004742
   -1   -1    6    3    0.237045
   -1   -1    7    3    0.003420
   -1   -1    8    3    0.002960
   -1   -1    9    3    0.024392
   -1   -1   10    3    0.086760
   -1   -1   11    3   -0.000493
   -1   -1   12    3   -0.379710
   -1   -1   13    3   -0.369563
   -1   -1   14    3   -0.028442
   -1   -1   15    3    0.027475
   -1   -1   16    3   -0.040933
   -1   -1   17    3    0.005958
   -1   -1   18    3    0.018200
   -1   -1    1    4   -0.029417
   -1   -1    2    4    0.026333
   -1   -1    3    4   -0.069562
   -1   -1    4    4   -0.029962
   -1   -1    5    4   -0.038357
   -1   -1    6    4    0.015960
   -1   -1    7    4   -0.023393
   -1   -1    8    4    0.043890
   -1   -1    9    4   -0.155492
   -1   -1   10    4    0.081330
   -1   -1   11    4   -0.164200
   -1   -1   12    4   -0.012480
   -1   -1   13    4    0.090665
   -1   -1   14    4   -0.175510
   -1   -1   15    4   -0.051947
   -1   -1   16    4   -0.075838
   -1   -1   17    4    0.027365
   -1   -1   18    4    0.072037
   -1   -1    1    5    0.012847
   -1   -1    2    5    0.016902
   -1   -1    3    5    0.091185
   -1   -1    4    5    0.001547
   -1   -1    5    5   -0.014373
   -1   -1    6    5   -0.050612
   -1   -1    7    5   -0.016875
   -1   -1    8    5   -0.003300
   -1   -1    9    5    0.001258
   -1   -1   10    5   -0.067020
   -1   -1   11    5   -0.007877
   -1   -1   12    5    0.095172
   -1   -1   13    5    0.193855
   -1   -1   14    5    0.065822
   -1   -1   15    5   -0.044770
   -1   -1   16    5   -0.037157
   -1   -1   17    5    0.005723
   -1   -1   18    5    0.015222
   -1   -1    1    6   -0.174857
   -1   -1    2    6   -0.025955
   -1   -1    3    6    0.254915
   -1   -1    4    6   -0.000973
   -1   -1    5    6    0.076743
   -1   -1    6    6   -0.266227
   -1   -1    7    6   -0.008140
   -1   -1    8    6    0.004970
   -1   -1    9    6    0.007780
   -1   -1   10    6    0.518555
   -1   -1   11    6    0.092700
   -1   -1   12    6    0.336110
   -1   -1   13    6   -0.483548
   -1   -1   14    6   -0.144212
   -1   -1   15    6    0.076122
   -1   -1   16    6    0.012892
   -1   -1   17    6   -0.124662
   -1   -1   18    6   -0.254232
   -1   -1    1    7   -0.094812
   -1   -1    2    7    0.000685
   -1   -1    3    7    0.058558
   -1   -1    4    7    0.018567
   -1   -1    5    7    0.048160
   -1   -1    6    7    0.046768
   -1   -1    7    7    0.033942
   -1   -1    8    7    0.020957
   -1   -1    9    7   -0.222630
   -1   -1   10    7   -0.182218
   -1   -1   11    7    0.082047
   -1   -1   12    7   -0.010203
   -1   -1   13    7   -0.188075
   -1   -1   14    7   -0.051393
   -1   -1   15    7    0.101462
   -1   -1   16    7   -0.039273
   -1   -1   17    7   -0.050888
   -1   -1   18    7    0.519332
   -1   -1    1    8    0.014407
   -1   -1    2    8    0.008908
   -1   -1    3    8    0.007972
   -1   -1    4    8   -0.000262
   -1   -1    5    8   -0.011388
   -1   -1    6    8   -0.004275
   -1   -1    7    8   -0.003193
   -1   -1    8    8    0.005952
   -1   -1    9    8   -0.010782
   -1   -1   10    8    0.017128
   -1   -1   11    8   -0.006095
   -1   -1   12    8    0.002685
   -1   -1   13    8    0.000555
   -1   -1   14    8    0.017545
   -1   -1   15    8   -0.031672
   -1   -1   16    8   -0.048980
   -1   -1   17    8   -0.017507
   -1   -1   18    8    0.019085
   -1   -1    1    9    0.018942
   -1   -1    2    9    0.028557
   -1   -1    3    9   -0.141365
   -1   -1    4    9   -0.029987
   -1   -1    5    9    0.005368
   -1   -1    6    9    0.126855
   -1   -1    7    9   -0.005170
   -1   -1    8    9   -0.009262
   -1   -1    9    9    0.101752
   -1   -1   10    9    0.066910
   -1   -1   11    9   -0.017960
   -1   -1   12    9   -0.167095
   -1   -1   13    9   -0.506832
   -1   -1   14    9   -0.023725
   -1   -1   15    9   -0.135378
   -1   -1   16    9   -0.071695
   -1   -1   17    9    0.010387
   -1   -1   18    9   -0.313575
   -1   -1    1   10    0.043760
   -1   -1    2   10   -0.065052
   -1   -1    3   10   -0.029728
   -1   -1    4   10    0.072905
   -1   -1    5   10   -0.000440
   -1   -1    6   10   -0.011395
   -1   -1    7   10   -0.009298
   -1   -1    8   10    0.035803
   -1   -1    9   10    0.089295
   -1   -1   10   10   -0.187512
   -1   -1   11   10    0.087835
   -1   -1   12   10   -0.065020
   -1   -1   13   10   -0.003453
   -1   -1   14   10    0.100333
   -1   -1   15   10    0.094715
   -1   -1   16   10    0.045580
   -1   -1   17   10   -0.018388
   -1   -1   18   10   -0.022652
   -1   -1    1   11    0.003600
   -1   -1    2   11    0.004962
   -1   -1    3   11    0.009915
   -1   -1    4   11   -0.003222
   -1   -1    5   11   -0.006247
   -1   -1    6   11    0.001992
   -1   -1    7   11   -0.010135
   -1   -1    8   11    0.007140
   -1   -1    9   11   -0.018152
   -1   -1   10   11    0.083557
   -1   -1   11   11   -0.003910
   -1   -1   12   11   -0.034042
   -1   -1   13   11    0.012747
   -1   -1   14   11   -0.009032
   -1   -1   15   11   -0.003442
   -1   -1   16   11   -0.023123
   -1   -1   17   11   -0.008590
   -1   -1   18   11    0.016780
   -1   -1    1   12   -0.022887
   -1   -1    2   12   -0.009237
   -1   -1    3   12   -0.013915
   -1   -1    4   12   -0.011180
   -1   -1    5   12    0.013020
   -1   -1    6   12   -0.005660
   -1   -1    7   12    0.026915
   -1   -1    8   12    0.005330
   -1   -1    9   12    0.044722
   -1   -1   10   12   -0.033575
   -1   -1   11   12   -0.003812
   -1   -1   12   12   -0.084448
   -1   -1   13   12   -0.112160
   -1   -1   14   12   -0.006625
   -1   -1   15   12    0.014282
   -1   -1   16   12   -0.009505
   -1   -1   17   12    0.005443
   -1   -1   18   12   -0.055187
   -1   -1    1   13   -0.146127
   -1   -1    2   13   -0.006620
   -1   -1    3   13    0.076088
   -1   -1    4   13    0.014812
   -1   -1    5   13    0.029265
   -1   -1    6   13   -0.030490
   -1   -1    7   13    0.006362
   -1   -1    8   13    0.006252
   -1   -1    9   13    0.026605
   -1   -1   10   13   -0.142485
   -1   -1   11   13   -0.045027
   -1   -1   12   13   -0.016217
   -1   -1   13   13   -0.394945
   -1   -1   14   13    0.000517
   -1   -1   15   13    0.022000
   -1   -1   16   13   -0.034767
   -1   -1   17   13   -0.006852
   -1   -1   18   13    0.005627
   -1   -1    1   14   -0.009847
   -1   -1    2   14    0.009705
   -1   -1    3   14    0.016977
   -1   -1    4   14   -0.009360
   -1   -1    5   14    0.010205
   -1   -1    6   14    0.002335
   -1   -1    7   14   -0.006713
   -1   -1    8   14    0.000283
   -1   -1    9   14   -0.013757
   -1   -1   10   14    0.015467
   -1   -1   11   14    0.003040
   -1   -1   12   14   -0.004865
   -1   -1   13   14    0.004357
   -1   -1   14   14   -0.015995
   -1   -1   15   14   -0.003182
   -1   -1   16   14   -0.020820
   -1   -1   17   14   -0.000850
   -1   -1   18   14    0.037558
   -1   -1    1   15    0.016117
   -1   -1    2   15    0.029660
   -1   -1    3   15    0.042985
   -1   -1    4   15   -0.008760
   -1   -1    5   15   -0.006808
   -1   -1    6   15    0.010055
   -1   -1    7   15    0.033950
   -1   -1    8   15   -0.012673
   -1   -1    9   15   -0.028610
   -1   -1   10   15   -0.015940
   -1   -1   11   15   -0.047730
   -1   -1   12   15   -0.030285
   -1   -1   13   15    0.081393
   -1   -1   14   15   -0.021367
   -1   -1   15   15   -0.073072
   -1   -1   16   15   -0.038955
   -1   -1   17   15    0.000300
   -1   -1   18   15   -0.002873
   -1   -1    1   16   -0.087265
   -1   -1    2   16   -0.004970
   -1   -1    3   16    0.083087
   -1   -1    4   16   -0.005110
   -1   -1    5   16    0.007430
   -1   -1    6   16   -0.205685
   -1   -1    7   16   -0.034625
   -1   -1    8   16   -0.003265
   -1   -1    9   16   -0.040003
   -1   -1   10   16    0.232555
   -1   -1   11   16    0.058585
   -1   -1   12   16    0.365432
   -1   -1   13   16    0.844047
   -1   -1   14   16   -0.034817
   -1   -1   15   16   -0.032842
   -1   -1   16   16    0.085278
   -1   -1   17   16   -0.026033
   -1   -1   18   16    0.055385
   -1   -1    1   17    0.009425
   -1   -1    2   17   -0.018630
   -1   -1    3   17    0.037875
   -1   -1    4   17    0.017063
   -1   -1    5   17    0.010925
   -1   -1    6   17    0.003065
   -1   -1    7   17    0.002127
   -1   -1    8   17    0.004930
   -1   -1    9   17    0.010318
   -1   -1   10   17    0.167882
   -1   -1   11   17    0.079110
   -1   -1   12   17   -0.126515
   -1   -1   13   17    0.071575
   -1   -1   14   17    0.018493
   -1   -1   15   17    0.024055
   -1   -1   16   17   -0.009067
   -1   -1   17   17   -0.006185
   -1   -1   18   17   -0.029302
   -1   -1    1   18   -0.000172
   -1   -1    2   18   -0.038977
   -1   -1    3   18   -0.020188
   -1   -1    4   18    0.030982
   -1   -1    5   18    0.020155
   -1   -1    6   18    0.011065
   -1   -1    7   18    0.013882
   -1   -1    8   18    0.016480
   -1   -1    9   18    0.040022
   -1   -1   10   18   -0.031655
   -1   -1   11   18    0.041287
   -1   -1   12   18   -0.014717
   -1   -1   13   18   -0.042918
   -1   -1   14   18    0.037137
   -1   -1   15   18    0.026390
   -1   -1   16   18    0.024528
   -1   -1   17   18    0.011612
   -1   -1   18   18   -0.085092
    0   -1    1    1    0.104552
    0   -1    2    1    0.006202
    0   -1    3    1    0.641202
    0   -1    4    1    0.021692
    0   -1    5    1   -0.030317
    0   -1    6    1   -0.184465
    0   -1    7    1   -0.056883
    0   -1    8    1   -0.022500
    0   -1    9    1   -0.139725
    0   -1   10    1   -0.131422
    0   -1   11    1    0.012600
    0   -1   12    1    0.119740
    0   -1   13    1    2.181847
    0   -1   14    1    0.071840
    0   -1   15    1   -0.000633
    0   -1   16    1    0.146410
    0   -1   17    1    0.010123
    0   -1   18    1    0.187892
    0   -1    1    2   -0.006697
    0   -1    2    2   -0.054715
    0   -1    3    2    0.013902
    0   -1    4    2    0.038160
    0   -1    5    2    0.006625
    0   -1    6    2    0.013962
    0   -1    7    2    0.031162
    0   -1    8    2    0.002930
    0   -1    9    2    0.082307
    0   -1   10    2    1.178567
    0   -1   11    2    0.027507
    0   -1   12    2   -0.762087
    0   -1   13    2    0.131745
    0   -1   14    2    0.014783
    0   -1   15    2    0.003835
    0   -1   16    2    0.048345
    0   -1   17    2    0.005950
    0   -1   18    2   -0.050857
    0   -1    1    3   -0.089978
    0   -1    2    3   -0.011410
    0   -1    3    3   -0.114687
    0   -1    4    3    0.031600
    0   -1    5    3    0.041915
    0   -1    6    3   -0.019702
    0   -1    7    3    0.045632
    0   -1    8    3   -0.005465
    0   -1    9    3   -0.052587
    0   -1   10    3    0.087000
    0   -1   11    3    0.000607
    0   -1   12    3   -0.454823
    0   -1   13    3   -0.374520
    0   -1   14    3   -0.011340
    0   -1   15    3    0.102022
    0   -1   16    3   -0.069945
    0   -1   17    3    0.015062
    0   -1   18    3    0.256827
    0   -1    1    4   -0.124880
    0   -1    2    4    0.039427
    0   -1    3    4    0.094768
    0   -1    4    4   -0.040735
    0   -1    5    4   -0.001405
    0   -1    6    4    0.019525
    0   -1    7    4   -0.008935
    0   -1    8    4   -0.013035
    0   -1    9    4   -0.707712
    0   -1   10    4   -2.258202
    0   -1   11    4    0.209320
    0   -1   12    4   -0.169127
    0   -1   13    4    0.033740
    0   -1   14    4    0.057297
    0   -1   15    4    0.517053
    0   -1   16    4    0.026465
    0   -1   17    4   -0.157912
    0   -1   18    4    0.928730
    0   -1    1    5    0.037573
    0   -1    2    5    0.049423
    0   -1    3    5   -0.085800
    0   -1    4    5    0.000052
    0   -1    5    5   -0.019852
    0   -1    6    5    0.017800
    0   -1    7    5    0.003890
    0   -1    8    5   -0.001348
    0   -1    9    5   -0.038340
    0   -1   10    5   -0.470562
    0   -1   11    5   -0.079140
    0   -1   12    5    0.598415
    0   -1   13    5   -0.450045
    0   -1   14    5   -0.021992
    0   -1   15    5   -0.393592
    0   -1   16    5   -0.055940
    0   -1   17    5    0.081850
    0   -1   18    5    0.044937
    0   -1    1    6   -0.018322
    0   -1    2    6    0.010478
    0   -1    3    6   -0.051193
    0   -1    4    6    0.013462
    0   -1    5    6    0.007208
    0   -1    6    6   -0.036338
    0   -1    7    6   -0.093927
    0   -1    8    6    0.001850
    0   -1    9    6   -0.065885
    0   -1   10    6    0.037200
    0   -1   11    6   -0.012963
    0   -1   12    6    0.871940
    0   -1   13    6   -0.292940
    0   -1   14    6    0.017317
    0   -1   15    6    0.046560
    0   -1   16    6   -0.066752
    0   -1   17    6    0.008692
    0   -1   18    6    0.031413
    0   -1    1    7    0.004000
    0   -1    2    7   -0.001255
    0   -1    3    7   -0.093682
    0   -1    4    7   -0.004410
    0   -1    5    7    0.016410
    0   -1    6    7    0.057985
    0   -1    7    7   -0.071285
    0   -1    8    7    0.004135
    0   -1    9    7    0.024375
    0   -1   10    7   -0.017587
    0   -1   11    7   -0.002772
    0   -1   12    7    2.356282
    0   -1   13    7   -1.424670
    0   -1   14    7   -0.034337
    0   -1   15    7   -0.000513
    0   -1   16    7   -0.033337
    0   -1   17    7    0.002478
    0   -1   18    7   -0.059365
    0   -1    1    8    0.018975
    0   -1    2    8    0.030257
    0   -1    3    8   -0.023612
    0   -1    4    8   -0.072337
    0   -1    5    8   -0.014603
    0   -1    6    8    0.073390
    0   -1    7    8    0.014045
    0   -1    8    8    0.000197
    0   -1    9    8    0.018495
    0   -1   10    8    0.048082
    0   -1   11    8   -0.194392
    0   -1   12    8    0.459742
    0   -1   13    8    0.087177
    0   -1   14    8   -0.098433
    0   -1   15    8   -0.126937
    0   -1   16    8    0.035360
    0   -1   17    8   -0.035095
    0   -1   18    8   -0.081797
    0   -1    1    9    0.021837
    0   -1    2    9    0.057755
    0   -1    3    9    0.168673
    0   -1    4    9    0.004625
    0   -1    5    9   -0.029692
    0   -1    6    9   -0.036795
    0   -1    7    9   -0.058133
    0   -1    8    9   -0.018257
    0   -1    9    9   -0.139118
    0   -1   10    9   -1.468475
    0   -1   11    9   -0.132538
    0   -1   12    9    1.847938
    0   -1   13    9    1.046010
    0   -1   14    9   -0.096757
    0   -1   15    9   -0.933777
    0   -1   16    9   -0.039512
    0   -1   17    9    0.175375
    0   -1   18    9    0.167158
    0   -1    1   10    0.051063
    0   -1    2   10   -0.049268
    0   -1    3   10   -0.008967
    0   -1    4   10    0.083517
    0   -1    5   10   -0.008333
    0   -1    6   10    0.033055
    0   -1    7   10   -0.031615
    0   -1    8   10    0.023762
    0   -1    9   10    0.010790
    0   -1   10   10   -0.405445
    0   -1   11   10    0.053402
    0   -1   12   10    0.113885
    0   -1   13   10    0.113627
    0   -1   14   10    0.081045
    0   -1   15   10    0.092165
    0   -1   16   10    0.060213
    0   -1   17   10   -0.009570
    0   -1   18   10    0.083502
    0   -1    1   11    0.008207
    0   -1    2   11    0.019565
    0   -1    3   11   -0.004337
    0   -1    4   11   -0.012218
    0   -1    5   11   -0.001675
    0   -1    6   11   -0.001830
    0   -1    7   11   -0.011597
    0   -1    8   11   -0.000385
    0   -1    9   11   -0.028025
    0   -1   10   11   -0.248255
    0   -1   11   11   -0.005183
    0   -1   12   11    0.046955
    0   -1   13   11   -0.003535
    0   -1   14   11   -0.002190
    0   -1   15   11    0.043455
    0   -1   16   11   -0.020930
    0   -1   17   11   -0.008097
    0   -1   18   11    0.011575
    0   -1    1   12   -0.048245
    0   -1    2   12   -0.006578
    0   -1    3   12    0.016307
    0   -1    4   12   -0.001077
    0   -1    5   12    0.004115
    0   -1    6   12    0.004325
    0   -1    7   12    0.026062
    0   -1    8   12   -0.000175
    0   -1    9   12    0.009252
    0   -1   10   12   -0.008597
    0   -1   11   12    0.003083
    0   -1   12   12   -0.068255
    0   -1   13   12   -0.029173
    0   -1   14   12   -0.003955
    0   -1   15   12    0.011540
    0   -1   16   12    0.007817
    0   -1   17   12   -0.003517
    0   -1   18   12   -0.004032
    0   -1    1   13   -0.124440
    0   -1    2   13   -0.001497
    0   -1    3   13    0.095855
    0   -1    4   13    0.013650
    0   -1    5   13   -0.004192
    0   -1    6   13    0.010985
    0   -1    7   13    0.050505
    0   -1    8   13   -0.009290
    0   -1    9   13    0.042067
    0   -1   10   13   -0.087372
    0   -1   11   13    0.007085
    0   -1   12   13   -0.123298
    0   -1   13   13   -0.261122
    0   -1   14   13    0.026783
    0   -1   15   13    0.062208
    0   -1   16   13    0.023920
    0   -1   17   13   -0.011967
    0   -1   18   13    0.033828
    0   -1    1   14   -0.039712
    0   -1    2   14    0.007143
    0   -1    3   14   -0.003222
    0   -1    4   14   -0.008653
    0   -1    5   14    0.002950
    0   -1    6   14    0.019487
    0   -1    7   14    0.005327
    0   -1    8   14   -0.002100
    0   -1    9   14   -0.001030
    0   -1   10   14   -0.509505
    0   -1   11   14   -0.065495
    0   -1   12   14    0.043220
    0   -1   13   14   -0.174017
    0   -1   14   14   -0.029862
    0   -1   15   14   -0.140080
    0   -1   16   14   -0.038055
    0   -1   17   14    0.028740
    0   -1   18   14   -0.004058
    0   -1    1   15   -0.039802
    0   -1    2   15    0.009960
    0   -1    3   15   -0.056390
    0   -1    4   15    0.000650
    0   -1    5   15    0.027060
    0   -1    6   15    0.001158
    0   -1    7   15    0.005248
    0   -1    8   15    0.010545
    0   -1    9   15    0.052882
    0   -1   10   15    0.404278
    0   -1   11   15   -0.022875
    0   -1   12   15    0.119605
    0   -1   13   15   -0.086043
    0   -1   14   15   -0.055922
    0   -1   15   15   -0.124558
    0   -1   16   15   -0.043212
    0   -1   17   15    0.030028
    0   -1   18   15   -0.179468
    0   -1    1   16   -0.099750
    0   -1    2   16    0.085285
    0   -1    3   16   -0.275952
    0   -1    4   16    0.011762
    0   -1    5   16   -0.017410
    0   -1    6   16   -0.033033
    0   -1    7   16    0.091355
    0   -1    8   16   -0.005492
    0   -1    9   16   -0.014650
    0   -1   10   16   -0.753952
    0   -1   11   16   -0.062545
    0   -1   12   16    0.215050
    0   -1   13   16   -2.276275
    0   -1   14   16   -0.047062
    0   -1   15   16   -0.331302
    0   -1   16   16   -0.042620
    0   -1   17   16    0.056250
    0   -1   18   16    0.153725
    0   -1    1   17    0.009375
    0   -1    2   17    0.003815
    0   -1    3   17    0.052450
    0   -1    4   17   -0.002220
    0   -1    5   17   -0.003383
    0   -1    6   17   -0.001810
    0   -1    7   17   -0.016775
    0   -1    8   17    0.004942
    0   -1    9   17    0.022147
    0   -1   10   17   -0.153305
    0   -1   11   17   -0.067877
    0   -1   12   17   -0.012213
    0   -1   13   17   -0.030367
    0   -1   14   17   -0.001455
    0   -1   15   17   -0.046318
    0   -1   16   17   -0.016997
    0   -1   17   17   -0.000250
    0   -1   18   17   -0.120652
    0   -1    1   18    0.001868
    0   -1    2   18   -0.048708
    0   -1    3   18    0.010540
    0   -1    4   18    0.012927
    0   -1    5   18    0.025010
    0   -1    6   18    0.015665
    0   -1    7   18   -0.002950
    0   -1    8   18    0.014212
    0   -1    9   18    0.042150
    0   -1   10   18    0.667440
    0   -1   11   18    0.050618
    0   -1   12   18    0.101547
    0   -1   13   18    0.077067
    0   -1   14   18    0.061605
    0   -1   15   18    0.139865
    0   -1   16   18    0.033887
    0   -1   17   18   -0.027420
    0   -1   18   18   -0.017323
    1   -1    1    1   -0.030757
    1   -1    2    1    0.014930
    1   -1    3    1    0.091625
    1   -1    4    1   -0.000995
    1   -1    5    1   -0.033312
    1   -1    6    1    0.019940
    1   -1    7    1    0.014717
    1   -1    8    1   -0.007795
    1   -1    9    1    0.041645
    1   -1   10    1   -0.125865
    1   -1   11    1   -0.007830
    1   -1   12    1   -0.022677
    1   -1   13    1    0.136970
    1   -1   14    1    0.033322
    1   -1   15    1    0.013120
    1   -1   16    1    0.015410
    1   -1   17    1    0.001485
    1   -1   18    1    0.012948
    1   -1    1    2   -0.002430
    1   -1    2    2   -0.010890
    1   -1    3    2   -0.005425
    1   -1    4    2    0.009782
    1   -1    5    2    0.005055
    1   -1    6    2    0.003105
    1   -1    7    2   -0.001942
    1   -1    8    2    0.002993
    1   -1    9    2    0.020925
    1   -1   10    2    0.015605
    1   -1   11    2    0.004452
    1   -1   12    2    0.000932
    1   -1   13    2   -0.015585
    1   -1   14    2    0.013507
    1   -1   15    2    0.011797
    1   -1   16    2    0.008030
    1   -1   17    2    0.001847
    1   -1   18    2   -0.026807
    1   -1    1    3   -0.062730
    1   -1    2    3   -0.031827
    1   -1    3    3    0.006753
    1   -1    4    3    0.001825
    1   -1    5    3    0.024710
    1   -1    6    3   -0.009177
    1   -1    7    3    0.066685
    1   -1    8    3    0.007260
    1   -1    9    3    0.018887
    1   -1   10    3   -0.010360
    1   -1   11    3    0.012722
    1   -1   12    3   -0.355287
    1   -1   13    3   -0.006788
    1   -1   14    3   -0.019147
    1   -1   15    3    0.006537
    1   -1   16    3   -0.027008
    1   -1   17    3   -0.004122
    1   -1   18    3   -0.009315
    1   -1    1    4   -0.022715
    1   -1    2    4    0.019807
    1   -1    3    4    0.028955
    1   -1    4    4   -0.004875
    1   -1    5    4   -0.011258
    1   -1    6    4   -0.000640
    1   -1    7    4    0.009352
    1   -1    8    4   -0.004290
    1   -1    9    4    0.006675
    1   -1   10    4    0.021760
    1   -1   11    4   -0.009320
    1   -1   12    4    0.048775
    1   -1   13    4   -0.020480
    1   -1   14    4   -0.000027
    1   -1   15    4    0.014252
    1   -1   16    4    0.004832
    1   -1   17    4   -0.000788
    1   -1   18    4    0.029360
    1   -1    1    5    0.035478
    1   -1    2    5    0.003515
    1   -1    3    5   -0.025287
    1   -1    4    5   -0.009728
    1   -1    5    5   -0.002207
    1   -1    6    5   -0.000073
    1   -1    7    5   -0.016657
    1   -1    8    5   -0.000625
    1   -1    9    5   -0.024522
    1   -1   10    5    0.075985
    1   -1   11    5   -0.004570
    1   -1   12    5   -0.007357
    1   -1   13    5    0.029260
    1   -1   14    5   -0.015242
    1   -1   15    5   -0.034842
    1   -1   16    5   -0.004200
    1   -1   17    5    0.006792
    1   -1   18    5    0.005330
    1   -1    1    6    0.018147
    1   -1    2    6    0.000450
    1   -1    3    6    0.005395
    1   -1    4    6   -0.004087
    1   -1    5    6   -0.004148
    1   -1    6    6   -0.000695
    1   -1    7    6    0.010887
    1   -1    8    6   -0.001402
    1   -1    9    6    0.024272
    1   -1   10    6   -0.001175
    1   -1   11    6   -0.002763
    1   -1   12    6   -0.013630
    1   -1   13    6    0.044347
    1   -1   14    6   -0.001375
    1   -1   15    6   -0.022830
    1   -1   16    6    0.015795
    1   -1   17    6   -0.002575
    1   -1   18    6   -0.001243
    1   -1    1    7    0.028960
    1   -1    2    7   -0.002533
    1   -1    3    7   -0.037362
    1   -1    4    7   -0.002400
    1   -1    5    7    0.005517
    1   -1    6    7   -0.014290
    1   -1    7    7   -0.017422
    1   -1    8    7    0.002492
    1   -1    9    7   -0.023057
    1   -1   10    7    0.030330
    1   -1   11    7   -0.000190
    1   -1   12    7   -0.087895
    1   -1   13    7   -0.038852
    1   -1   14    7   -0.011830
    1   -1   15    7   -0.027430
    1   -1   16    7   -0.013825
    1   -1   17    7    0.002682
    1   -1   18    7   -0.004417
    1   -1    1    8    0.017605
    1   -1    2    8    0.013297
    1   -1    3    8   -0.006967
    1   -1    4    8   -0.006775
    1   -1    5    8   -0.005590
    1   -1    6    8   -0.013005
    1   -1    7    8   -0.025122
    1   -1    8    8   -0.001430
    1   -1    9    8   -0.040313
    1   -1   10    8   -0.365512
    1   -1   11    8   -0.008437
    1   -1   12    8    0.144635
    1   -1   13    8   -0.091075
    1   -1   14    8   -0.005817
    1   -1   15    8    0.039728
    1   -1   16    8   -0.012877
    1   -1   17    8   -0.010762
    1   -1   18    8    0.020910
    1   -1    1    9    0.019603
    1   -1    2    9    0.026433
    1   -1    3    9   -0.010297
    1   -1    4    9   -0.025460
    1   -1    5    9   -0.014980
    1   -1    6    9   -0.014977
    1   -1    7    9   -0.011625
    1   -1    8    9   -0.009707
    1   -1    9    9   -0.065295
    1   -1   10    9    0.077200
    1   -1   11    9   -0.009847
    1   -1   12    9   -0.015835
    1   -1   13    9   -0.049515
    1   -1   14    9   -0.026287
    1   -1   15    9   -0.069187
    1   -1   16    9   -0.044280
    1   -1   17    9    0.012305
    1   -1   18    9    0.049093
    1   -1    1   10    0.037450
    1   -1    2   10   -0.041270
    1   -1    3   10    0.009335
    1   -1    4   10    0.060680
    1   -1    5   10    0.004025
    1   -1    6   10   -0.012818
    1   -1    7   10    0.006135
    1   -1    8   10    0.030045
    1   -1    9   10    0.134155
    1   -1   10   10   -0.454530
    1   -1   11   10    0.018340
    1   -1   12   10    0.032262
    1   -1   13   10    0.139890
    1   -1   14   10    0.050762
    1   -1   15   10    0.045108
    1   -1   16   10    0.062087
    1   -1   17   10   -0.007817
    1   -1   18   10   -0.061303
    1   -1    1   11    0.004547
    1   -1    2   11    0.003825
    1   -1    3   11   -0.003303
    1   -1    4   11   -0.004665
    1   -1    5   11   -0.001210
    1   -1    6   11   -0.000310
    1   -1    7   11   -0.002077
    1   -1    8   11   -0.000917
    1   -1    9   11   -0.007285
    1   -1   10   11    0.029365
    1   -1   11   11   -0.001875
    1   -1   12   11   -0.001815
    1   -1   13   11    0.011235
    1   -1   14   11   -0.005148
    1   -1   15   11   -0.002785
    1   -1   16   11   -0.002657
    1   -1   17   11   -0.000060
    1   -1   18   11    0.005822
    1   -1    1   12    0.020193
    1   -1    2   12    0.001455
    1   -1    3   12   -0.009942
    1   -1    4   12   -0.000397
    1   -1    5   12   -0.008327
    1   -1    6   12    0.000697
    1   -1    7   12    0.001225
    1   -1    8   12   -0.002300
    1   -1    9   12   -0.005902
    1   -1   10   12    0.015410
    1   -1   11   12   -0.001752
    1   -1   12   12    0.004180
    1   -1   13   12   -0.027827
    1   -1   14   12    0.003820
    1   -1   15   12   -0.015805
    1   -1   16   12    0.009402
    1   -1   17   12    0.004567
    1   -1   18   12    0.005510
    1   -1    1   13    0.040087
    1   -1    2   13    0.007542
    1   -1    3   13   -0.017335
    1   -1    4   13   -0.005577
    1   -1    5   13   -0.009017
    1   -1    6   13   -0.001640
    1   -1    7   13    0.023287
    1   -1    8   13    0.001737
    1   -1    9   13    0.036682
    1   -1   10   13   -0.000650
    1   -1   11   13   -0.004875
    1   -1   12   13    0.043620
    1   -1   13   13    0.031602
    1   -1   14   13    0.001535
    1   -1   15   13   -0.027180
    1   -1   16   13    0.006532
    1   -1   17   13    0.007497
    1   -1   18   13   -0.001110
    1   -1    1   14   -0.028812
    1   -1    2   14    0.003740
    1   -1    3   14    0.012562
    1   -1    4   14   -0.004768
    1   -1    5   14   -0.000765
    1   -1    6   14    0.004052
    1   -1    7   14    0.010597
    1   -1    8   14   -0.004957
    1   -1    9   14   -0.013732
    1   -1   10   14    0.035693
    1   -1   11   14   -0.002915
    1   -1   12   14   -0.049193
    1   -1   13   14   -0.053157
    1   -1   14   14   -0.010247
    1   -1   15   14   -0.016705
    1   -1   16   14   -0.007660
    1   -1   17   14    0.001128
    1   -1   18   14    0.026242
    1   -1    1   15    0.033427
    1   -1    2   15   -0.005972
    1   -1    3   15   -0.033675
    1   -1    4   15   -0.003785
    1   -1    5   15    0.010053
    1   -1    6   15    0.003405
    1   -1    7   15   -0.031585
    1   -1    8   15    0.001705
    1   -1    9   15   -0.041235
    1   -1   10   15    0.126552
    1   -1   11   15    0.006557
    1   -1   12   15   -0.083932
    1   -1   13   15   -0.137917
    1   -1   14   15   -0.031077
    1   -1   15   15   -0.024535
    1   -1   16   15   -0.037845
    1   -1   17   15    0.000645
    1   -1   18   15   -0.001492
    1   -1    1   16   -0.049048
    1   -1    2   16    0.014000
    1   -1    3   16    0.049062
    1   -1    4   16   -0.004298
    1   -1    5   16    0.004800
    1   -1    6   16   -0.005833
    1   -1    7   16    0.031317
    1   -1    8   16   -0.005085
    1   -1    9   16   -0.009158
    1   -1   10   16    0.001680
    1   -1   11   16    0.002043
    1   -1   12   16    0.039065
    1   -1   13   16   -0.076855
    1   -1   14   16   -0.002275
    1   -1   15   16    0.004168
    1   -1   16   16   -0.003672
    1   -1   17   16    0.000267
    1   -1   18   16    0.035992
    1   -1    1   17   -0.006335
    1   -1    2   17    0.005020
    1   -1    3   17    0.006482
    1   -1    4   17    0.006472
    1   -1    5   17   -0.002410
    1   -1    6   17    0.022488
    1   -1    7   17   -0.023342
    1   -1    8   17   -0.001002
    1   -1    9   17   -0.027927
    1   -1   10   17   -0.037558
    1   -1   11   17    0.000650
    1   -1   12   17    0.144042
    1   -1   13   17   -0.011690
    1   -1   14   17    0.006750
    1   -1   15   17    0.021902
    1   -1   16   17   -0.003182
    1   -1   17   17    0.001990
    1   -1   18   17    0.009237
    1   -1    1   18   -0.003950
    1   -1    2   18   -0.025653
    1   -1    3   18   -0.000065
    1   -1    4   18    0.028027
    1   -1    5   18    0.009745
    1   -1    6   18    0.002772
    1   -1    7   18    0.006408
    1   -1    8   18    0.009225
    1   -1    9   18    0.057565
    1   -1   10   18    0.117818
    1   -1   11   18    0.011757
    1   -1   12   18   -0.000802
    1   -1   13   18   -0.000825
    1   -1   14   18    0.018697
    1   -1   15   18    0.004755
    1   -1   16   18    0.023327
    1   -1   17   18    0.003190
    1   -1   18   18   -0.041307
   -1    0    1    1   -0.123565
   -1    0    2    1    0.013282
   -1    0    3    1    0.112263
   -1    0    4    1    0.157060
   -1    0    5    1   -0.172827
   -1    0    6    1   -0.018985
   -1    0    7    1   -0.073705
   -1    0    8    1   -0.096980
   -1    0    9    1   -0.041443
   -1    0   10    1   -0.090747
   -1    0   11    1   -0.027322
   -1    0   12    1    0.010700
   -1    0   13    1    0.046997
   -1    0   14    1    0.193983
   -1    0   15    1   -0.133990
   -1    0   16    1    0.277355
   -1    0   17    1   -0.008130
   -1    0   18    1    0.021237
   -1    0    1    2   -0.146198
   -1    0    2    2   -0.056340
   -1    0    3    2   -0.856090
   -1    0    4    2   -0.051673
   -1    0    5    2   -0.046762
   -1    0    6    2   -0.011180
   -1    0    7    2    0.060765
   -1    0    8    2    0.210792
   -1    0    9    2    0.146087
   -1    0   10    2    0.110025
   -1    0   11    2    0.037567
   -1    0   12    2   -0.007297
   -1    0   13    2    0.009945
   -1    0   14    2   -0.347097
   -1    0   15    2    0.058658
   -1    0   16    2    0.218820
   -1    0   17    2   -3.423687
   -1    0   18    2   -0.115767
   -1    0    1    3    0.722582
   -1    0    2    3   -0.012245
   -1    0    3    3    0.208310
   -1    0    4    3   -0.060755
   -1    0    5    3    0.098393
   -1    0    6    3   -0.066153
   -1    0    7    3   -0.337380
   -1    0    8    3   -0.019697
   -1    0    9    3   -0.009305
   -1    0   10    3   -0.060170
   -1    0   11    3    0.010880
   -1    0   12    3   -0.011742
   -1    0   13    3    0.041938
   -1    0   14    3   -0.050147
   -1    0   15    3    0.157335
   -1    0   16    3    0.313495
   -1    0   17    3   -0.048825
   -1    0   18    3   -0.028503
   -1    0    1    4    0.044250
   -1    0    2    4   -0.017640
   -1    0    3    4   -0.027808
   -1    0    4    4   -0.000495
   -1    0    5    4   -0.113617
   -1    0    6    4   -0.000935
   -1    0    7    4   -0.022592
   -1    0    8    4   -1.204300
   -1    0    9    4    0.015795
   -1    0   10    4    0.085182
   -1    0   11    4    0.003282
   -1    0   12    4    0.000473
   -1    0   13    4    0.027325
   -1    0   14    4   -0.454967
   -1    0   15    4   -0.019295
   -1    0   16    4    0.085252
   -1    0   17    4    0.000982
   -1    0   18    4   -0.112697
   -1    0    1    5   -0.252137
   -1    0    2    5   -0.002532
   -1    0    3    5   -0.103357
   -1    0    4    5   -0.005935
   -1    0    5    5   -0.019025
   -1    0    6    5    0.014765
   -1    0    7    5    0.059398
   -1    0    8    5    0.216635
   -1    0    9    5   -0.012485
   -1    0   10    5    0.088048
   -1    0   11    5    0.000870
   -1    0   12    5    0.011423
   -1    0   13    5    0.011945
   -1    0   14    5   -0.041020
   -1    0   15    5   -0.079317
   -1    0   16    5   -0.147065
   -1    0   17    5    0.223202
   -1    0   18    5   -0.025933
   -1    0    1    6    2.137050
   -1    0    2    6   -0.008860
   -1    0    3    6    0.887912
   -1    0    4    6    0.136512
   -1    0    5    6    0.076865
   -1    0    6    6    0.042387
   -1    0    7    6    0.151680
   -1    0    8    6   -0.944305
   -1    0    9    6    0.016107
   -1    0   10    6    0.988400
   -1    0   11    6    0.010320
   -1    0   12    6   -0.010475
   -1    0   13    6   -0.133422
   -1    0   14    6    0.193122
   -1    0   15    6    0.696620
   -1    0   16    6   -0.328255
   -1    0   17    6   -1.828490
   -1    0   18    6    0.215480
   -1    0    1    7   -0.204518
   -1    0    2    7   -0.018295
   -1    0    3    7    1.724778
   -1    0    4    7   -0.565947
   -1    0    5    7    0.169442
   -1    0    6    7   -0.051465
   -1    0    7    7    0.226240
   -1    0    8    7   -0.222587
   -1    0    9    7    0.170292
   -1    0   10    7    0.635287
   -1    0   11    7    0.023958
   -1    0   12    7   -0.042892
   -1    0   13    7   -0.159460
   -1    0   14    7   -0.209100
   -1    0   15    7    0.077177
   -1    0   16    7   -0.337597
   -1    0   17    7   -0.596732
   -1    0   18    7   -0.021315
   -1    0    1    8    0.034672
   -1    0    2    8    0.005380
   -1    0    3    8    0.029320
   -1    0    4    8    0.001587
   -1    0    5    8   -0.003058
   -1    0    6    8   -0.000273
   -1    0    7    8   -0.008510
   -1    0    8    8   -0.016958
   -1    0    9    8   -0.021380
   -1    0   10    8    0.065450
   -1    0   11    8   -0.000838
   -1    0   12    8    0.001722
   -1    0   13    8    0.003452
   -1    0   14    8   -0.019720
   -1    0   15    8   -0.027205
   -1    0   16    8   -0.026905
   -1    0   17    8   -0.014205
   -1    0   18    8    0.013075
   -1    0    1    9    1.032717
   -1    0    2    9   -0.003555
   -1    0    3    9    1.049033
   -1    0    4    9    0.731455
   -1    0    5    9    0.241565
   -1    0    6    9    0.112142
   -1    0    7    9   -0.308163
   -1    0    8    9    0.014415
   -1    0    9    9   -0.298245
   -1    0   10    9   -1.338923
   -1    0   11    9    0.009015
   -1    0   12    9   -0.075580
   -1    0   13    9   -0.039370
   -1    0   14    9   -0.031200
   -1    0   15    9    0.703380
   -1    0   16    9    0.022207
   -1    0   17    9   -0.267712
   -1    0   18    9    0.116890
   -1    0    1   10    0.102973
   -1    0    2   10    0.087525
   -1    0    3   10   -0.403457
   -1    0    4   10    0.099375
   -1    0    5   10   -0.025130
   -1    0    6   10   -0.018292
   -1    0    7   10    0.022467
   -1    0    8   10   -0.305552
   -1    0    9   10   -0.505492
   -1    0   10   10   -0.238732
   -1    0   11   10   -0.460222
   -1    0   12   10    0.029052
   -1    0   13   10    0.059658
   -1    0   14   10   -0.455610
   -1    0   15   10   -0.160993
   -1    0   16   10   -0.163225
   -1    0   17   10    0.156592
   -1    0   18   10   -0.314945
   -1    0    1   11    0.097922
   -1    0    2   11    0.034775
   -1    0    3   11    0.258555
   -1    0    4   11    0.007105
   -1    0    5   11   -0.040880
   -1    0    6   11   -0.019340
   -1    0    7   11   -0.044107
   -1    0    8   11    0.173632
   -1    0    9   11   -0.088202
   -1    0   10   11    0.434672
   -1    0   11   11   -0.020228
   -1    0   12   11   -0.000287
   -1    0   13   11    0.006640
   -1    0   14   11   -0.034072
   -1    0   15   11    0.037470
   -1    0   16   11    0.079710
   -1    0   17   11   -0.363403
   -1    0   18   11    0.097222
   -1    0    1   12   -0.727427
   -1    0    2   12   -0.086962
   -1    0    3   12    0.445582
   -1    0    4   12    0.017165
   -1    0    5   12    0.216575
   -1    0    6   12    0.066910
   -1    0    7   12    0.117815
   -1    0    8   12   -0.218785
   -1    0    9   12    0.245892
   -1    0   10   12    0.078592
   -1    0   11   12    0.051195
   -1    0   12   12   -0.156527
   -1    0   13   12   -0.055205
   -1    0   14   12   -0.678693
   -1    0   15   12    1.060000
   -1    0   16   12    1.192385
   -1    0   17   12    0.561565
   -1    0   18   12    0.293455
   -1    0    1   13    1.192525
   -1    0    2   13   -0.101670
   -1    0    3   13   -3.721518
   -1    0    4   13   -1.082618
   -1    0    5   13    1.505335
   -1    0    6   13   -0.030193
   -1    0    7   13    1.091115
   -1    0    8   13    0.925957
   -1    0    9   13    0.163892
   -1    0   10   13    3.350055
   -1    0   11   13   -0.325765
   -1    0   12   13    0.462265
   -1    0   13   13    0.164672
   -1    0   14   13   -3.206665
   -1    0   15   13   -0.632200
   -1    0   16   13   -1.327213
   -1    0   17   13   -0.265770
   -1    0   18   13   -0.944790
   -1    0    1   14   -0.078685
   -1    0    2   14    0.019435
   -1    0    3   14   -0.019262
   -1    0    4   14   -0.021093
   -1    0    5   14    0.004240
   -1    0    6   14   -0.002962
   -1    0    7   14    0.015220
   -1    0    8   14   -0.014178
   -1    0    9   14   -0.000320
   -1    0   10   14   -0.078900
   -1    0   11   14   -0.000750
   -1    0   12   14   -0.002755
   -1    0   13   14   -0.013035
   -1    0   14   14    0.016282
   -1    0   15   14    0.076290
   -1    0   16   14   -0.009647
   -1    0   17   14   -0.074227
   -1    0   18   14    0.036562
   -1    0    1   15   -0.087532
   -1    0    2   15    0.034482
   -1    0    3   15   -0.595965
   -1    0    4   15   -0.139152
   -1    0    5   15   -0.254245
   -1    0    6   15   -0.011995
   -1    0    7   15   -0.039040
   -1    0    8   15    0.525530
   -1    0    9   15   -0.118405
   -1    0   10   15    0.298117
   -1    0   11   15    0.146990
   -1    0   12   15   -0.012305
   -1    0   13   15    0.000772
   -1    0   14   15    0.002123
   -1    0   15   15    0.090770
   -1    0   16   15   -0.024727
   -1    0   17   15    0.230615
   -1    0   18   15    0.085120
   -1    0    1   16   -1.715110
   -1    0    2   16    0.013298
   -1    0    3   16    0.317248
   -1    0    4   16   -0.018807
   -1    0    5   16   -0.064153
   -1    0    6   16    0.058717
   -1    0    7   16    0.395902
   -1    0    8   16   -0.147585
   -1    0    9   16    0.032370
   -1    0   10   16   -0.116485
   -1    0   11   16   -0.023985
   -1    0   12   16   -0.001050
   -1    0   13   16   -0.048107
   -1    0   14   16    0.135177
   -1    0   15   16    0.190770
   -1    0   16   16   -0.028672
   -1    0   17   16   -0.316435
   -1    0   18   16    0.070450
   -1    0    1   17    0.061118
   -1    0    2   17    0.172295
   -1    0    3   17    0.073087
   -1    0    4   17    0.036210
   -1    0    5   17    1.174885
   -1    0    6   17   -0.012042
   -1    0    7   17   -0.081472
   -1    0    8   17   -1.238145
   -1    0    9   17   -1.257715
   -1    0   10   17   -0.016707
   -1    0   11   17   -0.130655
   -1    0   12   17    0.003147
   -1    0   13   17   -0.001457
   -1    0   14   17    3.225622
   -1    0   15   17   -0.027520
   -1    0   16   17   -0.796380
   -1    0   17   17   -0.034582
   -1    0   18   17    1.126830
   -1    0    1   18   -0.052785
   -1    0    2   18   -0.069752
   -1    0    3   18    0.172405
   -1    0    4   18    0.168387
   -1    0    5   18   -0.016390
   -1    0    6   18   -0.014150
   -1    0    7   18   -0.008868
   -1    0    8   18    0.013167
   -1    0    9   18    0.041050
   -1    0   10   18   -0.122910
   -1    0   11   18    0.017880
   -1    0   12   18    0.006202
   -1    0   13   18    0.008207
   -1    0   14   18   -0.044932
   -1    0   15   18    0.013810
   -1    0   16   18    0.103593
   -1    0   17   18    0.001012
   -1    0   18   18   -0.126915
    0    0    1    1    6.774282
    0    0    2    1    0.047008
    0    0    3    1   -2.301535
    0    0    4    1    0.020010
    0    0    5    1    0.364880
    0    0    6    1   -0.164518
    0    0    7    1   -2.492927
    0    0    8    1    0.401820
    0    0    9    1   -0.020462
    0    0   10    1    2.224945
    0    0   11    1   -0.162912
    0    0   12    1    0.214058
    0    0   13    1    0.896785
    0    0   14    1   -0.265110
    0    0   15    1   -0.905380
    0    0   16    1    1.295127
    0    0   17    1    0.243762
    0    0   18    1   -0.475932
    0    0    1    2    0.047008
    0    0    2    2   -0.879857
    0    0    3    2   -0.033247
    0    0    4    2   -3.670365
    0    0    5    2    3.743857
    0    0    6    2    2.841742
    0    0    7    2   -0.175425
    0    0    8    2   -0.129780
    0    0    9    2   -4.587965
    0    0   10    2   -0.077190
    0    0   11    2   -0.237815
    0    0   12    2   -1.648338
    0    0   13    2   -0.388600
    0    0   14    2   -0.276420
    0    0   15    2    0.794438
    0    0   16    2   -2.651178
    0    0   17    2    0.006900
    0    0   18    2    1.263422
    0    0    1    3   -2.301535
    0    0    2    3   -0.033247
    0    0    3    3   -3.356205
    0    0    4    3    0.511088
    0    0    5    3    1.503222
    0    0    6    3   -1.035410
    0    0    7    3    1.217402
    0    0    8    3    1.100797
    0    0    9    3   -0.351403
    0    0   10    3   -1.772007
    0    0   11    3    0.183105
    0    0   12    3   -0.457633
    0    0   13    3   -0.806517
    0    0   14    3   -0.757550
    0    0   15    3    0.353640
    0    0   16    3   -0.016685
    0    0   17    3    1.340397
    0    0   18    3    0.325342
    0    0    1    4    0.020010
    0    0    2    4   -3.670365
    0    0    3    4    0.511088
    0    0    4    4   13.158205
    0    0    5    4   -0.475415
    0    0    6    4   -0.120472
    0    0    7    4   -0.484753
    0    0    8    4    0.321690
    0    0    9    4   -1.679505
    0    0   10    4    0.092337
    0    0   11    4    1.057600
    0    0   12    4    0.012020
    0    0   13    4    0.174057
    0    0   14    4   -0.469215
    0    0   15    4   -1.865303
    0    0   16    4   -0.729015
    0    0   17    4   -0.030910
    0    0   18    4   -0.589245
    0    0    1    5    0.364880
    0    0    2    5    3.743857
    0    0    3    5    1.503222
    0    0    4    5   -0.475415
    0    0    5    5    2.671545
    0    0    6    5    0.741027
    0    0    7    5    0.354505
    0    0    8    5    0.870532
    0    0    9    5    2.562625
    0    0   10    5   -0.665415
    0    0   11    5    0.707178
    0    0   12    5   -0.147155
    0    0   13    5   -0.005835
    0    0   14    5    2.407510
    0    0   15    5   -0.291157
    0    0   16    5    3.458287
    0    0   17    5   -1.114427
    0    0   18    5   -1.974152
    0    0    1    6   -0.164518
    0    0    2    6    2.841742
    0    0    3    6   -1.035410
    0    0    4    6   -0.120472
    0    0    5    6    0.741027
    0    0    6    6   -8.255932
    0    0    7    6   -0.082892
    0    0    8    6    0.012010
    0    0    9    6   -0.760910
    0    0   10    6    0.814390
    0    0   11    6   -0.552438
    0    0   12    6    0.968340
    0    0   13    6    1.027643
    0    0   14    6    0.175717
    0    0   15    6    0.486252
    0    0   16    6    0.744407
    0    0   17    6   -0.123305
    0    0   18    6    0.349093
    0    0    1    7   -2.492927
    0    0    2    7   -0.175425
    0    0    3    7    1.217402
    0    0    4    7   -0.484753
    0    0    5    7    0.354505
    0    0    6    7   -0.082892
    0    0    7    7   -0.323182
    0    0    8    7   -0.091252
    0    0    9    7   -0.042377
    0    0   10    7    0.092475
    0    0   11    7   -0.150442
    0    0   12    7   -0.258245
    0    0   13    7   -0.893898
    0    0   14    7    0.708708
    0    0   15    7    1.483952
    0    0   16    7    0.143050
    0    0   17    7    0.005638
    0    0   18    7   -2.730997
    0    0    1    8    0.401820
    0    0    2    8   -0.129780
    0    0    3    8    1.100797
    0    0    4    8    0.321690
    0    0    5    8    0.870532
    0    0    6    8    0.012010
    0    0    7    8   -0.091252
    0    0    8    8    0.735220
    0    0    9    8   -0.614555
    0    0   10    8    0.621790
    0    0   11    8    0.033372
    0    0   12    8   -0.079650
    0    0   13    8   -0.000643
    0    0   14    8    1.033257
    0    0   15    8    0.198965
    0    0   16    8    0.970702
    0    0   17    8    0.577668
    0    0   18    8   -0.176960
    0    0    1    9   -0.020462
    0    0    2    9   -4.587965
    0    0    3    9   -0.351403
    0    0    4    9   -1.679505
    0    0    5    9    2.562625
    0    0    6    9   -0.760910
    0    0    7    9   -0.042377
    0    0    8    9   -0.614555
    0    0    9    9    9.171605
    0    0   10    9   -0.695872
    0    0   11    9   -0.780185
    0    0   12    9    0.619278
    0    0   13    9   -2.326495
    0    0   14    9    2.487755
    0    0   15    9    1.317227
    0    0   16    9    6.766108
    0    0   17    9    0.417280
    0    0   18    9   -2.167343
    0    0    1   10    2.224945
    0    0    2   10   -0.077190
    0    0    3   10   -1.772007
    0    0    4   10    0.092337
    0    0    5   10   -0.665415
    0    0    6   10    0.814390
    0    0    7   10    0.092475
    0    0    8   10    0.621790
    0    0    9   10   -0.695872
    0    0   10   10    6.922095
    0    0   11   10    0.194152
    0    0   12   10   -0.174992
    0    0   13   10    0.351142
    0    0   14   10    3.717947
    0    0   15   10   -5.360862
    0    0   16   10   -1.542370
    0    0   17   10    2.601187
    0    0   18   10   -0.584760
    0    0    1   11   -0.162912
    0    0    2   11   -0.237815
    0    0    3   11    0.183105
    0    0    4   11    1.057600
    0    0    5   11    0.707178
    0    0    6   11   -0.552438
    0    0    7   11   -0.150442
    0    0    8   11    0.033372
    0    0    9   11   -0.780185
    0    0   10   11    0.194152
    0    0   11   11    1.540588
    0    0   12   11    0.136533
    0    0   13   11    0.170707
    0    0   14   11    1.151730
    0    0   15   11   -1.690880
    0    0   16   11   -0.411178
    0    0   17   11    1.063460
    0    0   18   11   -2.121055
    0    0    1   12    0.214058
    0    0    2   12   -1.648338
    0    0    3   12   -0.457633
    0    0    4   12    0.012020
    0    0    5   12   -0.147155
    0    0    6   12    0.968340
    0    0    7   12   -0.258245
    0    0    8   12   -0.079650
    0    0    9   12    0.619278
    0    0   10   12   -0.174992
    0    0   11   12    0.136533
    0    0   12   12  -15.676523
    0    0   13   12   -1.708737
    0    0   14   12   -0.105095
    0    0   15   12   -0.478983
    0    0   16   12    0.655890
    0    0   17   12    0.037147
    0    0   18   12   -0.262105
    0    0    1   13    0.896785
    0    0    2   13   -0.388600
    0    0    3   13   -0.806517
    0    0    4   13    0.174057
    0    0    5   13   -0.005835
    0    0    6   13    1.027643
    0    0    7   13   -0.893898
    0    0    8   13   -0.000643
    0    0    9   13   -2.326495
    0    0   10   13    0.351142
    0    0   11   13    0.170707
    0    0   12   13   -1.708737
    0    0   13   13   -6.230408
    0    0   14   13   -0.087855
    0    0   15   13   -0.079595
    0    0   16   13   -0.169040
    0    0   17   13    0.034310
    0    0   18   13   -0.041225
    0    0    1   14   -0.265110
    0    0    2   14   -0.276420
    0    0    3   14   -0.757550
    0    0    4   14   -0.469215
    0    0    5   14    2.407510
    0    0    6   14    0.175717
    0    0    7   14    0.708708
    0    0    8   14    1.033257
    0    0    9   14    2.487755
    0    0   10   14    3.717947
    0    0   11   14    1.151730
    0    0   12   14   -0.105095
    0    0   13   14   -0.087855
    0    0   14   14    3.314057
    0    0   15   14    0.670865
    0    0   16   14    2.643957
    0    0   17   14   -2.138132
    0    0   18   14   -4.191322
    0    0    1   15   -0.905380
    0    0    2   15    0.794438
    0    0    3   15    0.353640
    0    0    4   15   -1.865303
    0    0    5   15   -0.291157
    0    0    6   15    0.486252
    0    0    7   15    1.483952
    0    0    8   15    0.198965
    0    0    9   15    1.317227
    0    0   10   15   -5.360862
    0    0   11   15   -1.690880
    0    0   12   15   -0.478983
    0    0   13   15   -0.079595
    0    0   14   15    0.670865
    0    0   15   15   14.956653
    0    0   16   15   -0.761820
    0    0   17   15   -3.369835
    0    0   18   15   -1.951507
    0    0    1   16    1.295127
    0    0    2   16   -2.651178
    0    0    3   16   -0.016685
    0    0    4   16   -0.729015
    0    0    5   16    3.458287
    0    0    6   16    0.744407
    0    0    7   16    0.143050
    0    0    8   16    0.970702
    0    0    9   16    6.766108
    0    0   10   16   -1.542370
    0    0   11   16   -0.411178
    0    0   12   16    0.655890
    0    0   13   16   -0.169040
    0    0   14   16    2.643957
    0    0   15   16   -0.761820
    0    0   16   16   -9.246705
    0    0   17   16    0.925790
    0    0   18   16    0.743798
    0    0    1   17    0.243762
    0    0    2   17    0.006900
    0    0    3   17    1.340397
    0    0    4   17   -0.030910
    0    0    5   17   -1.114427
    0    0    6   17   -0.123305
    0    0    7   17    0.005638
    0    0    8   17    0.577668
    0    0    9   17    0.417280
    0    0   10   17    2.601187
    0    0   11   17    1.063460
    0    0   12   17    0.037147
    0    0   13   17    0.034310
    0    0   14   17   -2.138132
    0    0   15   17   -3.369835
    0    0   16   17    0.925790
    0    0   17   17   -3.056035
    0    0   18   17   -0.281600
    0    0    1   18   -0.475932
    0    0    2   18    1.263422
    0    0    3   18    0.325342
    0    0    4   18   -0.589245
    0    0    5   18   -1.974152
    0    0    6   18    0.349093
    0    0    7   18   -2.730997
    0    0    8   18   -0.176960
    0    0    9   18   -2.167343
    0    0   10   18   -0.584760
    0    0   11   18   -2.121055
    0    0   12   18   -0.262105
    0    0   13   18   -0.041225
    0    0   14   18   -4.191322
    0    0   15   18   -1.951507
    0    0   16   18    0.743798
    0    0   17   18   -0.281600
    0    0   18   18   15.782782
    1    0    1    1   -0.123565
    1    0    2    1   -0.146198
    1    0    3    1    0.722582
    1    0    4    1    0.044250
    1    0    5    1   -0.252137
    1    0    6    1    2.137050
    1    0    7    1   -0.204518
    1    0    8    1    0.034672
    1    0    9    1    1.032717
    1    0   10    1    0.102973
    1    0   11    1    0.097922
    1    0   12    1   -0.727427
    1    0   13    1    1.192525
    1    0   14    1   -0.078685
    1    0   15    1   -0.087532
    1    0   16    1   -1.715110
    1    0   17    1    0.061118
    1    0   18    1   -0.052785
    1    0    1    2    0.013282
    1    0    2    2   -0.056340
    1    0    3    2   -0.012245
    1    0    4    2   -0.017640
    1    0    5    2   -0.002532
    1    0    6    2   -0.008860
    1    0    7    2   -0.018295
    1    0    8    2    0.005380
    1    0    9    2   -0.003555
    1    0   10    2    0.087525
    1    0   11    2    0.034775
    1    0   12    2   -0.086962
    1    0   13    2   -0.101670
    1    0   14    2    0.019435
    1    0   15    2    0.034482
    1    0   16    2    0.013298
    1    0   17    2    0.172295
    1    0   18    2   -0.069752
    1    0    1    3    0.112263
    1    0    2    3   -0.856090
    1    0    3    3    0.208310
    1    0    4    3   -0.027808
    1    0    5    3   -0.103357
    1    0    6    3    0.887912
    1    0    7    3    1.724778
    1    0    8    3    0.029320
    1    0    9    3    1.049033
    1    0   10    3   -0.403457
    1    0   11    3    0.258555
    1    0   12    3    0.445582
    1    0   13    3   -3.721518
    1    0   14    3   -0.019262
    1    0   15    3   -0.595965
    1    0   16    3    0.317248
    1    0   17    3    0.073087
    1    0   18    3    0.172405
    1    0    1    4    0.157060
    1    0    2    4   -0.051673
    1    0    3    4   -0.060755
    1    0    4    4   -0.000495
    1    0    5    4   -0.005935
    1    0    6    4    0.136512
    1    0    7    4   -0.565947
    1    0    8    4    0.001587
    1    0    9    4    0.731455
    1    0   10    4    0.099375
    1    0   11    4    0.007105
    1    0   12    4    0.017165
    1    0   13    4   -1.082618
    1    0   14    4   -0.021093
    1    0   15    4   -0.139152
    1    0   16    4   -0.018807
    1    0   17    4    0.036210
    1    0   18    4    0.168387
    1    0    1    5   -0.172827
    1    0    2    5   -0.046762
    1    0    3    5    0.098393
    1    0    4    5   -0.113617
    1    0    5    5   -0.019025
    1    0    6    5    0.076865
    1    0    7    5    0.169442
    1    0    8    5   -0.003058
    1    0    9    5    0.241565
    1    0   10    5   -0.025130
    1    0   11    5   -0.040880
    1    0   12    5    0.216575
    1    0   13    5    1.505335
    1    0   14    5    0.004240
    1    0   15    5   -0.254245
    1    0   16    5   -0.064153
    1    0   17    5    1.174885
    1    0   18    5   -0.016390
    1    0    1    6   -0.018985
    1    0    2    6   -0.011180
    1    0    3    6   -0.066153
    1    0    4    6   -0.000935
    1    0    5    6    0.014765
    1    0    6    6    0.042387
    1    0    7    6   -0.051465
    1    0    8    6   -0.000273
    1    0    9    6    0.112142
    1    0   10    6   -0.018292
    1    0   11    6   -0.019340
    1    0   12    6    0.066910
    1    0   13    6   -0.030193
    1    0   14    6   -0.002962
    1    0   15    6   -0.011995
    1    0   16    6    0.058717
    1    0   17    6   -0.012042
    1    0   18    6   -0.014150
    1    0    1    7   -0.073705
    1    0    2    7    0.060765
    1    0    3    7   -0.337380
    1    0    4    7   -0.022592
    1    0    5    7    0.059398
    1    0    6    7    0.151680
    1    0    7    7    0.226240
    1    0    8    7   -0.008510
    1    0    9    7   -0.308163
    1    0   10    7    0.022467
    1    0   11    7   -0.044107
    1    0   12    7    0.117815
    1    0   13    7    1.091115
    1    0   14    7    0.015220
    1    0   15    7   -0.039040
    1    0   16    7    0.395902
    1    0   17    7   -0.081472
    1    0   18    7   -0.008868
    1    0    1    8   -0.096980
    1    0    2    8    0.210792
    1    0    3    8   -0.019697
    1    0    4    8   -1.204300
    1    0    5    8    0.216635
    1    0    6    8   -0.944305
    1    0    7    8   -0.222587
    1    0    8    8   -0.016958
    1    0    9    8    0.014415
    1    0   10    8   -0.305552
    1    0   11    8    0.173632
    1    0   12    8   -0.218785
    1    0   13    8    0.925957
    1    0   14    8   -0.014178
    1    0   15    8    0.525530
    1    0   16    8   -0.147585
    1    0   17    8   -1.238145
    1    0   18    8    0.013167
    1    0    1    9   -0.041443
    1    0    2    9    0.146087
    1    0    3    9   -0.009305
    1    0    4    9    0.015795
    1    0    5    9   -0.012485
    1    0    6    9    0.016107
    1    0    7    9    0.170292
    1    0    8    9   -0.021380
    1    0    9    9   -0.298245
    1    0   10    9   -0.505492
    1    0   11    9   -0.088202
    1    0   12    9    0.245892
    1    0   13    9    0.163892
    1    0   14    9   -0.000320
    1    0   15    9   -0.118405
    1    0   16    9    0.032370
    1    0   17    9   -1.257715
    1    0   18    9    0.041050
    1    0    1   10   -0.090747
    1    0    2   10    0.110025
    1    0    3   10   -0.060170
    1    0    4   10    0.085182
    1    0    5   10    0.088048
    1    0    6   10    0.988400
    1    0    7   10    0.635287
    1    0    8   10    0.065450
    1    0    9   10   -1.338923
    1    0   10   10   -0.238732
    1    0   11   10    0.434672
    1    0   12   10    0.078592
    1    0   13   10    3.350055
    1    0   14   10   -0.078900
    1    0   15   10    0.298117
    1    0   16   10   -0.116485
    1    0   17   10   -0.016707
    1    0   18   10   -0.122910
    1    0    1   11   -0.027322
    1    0    2   11    0.037567
    1    0    3   11    0.010880
    1    0    4   11    0.003282
    1    0    5   11    0.000870
    1    0    6   11    0.010320
    1    0    7   11    0.023958
    1    0    8   11   -0.000838
    1    0    9   11    0.009015
    1    0   10   11   -0.460222
    1    0   11   11   -0.020228
    1    0   12   11    0.051195
    1    0   13   11   -0.325765
    1    0   14   11   -0.000750
    1    0   15   11    0.146990
    1    0   16   11   -0.023985
    1    0   17   11   -0.130655
    1    0   18   11    0.017880
    1    0    1   12    0.010700
    1    0    2   12   -0.007297
    1    0    3   12   -0.011742
    1    0    4   12    0.000473
    1    0    5   12    0.011423
    1    0    6   12   -0.010475
    1    0    7   12   -0.042892
    1    0    8   12    0.001722
    1    0    9   12   -0.075580
    1    0   10   12    0.029052
    1    0   11   12   -0.000287
    1    0   12   12   -0.156527
    1    0   13   12    0.462265
    1    0   14   12   -0.002755
    1    0   15   12   -0.012305
    1    0   16   12   -0.001050
    1    0   17   12    0.003147
    1    0   18   12    0.006202
    1    0    1   13    0.046997
    1    0    2   13    0.009945
    1    0    3   13    0.041938
    1    0    4   13    0.027325
    1    0    5   13    0.011945
    1    0    6   13   -0.133422
    1    0    7   13   -0.159460
    1    0    8   13    0.003452
    1    0    9   13   -0.039370
    1    0   10   13    0.059658
    1    0   11   13    0.006640
    1    0   12   13   -0.055205
    1    0   13   13    0.164672
    1    0   14   13   -0.013035
    1    0   15   13    0.000772
    1    0   16   13   -0.048107
    1    0   17   13   -0.001457
    1    0   18   13    0.008207
    1    0    1   14    0.193983
    1    0    2   14   -0.347097
    1    0    3   14   -0.050147
    1    0    4   14   -0.454967
    1    0    5   14   -0.041020
    1    0    6   14    0.193122
    1    0    7   14   -0.209100
    1    0    8   14   -0.019720
    1    0    9   14   -0.031200
    1    0   10   14   -0.455610
    1    0   11   14   -0.034072
    1    0   12   14   -0.678693
    1    0   13   14   -3.206665
    1    0   14   14    0.016282
    1    0   15   14    0.002123
    1    0   16   14    0.135177
    1    0   17   14    3.225622
    1    0   18   14   -0.044932
    1    0    1   15   -0.133990
    1    0    2   15    0.058658
    1    0    3   15    0.157335
    1    0    4   15   -0.019295
    1    0    5   15   -0.079317
    1    0    6   15    0.696620
    1    0    7   15    0.077177
    1    0    8   15   -0.027205
    1    0    9   15    0.703380
    1    0   10   15   -0.160993
    1    0   11   15    0.037470
    1    0   12   15    1.060000
    1    0   13   15   -0.632200
    1    0   14   15    0.076290
    1    0   15   15    0.090770
    1    0   16   15    0.190770
    1    0   17   15   -0.027520
    1    0   18   15    0.013810
    1    0    1   16    0.277355
    1    0    2   16    0.218820
    1    0    3   16    0.313495
    1    0    4   16    0.085252
    1    0    5   16   -0.147065
    1    0    6   16   -0.328255
    1    0    7   16   -0.337597
    1    0    8   16   -0.026905
    1    0    9   16    0.022207
    1    0   10   16   -0.163225
    1    0   11   16    0.079710
    1    0   12   16    1.192385
    1    0   13   16   -1.327213
    1    0   14   16   -0.009647
    1    0   15   16   -0.024727
    1    0   16   16   -0.028672
    1    0   17   16   -0.796380
    1    0   18   16    0.103593
    1    0    1   17   -0.008130
    1    0    2   17   -3.423687
    1    0    3   17   -0.048825
    1    0    4   17    0.000982
    1    0    5   17    0.223202
    1    0    6   17   -1.828490
    1    0    7   17   -0.596732
    1    0    8   17   -0.014205
    1    0    9   17   -0.267712
    1    0   10   17    0.156592
    1    0   11   17   -0.363403
    1    0   12   17    0.561565
    1    0   13   17   -0.265770
    1    0   14   17   -0.074227
    1    0   15   17    0.230615
    1    0   16   17   -0.316435
    1    0   17   17   -0.034582
    1    0   18   17    0.001012
    1    0    1   18    0.021237
    1    0    2   18   -0.115767
    1    0    3   18   -0.028503
    1    0    4   18   -0.112697
    1    0    5   18   -0.025933
    1    0    6   18    0.215480
    1    0    7   18   -0.021315
    1    0    8   18    0.013075
    1    0    9   18    0.116890
    1    0   10   18   -0.314945
    1    0   11   18    0.097222
    1    0   12   18    0.293455
    1    0   13   18   -0.944790
    1    0   14   18    0.036562
    1    0   15   18    0.085120
    1    0   16   18    0.070450
    1    0   17   18    1.126830
    1    0   18   18   -0.126915
   -1    1    1    1   -0.030757
   -1    1    2    1   -0.002430
   -1    1    3    1   -0.062730
   -1    1    4    1   -0.022715
   -1    1    5    1    0.035478
   -1    1    6    1    0.018147
   -1    1    7    1    0.028960
   -1    1    8    1    0.017605
   -1    1    9    1    0.019603
   -1    1   10    1    0.037450
   -1    1   11    1    0.004547
   -1    1   12    1    0.020193
   -1    1   13    1    0.040087
   -1    1   14    1   -0.028812
   -1    1   15    1    0.033427
   -1    1   16    1   -0.049048
   -1    1   17    1   -0.006335
   -1    1   18    1   -0.003950
   -1    1    1    2    0.014930
   -1    1    2    2   -0.010890
   -1    1    3    2   -0.031827
   -1    1    4    2    0.019807
   -1    1    5    2    0.003515
   -1    1    6    2    0.000450
   -1    1    7    2   -0.002533
   -1    1    8    2    0.013297
   -1    1    9    2    0.026433
   -1    1   10    2   -0.041270
   -1    1   11    2    0.003825
   -1    1   12    2    0.001455
   -1    1   13    2    0.007542
   -1    1   14    2    0.003740
   -1    1   15    2   -0.005972
   -1    1   16    2    0.014000
   -1    1   17    2    0.005020
   -1    1   18    2   -0.025653
   -1    1    1    3    0.091625
   -1    1    2    3   -0.005425
   -1    1    3    3    0.006753
   -1    1    4    3    0.028955
   -1    1    5    3   -0.025287
   -1    1    6    3    0.005395
   -1    1    7    3   -0.037362
   -1    1    8    3   -0.006967
   -1    1    9    3   -0.010297
   -1    1   10    3    0.009335
   -1    1   11    3   -0.003303
   -1    1   12    3   -0.009942
   -1    1   13    3   -0.017335
   -1    1   14    3    0.012562
   -1    1   15    3   -0.033675
   -1    1   16    3    0.049062
   -1    1   17    3    0.006482
   -1    1   18    3   -0.000065
   -1    1    1    4   -0.000995
   -1    1    2    4    0.009782
   -1    1    3    4    0.001825
   -1    1    4    4   -0.004875
   -1    1    5    4   -0.009728
   -1    1    6    4   -0.004087
   -1    1    7    4   -0.002400
   -1    1    8    4   -0.006775
   -1    1    9    4   -0.025460
   -1    1   10    4    0.060680
   -1    1   11    4   -0.004665
   -1    1   12    4   -0.000397
   -1    1   13    4   -0.005577
   -1    1   14    4   -0.004768
   -1    1   15    4   -0.003785
   -1    1   16    4   -0.004298
   -1    1   17    4    0.006472
   -1    1   18    4    0.028027
   -1    1    1    5   -0.033312
   -1    1    2    5    0.005055
   -1    1    3    5    0.024710
   -1    1    4    5   -0.011258
   -1    1    5    5   -0.002207
   -1    1    6    5   -0.004148
   -1    1    7    5    0.005517
   -1    1    8    5   -0.005590
   -1    1    9    5   -0.014980
   -1    1   10    5    0.004025
   -1    1   11    5   -0.001210
   -1    1   12    5   -0.008327
   -1    1   13    5   -0.009017
   -1    1   14    5   -0.000765
   -1    1   15    5    0.010053
   -1    1   16    5    0.004800
   -1    1   17    5   -0.002410
   -1    1   18    5    0.009745
   -1    1    1    6    0.019940
   -1    1    2    6    0.003105
   -1    1    3    6   -0.009177
   -1    1    4    6   -0.000640
   -1    1    5    6   -0.000073
   -1    1    6    6   -0.000695
   -1    1    7    6   -0.014290
   -1    1    8    6   -0.013005
   -1    1    9    6   -0.014977
   -1    1   10    6   -0.012818
   -1    1   11    6   -0.000310
   -1    1   12    6    0.000697
   -1    1   13    6   -0.001640
   -1    1   14    6    0.004052
   -1    1   15    6    0.003405
   -1    1   16    6   -0.005833
   -1    1   17    6    0.022488
   -1    1   18    6    0.002772
   -1    1    1    7    0.014717
   -1    1    2    7   -0.001942
   -1    1    3    7    0.066685
   -1    1    4    7    0.009352
   -1    1    5    7   -0.016657
   -1    1    6    7    0.010887
   -1    1    7    7   -0.017422
   -1    1    8    7   -0.025122
   -1    1    9    7   -0.011625
   -1    1   10    7    0.006135
   -1    1   11    7   -0.002077
   -1    1   12    7    0.001225
   -1    1   13    7    0.023287
   -1    1   14    7    0.010597
   -1    1   15    7   -0.031585
   -1    1   16    7    0.031317
   -1    1   17    7   -0.023342
   -1    1   18    7    0.006408
   -1    1    1    8   -0.007795
   -1    1    2    8    0.002993
   -1    1    3    8    0.007260
   -1    1    4    8   -0.004290
   -1    1    5    8   -0.000625
   -1    1    6    8   -0.001402
   -1    1    7    8    0.002492
   -1    1    8    8   -0.001430
   -1    1    9    8   -0.009707
   -1    1   10    8    0.030045
   -1    1   11    8   -0.000917
   -1    1   12    8   -0.002300
   -1    1   13    8    0.001737
   -1    1   14    8   -0.004957
   -1    1   15    8    0.001705
   -1    1   16    8   -0.005085
   -1    1   17    8   -0.001002
   -1    1   18    8    0.009225
   -1    1    1    9    0.041645
   -1    1    2    9    0.020925
   -1    1    3    9    0.018887
   -1    1    4    9    0.006675
   -1    1    5    9   -0.024522
   -1    1    6    9    0.024272
   -1    1    7    9   -0.023057
   -1    1    8    9   -0.040313
   -1    1    9    9   -0.065295
   -1    1   10    9    0.134155
   -1    1   11    9   -0.007285
   -1    1   12    9   -0.005902
   -1    1   13    9    0.036682
   -1    1   14    9   -0.013732
   -1    1   15    9   -0.041235
   -1    1   16    9   -0.009158
   -1    1   17    9   -0.027927
   -1    1   18    9    0.057565
   -1    1    1   10   -0.125865
   -1    1    2   10    0.015605
   -1    1    3   10   -0.010360
   -1    1    4   10    0.021760
   -1    1    5   10    0.075985
   -1    1    6   10   -0.001175
   -1    1    7   10    0.030330
   -1    1    8   10   -0.365512
   -1    1    9   10    0.077200
   -1    1   10   10   -0.454530
   -1    1   11   10    0.029365
   -1    1   12   10    0.015410
   -1    1   13   10   -0.000650
   -1    1   14   10    0.035693
   -1    1   15   10    0.126552
   -1    1   16   10    0.001680
   -1    1   17   10   -0.037558
   -1    1   18   10    0.117818
   -1    1    1   11   -0.007830
   -1    1    2   11    0.004452
   -1    1    3   11    0.012722
   -1    1    4   11   -0.009320
   -1    1    5   11   -0.004570
   -1    1    6   11   -0.002763
   -1    1    7   11   -0.000190
   -1    1    8   11   -0.008437
   -1    1    9   11   -0.009847
   -1    1   10   11    0.018340
   -1    1   11   11   -0.001875
   -1    1   12   11   -0.001752
   -1    1   13   11   -0.004875
   -1    1   14   11   -0.002915
   -1    1   15   11    0.006557
   -1    1   16   11    0.002043
   -1    1   17   11    0.000650
   -1    1   18   11    0.011757
   -1    1    1   12   -0.022677
   -1    1    2   12    0.000932
   -1    1    3   12   -0.355287
   -1    1    4   12    0.048775
   -1    1    5   12   -0.007357
   -1    1    6   12   -0.013630
   -1    1    7   12   -0.087895
   -1    1    8   12    0.144635
   -1    1    9   12   -0.015835
   -1    1   10   12    0.032262
   -1    1   11   12   -0.001815
   -1    1   12   12    0.004180
   -1    1   13   12    0.043620
   -1    1   14   12   -0.049193
   -1    1   15   12   -0.083932
   -1    1   16   12    0.039065
   -1    1   17   12    0.144042
   -1    1   18   12   -0.000802
   -1    1    1   13    0.136970
   -1    1    2   13   -0.015585
   -1    1    3   13   -0.006788
   -1    1    4   13   -0.020480
   -1    1    5   13    0.029260
   -1    1    6   13    0.044347
   -1    1    7   13   -0.038852
   -1    1    8   13   -0.091075
   -1    1    9   13   -0.049515
   -1    1   10   13    0.139890
   -1    1   11   13    0.011235
   -1    1   12   13   -0.027827
   -1    1   13   13    0.031602
   -1    1   14   13   -0.053157
   -1    1   15   13   -0.137917
   -1    1   16   13   -0.076855
   -1    1   17   13   -0.011690
   -1    1   18   13   -0.000825
   -1    1    1   14    0.033322
   -1    1    2   14    0.013507
   -1    1    3   14   -0.019147
   -1    1    4   14   -0.000027
   -1    1    5   14   -0.015242
   -1    1    6   14   -0.001375
   -1    1    7   14   -0.011830
   -1    1    8   14   -0.005817
   -1    1    9   14   -0.026287
   -1    1   10   14    0.050762
   -1    1   11   14   -0.005148
   -1    1   12   14    0.003820
   -1    1   13   14    0.001535
   -1    1   14   14   -0.010247
   -1    1   15   14   -0.031077
   -1    1   16   14   -0.002275
   -1    1   17   14    0.006750
   -1    1   18   14    0.018697
   -1    1    1   15    0.013120
   -1    1    2   15    0.011797
   -1    1    3   15    0.006537
   -1    1    4   15    0.014252
   -1    1    5   15   -0.034842
   -1    1    6   15   -0.022830
   -1    1    7   15   -0.027430
   -1    1    8   15    0.039728
   -1    1    9   15   -0.069187
   -1    1   10   15    0.045108
   -1    1   11   15   -0.002785
   -1    1   12   15   -0.015805
   -1    1   13   15   -0.027180
   -1    1   14   15   -0.016705
   -1    1   15   15   -0.024535
   -1    1   16   15    0.004168
   -1    1   17   15    0.021902
   -1    1   18   15    0.004755
   -1    1    1   16    0.015410
   -1    1    2   16    0.008030
   -1    1    3   16   -0.027008
   -1    1    4   16    0.004832
   -1    1    5   16   -0.004200
   -1    1    6   16    0.015795
   -1    1    7   16   -0.013825
   -1    1    8   16   -0.012877
   -1    1    9   16   -0.044280
   -1    1   10   16    0.062087
   -1    1   11   16   -0.002657
   -1    1   12   16    0.009402
   -1    1   13   16    0.006532
   -1    1   14   16   -0.007660
   -1    1   15   16   -0.037845
   -1    1   16   16   -0.003672
   -1    1   17   16   -0.003182
   -1    1   18   16    0.023327
   -1    1    1   17    0.001485
   -1    1    2   17    0.001847
   -1    1    3   17   -0.004122
   -1    1    4   17   -0.000788
   -1    1    5   17    0.006792
   -1    1    6   17   -0.002575
   -1    1    7   17    0.002682
   -1    1    8   17   -0.010762
   -1    1    9   17    0.012305
   -1    1   10   17   -0.007817
   -1    1   11   17   -0.000060
   -1    1   12   17    0.004567
   -1    1   13   17    0.007497
   -1    1   14   17    0.001128
   -1    1   15   17    0.000645
   -1    1   16   17    0.000267
   -1    1   17   17    0.001990
   -1    1   18   17    0.003190
   -1    1    1   18    0.012948
   -1    1    2   18   -0.026807
   -1    1    3   18   -0.009315
   -1    1    4   18    0.029360
   -1    1    5   18    0.005330
   -1    1    6   18   -0.001243
   -1    1    7   18   -0.004417
   -1    1    8   18    0.020910
   -1    1    9   18    0.049093
   -1    1   10   18   -0.061303
   -1    1   11   18    0.005822
   -1    1   12   18    0.005510
   -1    1   13   18   -0.001110
   -1    1   14   18    0.026242
   -1    1   15   18   -0.001492
   -1    1   16   18    0.035992
   -1    1   17   18    0.009237
   -1    1   18   18   -0.041307
    0    1    1    1    0.104552
    0    1    2    1   -0.006697
    0    1    3    1   -0.089978
    0    1    4    1   -0.124880
    0    1    5    1    0.037573
    0    1    6    1   -0.018322
    0    1    7    1    0.004000
    0    1    8    1    0.018975
    0    1    9    1    0.021837
    0    1   10    1    0.051063
    0    1   11    1    0.008207
    0    1   12    1   -0.048245
    0    1   13    1   -0.124440
    0    1   14    1   -0.039712
    0    1   15    1   -0.039802
    0    1   16    1   -0.099750
    0    1   17    1    0.009375
    0    1   18    1    0.001868
    0    1    1    2    0.006202
    0    1    2    2   -0.054715
    0    1    3    2   -0.011410
    0    1    4    2    0.039427
    0    1    5    2    0.049423
    0    1    6    2    0.010478
    0    1    7    2   -0.001255
    0    1    8    2    0.030257
    0    1    9    2    0.057755
    0    1   10    2   -0.049268
    0    1   11    2    0.019565
    0    1   12    2   -0.006578
    0    1   13    2   -0.001497
    0    1   14    2    0.007143
    0    1   15    2    0.009960
    0    1   16    2    0.085285
    0    1   17    2    0.003815
    0    1   18    2   -0.048708
    0    1    1    3    0.641202
    0    1    2    3    0.013902
    0    1    3    3   -0.114687
    0    1    4    3    0.094768
    0    1    5    3   -0.085800
    0    1    6    3   -0.051193
    0    1    7    3   -0.093682
    0    1    8    3   -0.023612
    0    1    9    3    0.168673
    0    1   10    3   -0.008967
    0    1   11    3   -0.004337
    0    1   12    3    0.016307
    0    1   13    3    0.095855
    0    1   14    3   -0.003222
    0    1   15    3   -0.056390
    0    1   16    3   -0.275952
    0    1   17    3    0.052450
    0    1   18    3    0.010540
    0    1    1    4    0.021692
    0    1    2    4    0.038160
    0    1    3    4    0.031600
    0    1    4    4   -0.040735
    0    1    5    4    0.000052
    0    1    6    4    0.013462
    0    1    7    4   -0.004410
    0    1    8    4   -0.072337
    0    1    9    4    0.004625
    0    1   10    4    0.083517
    0    1   11    4   -0.012218
    0    1   12    4   -0.001077
    0    1   13    4    0.013650
    0    1   14    4   -0.008653
    0    1   15    4    0.000650
    0    1   16    4    0.011762
    0    1   17    4   -0.002220
    0    1   18    4    0.012927
    0    1    1    5   -0.030317
    0    1    2    5    0.006625
    0    1    3    5    0.041915
    0    1    4    5   -0.001405
    0    1    5    5   -0.019852
    0    1    6    5    0.007208
    0    1    7    5    0.016410
    0    1    8    5   -0.014603
    0    1    9    5   -0.029692
    0    1   10    5   -0.008333
    0    1   11    5   -0.001675
    0    1   12    5    0.004115
    0    1   13    5   -0.004192
    0    1   14    5    0.002950
    0    1   15    5    0.027060
    0    1   16    5   -0.017410
    0    1   17    5   -0.003383
    0    1   18    5    0.025010
    0    1    1    6   -0.184465
    0    1    2    6    0.013962
    0    1    3    6   -0.019702
    0    1    4    6    0.019525
    0    1    5    6    0.017800
    0    1    6    6   -0.036338
    0    1    7    6    0.057985
    0    1    8    6    0.073390
    0    1    9    6   -0.036795
    0    1   10    6    0.033055
    0    1   11    6   -0.001830
    0    1   12    6    0.004325
    0    1   13    6    0.010985
    0    1   14    6    0.019487
    0    1   15    6    0.001158
    0    1   16    6   -0.033033
    0    1   17    6   -0.001810
    0    1   18    6    0.015665
    0    1    1    7   -0.056883
    0    1    2    7    0.031162
    0    1    3    7    0.045632
    0    1    4    7   -0.008935
    0    1    5    7    0.003890
    0    1    6    7   -0.093927
    0    1    7    7   -0.071285
    0    1    8    7    0.014045
    0    1    9    7   -0.058133
    0    1   10    7   -0.031615
    0    1   11    7   -0.011597
    0    1   12    7    0.026062
    0    1   13    7    0.050505
    0    1   14    7    0.005327
    0    1   15    7    0.005248
    0    1   16    7    0.091355
    0    1   17    7   -0.016775
    0    1   18    7   -0.002950
    0    1    1    8   -0.022500
    0    1    2    8    0.002930
    0    1    3    8   -0.005465
    0    1    4    8   -0.013035
    0    1    5    8   -0.001348
    0    1    6    8    0.001850
    0    1    7    8    0.004135
    0    1    8    8    0.000197
    0    1    9    8   -0.018257
    0    1   10    8    0.023762
    0    1   11    8   -0.000385
    0    1   12    8   -0.000175
    0    1   13    8   -0.009290
    0    1   14    8   -0.002100
    0    1   15    8    0.010545
    0    1   16    8   -0.005492
    0    1   17    8    0.004942
    0    1   18    8    0.014212
    0    1    1    9   -0.139725
    0    1    2    9    0.082307
    0    1    3    9   -0.052587
    0    1    4    9   -0.707712
    0    1    5    9   -0.038340
    0    1    6    9   -0.065885
    0    1    7    9    0.024375
    0    1    8    9    0.018495
    0    1    9    9   -0.139118
    0    1   10    9    0.010790
    0    1   11    9   -0.028025
    0    1   12    9    0.009252
    0    1   13    9    0.042067
    0    1   14    9   -0.001030
    0    1   15    9    0.052882
    0    1   16    9   -0.014650
    0    1   17    9    0.022147
    0    1   18    9    0.042150
    0    1    1   10   -0.131422
    0    1    2   10    1.178567
    0    1    3   10    0.087000
    0    1    4   10   -2.258202
    0    1    5   10   -0.470562
    0    1    6   10    0.037200
    0    1    7   10   -0.017587
    0    1    8   10    0.048082
    0    1    9   10   -1.468475
    0    1   10   10   -0.405445
    0    1   11   10   -0.248255
    0    1   12   10   -0.008597
    0    1   13   10   -0.087372
    0    1   14   10   -0.509505
    0    1   15   10    0.404278
    0    1   16   10   -0.753952
    0    1   17   10   -0.153305
    0    1   18   10    0.667440
    0    1    1   11    0.012600
    0    1    2   11    0.027507
    0    1    3   11    0.000607
    0    1    4   11    0.209320
    0    1    5   11   -0.079140
    0    1    6   11   -0.012963
    0    1    7   11   -0.002772
    0    1    8   11   -0.194392
    0    1    9   11   -0.132538
    0    1   10   11    0.053402
    0    1   11   11   -0.005183
    0    1   12   11    0.003083
    0    1   13   11    0.007085
    0    1   14   11   -0.065495
    0    1   15   11   -0.022875
    0    1   16   11   -0.062545
    0    1   17   11   -0.067877
    0    1   18   11    0.050618
    0    1    1   12    0.119740
    0    1    2   12   -0.762087
    0    1    3   12   -0.454823
    0    1    4   12   -0.169127
    0    1    5   12    0.598415
    0    1    6   12    0.871940
    0    1    7   12    2.356282
    0    1    8   12    0.459742
    0    1    9   12    1.847938
    0    1   10   12    0.113885
    0    1   11   12    0.046955
    0    1   12   12   -0.068255
    0    1   13   12   -0.123298
    0    1   14   12    0.043220
    0    1   15   12    0.119605
    0    1   16   12    0.215050
    0    1   17   12   -0.012213
    0    1   18   12    0.101547
    0    1    1   13    2.181847
    0    1    2   13    0.131745
    0    1    3   13   -0.374520
    0    1    4   13    0.033740
    0    1    5   13   -0.450045
    0    1    6   13   -0.292940
    0    1    7   13   -1.424670
    0    1    8   13    0.087177
    0    1    9   13    1.046010
    0    1   10   13    0.113627
    0    1   11   13   -0.003535
    0    1   12   13   -0.029173
    0    1   13   13   -0.261122
    0    1   14   13   -0.174017
    0    1   15   13   -0.086043
    0    1   16   13   -2.276275
    0    1   17   13   -0.030367
    0    1   18   13    0.077067
    0    1    1   14    0.071840
    0    1    2   14    0.014783
    0    1    3   14   -0.011340
    0    1    4   14    0.057297
    0    1    5   14   -0.021992
    0    1    6   14    0.017317
    0    1    7   14   -0.034337
    0    1    8   14   -0.098433
    0    1    9   14   -0.096757
    0    1   10   14    0.081045
    0    1   11   14   -0.002190
    0    1   12   14   -0.003955
    0    1   13   14    0.026783
    0    1   14   14   -0.029862
    0    1   15   14   -0.055922
    0    1   16   14   -0.047062
    0    1   17   14   -0.001455
    0    1   18   14    0.061605
    0    1    1   15   -0.000633
    0    1    2   15    0.003835
    0    1    3   15    0.102022
    0    1    4   15    0.517053
    0    1    5   15   -0.393592
    0    1    6   15    0.046560
    0    1    7   15   -0.000513
    0    1    8   15   -0.126937
    0    1    9   15   -0.933777
    0    1   10   15    0.092165
    0    1   11   15    0.043455
    0    1   12   15    0.011540
    0    1   13   15    0.062208
    0    1   14   15   -0.140080
    0    1   15   15   -0.124558
    0    1   16   15   -0.331302
    0    1   17   15   -0.046318
    0    1   18   15    0.139865
    0    1    1   16    0.146410
    0    1    2   16    0.048345
    0    1    3   16   -0.069945
    0    1    4   16    0.026465
    0    1    5   16   -0.055940
    0    1    6   16   -0.066752
    0    1    7   16   -0.033337
    0    1    8   16    0.035360
    0    1    9   16   -0.039512
    0    1   10   16    0.060213
    0    1   11   16   -0.020930
    0    1   12   16    0.007817
    0    1   13   16    0.023920
    0    1   14   16   -0.038055
    0    1   15   16   -0.043212
    0    1   16   16   -0.042620
    0    1   17   16   -0.016997
    0    1   18   16    0.033887
    0    1    1   17    0.010123
    0    1    2   17    0.005950
    0    1    3   17    0.015062
    0    1    4   17   -0.157912
    0    1    5   17    0.081850
    0    1    6   17    0.008692
    0    1    7   17    0.002478
    0    1    8   17   -0.035095
    0    1    9   17    0.175375
    0    1   10   17   -0.009570
    0    1   11   17   -0.008097
    0    1   12   17   -0.003517
    0    1   13   17   -0.011967
    0    1   14   17    0.028740
    0    1   15   17    0.030028
    0    1   16   17    0.056250
    0    1   17   17   -0.000250
    0    1   18   17   -0.027420
    0    1    1   18    0.187892
    0    1    2   18   -0.050857
    0    1    3   18    0.256827
    0    1    4   18    0.928730
    0    1    5   18    0.044937
    0    1    6   18    0.031413
    0    1    7   18   -0.059365
    0    1    8   18   -0.081797
    0    1    9   18    0.167158
    0    1   10   18    0.083502
    0    1   11   18    0.011575
    0    1   12   18   -0.004032
    0    1   13   18    0.033828
    0    1   14   18   -0.004058
    0    1   15   18   -0.179468
    0    1   16   18    0.153725
    0    1   17   18   -0.120652
    0    1   18   18   -0.017323
    1    1    1    1    0.096240
    1    1    2    1   -0.007168
    1    1    3    1   -0.060577
    1    1    4    1   -0.029417
    1    1    5    1    0.012847
    1    1    6    1   -0.174857
    1    1    7    1   -0.094812
    1    1    8    1    0.014407
    1    1    9    1    0.018942
    1    1   10    1    0.043760
    1    1   11    1    0.003600
    1    1   12    1   -0.022887
    1    1   13    1   -0.146127
    1    1   14    1   -0.009847
    1    1   15    1    0.016117
    1    1   16    1   -0.087265
    1    1   17    1    0.009425
    1    1   18    1   -0.000172
    1    1    1    2   -0.011785
    1    1    2    2   -0.008255
    1    1    3    2    0.001708
    1    1    4    2    0.026333
    1    1    5    2    0.016902
    1    1    6    2   -0.025955
    1    1    7    2    0.000685
    1    1    8    2    0.008908
    1    1    9    2    0.028557
    1    1   10    2   -0.065052
    1    1   11    2    0.004962
    1    1   12    2   -0.009237
    1    1   13    2   -0.006620
    1    1   14    2    0.009705
    1    1   15    2    0.029660
    1    1   16    2   -0.004970
    1    1   17    2   -0.018630
    1    1   18    2   -0.038977
    1    1    1    3   -0.012750
    1    1    2    3   -0.033907
    1    1    3    3   -0.388508
    1    1    4    3   -0.069562
    1    1    5    3    0.091185
    1    1    6    3    0.254915
    1    1    7    3    0.058558
    1    1    8    3    0.007972
    1    1    9    3   -0.141365
    1    1   10    3   -0.029728
    1    1   11    3    0.009915
    1    1   12    3   -0.013915
    1    1   13    3    0.076088
    1    1   14    3    0.016977
    1    1   15    3    0.042985
    1    1   16    3    0.083087
    1    1   17    3    0.037875
    1    1   18    3   -0.020188
    1    1    1    4    0.003402
    1    1    2    4    0.016577
    1    1    3    4    0.000030
    1    1    4    4   -0.029962
    1    1    5    4    0.001547
    1    1    6    4   -0.000973
    1    1    7    4    0.018567
    1    1    8    4   -0.000262
    1    1    9    4   -0.029987
    1    1   10    4    0.072905
    1    1   11    4   -0.003222
    1    1   12    4   -0.011180
    1    1   13    4    0.014812
    1    1   14    4   -0.009360
    1    1   15    4   -0.008760
    1    1   16    4   -0.005110
    1    1   17    4    0.017063
    1    1   18    4    0.030982
    1    1    1    5    0.005997
    1    1    2    5    0.011477
    1    1    3    5    0.004742
    1    1    4    5   -0.038357
    1    1    5    5   -0.014373
    1    1    6    5    0.076743
    1    1    7    5    0.048160
    1    1    8    5   -0.011388
    1    1    9    5    0.005368
    1    1   10    5   -0.000440
    1    1   11    5   -0.006247
    1    1   12    5    0.013020
    1    1   13    5    0.029265
    1    1   14    5    0.010205
    1    1   15    5   -0.006808
    1    1   16    5    0.007430
    1    1   17    5    0.010925
    1    1   18    5    0.020155
    1    1    1    6    0.010170
    1    1    2    6   -0.008407
    1    1    3    6    0.237045
    1    1    4    6    0.015960
    1    1    5    6   -0.050612
    1    1    6    6   -0.266227
    1    1    7    6    0.046768
    1    1    8    6   -0.004275
    1    1    9    6    0.126855
    1    1   10    6   -0.011395
    1    1   11    6    0.001992
    1    1   12    6   -0.005660
    1    1   13    6   -0.030490
    1    1   14    6    0.002335
    1    1   15    6    0.010055
    1    1   16    6   -0.205685
    1    1   17    6    0.003065
    1    1   18    6    0.011065
    1    1    1    7   -0.047045
    1    1    2    7    0.022580
    1    1    3    7    0.003420
    1    1    4    7   -0.023393
    1    1    5    7   -0.016875
    1    1    6    7   -0.008140
    1    1    7    7    0.033942
    1    1    8    7   -0.003193
    1    1    9    7   -0.005170
    1    1   10    7   -0.009298
    1    1   11    7   -0.010135
    1    1   12    7    0.026915
    1    1   13    7    0.006362
    1    1   14    7   -0.006713
    1    1   15    7    0.033950
    1    1   16    7   -0.034625
    1    1   17    7    0.002127
    1    1   18    7    0.013882
    1    1    1    8   -0.000345
    1    1    2    8   -0.012865
    1    1    3    8    0.002960
    1    1    4    8    0.043890
    1    1    5    8   -0.003300
    1    1    6    8    0.004970
    1    1    7    8    0.020957
    1    1    8    8    0.005952
    1    1    9    8   -0.009262
    1    1   10    8    0.035803
    1    1   11    8    0.007140
    1    1   12    8    0.005330
    1    1   13    8    0.006252
    1    1   14    8    0.000283
    1    1   15    8   -0.012673
    1    1   16    8   -0.003265
    1    1   17    8    0.004930
    1    1   18    8    0.016480
    1    1    1    9   -0.057262
    1    1    2    9    0.047150
    1    1    3    9    0.024392
    1    1    4    9   -0.155492
    1    1    5    9    0.001258
    1    1    6    9    0.007780
    1    1    7    9   -0.222630
    1    1    8    9   -0.010782
    1    1    9    9    0.101752
    1    1   10    9    0.089295
    1    1   11    9   -0.018152
    1    1   12    9    0.044722
    1    1   13    9    0.026605
    1    1   14    9   -0.013757
    1    1   15    9   -0.028610
    1    1   16    9   -0.040003
    1    1   17    9    0.010318
    1    1   18    9    0.040022
    1    1    1   10    0.079747
    1    1    2   10   -0.217540
    1    1    3   10    0.086760
    1    1    4   10    0.081330
    1    1    5   10   -0.067020
    1    1    6   10    0.518555
    1    1    7   10   -0.182218
    1    1    8   10    0.017128
    1    1    9   10    0.066910
    1    1   10   10   -0.187512
    1    1   11   10    0.083557
    1    1   12   10   -0.033575
    1    1   13   10   -0.142485
    1    1   14   10    0.015467
    1    1   15   10   -0.015940
    1    1   16   10    0.232555
    1    1   17   10    0.167882
    1    1   18   10   -0.031655
    1    1    1   11    0.010070
    1    1    2   11   -0.017120
    1    1    3   11   -0.000493
    1    1    4   11   -0.164200
    1    1    5   11   -0.007877
    1    1    6   11    0.092700
    1    1    7   11    0.082047
    1    1    8   11   -0.006095
    1    1    9   11   -0.017960
    1    1   10   11    0.087835
    1    1   11   11   -0.003910
    1    1   12   11   -0.003812
    1    1   13   11   -0.045027
    1    1   14   11    0.003040
    1    1   15   11   -0.047730
    1    1   16   11    0.058585
    1    1   17   11    0.079110
    1    1   18   11    0.041287
    1    1    1   12   -0.037855
    1    1    2   12    0.007855
    1    1    3   12   -0.379710
    1    1    4   12   -0.012480
    1    1    5   12    0.095172
    1    1    6   12    0.336110
    1    1    7   12   -0.010203
    1    1    8   12    0.002685
    1    1    9   12   -0.167095
    1    1   10   12   -0.065020
    1    1   11   12   -0.034042
    1    1   12   12   -0.084448
    1    1   13   12   -0.016217
    1    1   14   12   -0.004865
    1    1   15   12   -0.030285
    1    1   16   12    0.365432
    1    1   17   12   -0.126515
    1    1   18   12   -0.014717
    1    1    1   13   -0.056695
    1    1    2   13   -0.043870
    1    1    3   13   -0.369563
    1    1    4   13    0.090665
    1    1    5   13    0.193855
    1    1    6   13   -0.483548
    1    1    7   13   -0.188075
    1    1    8   13    0.000555
    1    1    9   13   -0.506832
    1    1   10   13   -0.003453
    1    1   11   13    0.012747
    1    1   12   13   -0.112160
    1    1   13   13   -0.394945
    1    1   14   13    0.004357
    1    1   15   13    0.081393
    1    1   16   13    0.844047
    1    1   17   13    0.071575
    1    1   18   13   -0.042918
    1    1    1   14   -0.008627
    1    1    2   14    0.061443
    1    1    3   14   -0.028442
    1    1    4   14   -0.175510
    1    1    5   14    0.065822
    1    1    6   14   -0.144212
    1    1    7   14   -0.051393
    1    1    8   14    0.017545
    1    1    9   14   -0.023725
    1    1   10   14    0.100333
    1    1   11   14   -0.009032
    1    1   12   14   -0.006625
    1    1   13   14    0.000517
    1    1   14   14   -0.015995
    1    1   15   14   -0.021367
    1    1   16   14   -0.034817
    1    1   17   14    0.018493
    1    1   18   14    0.037137
    1    1    1   15   -0.027178
    1    1    2   15    0.021313
    1    1    3   15    0.027475
    1    1    4   15   -0.051947
    1    1    5   15   -0.044770
    1    1    6   15    0.076122
    1    1    7   15    0.101462
    1    1    8   15   -0.031672
    1    1    9   15   -0.135378
    1    1   10   15    0.094715
    1    1   11   15   -0.003442
    1    1   12   15    0.014282
    1    1   13   15    0.022000
    1    1   14   15   -0.003182
    1    1   15   15   -0.073072
    1    1   16   15   -0.032842
    1    1   17   15    0.024055
    1    1   18   15    0.026390
    1    1    1   16    0.040695
    1    1    2   16    0.036962
    1    1    3   16   -0.040933
    1    1    4   16   -0.075838
    1    1    5   16   -0.037157
    1    1    6   16    0.012892
    1    1    7   16   -0.039273
    1    1    8   16   -0.048980
    1    1    9   16   -0.071695
    1    1   10   16    0.045580
    1    1   11   16   -0.023123
    1    1   12   16   -0.009505
    1    1   13   16   -0.034767
    1    1   14   16   -0.020820
    1    1   15   16   -0.038955
    1    1   16   16    0.085278
    1    1   17   16   -0.009067
    1    1   18   16    0.024528
    1    1    1   17   -0.000583
    1    1    2   17    0.037280
    1    1    3   17    0.005958
    1    1    4   17    0.027365
    1    1    5   17    0.005723
    1    1    6   17   -0.124662
    1    1    7   17   -0.050888
    1    1    8   17   -0.017507
    1    1    9   17    0.010387
    1    1   10   17   -0.018388
    1    1   11   17   -0.008590
    1    1   12   17    0.005443
    1    1   13   17   -0.006852
    1    1   14   17   -0.000850
    1    1   15   17    0.000300
    1    1   16   17   -0.026033
    1    1   17   17   -0.006185
    1    1   18   17    0.011612
    1    1    1   18   -0.007460
    1    1    2   18   -0.027240
    1    1    3   18    0.018200
    1    1    4   18    0.072037
    1    1    5   18    0.015222
    1    1    6   18   -0.254232
    1    1    7   18    0.519332
    1    1    8   18    0.019085
    1    1    9   18   -0.313575
    1    1   10   18   -0.022652
    1    1   11   18    0.016780
    1    1   12   18   -0.055187
    1    1   13   18    0.005627
    1    1   14   18    0.037558
    1    1   15   18   -0.002873
    1    1   16   18    0.055385
    1    1   17   18   -0.029302
    1    1   18   18   -0.085092
