 ir1  ir2   m    n          ReH 
   -1   -1    1    1   -0.033230
   -1   -1    2    1   -0.003962
   -1   -1    3    1    0.042763
   -1   -1    4    1   -0.004470
   -1   -1    5    1    0.019970
   -1   -1    6    1    0.028970
   -1   -1    7    1   -0.007280
   -1   -1    8    1   -0.007252
   -1   -1    9    1   -0.058812
   -1   -1   10    1   -0.523770
   -1   -1   11    1    0.036588
   -1   -1   12    1    0.046820
   -1   -1   13    1   -0.022162
   -1   -1   14    1    0.023333
   -1   -1   15    1    0.000918
   -1   -1   16    1   -0.009907
   -1   -1   17    1    0.002233
   -1   -1   18    1   -0.057170
   -1   -1    1    2   -0.008740
   -1   -1    2    2   -0.005007
   -1   -1    3    2    0.105987
   -1   -1    4    2   -0.028095
   -1   -1    5    2    0.006032
   -1   -1    6    2    0.010595
   -1   -1    7    2   -0.007983
   -1   -1    8    2   -0.398147
   -1   -1    9    2   -0.004885
   -1   -1   10    2    0.584340
   -1   -1   11    2   -0.022937
   -1   -1   12    2    0.004827
   -1   -1   13    2    0.003845
   -1   -1   14    2   -0.035670
   -1   -1   15    2    0.006177
   -1   -1   16    2    0.008995
   -1   -1   17    2   -0.011985
   -1   -1   18    2    0.006665
   -1   -1    1    3    0.034905
   -1   -1    2    3    0.012210
   -1   -1    3    3   -0.096717
   -1   -1    4    3   -0.007385
   -1   -1    5    3    0.009983
   -1   -1    6    3    0.003240
   -1   -1    7    3    0.005242
   -1   -1    8    3   -0.008318
   -1   -1    9    3   -0.069135
   -1   -1   10    3   -0.044132
   -1   -1   11    3   -0.002417
   -1   -1   12    3    0.008675
   -1   -1   13    3   -0.001082
   -1   -1   14    3    0.019675
   -1   -1   15    3    0.003052
   -1   -1   16    3    0.022417
   -1   -1   17    3    0.008040
   -1   -1   18    3   -0.054040
   -1   -1    1    4   -0.013615
   -1   -1    2    4    0.008852
   -1   -1    3    4    0.014510
   -1   -1    4    4   -0.377673
   -1   -1    5    4    0.001375
   -1   -1    6    4    0.000150
   -1   -1    7    4    0.036432
   -1   -1    8    4    0.045437
   -1   -1    9    4   -0.060415
   -1   -1   10    4   -0.088080
   -1   -1   11    4    0.025437
   -1   -1   12    4    0.006340
   -1   -1   13    4    0.011413
   -1   -1   14    4    0.026090
   -1   -1   15    4   -0.019622
   -1   -1   16    4   -0.059347
   -1   -1   17    4    0.000998
   -1   -1   18    4   -0.079938
   -1   -1    1    5    0.051060
   -1   -1    2    5   -0.007547
   -1   -1    3    5    0.188083
   -1   -1    4    5   -0.001985
   -1   -1    5    5    0.009017
   -1   -1    6    5   -0.010060
   -1   -1    7    5   -0.002180
   -1   -1    8    5   -0.098425
   -1   -1    9    5   -0.007660
   -1   -1   10    5   -0.659707
   -1   -1   11    5   -0.002950
   -1   -1   12    5    0.013202
   -1   -1   13    5    0.006377
   -1   -1   14    5   -0.033222
   -1   -1   15    5    0.001987
   -1   -1   16    5    0.010982
   -1   -1   17    5    0.017487
   -1   -1   18    5   -0.000452
   -1   -1    1    6   -0.212510
   -1   -1    2    6    0.001383
   -1   -1    3    6   -0.623485
   -1   -1    4    6    0.156762
   -1   -1    5    6   -0.026822
   -1   -1    6    6   -0.015438
   -1   -1    7    6   -0.008300
   -1   -1    8    6   -0.028953
   -1   -1    9    6    0.145420
   -1   -1   10    6   -1.742858
   -1   -1   11    6   -0.082450
   -1   -1   12    6   -0.071227
   -1   -1   13    6    0.032660
   -1   -1   14    6    0.056682
   -1   -1   15    6   -0.008318
   -1   -1   16    6   -0.107595
   -1   -1   17    6   -0.003715
   -1   -1   18    6    0.221645
   -1   -1    1    7    0.083992
   -1   -1    2    7   -0.012980
   -1   -1    3    7   -0.019735
   -1   -1    4    7   -0.038937
   -1   -1    5    7   -0.017870
   -1   -1    6    7   -0.039410
   -1   -1    7    7    0.015367
   -1   -1    8    7    0.069252
   -1   -1    9    7    0.031205
   -1   -1   10    7    0.001095
   -1   -1   11    7    0.074442
   -1   -1   12    7   -1.381752
   -1   -1   13    7   -0.023345
   -1   -1   14    7   -0.002975
   -1   -1   15    7    0.050912
   -1   -1   16    7   -0.053975
   -1   -1   17    7   -0.012087
   -1   -1   18    7   -0.066645
   -1   -1    1    8    0.028583
   -1   -1    2    8   -0.001292
   -1   -1    3    8    0.142808
   -1   -1    4    8    0.009915
   -1   -1    5    8    0.005432
   -1   -1    6    8   -0.005155
   -1   -1    7    8    0.000455
   -1   -1    8    8   -0.015052
   -1   -1    9    8   -0.001493
   -1   -1   10    8   -0.441175
   -1   -1   11    8   -0.002820
   -1   -1   12    8   -0.002628
   -1   -1   13    8    0.001842
   -1   -1   14    8   -0.016052
   -1   -1   15    8    0.000352
   -1   -1   16    8    0.003597
   -1   -1   17    8    0.010677
   -1   -1   18    8    0.007345
   -1   -1    1    9    0.132245
   -1   -1    2    9    0.012010
   -1   -1    3    9   -0.125840
   -1   -1    4    9    0.039055
   -1   -1    5    9   -0.011430
   -1   -1    6    9   -0.004967
   -1   -1    7    9    0.001035
   -1   -1    8    9    0.053302
   -1   -1    9    9   -0.094060
   -1   -1   10    9   -0.747130
   -1   -1   11    9   -0.007752
   -1   -1   12    9   -0.101825
   -1   -1   13    9   -0.038652
   -1   -1   14    9    0.046170
   -1   -1   15    9    0.005735
   -1   -1   16    9   -0.028567
   -1   -1   17    9    0.052663
   -1   -1   18    9   -0.065643
   -1   -1    1   10    0.013572
   -1   -1    2   10    0.006150
   -1   -1    3   10   -0.007102
   -1   -1    4   10   -0.006330
   -1   -1    5   10   -0.005450
   -1   -1    6   10   -0.000045
   -1   -1    7   10    0.038488
   -1   -1    8   10    0.643945
   -1   -1    9   10   -0.012280
   -1   -1   10   10    0.019035
   -1   -1   11   10   -0.008908
   -1   -1   12   10    0.008312
   -1   -1   13   10   -0.003023
   -1   -1   14   10   -0.008502
   -1   -1   15   10   -0.059417
   -1   -1   16   10    0.020392
   -1   -1   17   10   -0.002830
   -1   -1   18   10    0.011088
   -1   -1    1   11   -0.008550
   -1   -1    2   11   -0.003062
   -1   -1    3   11    0.017405
   -1   -1    4   11   -0.001103
   -1   -1    5   11   -0.002370
   -1   -1    6   11   -0.009170
   -1   -1    7   11    0.005108
   -1   -1    8   11    0.182595
   -1   -1    9   11   -0.002190
   -1   -1   10   11    0.084040
   -1   -1   11   11   -0.003537
   -1   -1   12   11   -0.015970
   -1   -1   13   11   -0.001548
   -1   -1   14   11   -0.000295
   -1   -1   15   11   -0.011595
   -1   -1   16   11   -0.001375
   -1   -1   17   11   -0.002895
   -1   -1   18   11   -0.015580
   -1   -1    1   12    0.006500
   -1   -1    2   12   -0.003858
   -1   -1    3   12    0.010157
   -1   -1    4   12   -0.012622
   -1   -1    5   12   -0.001497
   -1   -1    6   12   -0.016260
   -1   -1    7   12   -0.005075
   -1   -1    8   12   -0.178395
   -1   -1    9   12    0.000600
   -1   -1   10   12   -0.017460
   -1   -1   11   12   -0.004050
   -1   -1   12   12    0.002750
   -1   -1   13   12   -0.007712
   -1   -1   14   12   -0.001530
   -1   -1   15   12   -0.016727
   -1   -1   16   12   -0.000480
   -1   -1   17   12    0.011280
   -1   -1   18   12    0.004327
   -1   -1    1   13    0.062360
   -1   -1    2   13    0.009617
   -1   -1    3   13   -0.241572
   -1   -1    4   13    0.078317
   -1   -1    5   13   -0.006553
   -1   -1    6   13   -0.010730
   -1   -1    7   13   -0.037257
   -1   -1    8   13   -0.264400
   -1   -1    9   13    0.066248
   -1   -1   10   13   -0.021705
   -1   -1   11   13   -0.185170
   -1   -1   12   13    0.264707
   -1   -1   13   13   -0.040567
   -1   -1   14   13   -0.006567
   -1   -1   15   13   -0.001497
   -1   -1   16   13    0.228015
   -1   -1   17   13    0.001930
   -1   -1   18   13    0.093575
   -1   -1    1   14   -0.005250
   -1   -1    2   14   -0.002590
   -1   -1    3   14   -0.002773
   -1   -1    4   14    0.005607
   -1   -1    5   14   -0.002043
   -1   -1    6   14   -0.004655
   -1   -1    7   14    0.003278
   -1   -1    8   14   -0.062857
   -1   -1    9   14    0.020422
   -1   -1   10   14    0.099023
   -1   -1   11   14   -0.005600
   -1   -1   12   14   -0.002780
   -1   -1   13   14    0.005865
   -1   -1   14   14    0.003535
   -1   -1   15   14   -0.000018
   -1   -1   16   14    0.013230
   -1   -1   17   14   -0.001515
   -1   -1   18   14    0.003800
   -1   -1    1   15   -0.042570
   -1   -1    2   15   -0.002335
   -1   -1    3   15    0.005487
   -1   -1    4   15    0.016125
   -1   -1    5   15    0.022413
   -1   -1    6   15    0.014947
   -1   -1    7   15   -0.056797
   -1   -1    8   15    0.728880
   -1   -1    9   15    0.021452
   -1   -1   10   15   -0.008952
   -1   -1   11   15    0.048877
   -1   -1   12   15   -0.640220
   -1   -1   13   15    0.027922
   -1   -1   14   15    0.014400
   -1   -1   15   15    0.179305
   -1   -1   16   15   -0.029525
   -1   -1   17   15   -0.004525
   -1   -1   18   15   -0.012755
   -1   -1    1   16   -0.007400
   -1   -1    2   16    0.007592
   -1   -1    3   16    0.004707
   -1   -1    4   16    0.009920
   -1   -1    5   16   -0.004130
   -1   -1    6   16    0.016612
   -1   -1    7   16   -0.016862
   -1   -1    8   16    0.135365
   -1   -1    9   16    0.022310
   -1   -1   10   16   -0.003565
   -1   -1   11   16    0.001840
   -1   -1   12   16   -0.048118
   -1   -1   13   16    0.026713
   -1   -1   14   16   -0.027135
   -1   -1   15   16    0.021695
   -1   -1   16   16   -0.058292
   -1   -1   17   16   -0.004528
   -1   -1   18   16    0.023647
   -1   -1    1   17    0.000900
   -1   -1    2   17    0.009530
   -1   -1    3   17    0.004063
   -1   -1    4   17   -0.003463
   -1   -1    5   17   -0.010342
   -1   -1    6   17   -0.000840
   -1   -1    7   17   -0.011400
   -1   -1    8   17    1.215082
   -1   -1    9   17    0.004058
   -1   -1   10   17   -0.001530
   -1   -1   11   17   -0.075317
   -1   -1   12   17   -0.001150
   -1   -1   13   17    0.000335
   -1   -1   14   17   -0.013175
   -1   -1   15   17   -0.027290
   -1   -1   16   17   -0.010215
   -1   -1   17   17    0.001050
   -1   -1   18   17    0.004358
   -1   -1    1   18   -0.004913
   -1   -1    2   18    0.007465
   -1   -1    3   18    0.024725
   -1   -1    4   18   -0.248360
   -1   -1    5   18    0.006395
   -1   -1    6   18    0.015870
   -1   -1    7   18   -0.013587
   -1   -1    8   18    0.037033
   -1   -1    9   18   -0.060070
   -1   -1   10   18   -0.057652
   -1   -1   11   18    0.013902
   -1   -1   12   18   -0.014487
   -1   -1   13   18   -0.016020
   -1   -1   14   18   -0.012500
   -1   -1   15   18    0.006998
   -1   -1   16   18   -0.030072
   -1   -1   17   18    0.005708
   -1   -1   18   18   -0.023263
    0   -1    1    1   -0.091795
    0   -1    2    1    0.013545
    0   -1    3    1    0.106765
    0   -1    4    1   -0.340775
    0   -1    5    1   -0.010965
    0   -1    6    1   -0.014222
    0   -1    7    1    0.076750
    0   -1    8    1    0.275122
    0   -1    9    1   -0.006330
    0   -1   10    1    0.008347
    0   -1   11    1    0.234410
    0   -1   12    1   -0.550047
    0   -1   13    1    0.099693
    0   -1   14    1   -0.043120
    0   -1   15    1    0.049840
    0   -1   16    1   -0.676115
    0   -1   17    1   -0.009690
    0   -1   18    1    0.021735
    0   -1    1    2   -0.011930
    0   -1    2    2   -0.002130
    0   -1    3    2    0.013925
    0   -1    4    2   -0.010490
    0   -1    5    2    0.002195
    0   -1    6    2   -0.030085
    0   -1    7    2    0.001380
    0   -1    8    2    0.182155
    0   -1    9    2    0.014695
    0   -1   10    2   -0.087218
    0   -1   11    2   -0.021247
    0   -1   12    2    0.109645
    0   -1   13    2    0.061945
    0   -1   14    2   -0.000510
    0   -1   15    2   -0.005693
    0   -1   16    2    0.014517
    0   -1   17    2    0.006440
    0   -1   18    2   -0.007302
    0   -1    1    3   -0.007587
    0   -1    2    3    0.015187
    0   -1    3    3    0.004465
    0   -1    4    3   -0.126687
    0   -1    5    3   -0.061367
    0   -1    6    3    0.158217
    0   -1    7    3    0.027060
    0   -1    8    3    0.264838
    0   -1    9    3    0.478882
    0   -1   10    3   -0.092288
    0   -1   11    3    0.583778
    0   -1   12    3    0.605157
    0   -1   13    3    0.485670
    0   -1   14    3   -0.241415
    0   -1   15    3   -0.035420
    0   -1   16    3   -1.430050
    0   -1   17    3   -0.036682
    0   -1   18    3    0.705407
    0   -1    1    4   -0.042848
    0   -1    2    4    0.014918
    0   -1    3    4    0.062502
    0   -1    4    4    0.058270
    0   -1    5    4    0.016327
    0   -1    6    4    0.038533
    0   -1    7    4    0.067378
    0   -1    8    4   -0.045492
    0   -1    9    4   -0.123430
    0   -1   10    4    0.119290
    0   -1   11    4    0.030878
    0   -1   12    4    0.562960
    0   -1   13    4   -0.024873
    0   -1   14    4    0.025622
    0   -1   15    4   -0.178755
    0   -1   16    4    0.283407
    0   -1   17    4    0.001568
    0   -1   18    4   -0.095510
    0   -1    1    5    0.013750
    0   -1    2    5   -0.030765
    0   -1    3    5    0.025197
    0   -1    4    5   -0.000070
    0   -1    5    5   -0.000818
    0   -1    6    5    0.045085
    0   -1    7    5    0.004038
    0   -1    8    5    0.928020
    0   -1    9    5   -0.002640
    0   -1   10    5    0.014200
    0   -1   11    5    0.007615
    0   -1   12    5    0.112248
    0   -1   13    5    0.017997
    0   -1   14    5   -0.011170
    0   -1   15    5    0.083010
    0   -1   16    5   -0.006267
    0   -1   17    5   -0.006077
    0   -1   18    5    0.005690
    0   -1    1    6    0.018157
    0   -1    2    6   -0.038582
    0   -1    3    6   -0.002020
    0   -1    4    6    0.004707
    0   -1    5    6   -0.000433
    0   -1    6    6    0.037230
    0   -1    7    6    0.035333
    0   -1    8    6    0.006732
    0   -1    9    6   -0.048665
    0   -1   10    6   -0.166965
    0   -1   11    6    0.109997
    0   -1   12    6    0.604400
    0   -1   13    6    0.009410
    0   -1   14    6   -0.006648
    0   -1   15    6    0.235655
    0   -1   16    6   -0.086342
    0   -1   17    6    0.001965
    0   -1   18    6   -0.017935
    0   -1    1    7    0.010465
    0   -1    2    7    0.002047
    0   -1    3    7   -0.003585
    0   -1    4    7   -0.005710
    0   -1    5    7   -0.007130
    0   -1    6    7   -0.018052
    0   -1    7    7    0.029347
    0   -1    8    7    0.025090
    0   -1    9    7    0.030352
    0   -1   10    7    0.478548
    0   -1   11    7   -0.004605
    0   -1   12    7   -0.596157
    0   -1   13    7   -0.034508
    0   -1   14    7   -0.007620
    0   -1   15    7   -0.218520
    0   -1   16    7    0.050010
    0   -1   17    7   -0.044230
    0   -1   18    7    0.005727
    0   -1    1    8    0.009577
    0   -1    2    8    0.044650
    0   -1    3    8   -0.142315
    0   -1    4    8    0.000833
    0   -1    5    8   -0.026735
    0   -1    6    8   -0.012652
    0   -1    7    8   -0.002740
    0   -1    8    8    0.004340
    0   -1    9    8    0.016972
    0   -1   10    8   -0.054540
    0   -1   11    8   -0.578647
    0   -1   12    8   -0.021147
    0   -1   13    8   -0.041270
    0   -1   14    8    0.000752
    0   -1   15    8    0.028995
    0   -1   16    8   -0.035002
    0   -1   17    8   -0.006060
    0   -1   18    8    0.005233
    0   -1    1    9    0.074127
    0   -1    2    9    0.016977
    0   -1    3    9   -0.058908
    0   -1    4    9    0.050455
    0   -1    5    9    0.009357
    0   -1    6    9    0.094115
    0   -1    7    9   -0.000723
    0   -1    8    9    0.070980
    0   -1    9    9   -0.152155
    0   -1   10    9    0.057587
    0   -1   11    9   -0.002622
    0   -1   12    9   -0.378522
    0   -1   13    9   -0.448238
    0   -1   14    9    0.051705
    0   -1   15    9    0.157497
    0   -1   16    9   -0.046810
    0   -1   17    9   -0.007345
    0   -1   18    9   -0.117410
    0   -1    1   10   -0.041205
    0   -1    2   10    0.007045
    0   -1    3   10    0.036215
    0   -1    4   10    0.009105
    0   -1    5   10    0.006980
    0   -1    6   10    0.007915
    0   -1    7   10   -0.046347
    0   -1    8   10   -0.006850
    0   -1    9   10    0.016730
    0   -1   10   10    0.073480
    0   -1   11   10    0.025380
    0   -1   12   10    0.137065
    0   -1   13   10    0.016970
    0   -1   14   10   -0.000840
    0   -1   15   10   -0.005862
    0   -1   16   10    0.014765
    0   -1   17   10    0.006258
    0   -1   18   10    0.002950
    0   -1    1   11    0.007335
    0   -1    2   11   -0.009647
    0   -1    3   11    0.002410
    0   -1    4   11   -0.005952
    0   -1    5   11    0.001880
    0   -1    6   11   -0.006095
    0   -1    7   11    0.005157
    0   -1    8   11    0.070107
    0   -1    9   11   -0.018750
    0   -1   10   11   -0.003147
    0   -1   11   11    0.003287
    0   -1   12   11    0.227815
    0   -1   13   11    0.019210
    0   -1   14   11    0.004757
    0   -1   15   11    0.010220
    0   -1   16   11    0.007157
    0   -1   17   11   -0.004395
    0   -1   18   11   -0.017375
    0   -1    1   12   -0.002520
    0   -1    2   12    0.002755
    0   -1    3   12    0.004948
    0   -1    4   12    0.009810
    0   -1    5   12    0.000170
    0   -1    6   12    0.005580
    0   -1    7   12    0.005137
    0   -1    8   12   -0.001320
    0   -1    9   12    0.007448
    0   -1   10   12    0.035408
    0   -1   11   12   -0.000530
    0   -1   12   12    0.178432
    0   -1   13   12   -0.015782
    0   -1   14   12   -0.002690
    0   -1   15   12   -0.004862
    0   -1   16   12    0.001243
    0   -1   17   12   -0.001857
    0   -1   18   12    0.009992
    0   -1    1   13   -0.016612
    0   -1    2   13    0.001352
    0   -1    3   13   -0.001138
    0   -1    4   13    0.017282
    0   -1    5   13   -0.002477
    0   -1    6   13   -0.054167
    0   -1    7   13    0.007895
    0   -1    8   13    0.102563
    0   -1    9   13    0.074130
    0   -1   10   13   -0.065532
    0   -1   11   13   -0.019203
    0   -1   12   13   -0.001190
    0   -1   13   13   -0.095790
    0   -1   14   13   -0.012900
    0   -1   15   13    0.034572
    0   -1   16   13    0.073798
    0   -1   17   13   -0.007595
    0   -1   18   13    0.036408
    0   -1    1   14   -0.002205
    0   -1    2   14   -0.000375
    0   -1    3   14    0.012325
    0   -1    4   14   -0.009882
    0   -1    5   14    0.002325
    0   -1    6   14   -0.010405
    0   -1    7   14   -0.009505
    0   -1    8   14   -0.689085
    0   -1    9   14    0.008165
    0   -1   10   14    0.026825
    0   -1   11   14   -0.059990
    0   -1   12   14    0.058157
    0   -1   13   14   -0.005822
    0   -1   14   14   -0.003375
    0   -1   15   14    0.017007
    0   -1   16   14    0.053908
    0   -1   17   14    0.001097
    0   -1   18   14    0.009932
    0   -1    1   15   -0.023840
    0   -1    2   15   -0.008300
    0   -1    3   15    0.017603
    0   -1    4   15    0.006358
    0   -1    5   15    0.004457
    0   -1    6   15    0.017525
    0   -1    7   15    0.025895
    0   -1    8   15   -0.017712
    0   -1    9   15   -0.012590
    0   -1   10   15   -0.068177
    0   -1   11   15    0.007075
    0   -1   12   15    1.705417
    0   -1   13   15    0.008280
    0   -1   14   15    0.002220
    0   -1   15   15    0.217193
    0   -1   16   15   -0.034812
    0   -1   17   15   -0.019330
    0   -1   18   15   -0.001227
    0   -1    1   16   -0.002575
    0   -1    2   16    0.004058
    0   -1    3   16   -0.013857
    0   -1    4   16    0.004707
    0   -1    5   16   -0.011825
    0   -1    6   16    0.012925
    0   -1    7   16    0.009180
    0   -1    8   16    0.206845
    0   -1    9   16    0.061215
    0   -1   10   16    0.073540
    0   -1   11   16    0.006470
    0   -1   12   16   -0.370230
    0   -1   13   16    0.046237
    0   -1   14   16   -0.021542
    0   -1   15   16   -0.031167
    0   -1   16   16   -0.037625
    0   -1   17   16   -0.011962
    0   -1   18   16    0.045230
    0   -1    1   17   -0.026902
    0   -1    2   17   -0.011448
    0   -1    3   17    0.127360
    0   -1    4   17   -0.001077
    0   -1    5   17    0.013575
    0   -1    6   17    0.019928
    0   -1    7   17   -0.000272
    0   -1    8   17    0.004377
    0   -1    9   17   -0.008958
    0   -1   10   17    0.079280
    0   -1   11   17    0.078133
    0   -1   12   17    0.017462
    0   -1   13   17    0.018315
    0   -1   14   17   -0.009217
    0   -1   15   17   -0.015667
    0   -1   16   17    0.003523
    0   -1   17   17    0.011210
    0   -1   18   17   -0.004992
    0   -1    1   18   -0.034015
    0   -1    2   18    0.012252
    0   -1    3   18    0.024367
    0   -1    4   18    0.035725
    0   -1    5   18   -0.000030
    0   -1    6   18    0.038777
    0   -1    7   18    0.071743
    0   -1    8   18    0.013555
    0   -1    9   18   -0.033470
    0   -1   10   18    0.043625
    0   -1   11   18    0.084245
    0   -1   12   18   -0.349260
    0   -1   13   18    0.023882
    0   -1   14   18    0.002975
    0   -1   15   18   -0.156390
    0   -1   16   18    0.033620
    0   -1   17   18   -0.014777
    0   -1   18   18   -0.014220
    1   -1    1    1    0.000432
    1   -1    2    1    0.010955
    1   -1    3    1   -0.000817
    1   -1    4    1    0.009117
    1   -1    5    1    0.004497
    1   -1    6    1    0.023437
    1   -1    7    1   -0.020965
    1   -1    8    1    0.000185
    1   -1    9    1   -0.024465
    1   -1   10    1    0.141762
    1   -1   11    1   -0.009572
    1   -1   12    1   -0.169462
    1   -1   13    1    0.013488
    1   -1   14    1    0.004415
    1   -1   15    1   -0.043995
    1   -1   16    1    0.005685
    1   -1   17    1   -0.007152
    1   -1   18    1   -0.006128
    1   -1    1    2   -0.000992
    1   -1    2    2   -0.000652
    1   -1    3    2    0.001550
    1   -1    4    2   -0.000128
    1   -1    5    2   -0.000367
    1   -1    6    2   -0.002235
    1   -1    7    2    0.010942
    1   -1    8    2   -0.000035
    1   -1    9    2    0.000227
    1   -1   10    2    0.001065
    1   -1   11    2   -0.000295
    1   -1   12    2   -0.006255
    1   -1   13    2    0.007062
    1   -1   14    2   -0.000237
    1   -1   15    2   -0.008377
    1   -1   16    2    0.001692
    1   -1   17    2    0.001590
    1   -1   18    2    0.000160
    1   -1    1    3    0.000702
    1   -1    2    3   -0.000353
    1   -1    3    3    0.000340
    1   -1    4    3   -0.018930
    1   -1    5    3    0.001643
    1   -1    6    3    0.036735
    1   -1    7    3   -0.017015
    1   -1    8    3   -0.004060
    1   -1    9    3   -0.003812
    1   -1   10    3   -0.028855
    1   -1   11    3   -0.004607
    1   -1   12    3   -0.009772
    1   -1   13    3   -0.040052
    1   -1   14    3   -0.000340
    1   -1   15    3    0.025572
    1   -1   16    3    0.015678
    1   -1   17    3    0.001948
    1   -1   18    3    0.002392
    1   -1    1    4   -0.001233
    1   -1    2    4    0.003017
    1   -1    3    4   -0.002837
    1   -1    4    4    0.019015
    1   -1    5    4    0.002518
    1   -1    6    4    0.004457
    1   -1    7    4    0.026787
    1   -1    8    4    0.000067
    1   -1    9    4   -0.020658
    1   -1   10    4    0.018957
    1   -1   11    4    0.000592
    1   -1   12    4   -0.596830
    1   -1   13    4    0.022595
    1   -1   14    4    0.001553
    1   -1   15    4    0.009865
    1   -1   16    4   -0.025500
    1   -1   17    4   -0.002537
    1   -1   18    4    0.005135
    1   -1    1    5    0.001218
    1   -1    2    5   -0.000965
    1   -1    3    5    0.000732
    1   -1    4    5    0.000515
    1   -1    5    5   -0.000188
    1   -1    6    5    0.000355
    1   -1    7    5    0.002157
    1   -1    8    5    0.000125
    1   -1    9    5   -0.000560
    1   -1   10    5   -0.013090
    1   -1   11    5   -0.000635
    1   -1   12    5    0.005462
    1   -1   13    5    0.006360
    1   -1   14    5   -0.000055
    1   -1   15    5   -0.006472
    1   -1   16    5    0.001350
    1   -1   17    5    0.003182
    1   -1   18    5    0.000005
    1   -1    1    6    0.006942
    1   -1    2    6    0.000597
    1   -1    3    6   -0.005530
    1   -1    4    6   -0.002152
    1   -1    5    6    0.000935
    1   -1    6    6    0.006910
    1   -1    7    6    0.004683
    1   -1    8    6    0.000375
    1   -1    9    6   -0.018850
    1   -1   10    6    0.010395
    1   -1   11    6    0.000572
    1   -1   12    6    0.016612
    1   -1   13    6   -0.017520
    1   -1   14    6    0.000790
    1   -1   15    6   -0.003790
    1   -1   16    6   -0.001300
    1   -1   17    6   -0.001502
    1   -1   18    6   -0.000975
    1   -1    1    7   -0.004092
    1   -1    2    7   -0.001313
    1   -1    3    7   -0.000063
    1   -1    4    7   -0.001625
    1   -1    5    7    0.004448
    1   -1    6    7   -0.000715
    1   -1    7    7   -0.019697
    1   -1    8    7   -0.000305
    1   -1    9    7    0.002565
    1   -1   10    7    0.027880
    1   -1   11    7   -0.001555
    1   -1   12    7    0.002235
    1   -1   13    7   -0.002015
    1   -1   14    7    0.001860
    1   -1   15    7   -0.018232
    1   -1   16    7   -0.000498
    1   -1   17    7    0.000350
    1   -1   18    7   -0.000218
    1   -1    1    8   -0.000195
    1   -1    2    8    0.006350
    1   -1    3    8    0.000287
    1   -1    4    8    0.000315
    1   -1    5    8   -0.000462
    1   -1    6    8   -0.005968
    1   -1    7    8    0.002095
    1   -1    8    8    0.000025
    1   -1    9    8    0.000935
    1   -1   10    8    0.000142
    1   -1   11    8    0.001158
    1   -1   12    8    0.004830
    1   -1   13    8   -0.035420
    1   -1   14    8   -0.000165
    1   -1   15    8    0.003757
    1   -1   16    8    0.000847
    1   -1   17    8   -0.000260
    1   -1   18    8   -0.000325
    1   -1    1    9   -0.002020
    1   -1    2    9    0.004230
    1   -1    3    9   -0.002405
    1   -1    4    9   -0.002225
    1   -1    5    9   -0.002280
    1   -1    6    9   -0.000807
    1   -1    7    9   -0.013237
    1   -1    8    9    0.003540
    1   -1    9    9    0.007360
    1   -1   10    9   -0.017093
    1   -1   11    9    0.002390
    1   -1   12    9    0.082485
    1   -1   13    9   -0.019652
    1   -1   14    9    0.000077
    1   -1   15    9    0.000498
    1   -1   16    9   -0.005900
    1   -1   17    9   -0.002605
    1   -1   18    9   -0.002185
    1   -1    1   10   -0.000177
    1   -1    2   10    0.001882
    1   -1    3   10    0.006845
    1   -1    4   10   -0.000195
    1   -1    5   10    0.003315
    1   -1    6   10   -0.001272
    1   -1    7   10   -0.024370
    1   -1    8   10   -0.000930
    1   -1    9   10    0.002715
    1   -1   10   10   -0.002135
    1   -1   11   10   -0.006748
    1   -1   12   10    0.023407
    1   -1   13   10    0.008610
    1   -1   14   10   -0.000495
    1   -1   15   10    0.004487
    1   -1   16   10    0.004125
    1   -1   17   10    0.000873
    1   -1   18   10    0.004882
    1   -1    1   11    0.000350
    1   -1    2   11   -0.000763
    1   -1    3   11   -0.000960
    1   -1    4   11    0.005112
    1   -1    5   11   -0.000348
    1   -1    6   11   -0.001515
    1   -1    7   11    0.004135
    1   -1    8   11   -0.000342
    1   -1    9   11    0.003845
    1   -1   10   11   -0.003405
    1   -1   11   11    0.002352
    1   -1   12   11    0.012922
    1   -1   13   11    0.001060
    1   -1   14   11   -0.001517
    1   -1   15   11   -0.002693
    1   -1   16   11   -0.005100
    1   -1   17   11    0.001162
    1   -1   18   11    0.003622
    1   -1    1   12    0.001690
    1   -1    2   12    0.002737
    1   -1    3   12   -0.003505
    1   -1    4   12    0.007037
    1   -1    5   12   -0.001057
    1   -1    6   12    0.003025
    1   -1    7   12    0.002535
    1   -1    8   12    0.001090
    1   -1    9   12    0.012492
    1   -1   10   12   -0.001172
    1   -1   11   12    0.004800
    1   -1   12   12    0.006445
    1   -1   13   12   -0.009052
    1   -1   14   12   -0.003347
    1   -1   15   12   -0.005412
    1   -1   16   12   -0.012460
    1   -1   17   12   -0.000410
    1   -1   18   12    0.007222
    1   -1    1   13   -0.004372
    1   -1    2   13   -0.002902
    1   -1    3   13    0.007595
    1   -1    4   13   -0.002197
    1   -1    5   13   -0.002065
    1   -1    6   13   -0.008307
    1   -1    7   13    0.007285
    1   -1    8   13    0.000273
    1   -1    9   13    0.013735
    1   -1   10   13   -0.006347
    1   -1   11   13    0.000205
    1   -1   12   13    0.002967
    1   -1   13   13    0.015202
    1   -1   14   13   -0.000452
    1   -1   15   13   -0.007282
    1   -1   16   13   -0.001665
    1   -1   17   13    0.001095
    1   -1   18   13   -0.004805
    1   -1    1   14    0.003135
    1   -1    2   14   -0.001020
    1   -1    3   14   -0.000740
    1   -1    4   14    0.003942
    1   -1    5   14   -0.001547
    1   -1    6   14   -0.002810
    1   -1    7   14    0.009360
    1   -1    8   14    0.001357
    1   -1    9   14    0.005640
    1   -1   10   14   -0.002750
    1   -1   11   14   -0.003275
    1   -1   12   14   -0.000365
    1   -1   13   14   -0.004205
    1   -1   14   14   -0.001455
    1   -1   15   14   -0.011217
    1   -1   16   14    0.000917
    1   -1   17   14    0.002468
    1   -1   18   14    0.004532
    1   -1    1   15    0.000490
    1   -1    2   15    0.000240
    1   -1    3   15    0.000548
    1   -1    4   15   -0.000690
    1   -1    5   15   -0.003055
    1   -1    6   15   -0.002900
    1   -1    7   15    0.021008
    1   -1    8   15   -0.000237
    1   -1    9   15   -0.009457
    1   -1   10   15   -0.004513
    1   -1   11   15    0.000485
    1   -1   12   15    0.000382
    1   -1   13   15    0.011575
    1   -1   14   15   -0.001360
    1   -1   15   15   -0.014698
    1   -1   16   15    0.002480
    1   -1   17   15    0.000132
    1   -1   18   15   -0.001100
    1   -1    1   16   -0.001350
    1   -1    2   16    0.001275
    1   -1    3   16    0.003278
    1   -1    4   16   -0.015452
    1   -1    5   16    0.000815
    1   -1    6   16    0.004365
    1   -1    7   16   -0.004130
    1   -1    8   16    0.000315
    1   -1    9   16   -0.007978
    1   -1   10   16    0.007647
    1   -1   11   16   -0.005747
    1   -1   12   16   -0.002580
    1   -1   13   16    0.000967
    1   -1   14   16    0.004350
    1   -1   15   16   -0.004245
    1   -1   16   16    0.015023
    1   -1   17   16   -0.000570
    1   -1   18   16   -0.010797
    1   -1    1   17   -0.000830
    1   -1    2   17   -0.003847
    1   -1    3   17    0.002683
    1   -1    4   17   -0.001687
    1   -1    5   17    0.000850
    1   -1    6   17    0.000535
    1   -1    7   17   -0.001300
    1   -1    8   17   -0.000185
    1   -1    9   17   -0.003427
    1   -1   10   17    0.002407
    1   -1   11   17   -0.005395
    1   -1   12   17    0.013907
    1   -1   13   17    0.038453
    1   -1   14   17    0.000183
    1   -1   15   17   -0.007090
    1   -1   16   17    0.002502
    1   -1   17   17    0.000160
    1   -1   18   17   -0.000225
    1   -1    1   18    0.000638
    1   -1    2   18    0.002525
    1   -1    3   18    0.000450
    1   -1    4   18   -0.013932
    1   -1    5   18    0.002128
    1   -1    6   18   -0.000180
    1   -1    7   18    0.002667
    1   -1    8   18    0.004515
    1   -1    9   18   -0.016575
    1   -1   10   18    0.029880
    1   -1   11   18   -0.002987
    1   -1   12   18   -0.328632
    1   -1   13   18    0.038293
    1   -1   14   18    0.004265
    1   -1   15   18   -0.024290
    1   -1   16   18    0.017802
    1   -1   17   18   -0.002512
    1   -1   18   18   -0.010925
   -1    0    1    1    0.126167
   -1    0    2    1   -0.008387
   -1    0    3    1    0.049497
   -1    0    4    1   -0.637883
   -1    0    5    1   -0.016885
   -1    0    6    1    0.007332
   -1    0    7    1   -0.004900
   -1    0    8    1   -0.025242
   -1    0    9    1    0.045457
   -1    0   10    1   -0.221553
   -1    0   11    1   -0.005560
   -1    0   12    1   -0.002390
   -1    0   13    1   -0.014967
   -1    0   14    1   -0.019467
   -1    0   15    1    0.001320
   -1    0   16    1   -0.007132
   -1    0   17    1   -0.146325
   -1    0   18    1    0.061657
   -1    0    1    2   -0.022882
   -1    0    2    2   -0.000345
   -1    0    3    2   -1.335900
   -1    0    4    2    0.032652
   -1    0    5    2   -0.094100
   -1    0    6    2   -0.002015
   -1    0    7    2    0.031807
   -1    0    8    2    1.416480
   -1    0    9    2    0.082800
   -1    0   10    2    0.504120
   -1    0   11    2   -0.032090
   -1    0   12    2   -0.003297
   -1    0   13    2    0.013325
   -1    0   14    2    0.097558
   -1    0   15    2   -0.009300
   -1    0   16    2    0.055500
   -1    0   17    2    2.294963
   -1    0   18    2    0.080467
   -1    0    1    3    0.027750
   -1    0    2    3   -0.000725
   -1    0    3    3    0.055998
   -1    0    4    3    0.181837
   -1    0    5    3   -0.006705
   -1    0    6    3    0.004337
   -1    0    7    3   -0.004593
   -1    0    8    3    0.020530
   -1    0    9    3   -0.008568
   -1    0   10    3    0.047512
   -1    0   11    3    0.001035
   -1    0   12    3   -0.002587
   -1    0   13    3   -0.010103
   -1    0   14    3   -0.014547
   -1    0   15    3    0.006802
   -1    0   16    3   -0.011222
   -1    0   17    3   -0.017412
   -1    0   18    3   -0.004797
   -1    0    1    4   -0.271527
   -1    0    2    4   -0.017962
   -1    0    3    4   -0.667033
   -1    0    4    4   -0.008368
   -1    0    5    4    0.014847
   -1    0    6    4    0.008572
   -1    0    7    4   -0.012035
   -1    0    8    4   -0.000475
   -1    0    9    4   -0.116807
   -1    0   10    4   -0.016137
   -1    0   11    4   -0.079877
   -1    0   12    4   -0.008030
   -1    0   13    4    0.084748
   -1    0   14    4   -0.037655
   -1    0   15    4    0.012963
   -1    0   16    4    0.221600
   -1    0   17    4    0.004477
   -1    0   18    4    0.167028
   -1    0    1    5    0.036825
   -1    0    2    5    0.008195
   -1    0    3    5    0.038913
   -1    0    4    5    0.098860
   -1    0    5    5   -0.015777
   -1    0    6    5   -0.001140
   -1    0    7    5    0.009865
   -1    0    8    5    0.084138
   -1    0    9    5   -0.026115
   -1    0   10    5   -0.003290
   -1    0   11    5   -0.002200
   -1    0   12    5    0.001202
   -1    0   13    5   -0.013025
   -1    0   14    5   -0.015922
   -1    0   15    5   -0.005630
   -1    0   16    5   -0.001517
   -1    0   17    5   -0.058655
   -1    0   18    5   -0.038152
   -1    0    1    6    0.958587
   -1    0    2    6   -0.025528
   -1    0    3    6    0.113565
   -1    0    4    6   -0.256402
   -1    0    5    6    0.052985
   -1    0    6    6    0.159755
   -1    0    7    6    0.005910
   -1    0    8    6   -0.471025
   -1    0    9    6   -0.220810
   -1    0   10    6   -1.020110
   -1    0   11    6    0.072847
   -1    0   12    6   -0.000920
   -1    0   13    6    0.071365
   -1    0   14    6   -0.345757
   -1    0   15    6   -0.011642
   -1    0   16    6    0.221442
   -1    0   17    6    0.119605
   -1    0   18    6   -0.165717
   -1    0    1    7   -0.294920
   -1    0    2    7   -0.102570
   -1    0    3    7   -0.306245
   -1    0    4    7   -1.580053
   -1    0    5    7    0.050267
   -1    0    6    7   -0.033153
   -1    0    7    7   -0.047472
   -1    0    8    7    0.015195
   -1    0    9    7    0.145715
   -1    0   10    7    0.042245
   -1    0   11    7   -0.037032
   -1    0   12    7    0.017480
   -1    0   13    7    0.026835
   -1    0   14    7   -0.205477
   -1    0   15    7   -0.120313
   -1    0   16    7   -0.240040
   -1    0   17    7    0.010128
   -1    0   18    7    0.292563
   -1    0    1    8   -0.015920
   -1    0    2    8   -0.002020
   -1    0    3    8    0.003648
   -1    0    4    8   -0.001533
   -1    0    5    8    0.000913
   -1    0    6    8    0.000818
   -1    0    7    8   -0.000975
   -1    0    8    8    0.004295
   -1    0    9    8    0.002127
   -1    0   10    8    0.014240
   -1    0   11    8    0.003720
   -1    0   12    8   -0.000403
   -1    0   13    8   -0.001212
   -1    0   14    8   -0.010672
   -1    0   15    8   -0.002640
   -1    0   16    8   -0.005667
   -1    0   17    8    0.005075
   -1    0   18    8   -0.006967
   -1    0    1    9   -0.101800
   -1    0    2    9    0.022455
   -1    0    3    9    0.505275
   -1    0    4    9    0.044492
   -1    0    5    9    0.169050
   -1    0    6    9   -0.043965
   -1    0    7    9    0.009007
   -1    0    8    9   -0.282360
   -1    0    9    9    0.046682
   -1    0   10    9    0.297350
   -1    0   11    9   -0.018450
   -1    0   12    9   -0.026923
   -1    0   13    9    0.087063
   -1    0   14    9    0.103580
   -1    0   15    9   -0.000480
   -1    0   16    9    0.070572
   -1    0   17    9    0.421347
   -1    0   18    9    0.062785
   -1    0    1   10   -0.179177
   -1    0    2   10    0.248162
   -1    0    3   10   -0.066195
   -1    0    4   10   -0.263750
   -1    0    5   10    0.123385
   -1    0    6   10   -0.000150
   -1    0    7   10    0.794850
   -1    0    8   10    0.059792
   -1    0    9   10    0.062343
   -1    0   10   10    0.018273
   -1    0   11   10   -0.011080
   -1    0   12   10   -0.006350
   -1    0   13   10    0.176830
   -1    0   14   10    1.711807
   -1    0   15   10   -0.099122
   -1    0   16   10    0.638775
   -1    0   17   10   -0.008145
   -1    0   18   10    0.557532
   -1    0    1   11    0.056968
   -1    0    2   11   -0.047325
   -1    0    3   11   -0.085273
   -1    0    4   11    0.001167
   -1    0    5   11   -0.021290
   -1    0    6   11   -0.004615
   -1    0    7   11   -0.004882
   -1    0    8   11   -0.283465
   -1    0    9   11    0.081472
   -1    0   10   11   -0.756040
   -1    0   11   11   -0.009947
   -1    0   12   11    0.001788
   -1    0   13   11    0.008310
   -1    0   14   11   -0.052130
   -1    0   15   11   -0.005700
   -1    0   16   11   -0.005900
   -1    0   17   11    0.396275
   -1    0   18   11    0.055117
   -1    0    1   12    0.164690
   -1    0    2   12   -0.209837
   -1    0    3   12    0.399105
   -1    0    4   12   -0.764192
   -1    0    5   12    0.032868
   -1    0    6   12   -0.088815
   -1    0    7   12   -0.032855
   -1    0    8   12    0.019132
   -1    0    9   12    2.111232
   -1    0   10   12    0.194972
   -1    0   11   12    0.016592
   -1    0   12   12   -0.147515
   -1    0   13   12   -0.242205
   -1    0   14   12   -0.510387
   -1    0   15   12   -0.013253
   -1    0   16   12   -0.681537
   -1    0   17   12    0.034265
   -1    0   18   12    1.458237
   -1    0    1   13    1.431082
   -1    0    2   13    0.129015
   -1    0    3   13    2.964300
   -1    0    4   13    0.233685
   -1    0    5   13   -0.195377
   -1    0    6   13    0.015425
   -1    0    7   13    0.040703
   -1    0    8   13   -0.709465
   -1    0    9   13   -1.005035
   -1    0   10   13   -0.209695
   -1    0   11   13   -0.098170
   -1    0   12   13    0.049652
   -1    0   13   13    0.065797
   -1    0   14   13   -0.243820
   -1    0   15   13    0.011287
   -1    0   16   13   -0.126097
   -1    0   17   13   -2.074863
   -1    0   18   13   -0.145237
   -1    0    1   14    0.065725
   -1    0    2   14   -0.002882
   -1    0    3   14    0.064477
   -1    0    4   14    0.039702
   -1    0    5   14   -0.008105
   -1    0    6   14    0.003000
   -1    0    7   14    0.006625
   -1    0    8   14    0.059652
   -1    0    9   14    0.041227
   -1    0   10   14    0.094687
   -1    0   11   14    0.004508
   -1    0   12   14    0.001240
   -1    0   13   14   -0.013765
   -1    0   14   14   -0.009043
   -1    0   15   14   -0.007285
   -1    0   16   14   -0.011237
   -1    0   17   14    0.024092
   -1    0   18   14   -0.011285
   -1    0    1   15    0.358600
   -1    0    2   15    0.291212
   -1    0    3   15   -0.187630
   -1    0    4   15    1.838545
   -1    0    5   15    0.432580
   -1    0    6   15   -0.032597
   -1    0    7   15   -0.429370
   -1    0    8   15    0.060508
   -1    0    9   15   -0.162158
   -1    0   10   15   -1.232932
   -1    0   11   15    0.133623
   -1    0   12   15   -0.000300
   -1    0   13   15    0.027008
   -1    0   14   15    1.085033
   -1    0   15   15    0.147510
   -1    0   16   15   -0.147567
   -1    0   17   15    0.029448
   -1    0   18   15    1.394745
   -1    0    1   16   -0.239555
   -1    0    2   16    0.053297
   -1    0    3   16   -0.488615
   -1    0    4   16    0.787845
   -1    0    5   16    0.009565
   -1    0    6   16   -0.014572
   -1    0    7   16   -0.023453
   -1    0    8   16   -0.002442
   -1    0    9   16   -0.357275
   -1    0   10   16    0.365880
   -1    0   11   16    0.025792
   -1    0   12   16    0.001268
   -1    0   13   16   -0.023415
   -1    0   14   16    0.105313
   -1    0   15   16    0.005278
   -1    0   16   16   -0.025258
   -1    0   17   16    0.014592
   -1    0   18   16   -0.322045
   -1    0    1   17    0.045122
   -1    0    2   17   -0.078567
   -1    0    3   17    0.069350
   -1    0    4   17    0.084207
   -1    0    5   17   -0.771863
   -1    0    6   17    0.005980
   -1    0    7   17   -0.057990
   -1    0    8   17    0.008613
   -1    0    9   17   -0.056210
   -1    0   10   17    0.023082
   -1    0   11   17    0.001605
   -1    0   12   17    0.002902
   -1    0   13   17   -0.012363
   -1    0   14   17   -1.160772
   -1    0   15   17   -0.014015
   -1    0   16   17   -0.039935
   -1    0   17   17   -0.000830
   -1    0   18   17   -0.476858
   -1    0    1   18   -0.227990
   -1    0    2   18    0.027140
   -1    0    3   18   -0.202857
   -1    0    4   18    0.599577
   -1    0    5   18    0.012752
   -1    0    6   18   -0.006375
   -1    0    7   18    0.001992
   -1    0    8   18    0.006337
   -1    0    9   18   -0.127855
   -1    0   10   18   -0.007725
   -1    0   11   18   -0.017780
   -1    0   12   18   -0.004210
   -1    0   13   18    0.031665
   -1    0   14   18    0.081043
   -1    0   15   18    0.012478
   -1    0   16   18    0.066882
   -1    0   17   18   -0.018690
   -1    0   18   18   -0.107610
    0    0    1    1    9.298443
    0    0    2    1   -0.661880
    0    0    3    1   -1.990595
    0    0    4    1   -0.072130
    0    0    5    1   -1.737297
    0    0    6    1   -1.879545
    0    0    7    1    0.088085
    0    0    8    1   -0.506132
    0    0    9    1    2.049467
    0    0   10    1   -1.270200
    0    0   11    1   -1.481117
    0    0   12    1   -0.036240
    0    0   13    1   -0.062970
    0    0   14    1   -1.752245
    0    0   15    1   -0.013022
    0    0   16    1   -0.176258
    0    0   17    1   -0.359602
    0    0   18    1    0.603617
    0    0    1    2   -0.661880
    0    0    2    2    1.165235
    0    0    3    2   -0.007945
    0    0    4    2   -0.318295
    0    0    5    2   -5.600842
    0    0    6    2   -2.817978
    0    0    7    2    2.843050
    0    0    8    2   -0.073012
    0    0    9    2   -2.863872
    0    0   10    2   -0.457280
    0    0   11    2    0.175830
    0    0   12    2    0.031650
    0    0   13    2    0.052865
    0    0   14    2   -1.478968
    0    0   15    2    0.346622
    0    0   16    2    0.653950
    0    0   17    2   -1.566262
    0    0   18    2   -0.201672
    0    0    1    3   -1.990595
    0    0    2    3   -0.007945
    0    0    3    3   15.123270
    0    0    4    3   -0.621633
    0    0    5    3    1.484605
    0    0    6    3    0.204097
    0    0    7    3   -0.065542
    0    0    8    3   -1.571993
    0    0    9    3   -0.222117
    0    0   10    3    0.273282
    0    0   11    3   -0.177437
    0    0   12    3    0.000917
    0    0   13    3   -0.161182
    0    0   14    3   -3.291455
    0    0   15    3    0.041412
    0    0   16    3   -0.344573
    0    0   17    3    1.305977
    0    0   18    3   -0.114162
    0    0    1    4   -0.072130
    0    0    2    4   -0.318295
    0    0    3    4   -0.621633
    0    0    4    4    0.770447
    0    0    5    4   -0.208950
    0    0    6    4    0.223455
    0    0    7    4    0.219367
    0    0    8    4    0.044513
    0    0    9    4    1.812785
    0    0   10    4   -0.363175
    0    0   11    4    0.310495
    0    0   12    4    0.118917
    0    0   13    4    0.802033
    0    0   14    4   -0.136430
    0    0   15    4   -0.030812
    0    0   16    4   -1.160705
    0    0   17    4    0.029033
    0    0   18    4    0.335070
    0    0    1    5   -1.737297
    0    0    2    5   -5.600842
    0    0    3    5    1.484605
    0    0    4    5   -0.208950
    0    0    5    5    0.613633
    0    0    6    5   -0.402730
    0    0    7    5   -0.385178
    0    0    8    5   -1.070157
    0    0    9    5   -2.031227
    0    0   10    5   -0.009128
    0    0   11    5   -1.129312
    0    0   12    5    0.052530
    0    0   13    5   -0.089515
    0    0   14    5    0.008535
    0    0   15    5    0.296395
    0    0   16    5   -0.701630
    0    0   17    5    2.115307
    0    0   18    5   -0.073162
    0    0    1    6   -1.879545
    0    0    2    6   -2.817978
    0    0    3    6    0.204097
    0    0    4    6    0.223455
    0    0    5    6   -0.402730
    0    0    6    6   14.505187
    0    0    7    6    0.321713
    0    0    8    6    0.149290
    0    0    9    6    0.689295
    0    0   10    6    0.234367
    0    0   11    6    0.233547
    0    0   12    6    0.959033
    0    0   13    6   -0.786005
    0    0   14    6    0.420957
    0    0   15    6    0.267558
    0    0   16    6    0.009272
    0    0   17    6   -0.045112
    0    0   18    6   -1.038257
    0    0    1    7    0.088085
    0    0    2    7    2.843050
    0    0    3    7   -0.065542
    0    0    4    7    0.219367
    0    0    5    7   -0.385178
    0    0    6    7    0.321713
    0    0    7    7  -11.332915
    0    0    8    7    0.065730
    0    0    9    7   -0.206217
    0    0   10    7    2.137515
    0    0   11    7   -0.233747
    0    0   12    7   -0.193085
    0    0   13    7    0.242720
    0    0   14    7   -0.042725
    0    0   15    7   -1.016757
    0    0   16    7    0.765422
    0    0   17    7    0.792567
    0    0   18    7    0.190532
    0    0    1    8   -0.506132
    0    0    2    8   -0.073012
    0    0    3    8   -1.571993
    0    0    4    8    0.044513
    0    0    5    8   -1.070157
    0    0    6    8    0.149290
    0    0    7    8    0.065730
    0    0    8    8   -0.025495
    0    0    9    8   -0.067330
    0    0   10    8    0.049578
    0    0   11    8    0.480230
    0    0   12    8   -0.010242
    0    0   13    8   -0.042570
    0    0   14    8    2.370807
    0    0   15    8    0.062512
    0    0   16    8    0.280388
    0    0   17    8   -0.958467
    0    0   18    8   -0.079752
    0    0    1    9    2.049467
    0    0    2    9   -2.863872
    0    0    3    9   -0.222117
    0    0    4    9    1.812785
    0    0    5    9   -2.031227
    0    0    6    9    0.689295
    0    0    7    9   -0.206217
    0    0    8    9   -0.067330
    0    0    9    9   12.318478
    0    0   10    9   -0.027158
    0    0   11    9   -0.087842
    0    0   12    9   -0.170280
    0    0   13    9   -4.988405
    0    0   14    9   -0.139398
    0    0   15    9   -0.275257
    0    0   16    9   -3.424278
    0    0   17    9   -0.213633
    0    0   18    9   -0.581630
    0    0    1   10   -1.270200
    0    0    2   10   -0.457280
    0    0    3   10    0.273282
    0    0    4   10   -0.363175
    0    0    5   10   -0.009128
    0    0    6   10    0.234367
    0    0    7   10    2.137515
    0    0    8   10    0.049578
    0    0    9   10   -0.027158
    0    0   10   10    2.372758
    0    0   11   10    0.251208
    0    0   12   10   -0.180777
    0    0   13   10   -0.460315
    0    0   14   10   -0.082162
    0    0   15   10   -0.814185
    0    0   16   10    0.130660
    0    0   17   10    2.555230
    0    0   18   10   -0.272730
    0    0    1   11   -1.481117
    0    0    2   11    0.175830
    0    0    3   11   -0.177437
    0    0    4   11    0.310495
    0    0    5   11   -1.129312
    0    0    6   11    0.233547
    0    0    7   11   -0.233747
    0    0    8   11    0.480230
    0    0    9   11   -0.087842
    0    0   10   11    0.251208
    0    0   11   11   -0.155000
    0    0   12   11   -0.292705
    0    0   13   11   -0.494938
    0    0   14   11   -0.201795
    0    0   15   11    0.364513
    0    0   16   11    0.946510
    0    0   17   11   -1.086275
    0    0   18   11    1.574057
    0    0    1   12   -0.036240
    0    0    2   12    0.031650
    0    0    3   12    0.000917
    0    0    4   12    0.118917
    0    0    5   12    0.052530
    0    0    6   12    0.959033
    0    0    7   12   -0.193085
    0    0    8   12   -0.010242
    0    0    9   12   -0.170280
    0    0   10   12   -0.180777
    0    0   11   12   -0.292705
    0    0   12   12   -0.407415
    0    0   13   12   -1.766037
    0    0   14   12    0.098547
    0    0   15   12    0.230788
    0    0   16   12    0.729297
    0    0   17   12    0.171820
    0    0   18   12   -0.210787
    0    0    1   13   -0.062970
    0    0    2   13    0.052865
    0    0    3   13   -0.161182
    0    0    4   13    0.802033
    0    0    5   13   -0.089515
    0    0    6   13   -0.786005
    0    0    7   13    0.242720
    0    0    8   13   -0.042570
    0    0    9   13   -4.988405
    0    0   10   13   -0.460315
    0    0   11   13   -0.494938
    0    0   12   13   -1.766037
    0    0   13   13    8.766677
    0    0   14   13    0.454450
    0    0   15   13    0.222087
    0    0   16   13    2.659582
    0    0   17   13   -0.011903
    0    0   18   13   -1.886818
    0    0    1   14   -1.752245
    0    0    2   14   -1.478968
    0    0    3   14   -3.291455
    0    0    4   14   -0.136430
    0    0    5   14    0.008535
    0    0    6   14    0.420957
    0    0    7   14   -0.042725
    0    0    8   14    2.370807
    0    0    9   14   -0.139398
    0    0   10   14   -0.082162
    0    0   11   14   -0.201795
    0    0   12   14    0.098547
    0    0   13   14    0.454450
    0    0   14   14   -0.405655
    0    0   15   14    0.182190
    0    0   16   14    1.379035
    0    0   17   14    6.149407
    0    0   18   14    2.088192
    0    0    1   15   -0.013022
    0    0    2   15    0.346622
    0    0    3   15    0.041412
    0    0    4   15   -0.030812
    0    0    5   15    0.296395
    0    0    6   15    0.267558
    0    0    7   15   -1.016757
    0    0    8   15    0.062512
    0    0    9   15   -0.275257
    0    0   10   15   -0.814185
    0    0   11   15    0.364513
    0    0   12   15    0.230788
    0    0   13   15    0.222087
    0    0   14   15    0.182190
    0    0   15   15  -13.656488
    0    0   16   15   -1.189350
    0    0   17   15    2.725562
    0    0   18   15    0.181082
    0    0    1   16   -0.176258
    0    0    2   16    0.653950
    0    0    3   16   -0.344573
    0    0    4   16   -1.160705
    0    0    5   16   -0.701630
    0    0    6   16    0.009272
    0    0    7   16    0.765422
    0    0    8   16    0.280388
    0    0    9   16   -3.424278
    0    0   10   16    0.130660
    0    0   11   16    0.946510
    0    0   12   16    0.729297
    0    0   13   16    2.659582
    0    0   14   16    1.379035
    0    0   15   16   -1.189350
    0    0   16   16   -0.537715
    0    0   17   16   -0.571788
    0    0   18   16   -3.006393
    0    0    1   17   -0.359602
    0    0    2   17   -1.566262
    0    0    3   17    1.305977
    0    0    4   17    0.029033
    0    0    5   17    2.115307
    0    0    6   17   -0.045112
    0    0    7   17    0.792567
    0    0    8   17   -0.958467
    0    0    9   17   -0.213633
    0    0   10   17    2.555230
    0    0   11   17   -1.086275
    0    0   12   17    0.171820
    0    0   13   17   -0.011903
    0    0   14   17    6.149407
    0    0   15   17    2.725562
    0    0   16   17   -0.571788
    0    0   17   17    0.628660
    0    0   18   17   -0.231030
    0    0    1   18    0.603617
    0    0    2   18   -0.201672
    0    0    3   18   -0.114162
    0    0    4   18    0.335070
    0    0    5   18   -0.073162
    0    0    6   18   -1.038257
    0    0    7   18    0.190532
    0    0    8   18   -0.079752
    0    0    9   18   -0.581630
    0    0   10   18   -0.272730
    0    0   11   18    1.574057
    0    0   12   18   -0.210787
    0    0   13   18   -1.886818
    0    0   14   18    2.088192
    0    0   15   18    0.181082
    0    0   16   18   -3.006393
    0    0   17   18   -0.231030
    0    0   18   18   -2.323125
    1    0    1    1    0.126167
    1    0    2    1   -0.022882
    1    0    3    1    0.027750
    1    0    4    1   -0.271527
    1    0    5    1    0.036825
    1    0    6    1    0.958587
    1    0    7    1   -0.294920
    1    0    8    1   -0.015920
    1    0    9    1   -0.101800
    1    0   10    1   -0.179177
    1    0   11    1    0.056968
    1    0   12    1    0.164690
    1    0   13    1    1.431082
    1    0   14    1    0.065725
    1    0   15    1    0.358600
    1    0   16    1   -0.239555
    1    0   17    1    0.045122
    1    0   18    1   -0.227990
    1    0    1    2   -0.008387
    1    0    2    2   -0.000345
    1    0    3    2   -0.000725
    1    0    4    2   -0.017962
    1    0    5    2    0.008195
    1    0    6    2   -0.025528
    1    0    7    2   -0.102570
    1    0    8    2   -0.002020
    1    0    9    2    0.022455
    1    0   10    2    0.248162
    1    0   11    2   -0.047325
    1    0   12    2   -0.209837
    1    0   13    2    0.129015
    1    0   14    2   -0.002882
    1    0   15    2    0.291212
    1    0   16    2    0.053297
    1    0   17    2   -0.078567
    1    0   18    2    0.027140
    1    0    1    3    0.049497
    1    0    2    3   -1.335900
    1    0    3    3    0.055998
    1    0    4    3   -0.667033
    1    0    5    3    0.038913
    1    0    6    3    0.113565
    1    0    7    3   -0.306245
    1    0    8    3    0.003648
    1    0    9    3    0.505275
    1    0   10    3   -0.066195
    1    0   11    3   -0.085273
    1    0   12    3    0.399105
    1    0   13    3    2.964300
    1    0   14    3    0.064477
    1    0   15    3   -0.187630
    1    0   16    3   -0.488615
    1    0   17    3    0.069350
    1    0   18    3   -0.202857
    1    0    1    4   -0.637883
    1    0    2    4    0.032652
    1    0    3    4    0.181837
    1    0    4    4   -0.008368
    1    0    5    4    0.098860
    1    0    6    4   -0.256402
    1    0    7    4   -1.580053
    1    0    8    4   -0.001533
    1    0    9    4    0.044492
    1    0   10    4   -0.263750
    1    0   11    4    0.001167
    1    0   12    4   -0.764192
    1    0   13    4    0.233685
    1    0   14    4    0.039702
    1    0   15    4    1.838545
    1    0   16    4    0.787845
    1    0   17    4    0.084207
    1    0   18    4    0.599577
    1    0    1    5   -0.016885
    1    0    2    5   -0.094100
    1    0    3    5   -0.006705
    1    0    4    5    0.014847
    1    0    5    5   -0.015777
    1    0    6    5    0.052985
    1    0    7    5    0.050267
    1    0    8    5    0.000913
    1    0    9    5    0.169050
    1    0   10    5    0.123385
    1    0   11    5   -0.021290
    1    0   12    5    0.032868
    1    0   13    5   -0.195377
    1    0   14    5   -0.008105
    1    0   15    5    0.432580
    1    0   16    5    0.009565
    1    0   17    5   -0.771863
    1    0   18    5    0.012752
    1    0    1    6    0.007332
    1    0    2    6   -0.002015
    1    0    3    6    0.004337
    1    0    4    6    0.008572
    1    0    5    6   -0.001140
    1    0    6    6    0.159755
    1    0    7    6   -0.033153
    1    0    8    6    0.000818
    1    0    9    6   -0.043965
    1    0   10    6   -0.000150
    1    0   11    6   -0.004615
    1    0   12    6   -0.088815
    1    0   13    6    0.015425
    1    0   14    6    0.003000
    1    0   15    6   -0.032597
    1    0   16    6   -0.014572
    1    0   17    6    0.005980
    1    0   18    6   -0.006375
    1    0    1    7   -0.004900
    1    0    2    7    0.031807
    1    0    3    7   -0.004593
    1    0    4    7   -0.012035
    1    0    5    7    0.009865
    1    0    6    7    0.005910
    1    0    7    7   -0.047472
    1    0    8    7   -0.000975
    1    0    9    7    0.009007
    1    0   10    7    0.794850
    1    0   11    7   -0.004882
    1    0   12    7   -0.032855
    1    0   13    7    0.040703
    1    0   14    7    0.006625
    1    0   15    7   -0.429370
    1    0   16    7   -0.023453
    1    0   17    7   -0.057990
    1    0   18    7    0.001992
    1    0    1    8   -0.025242
    1    0    2    8    1.416480
    1    0    3    8    0.020530
    1    0    4    8   -0.000475
    1    0    5    8    0.084138
    1    0    6    8   -0.471025
    1    0    7    8    0.015195
    1    0    8    8    0.004295
    1    0    9    8   -0.282360
    1    0   10    8    0.059792
    1    0   11    8   -0.283465
    1    0   12    8    0.019132
    1    0   13    8   -0.709465
    1    0   14    8    0.059652
    1    0   15    8    0.060508
    1    0   16    8   -0.002442
    1    0   17    8    0.008613
    1    0   18    8    0.006337
    1    0    1    9    0.045457
    1    0    2    9    0.082800
    1    0    3    9   -0.008568
    1    0    4    9   -0.116807
    1    0    5    9   -0.026115
    1    0    6    9   -0.220810
    1    0    7    9    0.145715
    1    0    8    9    0.002127
    1    0    9    9    0.046682
    1    0   10    9    0.062343
    1    0   11    9    0.081472
    1    0   12    9    2.111232
    1    0   13    9   -1.005035
    1    0   14    9    0.041227
    1    0   15    9   -0.162158
    1    0   16    9   -0.357275
    1    0   17    9   -0.056210
    1    0   18    9   -0.127855
    1    0    1   10   -0.221553
    1    0    2   10    0.504120
    1    0    3   10    0.047512
    1    0    4   10   -0.016137
    1    0    5   10   -0.003290
    1    0    6   10   -1.020110
    1    0    7   10    0.042245
    1    0    8   10    0.014240
    1    0    9   10    0.297350
    1    0   10   10    0.018273
    1    0   11   10   -0.756040
    1    0   12   10    0.194972
    1    0   13   10   -0.209695
    1    0   14   10    0.094687
    1    0   15   10   -1.232932
    1    0   16   10    0.365880
    1    0   17   10    0.023082
    1    0   18   10   -0.007725
    1    0    1   11   -0.005560
    1    0    2   11   -0.032090
    1    0    3   11    0.001035
    1    0    4   11   -0.079877
    1    0    5   11   -0.002200
    1    0    6   11    0.072847
    1    0    7   11   -0.037032
    1    0    8   11    0.003720
    1    0    9   11   -0.018450
    1    0   10   11   -0.011080
    1    0   11   11   -0.009947
    1    0   12   11    0.016592
    1    0   13   11   -0.098170
    1    0   14   11    0.004508
    1    0   15   11    0.133623
    1    0   16   11    0.025792
    1    0   17   11    0.001605
    1    0   18   11   -0.017780
    1    0    1   12   -0.002390
    1    0    2   12   -0.003297
    1    0    3   12   -0.002587
    1    0    4   12   -0.008030
    1    0    5   12    0.001202
    1    0    6   12   -0.000920
    1    0    7   12    0.017480
    1    0    8   12   -0.000403
    1    0    9   12   -0.026923
    1    0   10   12   -0.006350
    1    0   11   12    0.001788
    1    0   12   12   -0.147515
    1    0   13   12    0.049652
    1    0   14   12    0.001240
    1    0   15   12   -0.000300
    1    0   16   12    0.001268
    1    0   17   12    0.002902
    1    0   18   12   -0.004210
    1    0    1   13   -0.014967
    1    0    2   13    0.013325
    1    0    3   13   -0.010103
    1    0    4   13    0.084748
    1    0    5   13   -0.013025
    1    0    6   13    0.071365
    1    0    7   13    0.026835
    1    0    8   13   -0.001212
    1    0    9   13    0.087063
    1    0   10   13    0.176830
    1    0   11   13    0.008310
    1    0   12   13   -0.242205
    1    0   13   13    0.065797
    1    0   14   13   -0.013765
    1    0   15   13    0.027008
    1    0   16   13   -0.023415
    1    0   17   13   -0.012363
    1    0   18   13    0.031665
    1    0    1   14   -0.019467
    1    0    2   14    0.097558
    1    0    3   14   -0.014547
    1    0    4   14   -0.037655
    1    0    5   14   -0.015922
    1    0    6   14   -0.345757
    1    0    7   14   -0.205477
    1    0    8   14   -0.010672
    1    0    9   14    0.103580
    1    0   10   14    1.711807
    1    0   11   14   -0.052130
    1    0   12   14   -0.510387
    1    0   13   14   -0.243820
    1    0   14   14   -0.009043
    1    0   15   14    1.085033
    1    0   16   14    0.105313
    1    0   17   14   -1.160772
    1    0   18   14    0.081043
    1    0    1   15    0.001320
    1    0    2   15   -0.009300
    1    0    3   15    0.006802
    1    0    4   15    0.012963
    1    0    5   15   -0.005630
    1    0    6   15   -0.011642
    1    0    7   15   -0.120313
    1    0    8   15   -0.002640
    1    0    9   15   -0.000480
    1    0   10   15   -0.099122
    1    0   11   15   -0.005700
    1    0   12   15   -0.013253
    1    0   13   15    0.011287
    1    0   14   15   -0.007285
    1    0   15   15    0.147510
    1    0   16   15    0.005278
    1    0   17   15   -0.014015
    1    0   18   15    0.012478
    1    0    1   16   -0.007132
    1    0    2   16    0.055500
    1    0    3   16   -0.011222
    1    0    4   16    0.221600
    1    0    5   16   -0.001517
    1    0    6   16    0.221442
    1    0    7   16   -0.240040
    1    0    8   16   -0.005667
    1    0    9   16    0.070572
    1    0   10   16    0.638775
    1    0   11   16   -0.005900
    1    0   12   16   -0.681537
    1    0   13   16   -0.126097
    1    0   14   16   -0.011237
    1    0   15   16   -0.147567
    1    0   16   16   -0.025258
    1    0   17   16   -0.039935
    1    0   18   16    0.066882
    1    0    1   17   -0.146325
    1    0    2   17    2.294963
    1    0    3   17   -0.017412
    1    0    4   17    0.004477
    1    0    5   17   -0.058655
    1    0    6   17    0.119605
    1    0    7   17    0.010128
    1    0    8   17    0.005075
    1    0    9   17    0.421347
    1    0   10   17   -0.008145
    1    0   11   17    0.396275
    1    0   12   17    0.034265
    1    0   13   17   -2.074863
    1    0   14   17    0.024092
    1    0   15   17    0.029448
    1    0   16   17    0.014592
    1    0   17   17   -0.000830
    1    0   18   17   -0.018690
    1    0    1   18    0.061657
    1    0    2   18    0.080467
    1    0    3   18   -0.004797
    1    0    4   18    0.167028
    1    0    5   18   -0.038152
    1    0    6   18   -0.165717
    1    0    7   18    0.292563
    1    0    8   18   -0.006967
    1    0    9   18    0.062785
    1    0   10   18    0.557532
    1    0   11   18    0.055117
    1    0   12   18    1.458237
    1    0   13   18   -0.145237
    1    0   14   18   -0.011285
    1    0   15   18    1.394745
    1    0   16   18   -0.322045
    1    0   17   18   -0.476858
    1    0   18   18   -0.107610
   -1    1    1    1    0.000432
   -1    1    2    1   -0.000992
   -1    1    3    1    0.000702
   -1    1    4    1   -0.001233
   -1    1    5    1    0.001218
   -1    1    6    1    0.006942
   -1    1    7    1   -0.004092
   -1    1    8    1   -0.000195
   -1    1    9    1   -0.002020
   -1    1   10    1   -0.000177
   -1    1   11    1    0.000350
   -1    1   12    1    0.001690
   -1    1   13    1   -0.004372
   -1    1   14    1    0.003135
   -1    1   15    1    0.000490
   -1    1   16    1   -0.001350
   -1    1   17    1   -0.000830
   -1    1   18    1    0.000638
   -1    1    1    2    0.010955
   -1    1    2    2   -0.000652
   -1    1    3    2   -0.000353
   -1    1    4    2    0.003017
   -1    1    5    2   -0.000965
   -1    1    6    2    0.000597
   -1    1    7    2   -0.001313
   -1    1    8    2    0.006350
   -1    1    9    2    0.004230
   -1    1   10    2    0.001882
   -1    1   11    2   -0.000763
   -1    1   12    2    0.002737
   -1    1   13    2   -0.002902
   -1    1   14    2   -0.001020
   -1    1   15    2    0.000240
   -1    1   16    2    0.001275
   -1    1   17    2   -0.003847
   -1    1   18    2    0.002525
   -1    1    1    3   -0.000817
   -1    1    2    3    0.001550
   -1    1    3    3    0.000340
   -1    1    4    3   -0.002837
   -1    1    5    3    0.000732
   -1    1    6    3   -0.005530
   -1    1    7    3   -0.000063
   -1    1    8    3    0.000287
   -1    1    9    3   -0.002405
   -1    1   10    3    0.006845
   -1    1   11    3   -0.000960
   -1    1   12    3   -0.003505
   -1    1   13    3    0.007595
   -1    1   14    3   -0.000740
   -1    1   15    3    0.000548
   -1    1   16    3    0.003278
   -1    1   17    3    0.002683
   -1    1   18    3    0.000450
   -1    1    1    4    0.009117
   -1    1    2    4   -0.000128
   -1    1    3    4   -0.018930
   -1    1    4    4    0.019015
   -1    1    5    4    0.000515
   -1    1    6    4   -0.002152
   -1    1    7    4   -0.001625
   -1    1    8    4    0.000315
   -1    1    9    4   -0.002225
   -1    1   10    4   -0.000195
   -1    1   11    4    0.005112
   -1    1   12    4    0.007037
   -1    1   13    4   -0.002197
   -1    1   14    4    0.003942
   -1    1   15    4   -0.000690
   -1    1   16    4   -0.015452
   -1    1   17    4   -0.001687
   -1    1   18    4   -0.013932
   -1    1    1    5    0.004497
   -1    1    2    5   -0.000367
   -1    1    3    5    0.001643
   -1    1    4    5    0.002518
   -1    1    5    5   -0.000188
   -1    1    6    5    0.000935
   -1    1    7    5    0.004448
   -1    1    8    5   -0.000462
   -1    1    9    5   -0.002280
   -1    1   10    5    0.003315
   -1    1   11    5   -0.000348
   -1    1   12    5   -0.001057
   -1    1   13    5   -0.002065
   -1    1   14    5   -0.001547
   -1    1   15    5   -0.003055
   -1    1   16    5    0.000815
   -1    1   17    5    0.000850
   -1    1   18    5    0.002128
   -1    1    1    6    0.023437
   -1    1    2    6   -0.002235
   -1    1    3    6    0.036735
   -1    1    4    6    0.004457
   -1    1    5    6    0.000355
   -1    1    6    6    0.006910
   -1    1    7    6   -0.000715
   -1    1    8    6   -0.005968
   -1    1    9    6   -0.000807
   -1    1   10    6   -0.001272
   -1    1   11    6   -0.001515
   -1    1   12    6    0.003025
   -1    1   13    6   -0.008307
   -1    1   14    6   -0.002810
   -1    1   15    6   -0.002900
   -1    1   16    6    0.004365
   -1    1   17    6    0.000535
   -1    1   18    6   -0.000180
   -1    1    1    7   -0.020965
   -1    1    2    7    0.010942
   -1    1    3    7   -0.017015
   -1    1    4    7    0.026787
   -1    1    5    7    0.002157
   -1    1    6    7    0.004683
   -1    1    7    7   -0.019697
   -1    1    8    7    0.002095
   -1    1    9    7   -0.013237
   -1    1   10    7   -0.024370
   -1    1   11    7    0.004135
   -1    1   12    7    0.002535
   -1    1   13    7    0.007285
   -1    1   14    7    0.009360
   -1    1   15    7    0.021008
   -1    1   16    7   -0.004130
   -1    1   17    7   -0.001300
   -1    1   18    7    0.002667
   -1    1    1    8    0.000185
   -1    1    2    8   -0.000035
   -1    1    3    8   -0.004060
   -1    1    4    8    0.000067
   -1    1    5    8    0.000125
   -1    1    6    8    0.000375
   -1    1    7    8   -0.000305
   -1    1    8    8    0.000025
   -1    1    9    8    0.003540
   -1    1   10    8   -0.000930
   -1    1   11    8   -0.000342
   -1    1   12    8    0.001090
   -1    1   13    8    0.000273
   -1    1   14    8    0.001357
   -1    1   15    8   -0.000237
   -1    1   16    8    0.000315
   -1    1   17    8   -0.000185
   -1    1   18    8    0.004515
   -1    1    1    9   -0.024465
   -1    1    2    9    0.000227
   -1    1    3    9   -0.003812
   -1    1    4    9   -0.020658
   -1    1    5    9   -0.000560
   -1    1    6    9   -0.018850
   -1    1    7    9    0.002565
   -1    1    8    9    0.000935
   -1    1    9    9    0.007360
   -1    1   10    9    0.002715
   -1    1   11    9    0.003845
   -1    1   12    9    0.012492
   -1    1   13    9    0.013735
   -1    1   14    9    0.005640
   -1    1   15    9   -0.009457
   -1    1   16    9   -0.007978
   -1    1   17    9   -0.003427
   -1    1   18    9   -0.016575
   -1    1    1   10    0.141762
   -1    1    2   10    0.001065
   -1    1    3   10   -0.028855
   -1    1    4   10    0.018957
   -1    1    5   10   -0.013090
   -1    1    6   10    0.010395
   -1    1    7   10    0.027880
   -1    1    8   10    0.000142
   -1    1    9   10   -0.017093
   -1    1   10   10   -0.002135
   -1    1   11   10   -0.003405
   -1    1   12   10   -0.001172
   -1    1   13   10   -0.006347
   -1    1   14   10   -0.002750
   -1    1   15   10   -0.004513
   -1    1   16   10    0.007647
   -1    1   17   10    0.002407
   -1    1   18   10    0.029880
   -1    1    1   11   -0.009572
   -1    1    2   11   -0.000295
   -1    1    3   11   -0.004607
   -1    1    4   11    0.000592
   -1    1    5   11   -0.000635
   -1    1    6   11    0.000572
   -1    1    7   11   -0.001555
   -1    1    8   11    0.001158
   -1    1    9   11    0.002390
   -1    1   10   11   -0.006748
   -1    1   11   11    0.002352
   -1    1   12   11    0.004800
   -1    1   13   11    0.000205
   -1    1   14   11   -0.003275
   -1    1   15   11    0.000485
   -1    1   16   11   -0.005747
   -1    1   17   11   -0.005395
   -1    1   18   11   -0.002987
   -1    1    1   12   -0.169462
   -1    1    2   12   -0.006255
   -1    1    3   12   -0.009772
   -1    1    4   12   -0.596830
   -1    1    5   12    0.005462
   -1    1    6   12    0.016612
   -1    1    7   12    0.002235
   -1    1    8   12    0.004830
   -1    1    9   12    0.082485
   -1    1   10   12    0.023407
   -1    1   11   12    0.012922
   -1    1   12   12    0.006445
   -1    1   13   12    0.002967
   -1    1   14   12   -0.000365
   -1    1   15   12    0.000382
   -1    1   16   12   -0.002580
   -1    1   17   12    0.013907
   -1    1   18   12   -0.328632
   -1    1    1   13    0.013488
   -1    1    2   13    0.007062
   -1    1    3   13   -0.040052
   -1    1    4   13    0.022595
   -1    1    5   13    0.006360
   -1    1    6   13   -0.017520
   -1    1    7   13   -0.002015
   -1    1    8   13   -0.035420
   -1    1    9   13   -0.019652
   -1    1   10   13    0.008610
   -1    1   11   13    0.001060
   -1    1   12   13   -0.009052
   -1    1   13   13    0.015202
   -1    1   14   13   -0.004205
   -1    1   15   13    0.011575
   -1    1   16   13    0.000967
   -1    1   17   13    0.038453
   -1    1   18   13    0.038293
   -1    1    1   14    0.004415
   -1    1    2   14   -0.000237
   -1    1    3   14   -0.000340
   -1    1    4   14    0.001553
   -1    1    5   14   -0.000055
   -1    1    6   14    0.000790
   -1    1    7   14    0.001860
   -1    1    8   14   -0.000165
   -1    1    9   14    0.000077
   -1    1   10   14   -0.000495
   -1    1   11   14   -0.001517
   -1    1   12   14   -0.003347
   -1    1   13   14   -0.000452
   -1    1   14   14   -0.001455
   -1    1   15   14   -0.001360
   -1    1   16   14    0.004350
   -1    1   17   14    0.000183
   -1    1   18   14    0.004265
   -1    1    1   15   -0.043995
   -1    1    2   15   -0.008377
   -1    1    3   15    0.025572
   -1    1    4   15    0.009865
   -1    1    5   15   -0.006472
   -1    1    6   15   -0.003790
   -1    1    7   15   -0.018232
   -1    1    8   15    0.003757
   -1    1    9   15    0.000498
   -1    1   10   15    0.004487
   -1    1   11   15   -0.002693
   -1    1   12   15   -0.005412
   -1    1   13   15   -0.007282
   -1    1   14   15   -0.011217
   -1    1   15   15   -0.014698
   -1    1   16   15   -0.004245
   -1    1   17   15   -0.007090
   -1    1   18   15   -0.024290
   -1    1    1   16    0.005685
   -1    1    2   16    0.001692
   -1    1    3   16    0.015678
   -1    1    4   16   -0.025500
   -1    1    5   16    0.001350
   -1    1    6   16   -0.001300
   -1    1    7   16   -0.000498
   -1    1    8   16    0.000847
   -1    1    9   16   -0.005900
   -1    1   10   16    0.004125
   -1    1   11   16   -0.005100
   -1    1   12   16   -0.012460
   -1    1   13   16   -0.001665
   -1    1   14   16    0.000917
   -1    1   15   16    0.002480
   -1    1   16   16    0.015023
   -1    1   17   16    0.002502
   -1    1   18   16    0.017802
   -1    1    1   17   -0.007152
   -1    1    2   17    0.001590
   -1    1    3   17    0.001948
   -1    1    4   17   -0.002537
   -1    1    5   17    0.003182
   -1    1    6   17   -0.001502
   -1    1    7   17    0.000350
   -1    1    8   17   -0.000260
   -1    1    9   17   -0.002605
   -1    1   10   17    0.000873
   -1    1   11   17    0.001162
   -1    1   12   17   -0.000410
   -1    1   13   17    0.001095
   -1    1   14   17    0.002468
   -1    1   15   17    0.000132
   -1    1   16   17   -0.000570
   -1    1   17   17    0.000160
   -1    1   18   17   -0.002512
   -1    1    1   18   -0.006128
   -1    1    2   18    0.000160
   -1    1    3   18    0.002392
   -1    1    4   18    0.005135
   -1    1    5   18    0.000005
   -1    1    6   18   -0.000975
   -1    1    7   18   -0.000218
   -1    1    8   18   -0.000325
   -1    1    9   18   -0.002185
   -1    1   10   18    0.004882
   -1    1   11   18    0.003622
   -1    1   12   18    0.007222
   -1    1   13   18   -0.004805
   -1    1   14   18    0.004532
   -1    1   15   18   -0.001100
   -1    1   16   18   -0.010797
   -1    1   17   18   -0.000225
   -1    1   18   18   -0.010925
    0    1    1    1   -0.091795
    0    1    2    1   -0.011930
    0    1    3    1   -0.007587
    0    1    4    1   -0.042848
    0    1    5    1    0.013750
    0    1    6    1    0.018157
    0    1    7    1    0.010465
    0    1    8    1    0.009577
    0    1    9    1    0.074127
    0    1   10    1   -0.041205
    0    1   11    1    0.007335
    0    1   12    1   -0.002520
    0    1   13    1   -0.016612
    0    1   14    1   -0.002205
    0    1   15    1   -0.023840
    0    1   16    1   -0.002575
    0    1   17    1   -0.026902
    0    1   18    1   -0.034015
    0    1    1    2    0.013545
    0    1    2    2   -0.002130
    0    1    3    2    0.015187
    0    1    4    2    0.014918
    0    1    5    2   -0.030765
    0    1    6    2   -0.038582
    0    1    7    2    0.002047
    0    1    8    2    0.044650
    0    1    9    2    0.016977
    0    1   10    2    0.007045
    0    1   11    2   -0.009647
    0    1   12    2    0.002755
    0    1   13    2    0.001352
    0    1   14    2   -0.000375
    0    1   15    2   -0.008300
    0    1   16    2    0.004058
    0    1   17    2   -0.011448
    0    1   18    2    0.012252
    0    1    1    3    0.106765
    0    1    2    3    0.013925
    0    1    3    3    0.004465
    0    1    4    3    0.062502
    0    1    5    3    0.025197
    0    1    6    3   -0.002020
    0    1    7    3   -0.003585
    0    1    8    3   -0.142315
    0    1    9    3   -0.058908
    0    1   10    3    0.036215
    0    1   11    3    0.002410
    0    1   12    3    0.004948
    0    1   13    3   -0.001138
    0    1   14    3    0.012325
    0    1   15    3    0.017603
    0    1   16    3   -0.013857
    0    1   17    3    0.127360
    0    1   18    3    0.024367
    0    1    1    4   -0.340775
    0    1    2    4   -0.010490
    0    1    3    4   -0.126687
    0    1    4    4    0.058270
    0    1    5    4   -0.000070
    0    1    6    4    0.004707
    0    1    7    4   -0.005710
    0    1    8    4    0.000833
    0    1    9    4    0.050455
    0    1   10    4    0.009105
    0    1   11    4   -0.005952
    0    1   12    4    0.009810
    0    1   13    4    0.017282
    0    1   14    4   -0.009882
    0    1   15    4    0.006358
    0    1   16    4    0.004707
    0    1   17    4   -0.001077
    0    1   18    4    0.035725
    0    1    1    5   -0.010965
    0    1    2    5    0.002195
    0    1    3    5   -0.061367
    0    1    4    5    0.016327
    0    1    5    5   -0.000818
    0    1    6    5   -0.000433
    0    1    7    5   -0.007130
    0    1    8    5   -0.026735
    0    1    9    5    0.009357
    0    1   10    5    0.006980
    0    1   11    5    0.001880
    0    1   12    5    0.000170
    0    1   13    5   -0.002477
    0    1   14    5    0.002325
    0    1   15    5    0.004457
    0    1   16    5   -0.011825
    0    1   17    5    0.013575
    0    1   18    5   -0.000030
    0    1    1    6   -0.014222
    0    1    2    6   -0.030085
    0    1    3    6    0.158217
    0    1    4    6    0.038533
    0    1    5    6    0.045085
    0    1    6    6    0.037230
    0    1    7    6   -0.018052
    0    1    8    6   -0.012652
    0    1    9    6    0.094115
    0    1   10    6    0.007915
    0    1   11    6   -0.006095
    0    1   12    6    0.005580
    0    1   13    6   -0.054167
    0    1   14    6   -0.010405
    0    1   15    6    0.017525
    0    1   16    6    0.012925
    0    1   17    6    0.019928
    0    1   18    6    0.038777
    0    1    1    7    0.076750
    0    1    2    7    0.001380
    0    1    3    7    0.027060
    0    1    4    7    0.067378
    0    1    5    7    0.004038
    0    1    6    7    0.035333
    0    1    7    7    0.029347
    0    1    8    7   -0.002740
    0    1    9    7   -0.000723
    0    1   10    7   -0.046347
    0    1   11    7    0.005157
    0    1   12    7    0.005137
    0    1   13    7    0.007895
    0    1   14    7   -0.009505
    0    1   15    7    0.025895
    0    1   16    7    0.009180
    0    1   17    7   -0.000272
    0    1   18    7    0.071743
    0    1    1    8    0.275122
    0    1    2    8    0.182155
    0    1    3    8    0.264838
    0    1    4    8   -0.045492
    0    1    5    8    0.928020
    0    1    6    8    0.006732
    0    1    7    8    0.025090
    0    1    8    8    0.004340
    0    1    9    8    0.070980
    0    1   10    8   -0.006850
    0    1   11    8    0.070107
    0    1   12    8   -0.001320
    0    1   13    8    0.102563
    0    1   14    8   -0.689085
    0    1   15    8   -0.017712
    0    1   16    8    0.206845
    0    1   17    8    0.004377
    0    1   18    8    0.013555
    0    1    1    9   -0.006330
    0    1    2    9    0.014695
    0    1    3    9    0.478882
    0    1    4    9   -0.123430
    0    1    5    9   -0.002640
    0    1    6    9   -0.048665
    0    1    7    9    0.030352
    0    1    8    9    0.016972
    0    1    9    9   -0.152155
    0    1   10    9    0.016730
    0    1   11    9   -0.018750
    0    1   12    9    0.007448
    0    1   13    9    0.074130
    0    1   14    9    0.008165
    0    1   15    9   -0.012590
    0    1   16    9    0.061215
    0    1   17    9   -0.008958
    0    1   18    9   -0.033470
    0    1    1   10    0.008347
    0    1    2   10   -0.087218
    0    1    3   10   -0.092288
    0    1    4   10    0.119290
    0    1    5   10    0.014200
    0    1    6   10   -0.166965
    0    1    7   10    0.478548
    0    1    8   10   -0.054540
    0    1    9   10    0.057587
    0    1   10   10    0.073480
    0    1   11   10   -0.003147
    0    1   12   10    0.035408
    0    1   13   10   -0.065532
    0    1   14   10    0.026825
    0    1   15   10   -0.068177
    0    1   16   10    0.073540
    0    1   17   10    0.079280
    0    1   18   10    0.043625
    0    1    1   11    0.234410
    0    1    2   11   -0.021247
    0    1    3   11    0.583778
    0    1    4   11    0.030878
    0    1    5   11    0.007615
    0    1    6   11    0.109997
    0    1    7   11   -0.004605
    0    1    8   11   -0.578647
    0    1    9   11   -0.002622
    0    1   10   11    0.025380
    0    1   11   11    0.003287
    0    1   12   11   -0.000530
    0    1   13   11   -0.019203
    0    1   14   11   -0.059990
    0    1   15   11    0.007075
    0    1   16   11    0.006470
    0    1   17   11    0.078133
    0    1   18   11    0.084245
    0    1    1   12   -0.550047
    0    1    2   12    0.109645
    0    1    3   12    0.605157
    0    1    4   12    0.562960
    0    1    5   12    0.112248
    0    1    6   12    0.604400
    0    1    7   12   -0.596157
    0    1    8   12   -0.021147
    0    1    9   12   -0.378522
    0    1   10   12    0.137065
    0    1   11   12    0.227815
    0    1   12   12    0.178432
    0    1   13   12   -0.001190
    0    1   14   12    0.058157
    0    1   15   12    1.705417
    0    1   16   12   -0.370230
    0    1   17   12    0.017462
    0    1   18   12   -0.349260
    0    1    1   13    0.099693
    0    1    2   13    0.061945
    0    1    3   13    0.485670
    0    1    4   13   -0.024873
    0    1    5   13    0.017997
    0    1    6   13    0.009410
    0    1    7   13   -0.034508
    0    1    8   13   -0.041270
    0    1    9   13   -0.448238
    0    1   10   13    0.016970
    0    1   11   13    0.019210
    0    1   12   13   -0.015782
    0    1   13   13   -0.095790
    0    1   14   13   -0.005822
    0    1   15   13    0.008280
    0    1   16   13    0.046237
    0    1   17   13    0.018315
    0    1   18   13    0.023882
    0    1    1   14   -0.043120
    0    1    2   14   -0.000510
    0    1    3   14   -0.241415
    0    1    4   14    0.025622
    0    1    5   14   -0.011170
    0    1    6   14   -0.006648
    0    1    7   14   -0.007620
    0    1    8   14    0.000752
    0    1    9   14    0.051705
    0    1   10   14   -0.000840
    0    1   11   14    0.004757
    0    1   12   14   -0.002690
    0    1   13   14   -0.012900
    0    1   14   14   -0.003375
    0    1   15   14    0.002220
    0    1   16   14   -0.021542
    0    1   17   14   -0.009217
    0    1   18   14    0.002975
    0    1    1   15    0.049840
    0    1    2   15   -0.005693
    0    1    3   15   -0.035420
    0    1    4   15   -0.178755
    0    1    5   15    0.083010
    0    1    6   15    0.235655
    0    1    7   15   -0.218520
    0    1    8   15    0.028995
    0    1    9   15    0.157497
    0    1   10   15   -0.005862
    0    1   11   15    0.010220
    0    1   12   15   -0.004862
    0    1   13   15    0.034572
    0    1   14   15    0.017007
    0    1   15   15    0.217193
    0    1   16   15   -0.031167
    0    1   17   15   -0.015667
    0    1   18   15   -0.156390
    0    1    1   16   -0.676115
    0    1    2   16    0.014517
    0    1    3   16   -1.430050
    0    1    4   16    0.283407
    0    1    5   16   -0.006267
    0    1    6   16   -0.086342
    0    1    7   16    0.050010
    0    1    8   16   -0.035002
    0    1    9   16   -0.046810
    0    1   10   16    0.014765
    0    1   11   16    0.007157
    0    1   12   16    0.001243
    0    1   13   16    0.073798
    0    1   14   16    0.053908
    0    1   15   16   -0.034812
    0    1   16   16   -0.037625
    0    1   17   16    0.003523
    0    1   18   16    0.033620
    0    1    1   17   -0.009690
    0    1    2   17    0.006440
    0    1    3   17   -0.036682
    0    1    4   17    0.001568
    0    1    5   17   -0.006077
    0    1    6   17    0.001965
    0    1    7   17   -0.044230
    0    1    8   17   -0.006060
    0    1    9   17   -0.007345
    0    1   10   17    0.006258
    0    1   11   17   -0.004395
    0    1   12   17   -0.001857
    0    1   13   17   -0.007595
    0    1   14   17    0.001097
    0    1   15   17   -0.019330
    0    1   16   17   -0.011962
    0    1   17   17    0.011210
    0    1   18   17   -0.014777
    0    1    1   18    0.021735
    0    1    2   18   -0.007302
    0    1    3   18    0.705407
    0    1    4   18   -0.095510
    0    1    5   18    0.005690
    0    1    6   18   -0.017935
    0    1    7   18    0.005727
    0    1    8   18    0.005233
    0    1    9   18   -0.117410
    0    1   10   18    0.002950
    0    1   11   18   -0.017375
    0    1   12   18    0.009992
    0    1   13   18    0.036408
    0    1   14   18    0.009932
    0    1   15   18   -0.001227
    0    1   16   18    0.045230
    0    1   17   18   -0.004992
    0    1   18   18   -0.014220
    1    1    1    1   -0.033230
    1    1    2    1   -0.008740
    1    1    3    1    0.034905
    1    1    4    1   -0.013615
    1    1    5    1    0.051060
    1    1    6    1   -0.212510
    1    1    7    1    0.083992
    1    1    8    1    0.028583
    1    1    9    1    0.132245
    1    1   10    1    0.013572
    1    1   11    1   -0.008550
    1    1   12    1    0.006500
    1    1   13    1    0.062360
    1    1   14    1   -0.005250
    1    1   15    1   -0.042570
    1    1   16    1   -0.007400
    1    1   17    1    0.000900
    1    1   18    1   -0.004913
    1    1    1    2   -0.003962
    1    1    2    2   -0.005007
    1    1    3    2    0.012210
    1    1    4    2    0.008852
    1    1    5    2   -0.007547
    1    1    6    2    0.001383
    1    1    7    2   -0.012980
    1    1    8    2   -0.001292
    1    1    9    2    0.012010
    1    1   10    2    0.006150
    1    1   11    2   -0.003062
    1    1   12    2   -0.003858
    1    1   13    2    0.009617
    1    1   14    2   -0.002590
    1    1   15    2   -0.002335
    1    1   16    2    0.007592
    1    1   17    2    0.009530
    1    1   18    2    0.007465
    1    1    1    3    0.042763
    1    1    2    3    0.105987
    1    1    3    3   -0.096717
    1    1    4    3    0.014510
    1    1    5    3    0.188083
    1    1    6    3   -0.623485
    1    1    7    3   -0.019735
    1    1    8    3    0.142808
    1    1    9    3   -0.125840
    1    1   10    3   -0.007102
    1    1   11    3    0.017405
    1    1   12    3    0.010157
    1    1   13    3   -0.241572
    1    1   14    3   -0.002773
    1    1   15    3    0.005487
    1    1   16    3    0.004707
    1    1   17    3    0.004063
    1    1   18    3    0.024725
    1    1    1    4   -0.004470
    1    1    2    4   -0.028095
    1    1    3    4   -0.007385
    1    1    4    4   -0.377673
    1    1    5    4   -0.001985
    1    1    6    4    0.156762
    1    1    7    4   -0.038937
    1    1    8    4    0.009915
    1    1    9    4    0.039055
    1    1   10    4   -0.006330
    1    1   11    4   -0.001103
    1    1   12    4   -0.012622
    1    1   13    4    0.078317
    1    1   14    4    0.005607
    1    1   15    4    0.016125
    1    1   16    4    0.009920
    1    1   17    4   -0.003463
    1    1   18    4   -0.248360
    1    1    1    5    0.019970
    1    1    2    5    0.006032
    1    1    3    5    0.009983
    1    1    4    5    0.001375
    1    1    5    5    0.009017
    1    1    6    5   -0.026822
    1    1    7    5   -0.017870
    1    1    8    5    0.005432
    1    1    9    5   -0.011430
    1    1   10    5   -0.005450
    1    1   11    5   -0.002370
    1    1   12    5   -0.001497
    1    1   13    5   -0.006553
    1    1   14    5   -0.002043
    1    1   15    5    0.022413
    1    1   16    5   -0.004130
    1    1   17    5   -0.010342
    1    1   18    5    0.006395
    1    1    1    6    0.028970
    1    1    2    6    0.010595
    1    1    3    6    0.003240
    1    1    4    6    0.000150
    1    1    5    6   -0.010060
    1    1    6    6   -0.015438
    1    1    7    6   -0.039410
    1    1    8    6   -0.005155
    1    1    9    6   -0.004967
    1    1   10    6   -0.000045
    1    1   11    6   -0.009170
    1    1   12    6   -0.016260
    1    1   13    6   -0.010730
    1    1   14    6   -0.004655
    1    1   15    6    0.014947
    1    1   16    6    0.016612
    1    1   17    6   -0.000840
    1    1   18    6    0.015870
    1    1    1    7   -0.007280
    1    1    2    7   -0.007983
    1    1    3    7    0.005242
    1    1    4    7    0.036432
    1    1    5    7   -0.002180
    1    1    6    7   -0.008300
    1    1    7    7    0.015367
    1    1    8    7    0.000455
    1    1    9    7    0.001035
    1    1   10    7    0.038488
    1    1   11    7    0.005108
    1    1   12    7   -0.005075
    1    1   13    7   -0.037257
    1    1   14    7    0.003278
    1    1   15    7   -0.056797
    1    1   16    7   -0.016862
    1    1   17    7   -0.011400
    1    1   18    7   -0.013587
    1    1    1    8   -0.007252
    1    1    2    8   -0.398147
    1    1    3    8   -0.008318
    1    1    4    8    0.045437
    1    1    5    8   -0.098425
    1    1    6    8   -0.028953
    1    1    7    8    0.069252
    1    1    8    8   -0.015052
    1    1    9    8    0.053302
    1    1   10    8    0.643945
    1    1   11    8    0.182595
    1    1   12    8   -0.178395
    1    1   13    8   -0.264400
    1    1   14    8   -0.062857
    1    1   15    8    0.728880
    1    1   16    8    0.135365
    1    1   17    8    1.215082
    1    1   18    8    0.037033
    1    1    1    9   -0.058812
    1    1    2    9   -0.004885
    1    1    3    9   -0.069135
    1    1    4    9   -0.060415
    1    1    5    9   -0.007660
    1    1    6    9    0.145420
    1    1    7    9    0.031205
    1    1    8    9   -0.001493
    1    1    9    9   -0.094060
    1    1   10    9   -0.012280
    1    1   11    9   -0.002190
    1    1   12    9    0.000600
    1    1   13    9    0.066248
    1    1   14    9    0.020422
    1    1   15    9    0.021452
    1    1   16    9    0.022310
    1    1   17    9    0.004058
    1    1   18    9   -0.060070
    1    1    1   10   -0.523770
    1    1    2   10    0.584340
    1    1    3   10   -0.044132
    1    1    4   10   -0.088080
    1    1    5   10   -0.659707
    1    1    6   10   -1.742858
    1    1    7   10    0.001095
    1    1    8   10   -0.441175
    1    1    9   10   -0.747130
    1    1   10   10    0.019035
    1    1   11   10    0.084040
    1    1   12   10   -0.017460
    1    1   13   10   -0.021705
    1    1   14   10    0.099023
    1    1   15   10   -0.008952
    1    1   16   10   -0.003565
    1    1   17   10   -0.001530
    1    1   18   10   -0.057652
    1    1    1   11    0.036588
    1    1    2   11   -0.022937
    1    1    3   11   -0.002417
    1    1    4   11    0.025437
    1    1    5   11   -0.002950
    1    1    6   11   -0.082450
    1    1    7   11    0.074442
    1    1    8   11   -0.002820
    1    1    9   11   -0.007752
    1    1   10   11   -0.008908
    1    1   11   11   -0.003537
    1    1   12   11   -0.004050
    1    1   13   11   -0.185170
    1    1   14   11   -0.005600
    1    1   15   11    0.048877
    1    1   16   11    0.001840
    1    1   17   11   -0.075317
    1    1   18   11    0.013902
    1    1    1   12    0.046820
    1    1    2   12    0.004827
    1    1    3   12    0.008675
    1    1    4   12    0.006340
    1    1    5   12    0.013202
    1    1    6   12   -0.071227
    1    1    7   12   -1.381752
    1    1    8   12   -0.002628
    1    1    9   12   -0.101825
    1    1   10   12    0.008312
    1    1   11   12   -0.015970
    1    1   12   12    0.002750
    1    1   13   12    0.264707
    1    1   14   12   -0.002780
    1    1   15   12   -0.640220
    1    1   16   12   -0.048118
    1    1   17   12   -0.001150
    1    1   18   12   -0.014487
    1    1    1   13   -0.022162
    1    1    2   13    0.003845
    1    1    3   13   -0.001082
    1    1    4   13    0.011413
    1    1    5   13    0.006377
    1    1    6   13    0.032660
    1    1    7   13   -0.023345
    1    1    8   13    0.001842
    1    1    9   13   -0.038652
    1    1   10   13   -0.003023
    1    1   11   13   -0.001548
    1    1   12   13   -0.007712
    1    1   13   13   -0.040567
    1    1   14   13    0.005865
    1    1   15   13    0.027922
    1    1   16   13    0.026713
    1    1   17   13    0.000335
    1    1   18   13   -0.016020
    1    1    1   14    0.023333
    1    1    2   14   -0.035670
    1    1    3   14    0.019675
    1    1    4   14    0.026090
    1    1    5   14   -0.033222
    1    1    6   14    0.056682
    1    1    7   14   -0.002975
    1    1    8   14   -0.016052
    1    1    9   14    0.046170
    1    1   10   14   -0.008502
    1    1   11   14   -0.000295
    1    1   12   14   -0.001530
    1    1   13   14   -0.006567
    1    1   14   14    0.003535
    1    1   15   14    0.014400
    1    1   16   14   -0.027135
    1    1   17   14   -0.013175
    1    1   18   14   -0.012500
    1    1    1   15    0.000918
    1    1    2   15    0.006177
    1    1    3   15    0.003052
    1    1    4   15   -0.019622
    1    1    5   15    0.001987
    1    1    6   15   -0.008318
    1    1    7   15    0.050912
    1    1    8   15    0.000352
    1    1    9   15    0.005735
    1    1   10   15   -0.059417
    1    1   11   15   -0.011595
    1    1   12   15   -0.016727
    1    1   13   15   -0.001497
    1    1   14   15   -0.000018
    1    1   15   15    0.179305
    1    1   16   15    0.021695
    1    1   17   15   -0.027290
    1    1   18   15    0.006998
    1    1    1   16   -0.009907
    1    1    2   16    0.008995
    1    1    3   16    0.022417
    1    1    4   16   -0.059347
    1    1    5   16    0.010982
    1    1    6   16   -0.107595
    1    1    7   16   -0.053975
    1    1    8   16    0.003597
    1    1    9   16   -0.028567
    1    1   10   16    0.020392
    1    1   11   16   -0.001375
    1    1   12   16   -0.000480
    1    1   13   16    0.228015
    1    1   14   16    0.013230
    1    1   15   16   -0.029525
    1    1   16   16   -0.058292
    1    1   17   16   -0.010215
    1    1   18   16   -0.030072
    1    1    1   17    0.002233
    1    1    2   17   -0.011985
    1    1    3   17    0.008040
    1    1    4   17    0.000998
    1    1    5   17    0.017487
    1    1    6   17   -0.003715
    1    1    7   17   -0.012087
    1    1    8   17    0.010677
    1    1    9   17    0.052663
    1    1   10   17   -0.002830
    1    1   11   17   -0.002895
    1    1   12   17    0.011280
    1    1   13   17    0.001930
    1    1   14   17   -0.001515
    1    1   15   17   -0.004525
    1    1   16   17   -0.004528
    1    1   17   17    0.001050
    1    1   18   17    0.005708
    1    1    1   18   -0.057170
    1    1    2   18    0.006665
    1    1    3   18   -0.054040
    1    1    4   18   -0.079938
    1    1    5   18   -0.000452
    1    1    6   18    0.221645
    1    1    7   18   -0.066645
    1    1    8   18    0.007345
    1    1    9   18   -0.065643
    1    1   10   18    0.011088
    1    1   11   18   -0.015580
    1    1   12   18    0.004327
    1    1   13   18    0.093575
    1    1   14   18    0.003800
    1    1   15   18   -0.012755
    1    1   16   18    0.023647
    1    1   17   18    0.004358
    1    1   18   18   -0.023263
