 ir1  ir2   m    n          ReH 
   -1   -1    1    1    0.065060
   -1   -1    2    1    0.009003
   -1   -1    3    1    0.006662
   -1   -1    4    1    0.041908
   -1   -1    5    1   -0.016608
   -1   -1    6    1   -0.053490
   -1   -1    7    1   -0.024110
   -1   -1    8    1    0.015397
   -1   -1    9    1    0.001092
   -1   -1   10    1    0.010150
   -1   -1   11    1    0.007900
   -1   -1   12    1   -0.011950
   -1   -1   13    1    0.032188
   -1   -1   14    1    0.008607
   -1   -1   15    1    0.017642
   -1   -1   16    1   -0.007963
   -1   -1   17    1   -0.043603
   -1   -1   18    1   -0.075378
   -1   -1    1    2    0.005962
   -1   -1    2    2    0.003150
   -1   -1    3    2    0.006015
   -1   -1    4    2    0.007820
   -1   -1    5    2   -0.002247
   -1   -1    6    2   -0.020688
   -1   -1    7    2    0.019467
   -1   -1    8    2    0.008868
   -1   -1    9    2   -0.001272
   -1   -1   10    2   -0.011237
   -1   -1   11    2    0.041222
   -1   -1   12    2   -0.033537
   -1   -1   13    2   -0.007298
   -1   -1   14    2    0.038850
   -1   -1   15    2    0.022265
   -1   -1   16    2   -0.000585
   -1   -1   17    2   -0.003162
   -1   -1   18    2   -0.008117
   -1   -1    1    3    0.139420
   -1   -1    2    3    0.003775
   -1   -1    3    3    0.171258
   -1   -1    4    3   -0.785123
   -1   -1    5    3    0.002677
   -1   -1    6    3    0.007365
   -1   -1    7    3    0.019030
   -1   -1    8    3   -0.054115
   -1   -1    9    3    0.001865
   -1   -1   10    3    0.091392
   -1   -1   11    3   -0.000630
   -1   -1   12    3    0.011075
   -1   -1   13    3   -0.015312
   -1   -1   14    3    0.026283
   -1   -1   15    3   -0.010943
   -1   -1   16    3    0.110985
   -1   -1   17    3    0.059925
   -1   -1   18    3   -0.107548
   -1   -1    1    4    0.017245
   -1   -1    2    4    0.001968
   -1   -1    3    4   -0.093982
   -1   -1    4    4   -0.028340
   -1   -1    5    4    0.002400
   -1   -1    6    4    0.006042
   -1   -1    7    4    0.002015
   -1   -1    8    4    0.006437
   -1   -1    9    4    0.000757
   -1   -1   10    4   -0.016390
   -1   -1   11    4    0.001692
   -1   -1   12    4    0.038593
   -1   -1   13    4   -0.011885
   -1   -1   14    4    0.004672
   -1   -1   15    4   -0.004860
   -1   -1   16    4   -0.007783
   -1   -1   17    4    0.000150
   -1   -1   18    4   -0.028247
   -1   -1    1    5    0.014970
   -1   -1    2    5    0.003695
   -1   -1    3    5   -0.021460
   -1   -1    4    5   -0.028440
   -1   -1    5    5   -0.007520
   -1   -1    6    5   -0.017487
   -1   -1    7    5    0.002470
   -1   -1    8    5    0.006875
   -1   -1    9    5   -0.001863
   -1   -1   10    5    0.008515
   -1   -1   11    5   -0.001840
   -1   -1   12    5    0.006678
   -1   -1   13    5   -0.015905
   -1   -1   14    5   -0.011817
   -1   -1   15    5    0.005300
   -1   -1   16    5   -0.001292
   -1   -1   17    5   -0.005283
   -1   -1   18    5    0.019490
   -1   -1    1    6   -0.028177
   -1   -1    2    6    0.019547
   -1   -1    3    6    0.069000
   -1   -1    4    6    0.035847
   -1   -1    5    6    0.003600
   -1   -1    6    6   -0.026872
   -1   -1    7    6   -0.011692
   -1   -1    8    6   -0.017805
   -1   -1    9    6   -0.006375
   -1   -1   10    6    0.042188
   -1   -1   11    6   -0.016188
   -1   -1   12    6   -0.029277
   -1   -1   13    6   -0.065285
   -1   -1   14    6   -0.031453
   -1   -1   15    6    0.045418
   -1   -1   16    6   -0.013355
   -1   -1   17    6   -0.006657
   -1   -1   18    6    0.038120
   -1   -1    1    7   -0.323187
   -1   -1    2    7   -0.018200
   -1   -1    3    7    0.121542
   -1   -1    4    7    0.158353
   -1   -1    5    7    0.144082
   -1   -1    6    7    0.228438
   -1   -1    7    7   -0.104153
   -1   -1    8    7   -0.122900
   -1   -1    9    7   -0.003837
   -1   -1   10    7   -0.031510
   -1   -1   11    7   -0.008238
   -1   -1   12    7    0.051900
   -1   -1   13    7    0.162540
   -1   -1   14    7    0.079060
   -1   -1   15    7   -0.013760
   -1   -1   16    7    0.054765
   -1   -1   17    7    0.171580
   -1   -1   18    7   -0.239038
   -1   -1    1    8   -0.020012
   -1   -1    2    8   -0.001985
   -1   -1    3    8   -0.010480
   -1   -1    4    8    0.038735
   -1   -1    5    8    0.001243
   -1   -1    6    8    0.000158
   -1   -1    7    8   -0.001698
   -1   -1    8    8   -0.003352
   -1   -1    9    8    0.000022
   -1   -1   10    8   -0.003370
   -1   -1   11    8   -0.004510
   -1   -1   12    8   -0.004545
   -1   -1   13    8    0.005645
   -1   -1   14    8   -0.005860
   -1   -1   15    8   -0.005803
   -1   -1   16    8   -0.005200
   -1   -1   17    8    0.023300
   -1   -1   18    8    0.018697
   -1   -1    1    9    0.726657
   -1   -1    2    9   -0.129543
   -1   -1    3    9    0.010715
   -1   -1    4    9   -0.151422
   -1   -1    5    9    0.010520
   -1   -1    6    9    0.286297
   -1   -1    7    9    0.122090
   -1   -1    8    9    0.010697
   -1   -1    9    9    0.055982
   -1   -1   10    9   -1.619470
   -1   -1   11    9    0.006082
   -1   -1   12    9    0.457225
   -1   -1   13    9    0.619117
   -1   -1   14    9    0.269282
   -1   -1   15    9   -0.061140
   -1   -1   16    9   -0.125755
   -1   -1   17    9   -0.000050
   -1   -1   18    9   -0.912570
   -1   -1    1   10   -0.067472
   -1   -1    2   10   -0.007845
   -1   -1    3   10    0.038865
   -1   -1    4   10    0.162290
   -1   -1    5   10   -0.012457
   -1   -1    6   10   -0.043020
   -1   -1    7   10   -0.017542
   -1   -1    8   10   -0.007877
   -1   -1    9   10   -0.007812
   -1   -1   10   10   -0.055295
   -1   -1   11   10   -0.007345
   -1   -1   12   10    0.045110
   -1   -1   13   10    0.023565
   -1   -1   14   10   -0.003775
   -1   -1   15   10   -0.022207
   -1   -1   16   10    0.023402
   -1   -1   17   10   -0.013380
   -1   -1   18   10   -0.018023
   -1   -1    1   11    0.000515
   -1   -1    2   11   -0.000235
   -1   -1    3   11    0.002757
   -1   -1    4   11   -0.000058
   -1   -1    5   11   -0.000637
   -1   -1    6   11    0.000740
   -1   -1    7   11   -0.000555
   -1   -1    8   11   -0.000485
   -1   -1    9   11   -0.000875
   -1   -1   10   11    0.001065
   -1   -1   11   11   -0.006423
   -1   -1   12   11    0.010412
   -1   -1   13   11   -0.000657
   -1   -1   14   11   -0.004627
   -1   -1   15   11   -0.002265
   -1   -1   16   11    0.002820
   -1   -1   17   11    0.001233
   -1   -1   18   11    0.001700
   -1   -1    1   12    0.001150
   -1   -1    2   12    0.002352
   -1   -1    3   12    0.080893
   -1   -1    4   12    0.012362
   -1   -1    5   12   -0.015210
   -1   -1    6   12    0.013535
   -1   -1    7   12   -0.008415
   -1   -1    8   12   -0.012130
   -1   -1    9   12   -0.031942
   -1   -1   10   12    0.042605
   -1   -1   11   12   -0.006217
   -1   -1   12   12    0.166132
   -1   -1   13   12   -0.051025
   -1   -1   14   12   -0.007215
   -1   -1   15   12   -0.051665
   -1   -1   16   12    0.131390
   -1   -1   17   12    0.005457
   -1   -1   18   12    0.104767
   -1   -1    1   13    0.048027
   -1   -1    2   13   -0.015535
   -1   -1    3   13   -0.046110
   -1   -1    4   13   -0.021468
   -1   -1    5   13    0.011737
   -1   -1    6   13   -0.026140
   -1   -1    7   13    0.037510
   -1   -1    8   13    0.005953
   -1   -1    9   13    0.003613
   -1   -1   10   13   -0.079950
   -1   -1   11   13   -0.033427
   -1   -1   12   13    0.097562
   -1   -1   13   13    0.033308
   -1   -1   14   13   -0.003720
   -1   -1   15   13   -0.031103
   -1   -1   16   13   -0.002122
   -1   -1   17   13    0.035803
   -1   -1   18   13   -0.070230
   -1   -1    1   14    0.007317
   -1   -1    2   14    0.000630
   -1   -1    3   14   -0.006173
   -1   -1    4   14   -0.004610
   -1   -1    5   14    0.001133
   -1   -1    6   14    0.000365
   -1   -1    7   14    0.003897
   -1   -1    8   14    0.002010
   -1   -1    9   14   -0.000007
   -1   -1   10   14   -0.001698
   -1   -1   11   14    0.004370
   -1   -1   12   14   -0.004830
   -1   -1   13   14   -0.006525
   -1   -1   14   14    0.005102
   -1   -1   15   14    0.002138
   -1   -1   16   14   -0.000527
   -1   -1   17   14    0.001890
   -1   -1   18   14    0.006843
   -1   -1    1   15    0.022925
   -1   -1    2   15    0.035185
   -1   -1    3   15   -0.029415
   -1   -1    4   15    0.017040
   -1   -1    5   15    0.008845
   -1   -1    6   15   -0.017200
   -1   -1    7   15   -0.002588
   -1   -1    8   15    0.007605
   -1   -1    9   15   -0.009500
   -1   -1   10   15   -0.055775
   -1   -1   11   15   -0.014658
   -1   -1   12   15   -0.076532
   -1   -1   13   15    0.007872
   -1   -1   14   15    0.014283
   -1   -1   15   15    0.196052
   -1   -1   16   15   -0.048177
   -1   -1   17   15    0.026275
   -1   -1   18   15   -0.084187
   -1   -1    1   16    0.068277
   -1   -1    2   16   -0.020643
   -1   -1    3   16    0.139460
   -1   -1    4   16    0.058220
   -1   -1    5   16    0.000832
   -1   -1    6   16   -0.156145
   -1   -1    7   16   -0.001470
   -1   -1    8   16   -0.014285
   -1   -1    9   16    0.006293
   -1   -1   10   16    0.138187
   -1   -1   11   16    0.013307
   -1   -1   12   16   -0.125140
   -1   -1   13   16    0.026847
   -1   -1   14   16   -0.007895
   -1   -1   15   16   -0.033397
   -1   -1   16   16    0.009977
   -1   -1   17   16   -0.023820
   -1   -1   18   16    0.077520
   -1   -1    1   17    0.021482
   -1   -1    2   17    0.002095
   -1   -1    3   17    0.009472
   -1   -1    4   17   -0.032597
   -1   -1    5   17   -0.000662
   -1   -1    6   17    0.005120
   -1   -1    7   17    0.000285
   -1   -1    8   17    0.000763
   -1   -1    9   17    0.000650
   -1   -1   10   17    0.010110
   -1   -1   11   17    0.002007
   -1   -1   12   17   -0.003640
   -1   -1   13   17   -0.004990
   -1   -1   14   17    0.003097
   -1   -1   15   17    0.002520
   -1   -1   16   17   -0.000115
   -1   -1   17   17    0.003177
   -1   -1   18   17   -0.001353
   -1   -1    1   18   -0.004780
   -1   -1    2   18    0.009672
   -1   -1    3   18    0.080257
   -1   -1    4   18    0.022402
   -1   -1    5   18   -0.004023
   -1   -1    6   18    0.030890
   -1   -1    7   18    0.005217
   -1   -1    8   18   -0.013098
   -1   -1    9   18    0.006275
   -1   -1   10   18    0.063965
   -1   -1   11   18    0.007915
   -1   -1   12   18   -0.081285
   -1   -1   13   18   -0.011817
   -1   -1   14   18    0.009535
   -1   -1   15   18    0.043118
   -1   -1   16   18    0.040045
   -1   -1   17   18    0.010165
   -1   -1   18   18   -0.043397
    0   -1    1    1    0.008743
    0   -1    2    1    0.020010
    0   -1    3    1    0.008695
    0   -1    4    1    0.002950
    0   -1    5    1    0.001813
    0   -1    6    1   -0.120523
    0   -1    7    1   -0.066960
    0   -1    8    1   -0.000597
    0   -1    9    1   -0.000128
    0   -1   10    1    0.025120
    0   -1   11    1   -0.012462
    0   -1   12    1   -0.010903
    0   -1   13    1    0.031892
    0   -1   14    1    0.000755
    0   -1   15    1    0.081928
    0   -1   16    1   -0.043342
    0   -1   17    1    0.004892
    0   -1   18    1   -0.131213
    0   -1    1    2    0.004463
    0   -1    2    2    0.002690
    0   -1    3    2   -0.003020
    0   -1    4    2    0.001417
    0   -1    5    2    0.000652
    0   -1    6    2   -0.015777
    0   -1    7    2    0.024497
    0   -1    8    2    0.000205
    0   -1    9    2    0.004182
    0   -1   10    2    0.006147
    0   -1   11    2    0.002952
    0   -1   12    2   -0.021337
    0   -1   13    2    0.018755
    0   -1   14    2   -0.001440
    0   -1   15    2    0.051110
    0   -1   16    2    0.003647
    0   -1   17    2   -0.000027
    0   -1   18    2   -0.002385
    0   -1    1    3   -0.129692
    0   -1    2    3    0.054660
    0   -1    3    3    0.038825
    0   -1    4    3   -0.029350
    0   -1    5    3    0.011233
    0   -1    6    3   -0.715090
    0   -1    7    3    0.138265
    0   -1    8    3   -0.008640
    0   -1    9    3   -0.007830
    0   -1   10    3    0.154117
    0   -1   11    3   -0.031407
    0   -1   12    3   -0.422845
    0   -1   13    3   -0.281325
    0   -1   14    3   -0.008820
    0   -1   15    3   -0.258572
    0   -1   16    3   -0.217933
    0   -1   17    3    0.005705
    0   -1   18    3   -0.354610
    0   -1    1    4   -0.013160
    0   -1    2    4   -0.008262
    0   -1    3    4    0.002690
    0   -1    4    4   -0.013110
    0   -1    5    4   -0.003452
    0   -1    6    4    0.022877
    0   -1    7    4    0.000663
    0   -1    8    4    0.003770
    0   -1    9    4   -0.012125
    0   -1   10    4   -0.007222
    0   -1   11    4    0.045255
    0   -1   12    4    0.259095
    0   -1   13    4   -0.110452
    0   -1   14    4    0.003768
    0   -1   15    4    0.044177
    0   -1   16    4    0.024580
    0   -1   17    4    0.006690
    0   -1   18    4    0.046220
    0   -1    1    5   -0.014475
    0   -1    2    5    0.023655
    0   -1    3    5   -0.004052
    0   -1    4    5   -0.000677
    0   -1    5    5    0.001632
    0   -1    6    5   -0.022820
    0   -1    7    5   -0.014275
    0   -1    8    5    0.001192
    0   -1    9    5    0.004412
    0   -1   10    5    0.001520
    0   -1   11    5   -0.011332
    0   -1   12    5    0.002825
    0   -1   13    5   -0.023620
    0   -1   14    5    0.001945
    0   -1   15    5   -0.022465
    0   -1   16    5   -0.004080
    0   -1   17    5    0.000192
    0   -1   18    5   -0.012432
    0   -1    1    6    0.000465
    0   -1    2    6   -0.004155
    0   -1    3    6    0.012527
    0   -1    4    6    0.003702
    0   -1    5    6    0.000018
    0   -1    6    6    0.002405
    0   -1    7    6   -0.013092
    0   -1    8    6   -0.001787
    0   -1    9    6    0.014845
    0   -1   10    6   -0.000712
    0   -1   11    6    0.006760
    0   -1   12    6   -0.064927
    0   -1   13    6    0.039658
    0   -1   14    6    0.003317
    0   -1   15    6   -0.017405
    0   -1   16    6   -0.031492
    0   -1   17    6   -0.002400
    0   -1   18    6   -0.032757
    0   -1    1    7   -0.028625
    0   -1    2    7   -0.448870
    0   -1    3    7    0.003530
    0   -1    4    7    0.009385
    0   -1    5    7    0.004758
    0   -1    6    7    0.063675
    0   -1    7    7   -0.072475
    0   -1    8    7   -0.011737
    0   -1    9    7   -0.084962
    0   -1   10    7   -0.091280
    0   -1   11    7    0.540007
    0   -1   12    7   -0.425223
    0   -1   13    7    0.121465
    0   -1   14    7   -0.059480
    0   -1   15    7   -0.416685
    0   -1   16    7    0.046565
    0   -1   17    7   -0.010497
    0   -1   18    7    0.071773
    0   -1    1    8    0.033555
    0   -1    2    8   -0.011105
    0   -1    3    8   -0.011650
    0   -1    4    8   -0.002085
    0   -1    5    8   -0.018943
    0   -1    6    8    0.084590
    0   -1    7    8   -0.045910
    0   -1    8    8    0.006860
    0   -1    9    8    0.003268
    0   -1   10    8   -0.017490
    0   -1   11    8    0.011655
    0   -1   12    8    0.015950
    0   -1   13    8    0.004125
    0   -1   14    8    0.010440
    0   -1   15    8   -0.100617
    0   -1   16    8    0.020760
    0   -1   17    8   -0.004965
    0   -1   18    8    0.093537
    0   -1    1    9   -0.009185
    0   -1    2    9   -0.008035
    0   -1    3    9    0.009432
    0   -1    4    9    0.014535
    0   -1    5    9    0.007470
    0   -1    6    9    0.048418
    0   -1    7    9   -0.002925
    0   -1    8    9   -0.001960
    0   -1    9    9    0.018347
    0   -1   10    9   -0.034517
    0   -1   11    9    0.003182
    0   -1   12    9    0.092255
    0   -1   13    9   -0.018440
    0   -1   14    9    0.011498
    0   -1   15    9    0.014048
    0   -1   16    9   -0.017965
    0   -1   17    9    0.002223
    0   -1   18    9   -0.076995
    0   -1    1   10    0.032962
    0   -1    2   10    0.000200
    0   -1    3   10   -0.005145
    0   -1    4   10    0.025385
    0   -1    5   10    0.000687
    0   -1    6   10    0.205797
    0   -1    7   10   -0.009782
    0   -1    8   10    0.000828
    0   -1    9   10    0.009007
    0   -1   10   10   -0.021917
    0   -1   11   10    0.017740
    0   -1   12   10    0.086415
    0   -1   13   10    0.028167
    0   -1   14   10   -0.000575
    0   -1   15   10   -0.021195
    0   -1   16   10    0.038058
    0   -1   17   10    0.000580
    0   -1   18   10    0.126760
    0   -1    1   11   -0.002410
    0   -1    2   11    0.002550
    0   -1    3   11    0.000055
    0   -1    4   11   -0.000100
    0   -1    5   11    0.000452
    0   -1    6   11   -0.002297
    0   -1    7   11   -0.005460
    0   -1    8   11    0.000230
    0   -1    9   11   -0.000255
    0   -1   10   11    0.002270
    0   -1   11   11   -0.003873
    0   -1   12   11   -0.001003
    0   -1   13   11   -0.009027
    0   -1   14   11    0.001092
    0   -1   15   11   -0.015082
    0   -1   16   11   -0.002072
    0   -1   17   11    0.000220
    0   -1   18   11   -0.001512
    0   -1    1   12    0.013292
    0   -1    2   12   -0.002690
    0   -1    3   12   -0.002093
    0   -1    4   12   -0.017957
    0   -1    5   12    0.001105
    0   -1    6   12   -0.005752
    0   -1    7   12    0.013527
    0   -1    8   12    0.003232
    0   -1    9   12    0.009930
    0   -1   10   12    0.015777
    0   -1   11   12    0.010627
    0   -1   12   12   -0.000673
    0   -1   13   12   -0.019047
    0   -1   14   12   -0.002025
    0   -1   15   12   -0.000527
    0   -1   16   12   -0.026628
    0   -1   17   12    0.002550
    0   -1   18   12    0.005580
    0   -1    1   13    0.072382
    0   -1    2   13    0.002557
    0   -1    3   13   -0.009580
    0   -1    4   13   -0.003010
    0   -1    5   13    0.001370
    0   -1    6   13   -0.006112
    0   -1    7   13    0.035675
    0   -1    8   13    0.001778
    0   -1    9   13    0.011985
    0   -1   10   13   -0.010300
    0   -1   11   13   -0.005600
    0   -1   12   13   -0.117063
    0   -1   13   13   -0.000263
    0   -1   14   13   -0.000227
    0   -1   15   13    0.007715
    0   -1   16   13   -0.010342
    0   -1   17   13   -0.001965
    0   -1   18   13    0.026505
    0   -1    1   14   -0.004842
    0   -1    2   14   -0.001600
    0   -1    3   14    0.002118
    0   -1    4   14   -0.001048
    0   -1    5   14   -0.002365
    0   -1    6   14   -0.019797
    0   -1    7   14    0.000692
    0   -1    8   14    0.000645
    0   -1    9   14   -0.001035
    0   -1   10   14   -0.003560
    0   -1   11   14    0.002263
    0   -1   12   14    0.007403
    0   -1   13   14    0.007580
    0   -1   14   14    0.002760
    0   -1   15   14    0.012037
    0   -1   16   14    0.008315
    0   -1   17   14    0.000245
    0   -1   18   14    0.001877
    0   -1    1   15    0.025258
    0   -1    2   15    0.013322
    0   -1    3   15   -0.003723
    0   -1    4   15    0.005900
    0   -1    5   15    0.000545
    0   -1    6   15   -0.005130
    0   -1    7   15    0.011515
    0   -1    8   15    0.000265
    0   -1    9   15    0.019155
    0   -1   10   15   -0.021715
    0   -1   11   15    0.003927
    0   -1   12   15    0.001465
    0   -1   13   15    0.084275
    0   -1   14   15    0.000055
    0   -1   15   15    0.247440
    0   -1   16   15   -0.010315
    0   -1   17   15    0.003158
    0   -1   18   15    0.017640
    0   -1    1   16   -0.028100
    0   -1    2   16    0.006355
    0   -1    3   16    0.039060
    0   -1    4   16    0.002387
    0   -1    5   16   -0.003947
    0   -1    6   16   -0.079987
    0   -1    7   16   -0.063860
    0   -1    8   16   -0.008207
    0   -1    9   16    0.001775
    0   -1   10   16   -0.029237
    0   -1   11   16    0.006647
    0   -1   12   16   -0.046183
    0   -1   13   16   -0.061457
    0   -1   14   16    0.006343
    0   -1   15   16    0.011920
    0   -1   16   16    0.022157
    0   -1   17   16    0.001840
    0   -1   18   16    0.055347
    0   -1    1   17   -0.028297
    0   -1    2   17    0.018000
    0   -1    3   17   -0.002948
    0   -1    4   17   -0.009950
    0   -1    5   17    0.001267
    0   -1    6   17    0.024640
    0   -1    7   17    0.013462
    0   -1    8   17   -0.000487
    0   -1    9   17   -0.003550
    0   -1   10   17    0.013967
    0   -1   11   17   -0.052035
    0   -1   12   17   -0.030793
    0   -1   13   17   -0.018505
    0   -1   14   17   -0.008527
    0   -1   15   17    0.039882
    0   -1   16   17    0.006470
    0   -1   17   17    0.002922
    0   -1   18   17    0.046842
    0   -1    1   18   -0.019928
    0   -1    2   18    0.038500
    0   -1    3   18   -0.016552
    0   -1    4   18   -0.012120
    0   -1    5   18    0.016465
    0   -1    6   18    0.031325
    0   -1    7   18   -0.007535
    0   -1    8   18   -0.001510
    0   -1    9   18    0.002853
    0   -1   10   18    0.042312
    0   -1   11   18   -0.013107
    0   -1   12   18   -0.084665
    0   -1   13   18   -0.057447
    0   -1   14   18   -0.000432
    0   -1   15   18    0.077035
    0   -1   16   18   -0.093987
    0   -1   17   18    0.011407
    0   -1   18   18   -0.112825
    1   -1    1    1    0.030002
    1   -1    2    1    0.004642
    1   -1    3    1    0.001700
    1   -1    4    1   -0.009442
    1   -1    5    1    0.000867
    1   -1    6    1   -0.007840
    1   -1    7    1    0.021872
    1   -1    8    1    0.002355
    1   -1    9    1    0.002780
    1   -1   10    1    0.000358
    1   -1   11    1    0.000280
    1   -1   12    1    0.042792
    1   -1   13    1   -0.069057
    1   -1   14    1    0.000430
    1   -1   15    1    0.015207
    1   -1   16    1   -0.000065
    1   -1   17    1    0.004067
    1   -1   18    1    0.015235
    1   -1    1    2   -0.000325
    1   -1    2    2   -0.000055
    1   -1    3    2   -0.002192
    1   -1    4    2   -0.001450
    1   -1    5    2   -0.000570
    1   -1    6    2    0.002107
    1   -1    7    2    0.000400
    1   -1    8    2    0.000307
    1   -1    9    2   -0.000845
    1   -1   10    2    0.000642
    1   -1   11    2    0.000920
    1   -1   12    2   -0.000755
    1   -1   13    2   -0.002435
    1   -1   14    2   -0.000157
    1   -1   15    2    0.001378
    1   -1   16    2    0.003495
    1   -1   17    2   -0.000220
    1   -1   18    2    0.000615
    1   -1    1    3   -0.006180
    1   -1    2    3    0.016012
    1   -1    3    3   -0.012432
    1   -1    4    3    0.000928
    1   -1    5    3    0.009402
    1   -1    6    3   -0.015918
    1   -1    7    3    0.002562
    1   -1    8    3   -0.000080
    1   -1    9    3   -0.011445
    1   -1   10    3   -0.010485
    1   -1   11    3   -0.009452
    1   -1   12    3    0.112287
    1   -1   13    3    0.001555
    1   -1   14    3    0.004622
    1   -1   15    3   -0.004598
    1   -1   16    3   -0.043170
    1   -1   17    3    0.005330
    1   -1   18    3    0.000540
    1   -1    1    4    0.005242
    1   -1    2    4    0.006372
    1   -1    3    4   -0.006488
    1   -1    4    4   -0.004970
    1   -1    5    4    0.003527
    1   -1    6    4   -0.001120
    1   -1    7    4    0.014190
    1   -1    8    4    0.000860
    1   -1    9    4    0.002237
    1   -1   10    4    0.003827
    1   -1   11    4   -0.007205
    1   -1   12    4    0.003003
    1   -1   13    4   -0.024537
    1   -1   14    4   -0.000722
    1   -1   15    4   -0.002447
    1   -1   16    4   -0.018845
    1   -1   17    4    0.003417
    1   -1   18    4    0.009457
    1   -1    1    5   -0.002815
    1   -1    2    5   -0.001223
    1   -1    3    5   -0.002457
    1   -1    4    5   -0.000367
    1   -1    5    5    0.000067
    1   -1    6    5   -0.003440
    1   -1    7    5   -0.000322
    1   -1    8    5    0.000440
    1   -1    9    5   -0.000870
    1   -1   10    5    0.000415
    1   -1   11    5    0.001798
    1   -1   12    5   -0.010852
    1   -1   13    5    0.008775
    1   -1   14    5   -0.000417
    1   -1   15    5    0.008857
    1   -1   16    5    0.001643
    1   -1   17    5   -0.000725
    1   -1   18    5    0.002090
    1   -1    1    6   -0.011343
    1   -1    2    6   -0.004230
    1   -1    3    6   -0.003192
    1   -1    4    6    0.002465
    1   -1    5    6   -0.000322
    1   -1    6    6   -0.002070
    1   -1    7    6   -0.001958
    1   -1    8    6    0.001297
    1   -1    9    6   -0.001965
    1   -1   10    6   -0.001837
    1   -1   11    6   -0.000362
    1   -1   12    6   -0.001090
    1   -1   13    6    0.031330
    1   -1   14    6   -0.000467
    1   -1   15    6   -0.001140
    1   -1   16    6   -0.002145
    1   -1   17    6   -0.002917
    1   -1   18    6   -0.007355
    1   -1    1    7   -0.007790
    1   -1    2    7   -0.007427
    1   -1    3    7   -0.006085
    1   -1    4    7    0.002332
    1   -1    5    7   -0.001225
    1   -1    6    7    0.006680
    1   -1    7    7    0.000635
    1   -1    8    7    0.000562
    1   -1    9    7   -0.011305
    1   -1   10    7   -0.015048
    1   -1   11    7    0.000932
    1   -1   12    7   -0.025440
    1   -1   13    7    0.063480
    1   -1   14    7    0.000048
    1   -1   15    7    0.032512
    1   -1   16    7    0.001092
    1   -1   17    7   -0.000980
    1   -1   18    7    0.004125
    1   -1    1    8    0.004602
    1   -1    2    8    0.006578
    1   -1    3    8    0.002460
    1   -1    4    8    0.001595
    1   -1    5    8   -0.001607
    1   -1    6    8   -0.005835
    1   -1    7    8    0.001670
    1   -1    8    8   -0.000265
    1   -1    9    8    0.001395
    1   -1   10    8    0.001882
    1   -1   11    8   -0.006985
    1   -1   12    8   -0.003732
    1   -1   13    8   -0.006857
    1   -1   14    8    0.000715
    1   -1   15    8    0.011632
    1   -1   16    8    0.009440
    1   -1   17    8    0.000065
    1   -1   18    8   -0.003307
    1   -1    1    9   -0.001642
    1   -1    2    9   -0.001635
    1   -1    3    9    0.006190
    1   -1    4    9   -0.000158
    1   -1    5    9   -0.000018
    1   -1    6    9   -0.006860
    1   -1    7    9    0.006405
    1   -1    8    9   -0.000875
    1   -1    9    9   -0.002348
    1   -1   10    9    0.005120
    1   -1   11    9   -0.000657
    1   -1   12    9    0.010750
    1   -1   13    9   -0.002757
    1   -1   14    9    0.000062
    1   -1   15    9   -0.002280
    1   -1   16    9    0.006830
    1   -1   17    9    0.001423
    1   -1   18    9    0.001982
    1   -1    1   10    0.001225
    1   -1    2   10   -0.004407
    1   -1    3   10   -0.007910
    1   -1    4   10    0.002330
    1   -1    5   10   -0.000070
    1   -1    6   10   -0.008703
    1   -1    7   10    0.015837
    1   -1    8   10    0.001172
    1   -1    9   10    0.002935
    1   -1   10   10   -0.015220
    1   -1   11   10    0.002747
    1   -1   12   10   -0.041252
    1   -1   13   10    0.014535
    1   -1   14   10   -0.000485
    1   -1   15   10   -0.011412
    1   -1   16   10    0.007027
    1   -1   17   10   -0.002547
    1   -1   18   10    0.000403
    1   -1    1   11    0.000267
    1   -1    2   11   -0.000087
    1   -1    3   11   -0.000897
    1   -1    4   11   -0.000107
    1   -1    5   11    0.000110
    1   -1    6   11   -0.000325
    1   -1    7   11    0.000322
    1   -1    8   11    0.000120
    1   -1    9   11   -0.000435
    1   -1   10   11    0.001212
    1   -1   11   11    0.000290
    1   -1   12   11   -0.001373
    1   -1   13   11   -0.001292
    1   -1   14   11   -0.000160
    1   -1   15   11    0.000435
    1   -1   16   11   -0.000167
    1   -1   17   11    0.000147
    1   -1   18   11   -0.000102
    1   -1    1   12    0.005213
    1   -1    2   12    0.004097
    1   -1    3   12   -0.018308
    1   -1    4   12   -0.013980
    1   -1    5   12    0.000515
    1   -1    6   12   -0.000048
    1   -1    7   12   -0.003502
    1   -1    8   12    0.003413
    1   -1    9   12    0.001338
    1   -1   10   12   -0.002658
    1   -1   11   12   -0.001280
    1   -1   12   12    0.012183
    1   -1   13   12   -0.007742
    1   -1   14   12    0.002480
    1   -1   15   12    0.020030
    1   -1   16   12   -0.005335
    1   -1   17   12    0.001667
    1   -1   18   12   -0.008258
    1   -1    1   13    0.032307
    1   -1    2   13    0.000992
    1   -1    3   13    0.016133
    1   -1    4   13    0.010492
    1   -1    5   13    0.000805
    1   -1    6   13    0.000822
    1   -1    7   13   -0.007425
    1   -1    8   13   -0.003495
    1   -1    9   13    0.007300
    1   -1   10   13    0.001738
    1   -1   11   13   -0.001610
    1   -1   12   13    0.007035
    1   -1   13   13   -0.002607
    1   -1   14   13   -0.000385
    1   -1   15   13   -0.001992
    1   -1   16   13   -0.006818
    1   -1   17   13   -0.000593
    1   -1   18   13    0.006053
    1   -1    1   14   -0.002763
    1   -1    2   14    0.000257
    1   -1    3   14   -0.000638
    1   -1    4   14   -0.000255
    1   -1    5   14    0.000445
    1   -1    6   14   -0.000567
    1   -1    7   14   -0.000220
    1   -1    8   14    0.000027
    1   -1    9   14    0.000118
    1   -1   10   14    0.002247
    1   -1   11   14   -0.000365
    1   -1   12   14    0.001208
    1   -1   13   14    0.010418
    1   -1   14   14    0.000082
    1   -1   15   14    0.009595
    1   -1   16   14   -0.001562
    1   -1   17   14    0.000003
    1   -1   18   14   -0.000440
    1   -1    1   15    0.018887
    1   -1    2   15    0.000505
    1   -1    3   15    0.007122
    1   -1    4   15    0.004213
    1   -1    5   15   -0.001798
    1   -1    6   15    0.012755
    1   -1    7   15    0.001037
    1   -1    8   15   -0.002570
    1   -1    9   15    0.006280
    1   -1   10   15   -0.011672
    1   -1   11   15    0.000525
    1   -1   12   15    0.005880
    1   -1   13   15   -0.013065
    1   -1   14   15    0.000435
    1   -1   15   15   -0.020135
    1   -1   16   15    0.007043
    1   -1   17   15   -0.002495
    1   -1   18   15   -0.001147
    1   -1    1   16   -0.017090
    1   -1    2   16   -0.001270
    1   -1    3   16    0.010825
    1   -1    4   16    0.001010
    1   -1    5   16    0.002182
    1   -1    6   16    0.008267
    1   -1    7   16   -0.009420
    1   -1    8   16   -0.003557
    1   -1    9   16    0.006697
    1   -1   10   16    0.001492
    1   -1   11   16   -0.001255
    1   -1   12   16    0.042895
    1   -1   13   16   -0.003897
    1   -1   14   16    0.002005
    1   -1   15   16   -0.025233
    1   -1   16   16   -0.013485
    1   -1   17   16    0.003507
    1   -1   18   16   -0.010330
    1   -1    1   17   -0.008542
    1   -1    2   17   -0.004537
    1   -1    3   17   -0.004657
    1   -1    4   17   -0.004260
    1   -1    5   17   -0.000475
    1   -1    6   17    0.004743
    1   -1    7   17   -0.000875
    1   -1    8   17    0.000512
    1   -1    9   17    0.001063
    1   -1   10   17   -0.003132
    1   -1   11   17    0.009217
    1   -1   12   17   -0.007270
    1   -1   13   17    0.021740
    1   -1   14   17   -0.001015
    1   -1   15   17    0.034162
    1   -1   16   17    0.002660
    1   -1   17   17   -0.000935
    1   -1   18   17    0.006590
    1   -1    1   18   -0.001230
    1   -1    2   18    0.004630
    1   -1    3   18    0.000278
    1   -1    4   18   -0.002658
    1   -1    5   18    0.000515
    1   -1    6   18    0.006182
    1   -1    7   18    0.011307
    1   -1    8   18   -0.000942
    1   -1    9   18   -0.001382
    1   -1   10   18   -0.006472
    1   -1   11   18    0.000890
    1   -1   12   18    0.019365
    1   -1   13   18   -0.052550
    1   -1   14   18    0.001442
    1   -1   15   18   -0.017075
    1   -1   16   18    0.002365
    1   -1   17   18    0.001550
    1   -1   18   18    0.006967
   -1    0    1    1    0.283450
   -1    0    2    1    0.020182
   -1    0    3    1    0.066407
   -1    0    4    1    0.270895
   -1    0    5    1   -0.051940
   -1    0    6    1    0.036817
   -1    0    7    1   -0.020028
   -1    0    8    1    0.128117
   -1    0    9    1    0.010487
   -1    0   10    1    0.106597
   -1    0   11    1   -0.000197
   -1    0   12    1    0.027157
   -1    0   13    1   -0.014240
   -1    0   14    1   -0.029012
   -1    0   15    1    0.106075
   -1    0   16    1   -0.106893
   -1    0   17    1   -0.093522
   -1    0   18    1   -0.114510
   -1    0    1    2   -0.135292
   -1    0    2    2   -0.006488
   -1    0    3    2   -0.407055
   -1    0    4    2    0.014530
   -1    0    5    2    0.098027
   -1    0    6    2    0.075220
   -1    0    7    2   -0.007160
   -1    0    8    2   -0.080103
   -1    0    9    2    0.000072
   -1    0   10    2   -0.239183
   -1    0   11    2   -0.009610
   -1    0   12    2    0.057042
   -1    0   13    2    0.039627
   -1    0   14    2    0.135357
   -1    0   15    2   -0.003120
   -1    0   16    2    0.125375
   -1    0   17    2    0.932360
   -1    0   18    2   -0.285910
   -1    0    1    3   -0.039150
   -1    0    2    3   -0.007582
   -1    0    3    3    0.029052
   -1    0    4    3    0.002702
   -1    0    5    3   -0.003422
   -1    0    6    3    0.006560
   -1    0    7    3   -0.007017
   -1    0    8    3   -0.026490
   -1    0    9    3    0.000417
   -1    0   10    3   -0.053787
   -1    0   11    3   -0.001772
   -1    0   12    3    0.022305
   -1    0   13    3    0.002028
   -1    0   14    3    0.001472
   -1    0   15    3   -0.028475
   -1    0   16    3    0.014995
   -1    0   17    3   -0.020305
   -1    0   18    3    0.008023
   -1    0    1    4   -0.008595
   -1    0    2    4    0.002348
   -1    0    3    4    0.051665
   -1    0    4    4   -0.123075
   -1    0    5    4   -0.009662
   -1    0    6    4   -0.003532
   -1    0    7    4    0.001345
   -1    0    8    4   -0.005307
   -1    0    9    4   -0.001230
   -1    0   10    4    0.032813
   -1    0   11    4   -0.000780
   -1    0   12    4   -0.005850
   -1    0   13    4   -0.000550
   -1    0   14    4    0.001875
   -1    0   15    4    0.015595
   -1    0   16    4    0.070762
   -1    0   17    4   -0.024940
   -1    0   18    4    0.034842
   -1    0    1    5    0.091737
   -1    0    2    5   -0.005940
   -1    0    3    5    0.085950
   -1    0    4    5   -0.059345
   -1    0    5    5    0.010748
   -1    0    6    5    0.009942
   -1    0    7    5    0.002830
   -1    0    8    5    0.018380
   -1    0    9    5   -0.000417
   -1    0   10    5    0.009655
   -1    0   11    5   -0.003650
   -1    0   12    5   -0.007647
   -1    0   13    5    0.012755
   -1    0   14    5    0.032862
   -1    0   15    5   -0.000660
   -1    0   16    5    0.060327
   -1    0   17    5    0.183400
   -1    0   18    5   -0.017507
   -1    0    1    6    2.067590
   -1    0    2    6    0.009345
   -1    0    3    6   -2.236642
   -1    0    4    6    0.356667
   -1    0    5    6    0.068020
   -1    0    6    6    0.095457
   -1    0    7    6   -0.054050
   -1    0    8    6    0.151392
   -1    0    9    6    0.003030
   -1    0   10    6   -0.643152
   -1    0   11    6    0.006080
   -1    0   12    6   -0.032730
   -1    0   13    6   -0.032210
   -1    0   14    6   -0.096958
   -1    0   15    6   -0.046645
   -1    0   16    6   -0.019273
   -1    0   17    6   -0.030692
   -1    0   18    6    0.875195
   -1    0    1    7   -0.311022
   -1    0    2    7   -0.048370
   -1    0    3    7    0.272310
   -1    0    4    7   -0.045733
   -1    0    5    7   -0.104633
   -1    0    6    7    0.053490
   -1    0    7    7   -0.127145
   -1    0    8    7   -0.451520
   -1    0    9    7   -0.002965
   -1    0   10    7   -0.153870
   -1    0   11    7   -0.004760
   -1    0   12    7    0.001415
   -1    0   13    7    0.135052
   -1    0   14    7   -0.245625
   -1    0   15    7    0.015150
   -1    0   16    7    0.066080
   -1    0   17    7   -0.175660
   -1    0   18    7   -0.044282
   -1    0    1    8    0.030218
   -1    0    2    8    0.002115
   -1    0    3    8   -0.014680
   -1    0    4    8   -0.003885
   -1    0    5    8   -0.000005
   -1    0    6    8    0.002487
   -1    0    7    8    0.000952
   -1    0    8    8   -0.002022
   -1    0    9    8    0.000218
   -1    0   10    8    0.010075
   -1    0   11    8    0.001400
   -1    0   12    8    0.001852
   -1    0   13    8   -0.007857
   -1    0   14    8   -0.003247
   -1    0   15    8   -0.001735
   -1    0   16    8   -0.006490
   -1    0   17    8   -0.004305
   -1    0   18    8   -0.005690
   -1    0    1    9   -0.109410
   -1    0    2    9   -0.029222
   -1    0    3    9   -0.511645
   -1    0    4    9   -0.334510
   -1    0    5    9   -0.006035
   -1    0    6    9    0.165677
   -1    0    7    9    0.018910
   -1    0    8    9    0.016345
   -1    0    9    9    0.021120
   -1    0   10    9    0.643502
   -1    0   11    9    0.011530
   -1    0   12    9    0.071265
   -1    0   13    9   -0.026840
   -1    0   14    9   -0.020600
   -1    0   15    9    0.068110
   -1    0   16    9    0.397400
   -1    0   17    9   -0.149050
   -1    0   18    9   -0.263873
   -1    0    1   10    0.379910
   -1    0    2   10   -0.018700
   -1    0    3   10   -0.196642
   -1    0    4   10    0.150390
   -1    0    5   10    0.073860
   -1    0    6   10    0.030757
   -1    0    7   10   -0.053227
   -1    0    8   10   -0.012658
   -1    0    9   10   -0.005237
   -1    0   10   10   -0.277397
   -1    0   11   10    0.010250
   -1    0   12   10   -0.083205
   -1    0   13   10    0.090907
   -1    0   14   10   -0.007790
   -1    0   15   10   -0.060190
   -1    0   16   10   -0.476910
   -1    0   17   10   -0.000150
   -1    0   18   10    0.053412
   -1    0    1   11    0.050920
   -1    0    2   11    0.003080
   -1    0    3   11    0.003605
   -1    0    4   11    0.315080
   -1    0    5   11    0.007025
   -1    0    6   11   -0.009682
   -1    0    7   11   -0.011333
   -1    0    8   11    0.012120
   -1    0    9   11   -0.000060
   -1    0   10   11   -0.034022
   -1    0   11   11   -0.003905
   -1    0   12   11    0.000393
   -1    0   13   11   -0.013972
   -1    0   14   11   -0.000365
   -1    0   15   11   -0.007980
   -1    0   16   11   -0.032710
   -1    0   17   11   -0.242495
   -1    0   18   11    0.036553
   -1    0    1   12   -0.270635
   -1    0    2   12    0.073585
   -1    0    3   12    3.941490
   -1    0    4   12    1.623440
   -1    0    5   12   -0.063640
   -1    0    6   12    0.289317
   -1    0    7   12   -0.229610
   -1    0    8   12   -0.597433
   -1    0    9   12   -0.015927
   -1    0   10   12    2.136202
   -1    0   11   12   -0.036858
   -1    0   12   12    0.096647
   -1    0   13   12    0.017712
   -1    0   14   12   -0.290715
   -1    0   15   12    0.424555
   -1    0   16   12    0.705640
   -1    0   17   12   -0.311005
   -1    0   18   12   -0.251325
   -1    0    1   13    1.287007
   -1    0    2   13    0.093950
   -1    0    3   13   -0.289165
   -1    0    4   13   -0.068500
   -1    0    5   13   -0.103243
   -1    0    6   13   -0.511637
   -1    0    7   13    0.019070
   -1    0    8   13    0.200072
   -1    0    9   13   -0.008670
   -1    0   10   13    0.070675
   -1    0   11   13    0.033097
   -1    0   12   13   -0.142770
   -1    0   13   13   -0.213260
   -1    0   14   13   -0.322937
   -1    0   15   13    0.327465
   -1    0   16   13   -0.641343
   -1    0   17   13   -0.429388
   -1    0   18   13    2.154072
   -1    0    1   14   -0.011112
   -1    0    2   14   -0.000940
   -1    0    3   14    0.051412
   -1    0    4   14    0.059385
   -1    0    5   14   -0.003505
   -1    0    6   14    0.003363
   -1    0    7   14    0.006530
   -1    0    8   14    0.016120
   -1    0    9   14   -0.000367
   -1    0   10   14    0.029270
   -1    0   11   14   -0.002150
   -1    0   12   14    0.010027
   -1    0   13   14   -0.012823
   -1    0   14   14    0.014612
   -1    0   15   14    0.002043
   -1    0   16   14    0.090642
   -1    0   17   14    0.089942
   -1    0   18   14   -0.009440
   -1    0    1   15    1.101712
   -1    0    2   15    0.033037
   -1    0    3   15    0.079043
   -1    0    4   15    0.280297
   -1    0    5   15   -0.247315
   -1    0    6   15    0.110422
   -1    0    7   15    0.021150
   -1    0    8   15   -0.017495
   -1    0    9   15   -0.006057
   -1    0   10   15   -0.764995
   -1    0   11   15   -0.020862
   -1    0   12   15    0.145865
   -1    0   13   15   -0.134217
   -1    0   14   15    0.143872
   -1    0   15   15    0.134572
   -1    0   16   15    0.058970
   -1    0   17   15   -2.847997
   -1    0   18   15   -0.541868
   -1    0    1   16   -0.986435
   -1    0    2   16    0.035482
   -1    0    3   16   -0.770285
   -1    0    4   16   -0.047975
   -1    0    5   16   -0.012908
   -1    0    6   16   -0.049690
   -1    0    7   16    0.044055
   -1    0    8   16    0.177890
   -1    0    9   16   -0.000625
   -1    0   10   16    0.450805
   -1    0   11   16    0.000375
   -1    0   12   16    0.040960
   -1    0   13   16   -0.087242
   -1    0   14   16   -0.050422
   -1    0   15   16    0.032407
   -1    0   16   16   -0.322043
   -1    0   17   16    0.081595
   -1    0   18   16   -0.202065
   -1    0    1   17    0.025735
   -1    0    2   17    0.002372
   -1    0    3   17   -0.020670
   -1    0    4   17   -0.031462
   -1    0    5   17   -0.003427
   -1    0    6   17    0.007533
   -1    0    7   17   -0.001270
   -1    0    8   17    0.013612
   -1    0    9   17    0.000900
   -1    0   10   17    0.003830
   -1    0   11   17    0.000075
   -1    0   12   17   -0.002317
   -1    0   13   17   -0.000140
   -1    0   14   17   -0.000120
   -1    0   15   17    0.003390
   -1    0   16   17    0.015065
   -1    0   17   17    0.005763
   -1    0   18   17    0.013000
   -1    0    1   18   -1.209250
   -1    0    2   18    0.006712
   -1    0    3   18   -0.011943
   -1    0    4   18    0.050772
   -1    0    5   18    0.015187
   -1    0    6   18    0.040680
   -1    0    7   18    0.063840
   -1    0    8   18    0.027352
   -1    0    9   18    0.006655
   -1    0   10   18    0.156935
   -1    0   11   18   -0.011195
   -1    0   12   18    0.020370
   -1    0   13   18   -0.006795
   -1    0   14   18    0.015160
   -1    0   15   18    0.055190
   -1    0   16   18   -0.207935
   -1    0   17   18    0.012168
   -1    0   18   18   -0.339325
    0    0    1    1   -3.049330
    0    0    2    1    0.114602
    0    0    3    1   -0.419467
    0    0    4    1   -0.115433
    0    0    5    1   -0.057248
    0    0    6    1   -0.169218
    0    0    7    1   -0.423280
    0    0    8    1    0.077877
    0    0    9    1    0.061227
    0    0   10    1   -5.352633
    0    0   11    1   -0.041680
    0    0   12    1    0.217860
    0    0   13    1    0.021160
    0    0   14    1    0.506677
    0    0   15    1    0.492840
    0    0   16    1    3.238527
    0    0   17    1   -0.205055
    0    0   18    1    3.221837
    0    0    1    2    0.114602
    0    0    2    2    0.312790
    0    0    3    2   -0.037030
    0    0    4    2    0.046335
    0    0    5    2    0.185570
    0    0    6    2   -0.295812
    0    0    7    2   -2.782752
    0    0    8    2    0.068827
    0    0    9    2   -0.144205
    0    0   10    2   -0.217407
    0    0   11    2    0.525930
    0    0   12    2   -0.137662
    0    0   13    2   -0.185020
    0    0   14    2    0.767308
    0    0   15    2    0.084907
    0    0   16    2   -0.338810
    0    0   17    2   -0.022198
    0    0   18    2    0.092275
    0    0    1    3   -0.419467
    0    0    2    3   -0.037030
    0    0    3    3    6.432575
    0    0    4    3    2.001362
    0    0    5    3    0.135183
    0    0    6    3   -0.164930
    0    0    7    3    0.023050
    0    0    8    3   -0.484190
    0    0    9    3   -0.015130
    0    0   10    3    0.088240
    0    0   11    3    0.009685
    0    0   12    3   -0.143827
    0    0   13    3   -0.131575
    0    0   14    3   -0.000328
    0    0   15    3   -0.124655
    0    0   16    3    0.302932
    0    0   17    3    0.353920
    0    0   18    3   -0.500563
    0    0    1    4   -0.115433
    0    0    2    4    0.046335
    0    0    3    4    2.001362
    0    0    4    4    2.765062
    0    0    5    4   -0.073305
    0    0    6    4   -0.028227
    0    0    7    4   -0.106390
    0    0    8    4   -0.111952
    0    0    9    4   -0.018595
    0    0   10    4   -1.253805
    0    0   11    4    0.026512
    0    0   12    4    0.179200
    0    0   13    4   -0.114300
    0    0   14    4    0.101237
    0    0   15    4   -0.038427
    0    0   16    4    1.186217
    0    0   17    4    0.070850
    0    0   18    4   -0.084280
    0    0    1    5   -0.057248
    0    0    2    5    0.185570
    0    0    3    5    0.135183
    0    0    4    5   -0.073305
    0    0    5    5   -1.444265
    0    0    6    5   -0.745977
    0    0    7    5    0.571933
    0    0    8    5    0.559817
    0    0    9    5   -0.009925
    0    0   10    5   -0.484147
    0    0   11    5    0.795118
    0    0   12    5    0.063865
    0    0   13    5   -0.204440
    0    0   14    5   -1.567490
    0    0   15    5   -0.152097
    0    0   16    5    0.797450
    0    0   17    5    0.479232
    0    0   18    5    0.938715
    0    0    1    6   -0.169218
    0    0    2    6   -0.295812
    0    0    3    6   -0.164930
    0    0    4    6   -0.028227
    0    0    5    6   -0.745977
    0    0    6    6    3.848927
    0    0    7    6    0.665735
    0    0    8    6    0.089497
    0    0    9    6   -0.619337
    0    0   10    6   -1.031490
    0    0   11    6    0.176940
    0    0   12    6    0.589767
    0    0   13    6    2.596345
    0    0   14    6   -0.020932
    0    0   15    6    0.769698
    0    0   16    6    3.139055
    0    0   17    6    0.043310
    0    0   18    6   -0.606850
    0    0    1    7   -0.423280
    0    0    2    7   -2.782752
    0    0    3    7    0.023050
    0    0    4    7   -0.106390
    0    0    5    7    0.571933
    0    0    6    7    0.665735
    0    0    7    7   -2.892435
    0    0    8    7    0.386423
    0    0    9    7   -0.077740
    0    0   10    7    0.191807
    0    0   11    7    0.091655
    0    0   12    7   -0.485020
    0    0   13    7    0.576925
    0    0   14    7   -0.234782
    0    0   15    7    0.017667
    0    0   16    7    0.245947
    0    0   17    7   -0.048200
    0    0   18    7    0.108060
    0    0    1    8    0.077877
    0    0    2    8    0.068827
    0    0    3    8   -0.484190
    0    0    4    8   -0.111952
    0    0    5    8    0.559817
    0    0    6    8    0.089497
    0    0    7    8    0.386423
    0    0    8    8    0.154430
    0    0    9    8    0.002900
    0    0   10    8   -0.062732
    0    0   11    8   -0.027745
    0    0   12    8    0.021277
    0    0   13    8    0.020818
    0    0   14    8    0.044215
    0    0   15    8    0.038082
    0    0   16    8    0.085595
    0    0   17    8    1.598602
    0    0   18    8   -0.091047
    0    0    1    9    0.061227
    0    0    2    9   -0.144205
    0    0    3    9   -0.015130
    0    0    4    9   -0.018595
    0    0    5    9   -0.009925
    0    0    6    9   -0.619337
    0    0    7    9   -0.077740
    0    0    8    9    0.002900
    0    0    9    9    0.760055
    0    0   10    9   -0.018198
    0    0   11    9   -0.026447
    0    0   12    9   -0.383800
    0    0   13    9    0.116282
    0    0   14    9    0.002530
    0    0   15    9    0.310607
    0    0   16    9   -0.004415
    0    0   17    9    0.002067
    0    0   18    9    0.048080
    0    0    1   10   -5.352633
    0    0    2   10   -0.217407
    0    0    3   10    0.088240
    0    0    4   10   -1.253805
    0    0    5   10   -0.484147
    0    0    6   10   -1.031490
    0    0    7   10    0.191807
    0    0    8   10   -0.062732
    0    0    9   10   -0.018198
    0    0   10   10    2.276745
    0    0   11   10    0.056632
    0    0   12   10    0.781585
    0    0   13   10    0.020525
    0    0   14   10    0.165285
    0    0   15   10   -0.467445
    0    0   16   10    1.552363
    0    0   17   10   -0.474390
    0    0   18   10   -3.103438
    0    0    1   11   -0.041680
    0    0    2   11    0.525930
    0    0    3   11    0.009685
    0    0    4   11    0.026512
    0    0    5   11    0.795118
    0    0    6   11    0.176940
    0    0    7   11    0.091655
    0    0    8   11   -0.027745
    0    0    9   11   -0.026447
    0    0   10   11    0.056632
    0    0   11   11   -1.321058
    0    0   12   11    0.014103
    0    0   13   11    0.252580
    0    0   14   11    0.234068
    0    0   15   11    0.125580
    0    0   16   11   -0.034902
    0    0   17   11    0.015562
    0    0   18   11    0.066460
    0    0    1   12    0.217860
    0    0    2   12   -0.137662
    0    0    3   12   -0.143827
    0    0    4   12    0.179200
    0    0    5   12    0.063865
    0    0    6   12    0.589767
    0    0    7   12   -0.485020
    0    0    8   12    0.021277
    0    0    9   12   -0.383800
    0    0   10   12    0.781585
    0    0   11   12    0.014103
    0    0   12   12    3.044770
    0    0   13   12    1.266995
    0    0   14   12   -0.135375
    0    0   15   12    1.193882
    0    0   16   12   -1.047480
    0    0   17   12    0.098912
    0    0   18   12   -0.266112
    0    0    1   13    0.021160
    0    0    2   13   -0.185020
    0    0    3   13   -0.131575
    0    0    4   13   -0.114300
    0    0    5   13   -0.204440
    0    0    6   13    2.596345
    0    0    7   13    0.576925
    0    0    8   13    0.020818
    0    0    9   13    0.116282
    0    0   10   13    0.020525
    0    0   11   13    0.252580
    0    0   12   13    1.266995
    0    0   13   13    2.924507
    0    0   14   13    0.003720
    0    0   15   13   -0.379653
    0    0   16   13   -0.552658
    0    0   17   13    0.087035
    0    0   18   13   -2.084570
    0    0    1   14    0.506677
    0    0    2   14    0.767308
    0    0    3   14   -0.000328
    0    0    4   14    0.101237
    0    0    5   14   -1.567490
    0    0    6   14   -0.020932
    0    0    7   14   -0.234782
    0    0    8   14    0.044215
    0    0    9   14    0.002530
    0    0   10   14    0.165285
    0    0   11   14    0.234068
    0    0   12   14   -0.135375
    0    0   13   14    0.003720
    0    0   14   14   -1.725088
    0    0   15   14   -0.024662
    0    0   16   14    0.008992
    0    0   17   14    0.621972
    0    0   18   14    0.771833
    0    0    1   15    0.492840
    0    0    2   15    0.084907
    0    0    3   15   -0.124655
    0    0    4   15   -0.038427
    0    0    5   15   -0.152097
    0    0    6   15    0.769698
    0    0    7   15    0.017667
    0    0    8   15    0.038082
    0    0    9   15    0.310607
    0    0   10   15   -0.467445
    0    0   11   15    0.125580
    0    0   12   15    1.193882
    0    0   13   15   -0.379653
    0    0   14   15   -0.024662
    0    0   15   15    0.008012
    0    0   16   15    0.200002
    0    0   17   15    0.014245
    0    0   18   15    0.169047
    0    0    1   16    3.238527
    0    0    2   16   -0.338810
    0    0    3   16    0.302932
    0    0    4   16    1.186217
    0    0    5   16    0.797450
    0    0    6   16    3.139055
    0    0    7   16    0.245947
    0    0    8   16    0.085595
    0    0    9   16   -0.004415
    0    0   10   16    1.552363
    0    0   11   16   -0.034902
    0    0   12   16   -1.047480
    0    0   13   16   -0.552658
    0    0   14   16    0.008992
    0    0   15   16    0.200002
    0    0   16   16    2.213213
    0    0   17   16    0.345177
    0    0   18   16   -3.451570
    0    0    1   17   -0.205055
    0    0    2   17   -0.022198
    0    0    3   17    0.353920
    0    0    4   17    0.070850
    0    0    5   17    0.479232
    0    0    6   17    0.043310
    0    0    7   17   -0.048200
    0    0    8   17    1.598602
    0    0    9   17    0.002067
    0    0   10   17   -0.474390
    0    0   11   17    0.015562
    0    0   12   17    0.098912
    0    0   13   17    0.087035
    0    0   14   17    0.621972
    0    0   15   17    0.014245
    0    0   16   17    0.345177
    0    0   17   17   -0.351847
    0    0   18   17   -0.312732
    0    0    1   18    3.221837
    0    0    2   18    0.092275
    0    0    3   18   -0.500563
    0    0    4   18   -0.084280
    0    0    5   18    0.938715
    0    0    6   18   -0.606850
    0    0    7   18    0.108060
    0    0    8   18   -0.091047
    0    0    9   18    0.048080
    0    0   10   18   -3.103438
    0    0   11   18    0.066460
    0    0   12   18   -0.266112
    0    0   13   18   -2.084570
    0    0   14   18    0.771833
    0    0   15   18    0.169047
    0    0   16   18   -3.451570
    0    0   17   18   -0.312732
    0    0   18   18    3.183865
    1    0    1    1    0.283450
    1    0    2    1   -0.135292
    1    0    3    1   -0.039150
    1    0    4    1   -0.008595
    1    0    5    1    0.091737
    1    0    6    1    2.067590
    1    0    7    1   -0.311022
    1    0    8    1    0.030218
    1    0    9    1   -0.109410
    1    0   10    1    0.379910
    1    0   11    1    0.050920
    1    0   12    1   -0.270635
    1    0   13    1    1.287007
    1    0   14    1   -0.011112
    1    0   15    1    1.101712
    1    0   16    1   -0.986435
    1    0   17    1    0.025735
    1    0   18    1   -1.209250
    1    0    1    2    0.020182
    1    0    2    2   -0.006488
    1    0    3    2   -0.007582
    1    0    4    2    0.002348
    1    0    5    2   -0.005940
    1    0    6    2    0.009345
    1    0    7    2   -0.048370
    1    0    8    2    0.002115
    1    0    9    2   -0.029222
    1    0   10    2   -0.018700
    1    0   11    2    0.003080
    1    0   12    2    0.073585
    1    0   13    2    0.093950
    1    0   14    2   -0.000940
    1    0   15    2    0.033037
    1    0   16    2    0.035482
    1    0   17    2    0.002372
    1    0   18    2    0.006712
    1    0    1    3    0.066407
    1    0    2    3   -0.407055
    1    0    3    3    0.029052
    1    0    4    3    0.051665
    1    0    5    3    0.085950
    1    0    6    3   -2.236642
    1    0    7    3    0.272310
    1    0    8    3   -0.014680
    1    0    9    3   -0.511645
    1    0   10    3   -0.196642
    1    0   11    3    0.003605
    1    0   12    3    3.941490
    1    0   13    3   -0.289165
    1    0   14    3    0.051412
    1    0   15    3    0.079043
    1    0   16    3   -0.770285
    1    0   17    3   -0.020670
    1    0   18    3   -0.011943
    1    0    1    4    0.270895
    1    0    2    4    0.014530
    1    0    3    4    0.002702
    1    0    4    4   -0.123075
    1    0    5    4   -0.059345
    1    0    6    4    0.356667
    1    0    7    4   -0.045733
    1    0    8    4   -0.003885
    1    0    9    4   -0.334510
    1    0   10    4    0.150390
    1    0   11    4    0.315080
    1    0   12    4    1.623440
    1    0   13    4   -0.068500
    1    0   14    4    0.059385
    1    0   15    4    0.280297
    1    0   16    4   -0.047975
    1    0   17    4   -0.031462
    1    0   18    4    0.050772
    1    0    1    5   -0.051940
    1    0    2    5    0.098027
    1    0    3    5   -0.003422
    1    0    4    5   -0.009662
    1    0    5    5    0.010748
    1    0    6    5    0.068020
    1    0    7    5   -0.104633
    1    0    8    5   -0.000005
    1    0    9    5   -0.006035
    1    0   10    5    0.073860
    1    0   11    5    0.007025
    1    0   12    5   -0.063640
    1    0   13    5   -0.103243
    1    0   14    5   -0.003505
    1    0   15    5   -0.247315
    1    0   16    5   -0.012908
    1    0   17    5   -0.003427
    1    0   18    5    0.015187
    1    0    1    6    0.036817
    1    0    2    6    0.075220
    1    0    3    6    0.006560
    1    0    4    6   -0.003532
    1    0    5    6    0.009942
    1    0    6    6    0.095457
    1    0    7    6    0.053490
    1    0    8    6    0.002487
    1    0    9    6    0.165677
    1    0   10    6    0.030757
    1    0   11    6   -0.009682
    1    0   12    6    0.289317
    1    0   13    6   -0.511637
    1    0   14    6    0.003363
    1    0   15    6    0.110422
    1    0   16    6   -0.049690
    1    0   17    6    0.007533
    1    0   18    6    0.040680
    1    0    1    7   -0.020028
    1    0    2    7   -0.007160
    1    0    3    7   -0.007017
    1    0    4    7    0.001345
    1    0    5    7    0.002830
    1    0    6    7   -0.054050
    1    0    7    7   -0.127145
    1    0    8    7    0.000952
    1    0    9    7    0.018910
    1    0   10    7   -0.053227
    1    0   11    7   -0.011333
    1    0   12    7   -0.229610
    1    0   13    7    0.019070
    1    0   14    7    0.006530
    1    0   15    7    0.021150
    1    0   16    7    0.044055
    1    0   17    7   -0.001270
    1    0   18    7    0.063840
    1    0    1    8    0.128117
    1    0    2    8   -0.080103
    1    0    3    8   -0.026490
    1    0    4    8   -0.005307
    1    0    5    8    0.018380
    1    0    6    8    0.151392
    1    0    7    8   -0.451520
    1    0    8    8   -0.002022
    1    0    9    8    0.016345
    1    0   10    8   -0.012658
    1    0   11    8    0.012120
    1    0   12    8   -0.597433
    1    0   13    8    0.200072
    1    0   14    8    0.016120
    1    0   15    8   -0.017495
    1    0   16    8    0.177890
    1    0   17    8    0.013612
    1    0   18    8    0.027352
    1    0    1    9    0.010487
    1    0    2    9    0.000072
    1    0    3    9    0.000417
    1    0    4    9   -0.001230
    1    0    5    9   -0.000417
    1    0    6    9    0.003030
    1    0    7    9   -0.002965
    1    0    8    9    0.000218
    1    0    9    9    0.021120
    1    0   10    9   -0.005237
    1    0   11    9   -0.000060
    1    0   12    9   -0.015927
    1    0   13    9   -0.008670
    1    0   14    9   -0.000367
    1    0   15    9   -0.006057
    1    0   16    9   -0.000625
    1    0   17    9    0.000900
    1    0   18    9    0.006655
    1    0    1   10    0.106597
    1    0    2   10   -0.239183
    1    0    3   10   -0.053787
    1    0    4   10    0.032813
    1    0    5   10    0.009655
    1    0    6   10   -0.643152
    1    0    7   10   -0.153870
    1    0    8   10    0.010075
    1    0    9   10    0.643502
    1    0   10   10   -0.277397
    1    0   11   10   -0.034022
    1    0   12   10    2.136202
    1    0   13   10    0.070675
    1    0   14   10    0.029270
    1    0   15   10   -0.764995
    1    0   16   10    0.450805
    1    0   17   10    0.003830
    1    0   18   10    0.156935
    1    0    1   11   -0.000197
    1    0    2   11   -0.009610
    1    0    3   11   -0.001772
    1    0    4   11   -0.000780
    1    0    5   11   -0.003650
    1    0    6   11    0.006080
    1    0    7   11   -0.004760
    1    0    8   11    0.001400
    1    0    9   11    0.011530
    1    0   10   11    0.010250
    1    0   11   11   -0.003905
    1    0   12   11   -0.036858
    1    0   13   11    0.033097
    1    0   14   11   -0.002150
    1    0   15   11   -0.020862
    1    0   16   11    0.000375
    1    0   17   11    0.000075
    1    0   18   11   -0.011195
    1    0    1   12    0.027157
    1    0    2   12    0.057042
    1    0    3   12    0.022305
    1    0    4   12   -0.005850
    1    0    5   12   -0.007647
    1    0    6   12   -0.032730
    1    0    7   12    0.001415
    1    0    8   12    0.001852
    1    0    9   12    0.071265
    1    0   10   12   -0.083205
    1    0   11   12    0.000393
    1    0   12   12    0.096647
    1    0   13   12   -0.142770
    1    0   14   12    0.010027
    1    0   15   12    0.145865
    1    0   16   12    0.040960
    1    0   17   12   -0.002317
    1    0   18   12    0.020370
    1    0    1   13   -0.014240
    1    0    2   13    0.039627
    1    0    3   13    0.002028
    1    0    4   13   -0.000550
    1    0    5   13    0.012755
    1    0    6   13   -0.032210
    1    0    7   13    0.135052
    1    0    8   13   -0.007857
    1    0    9   13   -0.026840
    1    0   10   13    0.090907
    1    0   11   13   -0.013972
    1    0   12   13    0.017712
    1    0   13   13   -0.213260
    1    0   14   13   -0.012823
    1    0   15   13   -0.134217
    1    0   16   13   -0.087242
    1    0   17   13   -0.000140
    1    0   18   13   -0.006795
    1    0    1   14   -0.029012
    1    0    2   14    0.135357
    1    0    3   14    0.001472
    1    0    4   14    0.001875
    1    0    5   14    0.032862
    1    0    6   14   -0.096958
    1    0    7   14   -0.245625
    1    0    8   14   -0.003247
    1    0    9   14   -0.020600
    1    0   10   14   -0.007790
    1    0   11   14   -0.000365
    1    0   12   14   -0.290715
    1    0   13   14   -0.322937
    1    0   14   14    0.014612
    1    0   15   14    0.143872
    1    0   16   14   -0.050422
    1    0   17   14   -0.000120
    1    0   18   14    0.015160
    1    0    1   15    0.106075
    1    0    2   15   -0.003120
    1    0    3   15   -0.028475
    1    0    4   15    0.015595
    1    0    5   15   -0.000660
    1    0    6   15   -0.046645
    1    0    7   15    0.015150
    1    0    8   15   -0.001735
    1    0    9   15    0.068110
    1    0   10   15   -0.060190
    1    0   11   15   -0.007980
    1    0   12   15    0.424555
    1    0   13   15    0.327465
    1    0   14   15    0.002043
    1    0   15   15    0.134572
    1    0   16   15    0.032407
    1    0   17   15    0.003390
    1    0   18   15    0.055190
    1    0    1   16   -0.106893
    1    0    2   16    0.125375
    1    0    3   16    0.014995
    1    0    4   16    0.070762
    1    0    5   16    0.060327
    1    0    6   16   -0.019273
    1    0    7   16    0.066080
    1    0    8   16   -0.006490
    1    0    9   16    0.397400
    1    0   10   16   -0.476910
    1    0   11   16   -0.032710
    1    0   12   16    0.705640
    1    0   13   16   -0.641343
    1    0   14   16    0.090642
    1    0   15   16    0.058970
    1    0   16   16   -0.322043
    1    0   17   16    0.015065
    1    0   18   16   -0.207935
    1    0    1   17   -0.093522
    1    0    2   17    0.932360
    1    0    3   17   -0.020305
    1    0    4   17   -0.024940
    1    0    5   17    0.183400
    1    0    6   17   -0.030692
    1    0    7   17   -0.175660
    1    0    8   17   -0.004305
    1    0    9   17   -0.149050
    1    0   10   17   -0.000150
    1    0   11   17   -0.242495
    1    0   12   17   -0.311005
    1    0   13   17   -0.429388
    1    0   14   17    0.089942
    1    0   15   17   -2.847997
    1    0   16   17    0.081595
    1    0   17   17    0.005763
    1    0   18   17    0.012168
    1    0    1   18   -0.114510
    1    0    2   18   -0.285910
    1    0    3   18    0.008023
    1    0    4   18    0.034842
    1    0    5   18   -0.017507
    1    0    6   18    0.875195
    1    0    7   18   -0.044282
    1    0    8   18   -0.005690
    1    0    9   18   -0.263873
    1    0   10   18    0.053412
    1    0   11   18    0.036553
    1    0   12   18   -0.251325
    1    0   13   18    2.154072
    1    0   14   18   -0.009440
    1    0   15   18   -0.541868
    1    0   16   18   -0.202065
    1    0   17   18    0.013000
    1    0   18   18   -0.339325
   -1    1    1    1    0.030002
   -1    1    2    1   -0.000325
   -1    1    3    1   -0.006180
   -1    1    4    1    0.005242
   -1    1    5    1   -0.002815
   -1    1    6    1   -0.011343
   -1    1    7    1   -0.007790
   -1    1    8    1    0.004602
   -1    1    9    1   -0.001642
   -1    1   10    1    0.001225
   -1    1   11    1    0.000267
   -1    1   12    1    0.005213
   -1    1   13    1    0.032307
   -1    1   14    1   -0.002763
   -1    1   15    1    0.018887
   -1    1   16    1   -0.017090
   -1    1   17    1   -0.008542
   -1    1   18    1   -0.001230
   -1    1    1    2    0.004642
   -1    1    2    2   -0.000055
   -1    1    3    2    0.016012
   -1    1    4    2    0.006372
   -1    1    5    2   -0.001223
   -1    1    6    2   -0.004230
   -1    1    7    2   -0.007427
   -1    1    8    2    0.006578
   -1    1    9    2   -0.001635
   -1    1   10    2   -0.004407
   -1    1   11    2   -0.000087
   -1    1   12    2    0.004097
   -1    1   13    2    0.000992
   -1    1   14    2    0.000257
   -1    1   15    2    0.000505
   -1    1   16    2   -0.001270
   -1    1   17    2   -0.004537
   -1    1   18    2    0.004630
   -1    1    1    3    0.001700
   -1    1    2    3   -0.002192
   -1    1    3    3   -0.012432
   -1    1    4    3   -0.006488
   -1    1    5    3   -0.002457
   -1    1    6    3   -0.003192
   -1    1    7    3   -0.006085
   -1    1    8    3    0.002460
   -1    1    9    3    0.006190
   -1    1   10    3   -0.007910
   -1    1   11    3   -0.000897
   -1    1   12    3   -0.018308
   -1    1   13    3    0.016133
   -1    1   14    3   -0.000638
   -1    1   15    3    0.007122
   -1    1   16    3    0.010825
   -1    1   17    3   -0.004657
   -1    1   18    3    0.000278
   -1    1    1    4   -0.009442
   -1    1    2    4   -0.001450
   -1    1    3    4    0.000928
   -1    1    4    4   -0.004970
   -1    1    5    4   -0.000367
   -1    1    6    4    0.002465
   -1    1    7    4    0.002332
   -1    1    8    4    0.001595
   -1    1    9    4   -0.000158
   -1    1   10    4    0.002330
   -1    1   11    4   -0.000107
   -1    1   12    4   -0.013980
   -1    1   13    4    0.010492
   -1    1   14    4   -0.000255
   -1    1   15    4    0.004213
   -1    1   16    4    0.001010
   -1    1   17    4   -0.004260
   -1    1   18    4   -0.002658
   -1    1    1    5    0.000867
   -1    1    2    5   -0.000570
   -1    1    3    5    0.009402
   -1    1    4    5    0.003527
   -1    1    5    5    0.000067
   -1    1    6    5   -0.000322
   -1    1    7    5   -0.001225
   -1    1    8    5   -0.001607
   -1    1    9    5   -0.000018
   -1    1   10    5   -0.000070
   -1    1   11    5    0.000110
   -1    1   12    5    0.000515
   -1    1   13    5    0.000805
   -1    1   14    5    0.000445
   -1    1   15    5   -0.001798
   -1    1   16    5    0.002182
   -1    1   17    5   -0.000475
   -1    1   18    5    0.000515
   -1    1    1    6   -0.007840
   -1    1    2    6    0.002107
   -1    1    3    6   -0.015918
   -1    1    4    6   -0.001120
   -1    1    5    6   -0.003440
   -1    1    6    6   -0.002070
   -1    1    7    6    0.006680
   -1    1    8    6   -0.005835
   -1    1    9    6   -0.006860
   -1    1   10    6   -0.008703
   -1    1   11    6   -0.000325
   -1    1   12    6   -0.000048
   -1    1   13    6    0.000822
   -1    1   14    6   -0.000567
   -1    1   15    6    0.012755
   -1    1   16    6    0.008267
   -1    1   17    6    0.004743
   -1    1   18    6    0.006182
   -1    1    1    7    0.021872
   -1    1    2    7    0.000400
   -1    1    3    7    0.002562
   -1    1    4    7    0.014190
   -1    1    5    7   -0.000322
   -1    1    6    7   -0.001958
   -1    1    7    7    0.000635
   -1    1    8    7    0.001670
   -1    1    9    7    0.006405
   -1    1   10    7    0.015837
   -1    1   11    7    0.000322
   -1    1   12    7   -0.003502
   -1    1   13    7   -0.007425
   -1    1   14    7   -0.000220
   -1    1   15    7    0.001037
   -1    1   16    7   -0.009420
   -1    1   17    7   -0.000875
   -1    1   18    7    0.011307
   -1    1    1    8    0.002355
   -1    1    2    8    0.000307
   -1    1    3    8   -0.000080
   -1    1    4    8    0.000860
   -1    1    5    8    0.000440
   -1    1    6    8    0.001297
   -1    1    7    8    0.000562
   -1    1    8    8   -0.000265
   -1    1    9    8   -0.000875
   -1    1   10    8    0.001172
   -1    1   11    8    0.000120
   -1    1   12    8    0.003413
   -1    1   13    8   -0.003495
   -1    1   14    8    0.000027
   -1    1   15    8   -0.002570
   -1    1   16    8   -0.003557
   -1    1   17    8    0.000512
   -1    1   18    8   -0.000942
   -1    1    1    9    0.002780
   -1    1    2    9   -0.000845
   -1    1    3    9   -0.011445
   -1    1    4    9    0.002237
   -1    1    5    9   -0.000870
   -1    1    6    9   -0.001965
   -1    1    7    9   -0.011305
   -1    1    8    9    0.001395
   -1    1    9    9   -0.002348
   -1    1   10    9    0.002935
   -1    1   11    9   -0.000435
   -1    1   12    9    0.001338
   -1    1   13    9    0.007300
   -1    1   14    9    0.000118
   -1    1   15    9    0.006280
   -1    1   16    9    0.006697
   -1    1   17    9    0.001063
   -1    1   18    9   -0.001382
   -1    1    1   10    0.000358
   -1    1    2   10    0.000642
   -1    1    3   10   -0.010485
   -1    1    4   10    0.003827
   -1    1    5   10    0.000415
   -1    1    6   10   -0.001837
   -1    1    7   10   -0.015048
   -1    1    8   10    0.001882
   -1    1    9   10    0.005120
   -1    1   10   10   -0.015220
   -1    1   11   10    0.001212
   -1    1   12   10   -0.002658
   -1    1   13   10    0.001738
   -1    1   14   10    0.002247
   -1    1   15   10   -0.011672
   -1    1   16   10    0.001492
   -1    1   17   10   -0.003132
   -1    1   18   10   -0.006472
   -1    1    1   11    0.000280
   -1    1    2   11    0.000920
   -1    1    3   11   -0.009452
   -1    1    4   11   -0.007205
   -1    1    5   11    0.001798
   -1    1    6   11   -0.000362
   -1    1    7   11    0.000932
   -1    1    8   11   -0.006985
   -1    1    9   11   -0.000657
   -1    1   10   11    0.002747
   -1    1   11   11    0.000290
   -1    1   12   11   -0.001280
   -1    1   13   11   -0.001610
   -1    1   14   11   -0.000365
   -1    1   15   11    0.000525
   -1    1   16   11   -0.001255
   -1    1   17   11    0.009217
   -1    1   18   11    0.000890
   -1    1    1   12    0.042792
   -1    1    2   12   -0.000755
   -1    1    3   12    0.112287
   -1    1    4   12    0.003003
   -1    1    5   12   -0.010852
   -1    1    6   12   -0.001090
   -1    1    7   12   -0.025440
   -1    1    8   12   -0.003732
   -1    1    9   12    0.010750
   -1    1   10   12   -0.041252
   -1    1   11   12   -0.001373
   -1    1   12   12    0.012183
   -1    1   13   12    0.007035
   -1    1   14   12    0.001208
   -1    1   15   12    0.005880
   -1    1   16   12    0.042895
   -1    1   17   12   -0.007270
   -1    1   18   12    0.019365
   -1    1    1   13   -0.069057
   -1    1    2   13   -0.002435
   -1    1    3   13    0.001555
   -1    1    4   13   -0.024537
   -1    1    5   13    0.008775
   -1    1    6   13    0.031330
   -1    1    7   13    0.063480
   -1    1    8   13   -0.006857
   -1    1    9   13   -0.002757
   -1    1   10   13    0.014535
   -1    1   11   13   -0.001292
   -1    1   12   13   -0.007742
   -1    1   13   13   -0.002607
   -1    1   14   13    0.010418
   -1    1   15   13   -0.013065
   -1    1   16   13   -0.003897
   -1    1   17   13    0.021740
   -1    1   18   13   -0.052550
   -1    1    1   14    0.000430
   -1    1    2   14   -0.000157
   -1    1    3   14    0.004622
   -1    1    4   14   -0.000722
   -1    1    5   14   -0.000417
   -1    1    6   14   -0.000467
   -1    1    7   14    0.000048
   -1    1    8   14    0.000715
   -1    1    9   14    0.000062
   -1    1   10   14   -0.000485
   -1    1   11   14   -0.000160
   -1    1   12   14    0.002480
   -1    1   13   14   -0.000385
   -1    1   14   14    0.000082
   -1    1   15   14    0.000435
   -1    1   16   14    0.002005
   -1    1   17   14   -0.001015
   -1    1   18   14    0.001442
   -1    1    1   15    0.015207
   -1    1    2   15    0.001378
   -1    1    3   15   -0.004598
   -1    1    4   15   -0.002447
   -1    1    5   15    0.008857
   -1    1    6   15   -0.001140
   -1    1    7   15    0.032512
   -1    1    8   15    0.011632
   -1    1    9   15   -0.002280
   -1    1   10   15   -0.011412
   -1    1   11   15    0.000435
   -1    1   12   15    0.020030
   -1    1   13   15   -0.001992
   -1    1   14   15    0.009595
   -1    1   15   15   -0.020135
   -1    1   16   15   -0.025233
   -1    1   17   15    0.034162
   -1    1   18   15   -0.017075
   -1    1    1   16   -0.000065
   -1    1    2   16    0.003495
   -1    1    3   16   -0.043170
   -1    1    4   16   -0.018845
   -1    1    5   16    0.001643
   -1    1    6   16   -0.002145
   -1    1    7   16    0.001092
   -1    1    8   16    0.009440
   -1    1    9   16    0.006830
   -1    1   10   16    0.007027
   -1    1   11   16   -0.000167
   -1    1   12   16   -0.005335
   -1    1   13   16   -0.006818
   -1    1   14   16   -0.001562
   -1    1   15   16    0.007043
   -1    1   16   16   -0.013485
   -1    1   17   16    0.002660
   -1    1   18   16    0.002365
   -1    1    1   17    0.004067
   -1    1    2   17   -0.000220
   -1    1    3   17    0.005330
   -1    1    4   17    0.003417
   -1    1    5   17   -0.000725
   -1    1    6   17   -0.002917
   -1    1    7   17   -0.000980
   -1    1    8   17    0.000065
   -1    1    9   17    0.001423
   -1    1   10   17   -0.002547
   -1    1   11   17    0.000147
   -1    1   12   17    0.001667
   -1    1   13   17   -0.000593
   -1    1   14   17    0.000003
   -1    1   15   17   -0.002495
   -1    1   16   17    0.003507
   -1    1   17   17   -0.000935
   -1    1   18   17    0.001550
   -1    1    1   18    0.015235
   -1    1    2   18    0.000615
   -1    1    3   18    0.000540
   -1    1    4   18    0.009457
   -1    1    5   18    0.002090
   -1    1    6   18   -0.007355
   -1    1    7   18    0.004125
   -1    1    8   18   -0.003307
   -1    1    9   18    0.001982
   -1    1   10   18    0.000403
   -1    1   11   18   -0.000102
   -1    1   12   18   -0.008258
   -1    1   13   18    0.006053
   -1    1   14   18   -0.000440
   -1    1   15   18   -0.001147
   -1    1   16   18   -0.010330
   -1    1   17   18    0.006590
   -1    1   18   18    0.006967
    0    1    1    1    0.008743
    0    1    2    1    0.004463
    0    1    3    1   -0.129692
    0    1    4    1   -0.013160
    0    1    5    1   -0.014475
    0    1    6    1    0.000465
    0    1    7    1   -0.028625
    0    1    8    1    0.033555
    0    1    9    1   -0.009185
    0    1   10    1    0.032962
    0    1   11    1   -0.002410
    0    1   12    1    0.013292
    0    1   13    1    0.072382
    0    1   14    1   -0.004842
    0    1   15    1    0.025258
    0    1   16    1   -0.028100
    0    1   17    1   -0.028297
    0    1   18    1   -0.019928
    0    1    1    2    0.020010
    0    1    2    2    0.002690
    0    1    3    2    0.054660
    0    1    4    2   -0.008262
    0    1    5    2    0.023655
    0    1    6    2   -0.004155
    0    1    7    2   -0.448870
    0    1    8    2   -0.011105
    0    1    9    2   -0.008035
    0    1   10    2    0.000200
    0    1   11    2    0.002550
    0    1   12    2   -0.002690
    0    1   13    2    0.002557
    0    1   14    2   -0.001600
    0    1   15    2    0.013322
    0    1   16    2    0.006355
    0    1   17    2    0.018000
    0    1   18    2    0.038500
    0    1    1    3    0.008695
    0    1    2    3   -0.003020
    0    1    3    3    0.038825
    0    1    4    3    0.002690
    0    1    5    3   -0.004052
    0    1    6    3    0.012527
    0    1    7    3    0.003530
    0    1    8    3   -0.011650
    0    1    9    3    0.009432
    0    1   10    3   -0.005145
    0    1   11    3    0.000055
    0    1   12    3   -0.002093
    0    1   13    3   -0.009580
    0    1   14    3    0.002118
    0    1   15    3   -0.003723
    0    1   16    3    0.039060
    0    1   17    3   -0.002948
    0    1   18    3   -0.016552
    0    1    1    4    0.002950
    0    1    2    4    0.001417
    0    1    3    4   -0.029350
    0    1    4    4   -0.013110
    0    1    5    4   -0.000677
    0    1    6    4    0.003702
    0    1    7    4    0.009385
    0    1    8    4   -0.002085
    0    1    9    4    0.014535
    0    1   10    4    0.025385
    0    1   11    4   -0.000100
    0    1   12    4   -0.017957
    0    1   13    4   -0.003010
    0    1   14    4   -0.001048
    0    1   15    4    0.005900
    0    1   16    4    0.002387
    0    1   17    4   -0.009950
    0    1   18    4   -0.012120
    0    1    1    5    0.001813
    0    1    2    5    0.000652
    0    1    3    5    0.011233
    0    1    4    5   -0.003452
    0    1    5    5    0.001632
    0    1    6    5    0.000018
    0    1    7    5    0.004758
    0    1    8    5   -0.018943
    0    1    9    5    0.007470
    0    1   10    5    0.000687
    0    1   11    5    0.000452
    0    1   12    5    0.001105
    0    1   13    5    0.001370
    0    1   14    5   -0.002365
    0    1   15    5    0.000545
    0    1   16    5   -0.003947
    0    1   17    5    0.001267
    0    1   18    5    0.016465
    0    1    1    6   -0.120523
    0    1    2    6   -0.015777
    0    1    3    6   -0.715090
    0    1    4    6    0.022877
    0    1    5    6   -0.022820
    0    1    6    6    0.002405
    0    1    7    6    0.063675
    0    1    8    6    0.084590
    0    1    9    6    0.048418
    0    1   10    6    0.205797
    0    1   11    6   -0.002297
    0    1   12    6   -0.005752
    0    1   13    6   -0.006112
    0    1   14    6   -0.019797
    0    1   15    6   -0.005130
    0    1   16    6   -0.079987
    0    1   17    6    0.024640
    0    1   18    6    0.031325
    0    1    1    7   -0.066960
    0    1    2    7    0.024497
    0    1    3    7    0.138265
    0    1    4    7    0.000663
    0    1    5    7   -0.014275
    0    1    6    7   -0.013092
    0    1    7    7   -0.072475
    0    1    8    7   -0.045910
    0    1    9    7   -0.002925
    0    1   10    7   -0.009782
    0    1   11    7   -0.005460
    0    1   12    7    0.013527
    0    1   13    7    0.035675
    0    1   14    7    0.000692
    0    1   15    7    0.011515
    0    1   16    7   -0.063860
    0    1   17    7    0.013462
    0    1   18    7   -0.007535
    0    1    1    8   -0.000597
    0    1    2    8    0.000205
    0    1    3    8   -0.008640
    0    1    4    8    0.003770
    0    1    5    8    0.001192
    0    1    6    8   -0.001787
    0    1    7    8   -0.011737
    0    1    8    8    0.006860
    0    1    9    8   -0.001960
    0    1   10    8    0.000828
    0    1   11    8    0.000230
    0    1   12    8    0.003232
    0    1   13    8    0.001778
    0    1   14    8    0.000645
    0    1   15    8    0.000265
    0    1   16    8   -0.008207
    0    1   17    8   -0.000487
    0    1   18    8   -0.001510
    0    1    1    9   -0.000128
    0    1    2    9    0.004182
    0    1    3    9   -0.007830
    0    1    4    9   -0.012125
    0    1    5    9    0.004412
    0    1    6    9    0.014845
    0    1    7    9   -0.084962
    0    1    8    9    0.003268
    0    1    9    9    0.018347
    0    1   10    9    0.009007
    0    1   11    9   -0.000255
    0    1   12    9    0.009930
    0    1   13    9    0.011985
    0    1   14    9   -0.001035
    0    1   15    9    0.019155
    0    1   16    9    0.001775
    0    1   17    9   -0.003550
    0    1   18    9    0.002853
    0    1    1   10    0.025120
    0    1    2   10    0.006147
    0    1    3   10    0.154117
    0    1    4   10   -0.007222
    0    1    5   10    0.001520
    0    1    6   10   -0.000712
    0    1    7   10   -0.091280
    0    1    8   10   -0.017490
    0    1    9   10   -0.034517
    0    1   10   10   -0.021917
    0    1   11   10    0.002270
    0    1   12   10    0.015777
    0    1   13   10   -0.010300
    0    1   14   10   -0.003560
    0    1   15   10   -0.021715
    0    1   16   10   -0.029237
    0    1   17   10    0.013967
    0    1   18   10    0.042312
    0    1    1   11   -0.012462
    0    1    2   11    0.002952
    0    1    3   11   -0.031407
    0    1    4   11    0.045255
    0    1    5   11   -0.011332
    0    1    6   11    0.006760
    0    1    7   11    0.540007
    0    1    8   11    0.011655
    0    1    9   11    0.003182
    0    1   10   11    0.017740
    0    1   11   11   -0.003873
    0    1   12   11    0.010627
    0    1   13   11   -0.005600
    0    1   14   11    0.002263
    0    1   15   11    0.003927
    0    1   16   11    0.006647
    0    1   17   11   -0.052035
    0    1   18   11   -0.013107
    0    1    1   12   -0.010903
    0    1    2   12   -0.021337
    0    1    3   12   -0.422845
    0    1    4   12    0.259095
    0    1    5   12    0.002825
    0    1    6   12   -0.064927
    0    1    7   12   -0.425223
    0    1    8   12    0.015950
    0    1    9   12    0.092255
    0    1   10   12    0.086415
    0    1   11   12   -0.001003
    0    1   12   12   -0.000673
    0    1   13   12   -0.117063
    0    1   14   12    0.007403
    0    1   15   12    0.001465
    0    1   16   12   -0.046183
    0    1   17   12   -0.030793
    0    1   18   12   -0.084665
    0    1    1   13    0.031892
    0    1    2   13    0.018755
    0    1    3   13   -0.281325
    0    1    4   13   -0.110452
    0    1    5   13   -0.023620
    0    1    6   13    0.039658
    0    1    7   13    0.121465
    0    1    8   13    0.004125
    0    1    9   13   -0.018440
    0    1   10   13    0.028167
    0    1   11   13   -0.009027
    0    1   12   13   -0.019047
    0    1   13   13   -0.000263
    0    1   14   13    0.007580
    0    1   15   13    0.084275
    0    1   16   13   -0.061457
    0    1   17   13   -0.018505
    0    1   18   13   -0.057447
    0    1    1   14    0.000755
    0    1    2   14   -0.001440
    0    1    3   14   -0.008820
    0    1    4   14    0.003768
    0    1    5   14    0.001945
    0    1    6   14    0.003317
    0    1    7   14   -0.059480
    0    1    8   14    0.010440
    0    1    9   14    0.011498
    0    1   10   14   -0.000575
    0    1   11   14    0.001092
    0    1   12   14   -0.002025
    0    1   13   14   -0.000227
    0    1   14   14    0.002760
    0    1   15   14    0.000055
    0    1   16   14    0.006343
    0    1   17   14   -0.008527
    0    1   18   14   -0.000432
    0    1    1   15    0.081928
    0    1    2   15    0.051110
    0    1    3   15   -0.258572
    0    1    4   15    0.044177
    0    1    5   15   -0.022465
    0    1    6   15   -0.017405
    0    1    7   15   -0.416685
    0    1    8   15   -0.100617
    0    1    9   15    0.014048
    0    1   10   15   -0.021195
    0    1   11   15   -0.015082
    0    1   12   15   -0.000527
    0    1   13   15    0.007715
    0    1   14   15    0.012037
    0    1   15   15    0.247440
    0    1   16   15    0.011920
    0    1   17   15    0.039882
    0    1   18   15    0.077035
    0    1    1   16   -0.043342
    0    1    2   16    0.003647
    0    1    3   16   -0.217933
    0    1    4   16    0.024580
    0    1    5   16   -0.004080
    0    1    6   16   -0.031492
    0    1    7   16    0.046565
    0    1    8   16    0.020760
    0    1    9   16   -0.017965
    0    1   10   16    0.038058
    0    1   11   16   -0.002072
    0    1   12   16   -0.026628
    0    1   13   16   -0.010342
    0    1   14   16    0.008315
    0    1   15   16   -0.010315
    0    1   16   16    0.022157
    0    1   17   16    0.006470
    0    1   18   16   -0.093987
    0    1    1   17    0.004892
    0    1    2   17   -0.000027
    0    1    3   17    0.005705
    0    1    4   17    0.006690
    0    1    5   17    0.000192
    0    1    6   17   -0.002400
    0    1    7   17   -0.010497
    0    1    8   17   -0.004965
    0    1    9   17    0.002223
    0    1   10   17    0.000580
    0    1   11   17    0.000220
    0    1   12   17    0.002550
    0    1   13   17   -0.001965
    0    1   14   17    0.000245
    0    1   15   17    0.003158
    0    1   16   17    0.001840
    0    1   17   17    0.002922
    0    1   18   17    0.011407
    0    1    1   18   -0.131213
    0    1    2   18   -0.002385
    0    1    3   18   -0.354610
    0    1    4   18    0.046220
    0    1    5   18   -0.012432
    0    1    6   18   -0.032757
    0    1    7   18    0.071773
    0    1    8   18    0.093537
    0    1    9   18   -0.076995
    0    1   10   18    0.126760
    0    1   11   18   -0.001512
    0    1   12   18    0.005580
    0    1   13   18    0.026505
    0    1   14   18    0.001877
    0    1   15   18    0.017640
    0    1   16   18    0.055347
    0    1   17   18    0.046842
    0    1   18   18   -0.112825
    1    1    1    1    0.065060
    1    1    2    1    0.005962
    1    1    3    1    0.139420
    1    1    4    1    0.017245
    1    1    5    1    0.014970
    1    1    6    1   -0.028177
    1    1    7    1   -0.323187
    1    1    8    1   -0.020012
    1    1    9    1    0.726657
    1    1   10    1   -0.067472
    1    1   11    1    0.000515
    1    1   12    1    0.001150
    1    1   13    1    0.048027
    1    1   14    1    0.007317
    1    1   15    1    0.022925
    1    1   16    1    0.068277
    1    1   17    1    0.021482
    1    1   18    1   -0.004780
    1    1    1    2    0.009003
    1    1    2    2    0.003150
    1    1    3    2    0.003775
    1    1    4    2    0.001968
    1    1    5    2    0.003695
    1    1    6    2    0.019547
    1    1    7    2   -0.018200
    1    1    8    2   -0.001985
    1    1    9    2   -0.129543
    1    1   10    2   -0.007845
    1    1   11    2   -0.000235
    1    1   12    2    0.002352
    1    1   13    2   -0.015535
    1    1   14    2    0.000630
    1    1   15    2    0.035185
    1    1   16    2   -0.020643
    1    1   17    2    0.002095
    1    1   18    2    0.009672
    1    1    1    3    0.006662
    1    1    2    3    0.006015
    1    1    3    3    0.171258
    1    1    4    3   -0.093982
    1    1    5    3   -0.021460
    1    1    6    3    0.069000
    1    1    7    3    0.121542
    1    1    8    3   -0.010480
    1    1    9    3    0.010715
    1    1   10    3    0.038865
    1    1   11    3    0.002757
    1    1   12    3    0.080893
    1    1   13    3   -0.046110
    1    1   14    3   -0.006173
    1    1   15    3   -0.029415
    1    1   16    3    0.139460
    1    1   17    3    0.009472
    1    1   18    3    0.080257
    1    1    1    4    0.041908
    1    1    2    4    0.007820
    1    1    3    4   -0.785123
    1    1    4    4   -0.028340
    1    1    5    4   -0.028440
    1    1    6    4    0.035847
    1    1    7    4    0.158353
    1    1    8    4    0.038735
    1    1    9    4   -0.151422
    1    1   10    4    0.162290
    1    1   11    4   -0.000058
    1    1   12    4    0.012362
    1    1   13    4   -0.021468
    1    1   14    4   -0.004610
    1    1   15    4    0.017040
    1    1   16    4    0.058220
    1    1   17    4   -0.032597
    1    1   18    4    0.022402
    1    1    1    5   -0.016608
    1    1    2    5   -0.002247
    1    1    3    5    0.002677
    1    1    4    5    0.002400
    1    1    5    5   -0.007520
    1    1    6    5    0.003600
    1    1    7    5    0.144082
    1    1    8    5    0.001243
    1    1    9    5    0.010520
    1    1   10    5   -0.012457
    1    1   11    5   -0.000637
    1    1   12    5   -0.015210
    1    1   13    5    0.011737
    1    1   14    5    0.001133
    1    1   15    5    0.008845
    1    1   16    5    0.000832
    1    1   17    5   -0.000662
    1    1   18    5   -0.004023
    1    1    1    6   -0.053490
    1    1    2    6   -0.020688
    1    1    3    6    0.007365
    1    1    4    6    0.006042
    1    1    5    6   -0.017487
    1    1    6    6   -0.026872
    1    1    7    6    0.228438
    1    1    8    6    0.000158
    1    1    9    6    0.286297
    1    1   10    6   -0.043020
    1    1   11    6    0.000740
    1    1   12    6    0.013535
    1    1   13    6   -0.026140
    1    1   14    6    0.000365
    1    1   15    6   -0.017200
    1    1   16    6   -0.156145
    1    1   17    6    0.005120
    1    1   18    6    0.030890
    1    1    1    7   -0.024110
    1    1    2    7    0.019467
    1    1    3    7    0.019030
    1    1    4    7    0.002015
    1    1    5    7    0.002470
    1    1    6    7   -0.011692
    1    1    7    7   -0.104153
    1    1    8    7   -0.001698
    1    1    9    7    0.122090
    1    1   10    7   -0.017542
    1    1   11    7   -0.000555
    1    1   12    7   -0.008415
    1    1   13    7    0.037510
    1    1   14    7    0.003897
    1    1   15    7   -0.002588
    1    1   16    7   -0.001470
    1    1   17    7    0.000285
    1    1   18    7    0.005217
    1    1    1    8    0.015397
    1    1    2    8    0.008868
    1    1    3    8   -0.054115
    1    1    4    8    0.006437
    1    1    5    8    0.006875
    1    1    6    8   -0.017805
    1    1    7    8   -0.122900
    1    1    8    8   -0.003352
    1    1    9    8    0.010697
    1    1   10    8   -0.007877
    1    1   11    8   -0.000485
    1    1   12    8   -0.012130
    1    1   13    8    0.005953
    1    1   14    8    0.002010
    1    1   15    8    0.007605
    1    1   16    8   -0.014285
    1    1   17    8    0.000763
    1    1   18    8   -0.013098
    1    1    1    9    0.001092
    1    1    2    9   -0.001272
    1    1    3    9    0.001865
    1    1    4    9    0.000757
    1    1    5    9   -0.001863
    1    1    6    9   -0.006375
    1    1    7    9   -0.003837
    1    1    8    9    0.000022
    1    1    9    9    0.055982
    1    1   10    9   -0.007812
    1    1   11    9   -0.000875
    1    1   12    9   -0.031942
    1    1   13    9    0.003613
    1    1   14    9   -0.000007
    1    1   15    9   -0.009500
    1    1   16    9    0.006293
    1    1   17    9    0.000650
    1    1   18    9    0.006275
    1    1    1   10    0.010150
    1    1    2   10   -0.011237
    1    1    3   10    0.091392
    1    1    4   10   -0.016390
    1    1    5   10    0.008515
    1    1    6   10    0.042188
    1    1    7   10   -0.031510
    1    1    8   10   -0.003370
    1    1    9   10   -1.619470
    1    1   10   10   -0.055295
    1    1   11   10    0.001065
    1    1   12   10    0.042605
    1    1   13   10   -0.079950
    1    1   14   10   -0.001698
    1    1   15   10   -0.055775
    1    1   16   10    0.138187
    1    1   17   10    0.010110
    1    1   18   10    0.063965
    1    1    1   11    0.007900
    1    1    2   11    0.041222
    1    1    3   11   -0.000630
    1    1    4   11    0.001692
    1    1    5   11   -0.001840
    1    1    6   11   -0.016188
    1    1    7   11   -0.008238
    1    1    8   11   -0.004510
    1    1    9   11    0.006082
    1    1   10   11   -0.007345
    1    1   11   11   -0.006423
    1    1   12   11   -0.006217
    1    1   13   11   -0.033427
    1    1   14   11    0.004370
    1    1   15   11   -0.014658
    1    1   16   11    0.013307
    1    1   17   11    0.002007
    1    1   18   11    0.007915
    1    1    1   12   -0.011950
    1    1    2   12   -0.033537
    1    1    3   12    0.011075
    1    1    4   12    0.038593
    1    1    5   12    0.006678
    1    1    6   12   -0.029277
    1    1    7   12    0.051900
    1    1    8   12   -0.004545
    1    1    9   12    0.457225
    1    1   10   12    0.045110
    1    1   11   12    0.010412
    1    1   12   12    0.166132
    1    1   13   12    0.097562
    1    1   14   12   -0.004830
    1    1   15   12   -0.076532
    1    1   16   12   -0.125140
    1    1   17   12   -0.003640
    1    1   18   12   -0.081285
    1    1    1   13    0.032188
    1    1    2   13   -0.007298
    1    1    3   13   -0.015312
    1    1    4   13   -0.011885
    1    1    5   13   -0.015905
    1    1    6   13   -0.065285
    1    1    7   13    0.162540
    1    1    8   13    0.005645
    1    1    9   13    0.619117
    1    1   10   13    0.023565
    1    1   11   13   -0.000657
    1    1   12   13   -0.051025
    1    1   13   13    0.033308
    1    1   14   13   -0.006525
    1    1   15   13    0.007872
    1    1   16   13    0.026847
    1    1   17   13   -0.004990
    1    1   18   13   -0.011817
    1    1    1   14    0.008607
    1    1    2   14    0.038850
    1    1    3   14    0.026283
    1    1    4   14    0.004672
    1    1    5   14   -0.011817
    1    1    6   14   -0.031453
    1    1    7   14    0.079060
    1    1    8   14   -0.005860
    1    1    9   14    0.269282
    1    1   10   14   -0.003775
    1    1   11   14   -0.004627
    1    1   12   14   -0.007215
    1    1   13   14   -0.003720
    1    1   14   14    0.005102
    1    1   15   14    0.014283
    1    1   16   14   -0.007895
    1    1   17   14    0.003097
    1    1   18   14    0.009535
    1    1    1   15    0.017642
    1    1    2   15    0.022265
    1    1    3   15   -0.010943
    1    1    4   15   -0.004860
    1    1    5   15    0.005300
    1    1    6   15    0.045418
    1    1    7   15   -0.013760
    1    1    8   15   -0.005803
    1    1    9   15   -0.061140
    1    1   10   15   -0.022207
    1    1   11   15   -0.002265
    1    1   12   15   -0.051665
    1    1   13   15   -0.031103
    1    1   14   15    0.002138
    1    1   15   15    0.196052
    1    1   16   15   -0.033397
    1    1   17   15    0.002520
    1    1   18   15    0.043118
    1    1    1   16   -0.007963
    1    1    2   16   -0.000585
    1    1    3   16    0.110985
    1    1    4   16   -0.007783
    1    1    5   16   -0.001292
    1    1    6   16   -0.013355
    1    1    7   16    0.054765
    1    1    8   16   -0.005200
    1    1    9   16   -0.125755
    1    1   10   16    0.023402
    1    1   11   16    0.002820
    1    1   12   16    0.131390
    1    1   13   16   -0.002122
    1    1   14   16   -0.000527
    1    1   15   16   -0.048177
    1    1   16   16    0.009977
    1    1   17   16   -0.000115
    1    1   18   16    0.040045
    1    1    1   17   -0.043603
    1    1    2   17   -0.003162
    1    1    3   17    0.059925
    1    1    4   17    0.000150
    1    1    5   17   -0.005283
    1    1    6   17   -0.006657
    1    1    7   17    0.171580
    1    1    8   17    0.023300
    1    1    9   17   -0.000050
    1    1   10   17   -0.013380
    1    1   11   17    0.001233
    1    1   12   17    0.005457
    1    1   13   17    0.035803
    1    1   14   17    0.001890
    1    1   15   17    0.026275
    1    1   16   17   -0.023820
    1    1   17   17    0.003177
    1    1   18   17    0.010165
    1    1    1   18   -0.075378
    1    1    2   18   -0.008117
    1    1    3   18   -0.107548
    1    1    4   18   -0.028247
    1    1    5   18    0.019490
    1    1    6   18    0.038120
    1    1    7   18   -0.239038
    1    1    8   18    0.018697
    1    1    9   18   -0.912570
    1    1   10   18   -0.018023
    1    1   11   18    0.001700
    1    1   12   18    0.104767
    1    1   13   18   -0.070230
    1    1   14   18    0.006843
    1    1   15   18   -0.084187
    1    1   16   18    0.077520
    1    1   17   18   -0.001353
    1    1   18   18   -0.043397
