 ir1  ir2   m    n          ReH 
   -1   -1    1    1   -0.042892
   -1   -1    2    1   -0.002197
   -1   -1    3    1   -0.075900
   -1   -1    4    1   -0.077490
   -1   -1    5    1    0.001225
   -1   -1    6    1    0.059437
   -1   -1    7    1    0.023187
   -1   -1    8    1    0.001430
   -1   -1    9    1   -0.013050
   -1   -1   10    1    0.223920
   -1   -1   11    1   -0.014975
   -1   -1   12    1   -0.007143
   -1   -1   13    1   -0.001463
   -1   -1   14    1   -0.013155
   -1   -1   15    1    0.140893
   -1   -1   16    1   -0.016352
   -1   -1   17    1   -0.001530
   -1   -1   18    1   -0.221065
   -1   -1    1    2    0.026925
   -1   -1    2    2   -0.003637
   -1   -1    3    2   -0.001180
   -1   -1    4    2    0.026655
   -1   -1    5    2   -0.004212
   -1   -1    6    2   -0.000072
   -1   -1    7    2    0.008335
   -1   -1    8    2   -0.009835
   -1   -1    9    2   -0.000570
   -1   -1   10    2   -0.012217
   -1   -1   11    2    0.023197
   -1   -1   12    2   -0.021950
   -1   -1   13    2    0.029310
   -1   -1   14    2   -0.006735
   -1   -1   15    2   -0.054740
   -1   -1   16    2   -0.007723
   -1   -1   17    2   -0.003315
   -1   -1   18    2    0.086197
   -1   -1    1    3   -0.005127
   -1   -1    2    3   -0.000293
   -1   -1    3    3   -0.005437
   -1   -1    4    3    0.075770
   -1   -1    5    3   -0.003230
   -1   -1    6    3    0.011285
   -1   -1    7    3   -0.003997
   -1   -1    8    3    0.005290
   -1   -1    9    3    0.004618
   -1   -1   10    3   -0.045995
   -1   -1   11    3    0.001272
   -1   -1   12    3    0.038300
   -1   -1   13    3    0.008542
   -1   -1   14    3   -0.000487
   -1   -1   15    3    0.013057
   -1   -1   16    3    0.013670
   -1   -1   17    3   -0.026217
   -1   -1   18    3   -0.179605
   -1   -1    1    4    0.051355
   -1   -1    2    4   -0.005925
   -1   -1    3    4    0.048470
   -1   -1    4    4    0.069755
   -1   -1    5    4   -0.007830
   -1   -1    6    4   -0.037090
   -1   -1    7    4    0.017992
   -1   -1    8    4   -0.000233
   -1   -1    9    4   -0.066340
   -1   -1   10    4   -0.005950
   -1   -1   11    4   -0.000908
   -1   -1   12    4    0.096620
   -1   -1   13    4   -0.032260
   -1   -1   14    4   -0.023232
   -1   -1   15    4   -2.387647
   -1   -1   16    4   -0.059318
   -1   -1   17    4   -0.022535
   -1   -1   18    4    0.052560
   -1   -1    1    5    0.027975
   -1   -1    2    5   -0.005765
   -1   -1    3    5    0.002855
   -1   -1    4    5    0.000242
   -1   -1    5    5   -0.006638
   -1   -1    6    5    0.011875
   -1   -1    7    5    0.012465
   -1   -1    8    5    0.006435
   -1   -1    9    5   -0.006890
   -1   -1   10    5    0.047727
   -1   -1   11    5    0.015402
   -1   -1   12    5    0.017985
   -1   -1   13    5    0.001547
   -1   -1   14    5   -0.010387
   -1   -1   15    5   -0.027277
   -1   -1   16    5   -0.018255
   -1   -1   17    5   -0.027885
   -1   -1   18    5    0.019985
   -1   -1    1    6    0.010195
   -1   -1    2    6   -0.043225
   -1   -1    3    6    0.027012
   -1   -1    4    6    0.046867
   -1   -1    5    6    0.020622
   -1   -1    6    6    0.112662
   -1   -1    7    6    0.081960
   -1   -1    8    6    0.003975
   -1   -1    9    6    0.059377
   -1   -1   10    6    0.358307
   -1   -1   11    6    0.050702
   -1   -1   12    6   -0.154635
   -1   -1   13    6   -0.070245
   -1   -1   14    6    0.094552
   -1   -1   15    6    1.745495
   -1   -1   16    6    0.018470
   -1   -1   17    6   -0.001073
   -1   -1   18    6   -0.537423
   -1   -1    1    7    0.101222
   -1   -1    2    7    0.005762
   -1   -1    3    7    0.092205
   -1   -1    4    7    0.099335
   -1   -1    5    7    0.028692
   -1   -1    6    7   -0.008655
   -1   -1    7    7   -0.022420
   -1   -1    8    7    0.044090
   -1   -1    9    7    0.030167
   -1   -1   10    7   -0.034572
   -1   -1   11    7    0.004835
   -1   -1   12    7    0.606975
   -1   -1   13    7   -0.004378
   -1   -1   14    7    0.043330
   -1   -1   15    7   -0.016335
   -1   -1   16    7    0.038875
   -1   -1   17    7   -0.012248
   -1   -1   18    7   -0.041950
   -1   -1    1    8   -0.006465
   -1   -1    2    8    0.002680
   -1   -1    3    8   -0.000992
   -1   -1    4    8   -0.032382
   -1   -1    5    8   -0.002288
   -1   -1    6    8   -0.002082
   -1   -1    7    8    0.002997
   -1   -1    8    8    0.008730
   -1   -1    9    8    0.005003
   -1   -1   10    8    0.042310
   -1   -1   11    8    0.003865
   -1   -1   12    8   -0.011057
   -1   -1   13    8   -0.001470
   -1   -1   14    8    0.006595
   -1   -1   15    8   -0.000315
   -1   -1   16    8   -0.013078
   -1   -1   17    8   -0.012392
   -1   -1   18    8    0.004942
   -1   -1    1    9   -0.024402
   -1   -1    2    9    0.010963
   -1   -1    3    9    0.026412
   -1   -1    4    9   -0.059895
   -1   -1    5    9    0.003473
   -1   -1    6    9    0.030407
   -1   -1    7    9   -0.019855
   -1   -1    8    9    0.027230
   -1   -1    9    9    0.022955
   -1   -1   10    9    0.247103
   -1   -1   11    9   -0.001102
   -1   -1   12    9   -0.219622
   -1   -1   13    9    0.035960
   -1   -1   14    9   -0.041175
   -1   -1   15    9    0.265535
   -1   -1   16    9   -0.014043
   -1   -1   17    9   -0.062600
   -1   -1   18    9   -0.084255
   -1   -1    1   10    0.087008
   -1   -1    2   10   -0.009957
   -1   -1    3   10    0.017870
   -1   -1    4   10    0.066562
   -1   -1    5   10   -0.003780
   -1   -1    6   10    0.048517
   -1   -1    7   10    0.024858
   -1   -1    8   10    0.003190
   -1   -1    9   10    0.028520
   -1   -1   10   10    0.107585
   -1   -1   11   10    0.000620
   -1   -1   12   10    0.059680
   -1   -1   13   10   -0.009735
   -1   -1   14   10   -0.017435
   -1   -1   15   10    0.042973
   -1   -1   16   10   -0.022345
   -1   -1   17   10   -0.034313
   -1   -1   18   10    0.062177
   -1   -1    1   11    0.011743
   -1   -1    2   11   -0.004032
   -1   -1    3   11    0.003255
   -1   -1    4   11    0.013405
   -1   -1    5   11   -0.002240
   -1   -1    6   11   -0.024477
   -1   -1    7   11   -0.004498
   -1   -1    8   11   -0.000042
   -1   -1    9   11   -0.001090
   -1   -1   10   11    0.001595
   -1   -1   11   11   -0.002792
   -1   -1   12   11    0.008110
   -1   -1   13   11    0.023050
   -1   -1   14   11    0.012227
   -1   -1   15   11    0.019545
   -1   -1   16   11    0.013412
   -1   -1   17   11   -0.005490
   -1   -1   18   11   -0.024592
   -1   -1    1   12   -0.031150
   -1   -1    2   12   -0.000520
   -1   -1    3   12    0.009977
   -1   -1    4   12   -0.015368
   -1   -1    5   12    0.004860
   -1   -1    6   12    0.007585
   -1   -1    7   12   -0.028882
   -1   -1    8   12    0.003192
   -1   -1    9   12    0.023660
   -1   -1   10   12    0.007470
   -1   -1   11   12   -0.031807
   -1   -1   12   12   -0.055520
   -1   -1   13   12    0.018220
   -1   -1   14   12   -0.008975
   -1   -1   15   12    0.041785
   -1   -1   16   12    0.036562
   -1   -1   17   12   -0.000575
   -1   -1   18   12    0.002965
   -1   -1    1   13   -0.008180
   -1   -1    2   13    0.019870
   -1   -1    3   13   -0.003793
   -1   -1    4   13   -0.058385
   -1   -1    5   13    0.011835
   -1   -1    6   13   -0.042660
   -1   -1    7   13   -0.049935
   -1   -1    8   13    0.002385
   -1   -1    9   13    0.042903
   -1   -1   10   13    0.018307
   -1   -1   11   13    0.057590
   -1   -1   12   13   -1.009955
   -1   -1   13   13    0.014860
   -1   -1   14   13    0.003005
   -1   -1   15   13   -0.347307
   -1   -1   16   13    0.095135
   -1   -1   17   13    0.031970
   -1   -1   18   13   -0.000457
   -1   -1    1   14   -0.017412
   -1   -1    2   14    0.003030
   -1   -1    3   14   -0.007915
   -1   -1    4   14   -0.018440
   -1   -1    5   14   -0.001255
   -1   -1    6   14   -0.006880
   -1   -1    7   14   -0.009102
   -1   -1    8   14   -0.000417
   -1   -1    9   14    0.001000
   -1   -1   10   14   -0.002537
   -1   -1   11   14    0.003165
   -1   -1   12   14   -0.008267
   -1   -1   13   14    0.011130
   -1   -1   14   14   -0.002495
   -1   -1   15   14   -0.009560
   -1   -1   16   14    0.001638
   -1   -1   17   14   -0.001290
   -1   -1   18   14   -0.001077
   -1   -1    1   15    0.003198
   -1   -1    2   15   -0.017715
   -1   -1    3   15   -0.016108
   -1   -1    4   15   -0.007665
   -1   -1    5   15    0.003503
   -1   -1    6   15    0.181913
   -1   -1    7   15    0.075330
   -1   -1    8   15   -0.005235
   -1   -1    9   15   -0.019235
   -1   -1   10   15   -0.000872
   -1   -1   11   15    0.024360
   -1   -1   12   15   -0.221800
   -1   -1   13   15   -0.149980
   -1   -1   14   15   -0.023270
   -1   -1   15   15   -0.119537
   -1   -1   16   15   -0.054727
   -1   -1   17   15    0.013805
   -1   -1   18   15    0.131927
   -1   -1    1   16   -0.171728
   -1   -1    2   16    0.018070
   -1   -1    3   16   -0.025527
   -1   -1    4   16   -0.253537
   -1   -1    5   16   -0.028070
   -1   -1    6   16   -0.053343
   -1   -1    7   16   -0.044478
   -1   -1    8   16    0.018862
   -1   -1    9   16   -0.041920
   -1   -1   10   16   -0.164137
   -1   -1   11   16   -0.020710
   -1   -1   12   16   -0.053732
   -1   -1   13   16    0.007952
   -1   -1   14   16   -0.007238
   -1   -1   15   16    0.212950
   -1   -1   16   16    0.137380
   -1   -1   17   16   -0.007105
   -1   -1   18   16   -0.032805
   -1   -1    1   17    0.019530
   -1   -1    2   17   -0.020088
   -1   -1    3   17   -0.006692
   -1   -1    4   17    0.024065
   -1   -1    5   17    0.002975
   -1   -1    6   17    0.000367
   -1   -1    7   17    0.010497
   -1   -1    8   17   -0.002900
   -1   -1    9   17   -0.012090
   -1   -1   10   17    0.028008
   -1   -1   11   17    0.089920
   -1   -1   12   17    0.006212
   -1   -1   13   17    0.010092
   -1   -1   14   17    0.009423
   -1   -1   15   17   -0.057618
   -1   -1   16   17   -0.001463
   -1   -1   17   17    0.005410
   -1   -1   18   17    0.007940
   -1   -1    1   18    0.006595
   -1   -1    2   18   -0.012480
   -1   -1    3   18    0.038222
   -1   -1    4   18    0.054860
   -1   -1    5   18    0.003473
   -1   -1    6   18   -0.016667
   -1   -1    7   18   -0.001510
   -1   -1    8   18   -0.004905
   -1   -1    9   18    0.005530
   -1   -1   10   18    0.067007
   -1   -1   11   18   -0.014592
   -1   -1   12   18   -0.335645
   -1   -1   13   18    0.056793
   -1   -1   14   18    0.003997
   -1   -1   15   18    0.115310
   -1   -1   16   18    0.040920
   -1   -1   17   18   -0.004280
   -1   -1   18   18   -0.112315
    0   -1    1    1    0.071212
    0   -1    2    1    0.043727
    0   -1    3    1    0.082257
    0   -1    4    1    0.204637
    0   -1    5    1    0.010672
    0   -1    6    1   -0.074132
    0   -1    7    1    0.066382
    0   -1    8    1   -0.002975
    0   -1    9    1    0.120440
    0   -1   10    1    0.315307
    0   -1   11    1    0.032390
    0   -1   12    1    1.754487
    0   -1   13    1    0.018840
    0   -1   14    1   -0.006565
    0   -1   15    1    0.490890
    0   -1   16    1    0.920185
    0   -1   17    1   -0.016797
    0   -1   18    1    0.310963
    0   -1    1    2    0.000655
    0   -1    2    2   -0.002637
    0   -1    3    2   -0.003345
    0   -1    4    2   -0.010415
    0   -1    5    2   -0.000107
    0   -1    6    2   -0.016133
    0   -1    7    2    0.025207
    0   -1    8    2   -0.000330
    0   -1    9    2    0.019805
    0   -1   10    2    0.011602
    0   -1   11    2    0.008295
    0   -1   12    2    0.011862
    0   -1   13    2   -0.067380
    0   -1   14    2   -0.005327
    0   -1   15    2   -0.091492
    0   -1   16    2   -0.029917
    0   -1   17    2   -0.006340
    0   -1   18    2    0.005100
    0   -1    1    3   -0.017697
    0   -1    2    3   -0.061532
    0   -1    3    3   -0.034800
    0   -1    4    3   -0.030038
    0   -1    5    3   -0.001257
    0   -1    6    3    0.047812
    0   -1    7    3    0.046220
    0   -1    8    3    0.000655
    0   -1    9    3    0.024008
    0   -1   10    3    0.191155
    0   -1   11    3   -0.109877
    0   -1   12    3    1.640662
    0   -1   13    3    0.137172
    0   -1   14    3   -0.014802
    0   -1   15    3   -0.066535
    0   -1   16    3    0.055032
    0   -1   17    3    0.006647
    0   -1   18    3   -0.886967
    0   -1    1    4    0.054955
    0   -1    2    4   -0.018110
    0   -1    3    4   -0.030560
    0   -1    4    4    0.061115
    0   -1    5    4    0.009615
    0   -1    6    4    0.082285
    0   -1    7    4    0.047227
    0   -1    8    4   -0.006588
    0   -1    9    4   -0.026357
    0   -1   10    4    0.069285
    0   -1   11    4   -0.025933
    0   -1   12    4   -1.728040
    0   -1   13    4    0.035617
    0   -1   14    4   -0.023542
    0   -1   15    4    0.139478
    0   -1   16    4   -0.072170
    0   -1   17    4   -0.019582
    0   -1   18    4   -0.131557
    0   -1    1    5   -0.000528
    0   -1    2    5    0.001218
    0   -1    3    5   -0.003730
    0   -1    4    5    0.002518
    0   -1    5    5   -0.000570
    0   -1    6    5    0.015120
    0   -1    7    5    0.000828
    0   -1    8    5   -0.000755
    0   -1    9    5    0.004513
    0   -1   10    5    0.006672
    0   -1   11    5    0.012927
    0   -1   12    5   -0.059440
    0   -1   13    5    0.096460
    0   -1   14    5   -0.006305
    0   -1   15    5   -0.044872
    0   -1   16    5   -0.019437
    0   -1   17    5   -0.011970
    0   -1   18    5   -0.000887
    0   -1    1    6    0.016310
    0   -1    2    6    0.002107
    0   -1    3    6    0.021120
    0   -1    4    6    0.005690
    0   -1    5    6   -0.006443
    0   -1    6    6    0.035617
    0   -1    7    6   -0.045647
    0   -1    8    6   -0.003778
    0   -1    9    6   -0.010903
    0   -1   10    6    0.008983
    0   -1   11    6   -0.012305
    0   -1   12    6   -0.259600
    0   -1   13    6   -0.024917
    0   -1   14    6   -0.009802
    0   -1   15    6    0.249018
    0   -1   16    6    0.009445
    0   -1   17    6    0.004417
    0   -1   18    6    0.043643
    0   -1    1    7    0.011037
    0   -1    2    7    0.018087
    0   -1    3    7    0.006350
    0   -1    4    7    0.012710
    0   -1    5    7   -0.002095
    0   -1    6    7    0.085550
    0   -1    7    7   -0.040047
    0   -1    8    7   -0.003680
    0   -1    9    7   -0.076870
    0   -1   10    7    0.011272
    0   -1   11    7   -0.047247
    0   -1   12    7   -0.410435
    0   -1   13    7    0.125238
    0   -1   14    7   -0.001138
    0   -1   15    7    0.084872
    0   -1   16    7   -0.052235
    0   -1   17    7    0.045860
    0   -1   18    7   -0.008093
    0   -1    1    8    0.006405
    0   -1    2    8    0.045795
    0   -1    3    8   -0.000108
    0   -1    4    8    0.012327
    0   -1    5    8    0.014142
    0   -1    6    8    0.065662
    0   -1    7    8   -0.015607
    0   -1    8    8    0.005115
    0   -1    9    8    0.001603
    0   -1   10    8    0.116652
    0   -1   11    8   -0.087048
    0   -1   12    8   -0.172437
    0   -1   13    8    0.099157
    0   -1   14    8    0.024567
    0   -1   15    8   -0.113265
    0   -1   16    8   -0.197840
    0   -1   17    8    0.001905
    0   -1   18    8   -0.016335
    0   -1    1    9    0.001195
    0   -1    2    9    0.003020
    0   -1    3    9   -0.015132
    0   -1    4    9    0.262730
    0   -1    5    9   -0.001793
    0   -1    6    9   -0.087202
    0   -1    7    9    0.003772
    0   -1    8    9    0.001355
    0   -1    9    9    0.023810
    0   -1   10    9    0.093275
    0   -1   11    9    0.045322
    0   -1   12    9   -0.192780
    0   -1   13    9    0.240370
    0   -1   14    9   -0.005925
    0   -1   15    9   -0.622267
    0   -1   16    9    0.025165
    0   -1   17    9   -0.012805
    0   -1   18    9    0.020510
    0   -1    1   10    0.081445
    0   -1    2   10   -0.003442
    0   -1    3   10    0.015128
    0   -1    4   10    0.050452
    0   -1    5   10    0.019032
    0   -1    6   10    0.104062
    0   -1    7   10    0.048197
    0   -1    8   10   -0.003662
    0   -1    9   10    0.018742
    0   -1   10   10    0.085180
    0   -1   11   10    0.055743
    0   -1   12   10    0.109187
    0   -1   13   10    0.173830
    0   -1   14   10   -0.015250
    0   -1   15   10    0.224090
    0   -1   16   10   -0.083300
    0   -1   17   10   -0.013550
    0   -1   18   10    0.059027
    0   -1    1   11    0.004197
    0   -1    2   11   -0.000102
    0   -1    3   11    0.001292
    0   -1    4   11   -0.006267
    0   -1    5   11   -0.001215
    0   -1    6   11    0.003645
    0   -1    7   11    0.008597
    0   -1    8   11   -0.000147
    0   -1    9   11    0.002128
    0   -1   10   11    0.003197
    0   -1   11   11    0.001380
    0   -1   12   11   -0.063545
    0   -1   13   11   -0.002102
    0   -1   14   11   -0.001913
    0   -1   15   11   -0.024850
    0   -1   16   11   -0.015195
    0   -1   17   11   -0.000487
    0   -1   18   11   -0.001620
    0   -1    1   12    0.003832
    0   -1    2   12   -0.001177
    0   -1    3   12   -0.000178
    0   -1    4   12    0.025235
    0   -1    5   12   -0.002047
    0   -1    6   12    0.005295
    0   -1    7   12    0.034182
    0   -1    8   12   -0.001855
    0   -1    9   12    0.014090
    0   -1   10   12    0.025898
    0   -1   11   12    0.005625
    0   -1   12   12    0.024907
    0   -1   13   12   -0.062170
    0   -1   14   12   -0.005370
    0   -1   15   12   -0.038177
    0   -1   16   12   -0.016727
    0   -1   17   12    0.000313
    0   -1   18   12   -0.000058
    0   -1    1   13   -0.007625
    0   -1    2   13    0.037047
    0   -1    3   13   -0.010452
    0   -1    4   13    0.034665
    0   -1    5   13    0.012535
    0   -1    6   13   -0.002845
    0   -1    7   13   -0.013117
    0   -1    8   13    0.005817
    0   -1    9   13    0.018575
    0   -1   10   13   -0.009797
    0   -1   11   13   -0.014845
    0   -1   12   13   -0.005630
    0   -1   13   13   -0.057498
    0   -1   14   13    0.016025
    0   -1   15   13    0.201097
    0   -1   16   13    0.040115
    0   -1   17   13   -0.019767
    0   -1   18   13   -0.001550
    0   -1    1   14   -0.008455
    0   -1    2   14   -0.001737
    0   -1    3   14   -0.001493
    0   -1    4   14   -0.004042
    0   -1    5   14   -0.003145
    0   -1    6   14    0.004940
    0   -1    7   14    0.007557
    0   -1    8   14   -0.000057
    0   -1    9   14   -0.006880
    0   -1   10   14   -0.012215
    0   -1   11   14    0.004655
    0   -1   12   14    0.235335
    0   -1   13   14    0.016565
    0   -1   14   14    0.001252
    0   -1   15   14    0.045343
    0   -1   16   14    0.008067
    0   -1   17   14    0.000140
    0   -1   18   14    0.012612
    0   -1    1   15   -0.017867
    0   -1    2   15   -0.003138
    0   -1    3   15   -0.005852
    0   -1    4   15    0.013835
    0   -1    5   15    0.001725
    0   -1    6   15   -0.005360
    0   -1    7   15    0.009000
    0   -1    8   15    0.000730
    0   -1    9   15    0.006862
    0   -1   10   15    0.006358
    0   -1   11   15   -0.002697
    0   -1   12   15    0.255252
    0   -1   13   15   -0.066137
    0   -1   14   15    0.002702
    0   -1   15   15   -0.102245
    0   -1   16   15    0.003540
    0   -1   17   15   -0.000380
    0   -1   18   15    0.034155
    0   -1    1   16   -0.021930
    0   -1    2   16   -0.038332
    0   -1    3   16   -0.007525
    0   -1    4   16    0.009615
    0   -1    5   16   -0.011780
    0   -1    6   16    0.014297
    0   -1    7   16    0.028575
    0   -1    8   16    0.000145
    0   -1    9   16   -0.023312
    0   -1   10   16   -0.020755
    0   -1   11   16    0.090125
    0   -1   12   16    0.313525
    0   -1   13   16    0.258992
    0   -1   14   16    0.001085
    0   -1   15   16    0.153455
    0   -1   16   16    0.143380
    0   -1   17   16   -0.010110
    0   -1   18   16   -0.035325
    0   -1    1   17    0.003930
    0   -1    2   17    0.005817
    0   -1    3   17    0.013745
    0   -1    4   17    0.017627
    0   -1    5   17   -0.008223
    0   -1    6   17   -0.010670
    0   -1    7   17   -0.006092
    0   -1    8   17   -0.002390
    0   -1    9   17   -0.005795
    0   -1   10   17   -0.008182
    0   -1   11   17   -0.052187
    0   -1   12   17   -0.244718
    0   -1   13   17   -0.044905
    0   -1   14   17   -0.016490
    0   -1   15   17   -0.062997
    0   -1   16   17   -0.019412
    0   -1   17   17   -0.009325
    0   -1   18   17    0.137685
    0   -1    1   18    0.054573
    0   -1    2   18   -0.006052
    0   -1    3   18   -0.027425
    0   -1    4   18   -0.046457
    0   -1    5   18    0.001317
    0   -1    6   18    0.060473
    0   -1    7   18    0.003260
    0   -1    8   18   -0.005598
    0   -1    9   18    0.011180
    0   -1   10   18   -0.035027
    0   -1   11   18   -0.034592
    0   -1   12   18   -0.028160
    0   -1   13   18   -0.070945
    0   -1   14   18   -0.011702
    0   -1   15   18    1.560065
    0   -1   16   18   -0.047075
    0   -1   17   18   -0.004842
    0   -1   18   18   -0.015608
    1   -1    1    1   -0.005570
    1   -1    2    1    0.005890
    1   -1    3    1   -0.005958
    1   -1    4    1   -0.030873
    1   -1    5    1   -0.002405
    1   -1    6    1   -0.067748
    1   -1    7    1   -0.009190
    1   -1    8    1    0.000115
    1   -1    9    1    0.001682
    1   -1   10    1   -0.005077
    1   -1   11    1    0.001762
    1   -1   12    1   -0.037888
    1   -1   13    1   -0.036805
    1   -1   14    1    0.003255
    1   -1   15    1   -0.135055
    1   -1   16    1    0.015635
    1   -1   17    1    0.000730
    1   -1   18    1   -0.029077
    1   -1    1    2   -0.001560
    1   -1    2    2    0.000517
    1   -1    3    2    0.000775
    1   -1    4    2   -0.005723
    1   -1    5    2   -0.000857
    1   -1    6    2   -0.006107
    1   -1    7    2   -0.003440
    1   -1    8    2    0.000250
    1   -1    9    2    0.008492
    1   -1   10    2    0.000555
    1   -1   11    2   -0.000622
    1   -1   12    2    0.004195
    1   -1   13    2   -0.001750
    1   -1   14    2    0.000357
    1   -1   15    2   -0.003320
    1   -1   16    2    0.006292
    1   -1   17    2   -0.000067
    1   -1   18    2    0.003570
    1   -1    1    3    0.000645
    1   -1    2    3   -0.007152
    1   -1    3    3   -0.000250
    1   -1    4    3    0.003495
    1   -1    5    3    0.000685
    1   -1    6    3    0.029038
    1   -1    7    3    0.009710
    1   -1    8    3    0.001465
    1   -1    9    3   -0.002698
    1   -1   10    3   -0.007787
    1   -1   11    3    0.000103
    1   -1   12    3   -0.021458
    1   -1   13    3    0.005933
    1   -1   14    3    0.001237
    1   -1   15    3    0.026642
    1   -1   16    3   -0.002927
    1   -1   17    3    0.000075
    1   -1   18    3   -0.012512
    1   -1    1    4   -0.000878
    1   -1    2    4    0.000215
    1   -1    3    4    0.000925
    1   -1    4    4   -0.006578
    1   -1    5    4    0.002805
    1   -1    6    4    0.025535
    1   -1    7    4    0.006258
    1   -1    8    4    0.002035
    1   -1    9    4    0.018865
    1   -1   10    4    0.004300
    1   -1   11    4    0.004410
    1   -1   12    4   -0.015077
    1   -1   13    4    0.014708
    1   -1   14    4   -0.001065
    1   -1   15    4    0.018710
    1   -1   16    4   -0.019115
    1   -1   17    4   -0.001820
    1   -1   18    4    0.005262
    1   -1    1    5   -0.001107
    1   -1    2    5   -0.000997
    1   -1    3    5    0.000337
    1   -1    4    5   -0.003605
    1   -1    5    5   -0.000310
    1   -1    6    5   -0.000770
    1   -1    7    5   -0.002845
    1   -1    8    5    0.000258
    1   -1    9    5    0.001460
    1   -1   10    5   -0.003377
    1   -1   11    5   -0.000862
    1   -1   12    5    0.002485
    1   -1   13    5    0.001233
    1   -1   14    5    0.000067
    1   -1   15    5    0.003525
    1   -1   16    5   -0.000017
    1   -1   17    5    0.000860
    1   -1   18    5    0.000587
    1   -1    1    6   -0.006318
    1   -1    2    6   -0.000252
    1   -1    3    6   -0.002142
    1   -1    4    6    0.005248
    1   -1    5    6    0.001857
    1   -1    6    6    0.005085
    1   -1    7    6    0.001637
    1   -1    8    6   -0.000757
    1   -1    9    6   -0.014072
    1   -1   10    6   -0.005365
    1   -1   11    6   -0.000610
    1   -1   12    6    0.018037
    1   -1   13    6   -0.006430
    1   -1   14    6   -0.001387
    1   -1   15    6   -0.000365
    1   -1   16    6   -0.017375
    1   -1   17    6   -0.000960
    1   -1   18    6    0.005822
    1   -1    1    7   -0.001485
    1   -1    2    7   -0.001780
    1   -1    3    7   -0.004070
    1   -1    4    7    0.010942
    1   -1    5    7    0.000227
    1   -1    6    7   -0.006410
    1   -1    7    7    0.003275
    1   -1    8    7   -0.000630
    1   -1    9    7   -0.017697
    1   -1   10    7   -0.007452
    1   -1   11    7   -0.001337
    1   -1   12    7    0.034205
    1   -1   13    7   -0.011645
    1   -1   14    7    0.000905
    1   -1   15    7   -0.002430
    1   -1   16    7   -0.004367
    1   -1   17    7   -0.004055
    1   -1   18    7   -0.004615
    1   -1    1    8   -0.000307
    1   -1    2    8    0.002602
    1   -1    3    8   -0.001090
    1   -1    4    8    0.006690
    1   -1    5    8    0.000685
    1   -1    6    8    0.010865
    1   -1    7    8   -0.003387
    1   -1    8    8   -0.000117
    1   -1    9    8   -0.002787
    1   -1   10    8   -0.000130
    1   -1   11    8    0.001175
    1   -1   12    8   -0.038712
    1   -1   13    8   -0.000158
    1   -1   14    8    0.000505
    1   -1   15    8    0.004305
    1   -1   16    8    0.002562
    1   -1   17    8    0.004012
    1   -1   18    8    0.002200
    1   -1    1    9    0.000295
    1   -1    2    9   -0.002572
    1   -1    3    9   -0.001792
    1   -1    4    9    0.007225
    1   -1    5    9   -0.001133
    1   -1    6    9    0.000258
    1   -1    7    9    0.005367
    1   -1    8    9   -0.000055
    1   -1    9    9   -0.003728
    1   -1   10    9   -0.003033
    1   -1   11    9   -0.001315
    1   -1   12    9   -0.010445
    1   -1   13    9    0.000972
    1   -1   14    9   -0.000185
    1   -1   15    9   -0.018280
    1   -1   16    9    0.001120
    1   -1   17    9    0.003023
    1   -1   18    9    0.000017
    1   -1    1   10   -0.011785
    1   -1    2   10   -0.002102
    1   -1    3   10    0.002510
    1   -1    4   10   -0.016835
    1   -1    5   10    0.001165
    1   -1    6   10    0.008367
    1   -1    7   10    0.013365
    1   -1    8   10    0.000283
    1   -1    9   10    0.008242
    1   -1   10   10   -0.011275
    1   -1   11   10    0.004355
    1   -1   12   10    0.013750
    1   -1   13   10    0.036892
    1   -1   14   10   -0.000370
    1   -1   15   10    0.016625
    1   -1   16   10    0.002938
    1   -1   17   10   -0.000755
    1   -1   18   10   -0.010107
    1   -1    1   11   -0.001625
    1   -1    2   11    0.000432
    1   -1    3   11    0.000052
    1   -1    4   11   -0.000610
    1   -1    5   11   -0.000202
    1   -1    6   11   -0.003322
    1   -1    7   11   -0.001553
    1   -1    8   11   -0.000087
    1   -1    9   11    0.001362
    1   -1   10   11   -0.000815
    1   -1   11   11   -0.000525
    1   -1   12   11    0.004562
    1   -1   13   11   -0.001967
    1   -1   14   11    0.000120
    1   -1   15   11   -0.000660
    1   -1   16   11    0.001362
    1   -1   17   11    0.000030
    1   -1   18   11    0.002220
    1   -1    1   12   -0.003288
    1   -1    2   12    0.000752
    1   -1    3   12    0.001227
    1   -1    4   12   -0.015010
    1   -1    5   12   -0.000027
    1   -1    6   12   -0.010315
    1   -1    7   12   -0.005725
    1   -1    8   12   -0.000177
    1   -1    9   12    0.013532
    1   -1   10   12    0.001405
    1   -1   11   12    0.000208
    1   -1   12   12    0.029415
    1   -1   13   12    0.007775
    1   -1   14   12    0.000590
    1   -1   15   12   -0.005862
    1   -1   16   12    0.002648
    1   -1   17   12   -0.004700
    1   -1   18   12    0.011458
    1   -1    1   13   -0.001405
    1   -1    2   13   -0.001910
    1   -1    3   13   -0.005112
    1   -1    4   13    0.000348
    1   -1    5   13   -0.001530
    1   -1    6   13    0.005750
    1   -1    7   13    0.000673
    1   -1    8   13    0.000975
    1   -1    9   13   -0.001325
    1   -1   10   13    0.000930
    1   -1   11   13    0.000567
    1   -1   12   13   -0.042995
    1   -1   13   13    0.011952
    1   -1   14   13   -0.001208
    1   -1   15   13    0.019238
    1   -1   16   13    0.000740
    1   -1   17   13    0.006590
    1   -1   18   13   -0.003322
    1   -1    1   14    0.002130
    1   -1    2   14   -0.000795
    1   -1    3   14   -0.000335
    1   -1    4   14   -0.003265
    1   -1    5   14   -0.000403
    1   -1    6   14    0.001612
    1   -1    7   14   -0.002565
    1   -1    8   14    0.000000
    1   -1    9   14   -0.004285
    1   -1   10   14   -0.002882
    1   -1   11   14   -0.000085
    1   -1   12   14   -0.004962
    1   -1   13   14    0.004100
    1   -1   14   14    0.000195
    1   -1   15   14   -0.002350
    1   -1   16   14    0.001208
    1   -1   17   14    0.000220
    1   -1   18   14    0.000575
    1   -1    1   15    0.001280
    1   -1    2   15    0.001720
    1   -1    3   15    0.001695
    1   -1    4   15    0.001493
    1   -1    5   15   -0.000152
    1   -1    6   15    0.003090
    1   -1    7   15    0.001552
    1   -1    8   15    0.000910
    1   -1    9   15    0.000160
    1   -1   10   15    0.000645
    1   -1   11   15    0.001407
    1   -1   12   15   -0.015590
    1   -1   13   15    0.001360
    1   -1   14   15   -0.000867
    1   -1   15   15   -0.007010
    1   -1   16   15   -0.003448
    1   -1   17   15   -0.001440
    1   -1   18   15   -0.000305
    1   -1    1   16    0.012690
    1   -1    2   16   -0.001283
    1   -1    3   16    0.000795
    1   -1    4   16    0.005573
    1   -1    5   16    0.002152
    1   -1    6   16    0.032675
    1   -1    7   16    0.013612
    1   -1    8   16   -0.000472
    1   -1    9   16   -0.003075
    1   -1   10   16    0.011938
    1   -1   11   16    0.004038
    1   -1   12   16   -0.043380
    1   -1   13   16    0.001820
    1   -1   14   16   -0.002582
    1   -1   15   16    0.012120
    1   -1   16   16   -0.015632
    1   -1   17   16    0.005487
    1   -1   18   16    0.003775
    1   -1    1   17    0.000832
    1   -1    2   17   -0.000132
    1   -1    3   17    0.000660
    1   -1    4   17    0.007362
    1   -1    5   17   -0.001575
    1   -1    6   17   -0.011105
    1   -1    7   17   -0.004640
    1   -1    8   17   -0.000140
    1   -1    9   17   -0.005955
    1   -1   10   17    0.003282
    1   -1   11   17   -0.002115
    1   -1   12   17    0.002515
    1   -1   13   17   -0.011737
    1   -1   14   17   -0.000317
    1   -1   15   17   -0.003342
    1   -1   16   17   -0.004695
    1   -1   17   17    0.000185
    1   -1   18   17   -0.001815
    1   -1    1   18   -0.011227
    1   -1    2   18    0.007575
    1   -1    3   18    0.000585
    1   -1    4   18   -0.036840
    1   -1    5   18    0.002125
    1   -1    6   18   -0.025955
    1   -1    7   18    0.005640
    1   -1    8   18    0.000987
    1   -1    9   18    0.023895
    1   -1   10   18   -0.000002
    1   -1   11   18    0.001550
    1   -1   12   18    0.051582
    1   -1   13   18   -0.019267
    1   -1   14   18   -0.000790
    1   -1   15   18   -0.047530
    1   -1   16   18   -0.011092
    1   -1   17   18   -0.004250
    1   -1   18   18    0.016200
   -1    0    1    1    0.261890
   -1    0    2    1   -0.003672
   -1    0    3    1   -0.104188
   -1    0    4    1    0.078945
   -1    0    5    1    0.004298
   -1    0    6    1    0.021712
   -1    0    7    1    0.019395
   -1    0    8    1    0.043330
   -1    0    9    1    0.013265
   -1    0   10    1    0.001853
   -1    0   11    1   -0.006007
   -1    0   12    1   -0.008023
   -1    0   13    1   -0.005912
   -1    0   14    1    0.010740
   -1    0   15    1    0.017600
   -1    0   16    1   -0.009242
   -1    0   17    1    0.047880
   -1    0   18    1    0.088722
   -1    0    1    2    0.098205
   -1    0    2    2   -0.040572
   -1    0    3    2   -0.464180
   -1    0    4    2    0.176327
   -1    0    5    2   -0.062157
   -1    0    6    2   -0.026830
   -1    0    7    2   -0.047575
   -1    0    8    2   -0.208800
   -1    0    9    2   -0.019657
   -1    0   10    2   -0.121290
   -1    0   11    2   -0.009155
   -1    0   12    2   -0.015820
   -1    0   13    2    0.026760
   -1    0   14    2   -0.003805
   -1    0   15    2   -0.007565
   -1    0   16    2    0.144850
   -1    0   17    2   -2.001235
   -1    0   18    2   -0.059550
   -1    0    1    3    0.062378
   -1    0    2    3    0.006000
   -1    0    3    3   -0.048835
   -1    0    4    3   -0.029232
   -1    0    5    3   -0.002713
   -1    0    6    3   -0.015137
   -1    0    7    3    0.004927
   -1    0    8    3    0.012190
   -1    0    9    3    0.047790
   -1    0   10    3    0.010695
   -1    0   11    3    0.000077
   -1    0   12    3    0.002160
   -1    0   13    3   -0.033355
   -1    0   14    3   -0.005495
   -1    0   15    3    0.004940
   -1    0   16    3   -0.007193
   -1    0   17    3    0.025122
   -1    0   18    3    0.123485
   -1    0    1    4   -1.400670
   -1    0    2    4   -0.018852
   -1    0    3    4   -2.282910
   -1    0    4    4   -0.271210
   -1    0    5    4    0.040885
   -1    0    6    4    0.350552
   -1    0    7    4    0.020520
   -1    0    8    4    0.271567
   -1    0    9    4   -0.019375
   -1    0   10    4    0.179410
   -1    0   11    4   -0.019685
   -1    0   12    4    0.019727
   -1    0   13    4    0.219225
   -1    0   14    4    0.038480
   -1    0   15    4   -0.122162
   -1    0   16    4   -0.198780
   -1    0   17    4    0.052710
   -1    0   18    4    0.997213
   -1    0    1    5    0.062790
   -1    0    2    5   -0.003825
   -1    0    3    5   -0.094892
   -1    0    4    5   -0.009025
   -1    0    5    5   -0.014800
   -1    0    6    5   -0.023190
   -1    0    7    5   -0.018015
   -1    0    8    5   -0.101075
   -1    0    9    5   -0.013902
   -1    0   10    5    0.222068
   -1    0   11    5   -0.006517
   -1    0   12    5   -0.001077
   -1    0   13    5    0.011840
   -1    0   14    5   -0.014080
   -1    0   15    5    0.004110
   -1    0   16    5    0.034705
   -1    0   17    5   -0.033692
   -1    0   18    5   -0.018485
   -1    0    1    6    1.884027
   -1    0    2    6    0.012168
   -1    0    3    6    1.086245
   -1    0    4    6    0.532022
   -1    0    5    6    0.317530
   -1    0    6    6    0.374680
   -1    0    7    6   -0.001072
   -1    0    8    6   -0.475262
   -1    0    9    6    0.174412
   -1    0   10    6    0.923363
   -1    0   11    6    0.026588
   -1    0   12    6    0.111902
   -1    0   13    6    0.157927
   -1    0   14    6    0.454420
   -1    0   15    6   -0.075100
   -1    0   16    6    0.304780
   -1    0   17    6    0.035608
   -1    0   18    6    0.708242
   -1    0    1    7    0.787722
   -1    0    2    7   -0.006637
   -1    0    3    7    0.927860
   -1    0    4    7   -0.204115
   -1    0    5    7    0.128265
   -1    0    6    7   -0.017162
   -1    0    7    7    0.156590
   -1    0    8    7   -0.389195
   -1    0    9    7    0.025375
   -1    0   10    7    0.236862
   -1    0   11    7   -0.001075
   -1    0   12    7    0.076485
   -1    0   13    7   -0.110415
   -1    0   14    7    0.198217
   -1    0   15    7    0.028433
   -1    0   16    7    0.012642
   -1    0   17    7   -0.019810
   -1    0   18    7   -0.160367
   -1    0    1    8    0.012692
   -1    0    2    8   -0.001078
   -1    0    3    8    0.015935
   -1    0    4    8    0.014505
   -1    0    5    8    0.002837
   -1    0    6    8   -0.005752
   -1    0    7    8   -0.001915
   -1    0    8    8   -0.011615
   -1    0    9    8    0.002965
   -1    0   10    8    0.004057
   -1    0   11    8   -0.000592
   -1    0   12    8    0.001195
   -1    0   13    8    0.001190
   -1    0   14    8   -0.000552
   -1    0   15    8    0.001133
   -1    0   16    8   -0.006055
   -1    0   17    8   -0.003477
   -1    0   18    8    0.004710
   -1    0    1    9    0.239625
   -1    0    2    9    0.000555
   -1    0    3    9   -0.493233
   -1    0    4    9    0.200182
   -1    0    5    9   -0.065943
   -1    0    6    9   -0.102940
   -1    0    7    9   -0.013535
   -1    0    8    9   -0.092170
   -1    0    9    9    0.161097
   -1    0   10    9    0.109402
   -1    0   11    9    0.005857
   -1    0   12    9   -0.036327
   -1    0   13    9   -0.128612
   -1    0   14    9   -0.093082
   -1    0   15    9    0.037925
   -1    0   16    9   -0.085437
   -1    0   17    9   -0.362895
   -1    0   18    9    0.173317
   -1    0    1   10    0.667947
   -1    0    2   10    0.003237
   -1    0    3   10   -0.095580
   -1    0    4   10   -0.044685
   -1    0    5   10    0.019838
   -1    0    6   10    0.107192
   -1    0    7   10    0.016207
   -1    0    8   10    0.000293
   -1    0    9   10   -0.013810
   -1    0   10   10    0.307985
   -1    0   11   10    0.010925
   -1    0   12   10   -0.012050
   -1    0   13   10   -0.029277
   -1    0   14   10    0.028188
   -1    0   15   10   -0.025237
   -1    0   16   10   -0.014912
   -1    0   17   10    0.041345
   -1    0   18   10   -0.797567
   -1    0    1   11    0.213035
   -1    0    2   11   -0.038967
   -1    0    3   11    0.157867
   -1    0    4   11    0.162595
   -1    0    5   11   -0.085117
   -1    0    6   11   -0.007715
   -1    0    7   11    0.007070
   -1    0    8   11    0.344552
   -1    0    9   11    0.001170
   -1    0   10   11   -0.108252
   -1    0   11   11   -0.010315
   -1    0   12   11    0.000485
   -1    0   13   11   -0.001182
   -1    0   14   11   -0.052015
   -1    0   15   11    0.000527
   -1    0   16   11    0.085555
   -1    0   17   11   -0.915690
   -1    0   18   11   -0.111240
   -1    0    1   12    0.485850
   -1    0    2   12    0.169562
   -1    0    3   12    0.094085
   -1    0    4   12    0.172315
   -1    0    5   12   -0.644002
   -1    0    6   12    0.050732
   -1    0    7   12   -1.428918
   -1    0    8   12   -1.065543
   -1    0    9   12   -0.794087
   -1    0   10   12    0.092930
   -1    0   11   12   -0.200860
   -1    0   12   12    0.111200
   -1    0   13   12    0.481567
   -1    0   14   12   -1.814355
   -1    0   15   12   -0.063345
   -1    0   16   12    0.189262
   -1    0   17   12   -0.041155
   -1    0   18   12    0.487810
   -1    0    1   13    1.165188
   -1    0    2   13   -0.216195
   -1    0    3   13    0.084475
   -1    0    4   13    2.717535
   -1    0    5   13    0.355710
   -1    0    6   13    0.090432
   -1    0    7   13   -0.182987
   -1    0    8   13   -1.145777
   -1    0    9   13   -0.190190
   -1    0   10   13   -2.000300
   -1    0   11   13   -0.118222
   -1    0   12   13   -0.056747
   -1    0   13   13    0.025910
   -1    0   14   13   -0.297655
   -1    0   15   13   -0.066077
   -1    0   16   13    0.546835
   -1    0   17   13    2.590170
   -1    0   18   13    0.888057
   -1    0    1   14   -0.024505
   -1    0    2   14    0.005705
   -1    0    3   14   -0.089110
   -1    0    4   14   -0.048400
   -1    0    5   14   -0.012497
   -1    0    6   14   -0.011072
   -1    0    7   14   -0.008778
   -1    0    8   14   -0.057627
   -1    0    9   14    0.003140
   -1    0   10   14    0.021558
   -1    0   11   14    0.002597
   -1    0   12   14   -0.001810
   -1    0   13   14   -0.000417
   -1    0   14   14   -0.008035
   -1    0   15   14   -0.000525
   -1    0   16   14    0.007977
   -1    0   17   14   -0.024887
   -1    0   18   14    0.000560
   -1    0    1   15   -0.375665
   -1    0    2   15   -0.006982
   -1    0    3   15   -1.093315
   -1    0    4   15    0.467440
   -1    0    5   15    0.079962
   -1    0    6   15   -0.036547
   -1    0    7   15   -0.051038
   -1    0    8   15   -0.045507
   -1    0    9   15    0.006447
   -1    0   10   15    0.131205
   -1    0   11   15   -0.016867
   -1    0   12   15    0.020170
   -1    0   13   15    0.033750
   -1    0   14   15   -0.012977
   -1    0   15   15   -0.021605
   -1    0   16   15    0.131935
   -1    0   17   15    0.225205
   -1    0   18   15    0.124758
   -1    0    1   16   -0.991240
   -1    0    2   16    0.028980
   -1    0    3   16    0.125193
   -1    0    4   16   -0.218575
   -1    0    5   16   -0.010613
   -1    0    6   16   -0.079945
   -1    0    7   16   -0.057025
   -1    0    8   16    0.218125
   -1    0    9   16    0.006135
   -1    0   10   16   -0.725195
   -1    0   11   16    0.005350
   -1    0   12   16   -0.025530
   -1    0   13   16    0.018917
   -1    0   14   16    0.071820
   -1    0   15   16    0.009047
   -1    0   16   16    0.134177
   -1    0   17   16    0.130897
   -1    0   18   16   -0.129597
   -1    0    1   17   -0.064020
   -1    0    2   17   -0.034700
   -1    0    3   17    0.055060
   -1    0    4   17    0.009412
   -1    0    5   17    0.603700
   -1    0    6   17   -0.051123
   -1    0    7   17    0.209032
   -1    0    8   17   -1.462637
   -1    0    9   17    0.131227
   -1    0   10   17    0.008795
   -1    0   11   17   -0.021433
   -1    0   12   17   -0.000175
   -1    0   13   17   -0.164585
   -1    0   14   17    1.548232
   -1    0   15   17    0.008132
   -1    0   16   17   -0.027285
   -1    0   17   17   -0.031687
   -1    0   18   17   -0.118545
   -1    0    1   18   -0.192252
   -1    0    2   18    0.012993
   -1    0    3   18    1.217295
   -1    0    4   18    0.667265
   -1    0    5   18   -0.002310
   -1    0    6   18   -0.005245
   -1    0    7   18   -0.000835
   -1    0    8   18    0.056263
   -1    0    9   18   -0.003170
   -1    0   10   18   -0.591973
   -1    0   11   18    0.010000
   -1    0   12   18   -0.005847
   -1    0   13   18   -0.050230
   -1    0   14   18   -0.004075
   -1    0   15   18   -0.050795
   -1    0   16   18   -0.008125
   -1    0   17   18   -0.104395
   -1    0   18   18   -0.009485
    0    0    1    1   -2.849492
    0    0    2    1    0.527245
    0    0    3    1   -2.808232
    0    0    4    1   -0.389117
    0    0    5    1    0.325388
    0    0    6    1    0.156410
    0    0    7    1    0.041017
    0    0    8    1    0.102855
    0    0    9    1    0.757675
    0    0   10    1   -2.502508
    0    0   11    1    0.110427
    0    0   12    1   -0.014768
    0    0   13    1   -0.042952
    0    0   14    1    0.315285
    0    0   15    1    0.727347
    0    0   16    1   -1.370038
    0    0   17    1    0.235525
    0    0   18    1    0.919995
    0    0    1    2    0.527245
    0    0    2    2   -4.099820
    0    0    3    2    0.100572
    0    0    4    2    0.535847
    0    0    5    2   -2.766637
    0    0    6    2    0.866570
    0    0    7    2   -2.796870
    0    0    8    2    0.010950
    0    0    9    2    1.286645
    0    0   10    2    0.632277
    0    0   11    2   -0.876430
    0    0   12    2    0.068507
    0    0   13    2   -3.112382
    0    0   14    2   -1.490457
    0    0   15    2   -0.136950
    0    0   16    2    2.332090
    0    0   17    2    1.560100
    0    0   18    2   -0.723307
    0    0    1    3   -2.808232
    0    0    2    3    0.100572
    0    0    3    3    1.425982
    0    0    4    3   -0.837357
    0    0    5    3   -0.326907
    0    0    6    3   -0.505375
    0    0    7    3   -0.138220
    0    0    8    3    0.444090
    0    0    9    3    0.701125
    0    0   10    3   -2.659565
    0    0   11    3   -0.030808
    0    0   12    3   -0.001940
    0    0   13    3   -0.009100
    0    0   14    3   -0.605940
    0    0   15    3    0.004160
    0    0   16    3   -0.010355
    0    0   17    3    0.190710
    0    0   18    3   -2.125732
    0    0    1    4   -0.389117
    0    0    2    4    0.535847
    0    0    3    4   -0.837357
    0    0    4    4   -2.477400
    0    0    5    4   -0.342175
    0    0    6    4    2.468173
    0    0    7    4    0.373562
    0    0    8    4    0.363047
    0    0    9    4   -1.074653
    0    0   10    4   -2.258775
    0    0   11    4    0.432452
    0    0   12    4   -0.469568
    0    0   13    4    0.964067
    0    0   14    4    0.217470
    0    0   15    4   -0.491767
    0    0   16    4   -3.679202
    0    0   17    4   -0.054705
    0    0   18    4   -1.717203
    0    0    1    5    0.325388
    0    0    2    5   -2.766637
    0    0    3    5   -0.326907
    0    0    4    5   -0.342175
    0    0    5    5   -1.131008
    0    0    6    5   -0.399380
    0    0    7    5   -0.551302
    0    0    8    5   -0.240718
    0    0    9    5    2.352500
    0    0   10    5   -0.143393
    0    0   11    5   -0.608458
    0    0   12    5    0.075100
    0    0   13    5   -0.220012
    0    0   14    5   -1.536550
    0    0   15    5   -0.168648
    0    0   16    5    0.771592
    0    0   17    5   -2.521703
    0    0   18    5    0.071818
    0    0    1    6    0.156410
    0    0    2    6    0.866570
    0    0    3    6   -0.505375
    0    0    4    6    2.468173
    0    0    5    6   -0.399380
    0    0    6    6   -8.011245
    0    0    7    6   -3.266685
    0    0    8    6   -0.160617
    0    0    9    6   -2.350382
    0    0   10    6   -1.680038
    0    0   11    6   -0.666432
    0    0   12    6   -1.499080
    0    0   13    6   -4.574912
    0    0   14    6    0.316455
    0    0   15    6    0.640142
    0    0   16    6    2.908682
    0    0   17    6   -0.280065
    0    0   18    6   -0.686657
    0    0    1    7    0.041017
    0    0    2    7   -2.796870
    0    0    3    7   -0.138220
    0    0    4    7    0.373562
    0    0    5    7   -0.551302
    0    0    6    7   -3.266685
    0    0    7    7   11.552827
    0    0    8    7   -0.090353
    0    0    9    7    6.373327
    0    0   10    7    0.946808
    0    0   11    7   -1.287327
    0    0   12    7   -1.324647
    0    0   13    7   -0.980610
    0    0   14    7   -0.279195
    0    0   15    7    0.651927
    0    0   16    7    1.735497
    0    0   17    7   -0.009060
    0    0   18    7   -0.991785
    0    0    1    8    0.102855
    0    0    2    8    0.010950
    0    0    3    8    0.444090
    0    0    4    8    0.363047
    0    0    5    8   -0.240718
    0    0    6    8   -0.160617
    0    0    7    8   -0.090353
    0    0    8    8    0.249865
    0    0    9    8   -0.026757
    0    0   10    8    0.205305
    0    0   11    8   -0.034495
    0    0   12    8    0.004945
    0    0   13    8   -0.115995
    0    0   14    8   -0.340268
    0    0   15    8    0.022907
    0    0   16    8    0.662628
    0    0   17    8    1.052860
    0    0   18    8   -0.161020
    0    0    1    9    0.757675
    0    0    2    9    1.286645
    0    0    3    9    0.701125
    0    0    4    9   -1.074653
    0    0    5    9    2.352500
    0    0    6    9   -2.350382
    0    0    7    9    6.373327
    0    0    8    9   -0.026757
    0    0    9    9   18.886155
    0    0   10    9    0.741350
    0    0   11    9   -0.253147
    0    0   12    9    0.051817
    0    0   13    9    0.390487
    0    0   14    9   -0.911597
    0    0   15    9   -0.481505
    0    0   16    9    4.708950
    0    0   17    9    0.545490
    0    0   18    9    2.029802
    0    0    1   10   -2.502508
    0    0    2   10    0.632277
    0    0    3   10   -2.659565
    0    0    4   10   -2.258775
    0    0    5   10   -0.143393
    0    0    6   10   -1.680038
    0    0    7   10    0.946808
    0    0    8   10    0.205305
    0    0    9   10    0.741350
    0    0   10   10   -2.822033
    0    0   11   10    0.645425
    0    0   12   10   -0.149188
    0    0   13   10   -0.370117
    0    0   14   10    0.503520
    0    0   15   10   -1.098187
    0    0   16   10   -1.275217
    0    0   17   10    1.559760
    0    0   18   10   -0.998548
    0    0    1   11    0.110427
    0    0    2   11   -0.876430
    0    0    3   11   -0.030808
    0    0    4   11    0.432452
    0    0    5   11   -0.608458
    0    0    6   11   -0.666432
    0    0    7   11   -1.287327
    0    0    8   11   -0.034495
    0    0    9   11   -0.253147
    0    0   10   11    0.645425
    0    0   11   11    0.022472
    0    0   12   11   -0.299447
    0    0   13   11   -1.653820
    0    0   14   11   -0.803620
    0    0   15   11   -0.946620
    0    0   16   11    1.020470
    0    0   17   11    0.464542
    0    0   18   11   -0.002028
    0    0    1   12   -0.014768
    0    0    2   12    0.068507
    0    0    3   12   -0.001940
    0    0    4   12   -0.469568
    0    0    5   12    0.075100
    0    0    6   12   -1.499080
    0    0    7   12   -1.324647
    0    0    8   12    0.004945
    0    0    9   12    0.051817
    0    0   10   12   -0.149188
    0    0   11   12   -0.299447
    0    0   12   12    8.215195
    0    0   13   12    0.792800
    0    0   14   12    0.000360
    0    0   15   12    0.912143
    0    0   16   12    0.207280
    0    0   17   12   -2.201045
    0    0   18   12   -0.724667
    0    0    1   13   -0.042952
    0    0    2   13   -3.112382
    0    0    3   13   -0.009100
    0    0    4   13    0.964067
    0    0    5   13   -0.220012
    0    0    6   13   -4.574912
    0    0    7   13   -0.980610
    0    0    8   13   -0.115995
    0    0    9   13    0.390487
    0    0   10   13   -0.370117
    0    0   11   13   -1.653820
    0    0   12   13    0.792800
    0    0   13   13   -1.542520
    0    0   14   13    0.164760
    0    0   15   13   -1.254522
    0    0   16   13    1.304767
    0    0   17   13   -1.055587
    0    0   18   13    0.296897
    0    0    1   14    0.315285
    0    0    2   14   -1.490457
    0    0    3   14   -0.605940
    0    0    4   14    0.217470
    0    0    5   14   -1.536550
    0    0    6   14    0.316455
    0    0    7   14   -0.279195
    0    0    8   14   -0.340268
    0    0    9   14   -0.911597
    0    0   10   14    0.503520
    0    0   11   14   -0.803620
    0    0   12   14    0.000360
    0    0   13   14    0.164760
    0    0   14   14   -0.671065
    0    0   15   14    0.150190
    0    0   16   14   -0.626777
    0    0   17   14   -4.224687
    0    0   18   14    0.198852
    0    0    1   15    0.727347
    0    0    2   15   -0.136950
    0    0    3   15    0.004160
    0    0    4   15   -0.491767
    0    0    5   15   -0.168648
    0    0    6   15    0.640142
    0    0    7   15    0.651927
    0    0    8   15    0.022907
    0    0    9   15   -0.481505
    0    0   10   15   -1.098187
    0    0   11   15   -0.946620
    0    0   12   15    0.912143
    0    0   13   15   -1.254522
    0    0   14   15    0.150190
    0    0   15   15    7.358837
    0    0   16   15    2.231670
    0    0   17   15    0.186050
    0    0   18   15   -2.035320
    0    0    1   16   -1.370038
    0    0    2   16    2.332090
    0    0    3   16   -0.010355
    0    0    4   16   -3.679202
    0    0    5   16    0.771592
    0    0    6   16    2.908682
    0    0    7   16    1.735497
    0    0    8   16    0.662628
    0    0    9   16    4.708950
    0    0   10   16   -1.275217
    0    0   11   16    1.020470
    0    0   12   16    0.207280
    0    0   13   16    1.304767
    0    0   14   16   -0.626777
    0    0   15   16    2.231670
    0    0   16   16   -9.851605
    0    0   17   16    1.059585
    0    0   18   16    1.032790
    0    0    1   17    0.235525
    0    0    2   17    1.560100
    0    0    3   17    0.190710
    0    0    4   17   -0.054705
    0    0    5   17   -2.521703
    0    0    6   17   -0.280065
    0    0    7   17   -0.009060
    0    0    8   17    1.052860
    0    0    9   17    0.545490
    0    0   10   17    1.559760
    0    0   11   17    0.464542
    0    0   12   17   -2.201045
    0    0   13   17   -1.055587
    0    0   14   17   -4.224687
    0    0   15   17    0.186050
    0    0   16   17    1.059585
    0    0   17   17   -1.674088
    0    0   18   17   -0.040365
    0    0    1   18    0.919995
    0    0    2   18   -0.723307
    0    0    3   18   -2.125732
    0    0    4   18   -1.717203
    0    0    5   18    0.071818
    0    0    6   18   -0.686657
    0    0    7   18   -0.991785
    0    0    8   18   -0.161020
    0    0    9   18    2.029802
    0    0   10   18   -0.998548
    0    0   11   18   -0.002028
    0    0   12   18   -0.724667
    0    0   13   18    0.296897
    0    0   14   18    0.198852
    0    0   15   18   -2.035320
    0    0   16   18    1.032790
    0    0   17   18   -0.040365
    0    0   18   18    2.964582
    1    0    1    1    0.261890
    1    0    2    1    0.098205
    1    0    3    1    0.062378
    1    0    4    1   -1.400670
    1    0    5    1    0.062790
    1    0    6    1    1.884027
    1    0    7    1    0.787722
    1    0    8    1    0.012692
    1    0    9    1    0.239625
    1    0   10    1    0.667947
    1    0   11    1    0.213035
    1    0   12    1    0.485850
    1    0   13    1    1.165188
    1    0   14    1   -0.024505
    1    0   15    1   -0.375665
    1    0   16    1   -0.991240
    1    0   17    1   -0.064020
    1    0   18    1   -0.192252
    1    0    1    2   -0.003672
    1    0    2    2   -0.040572
    1    0    3    2    0.006000
    1    0    4    2   -0.018852
    1    0    5    2   -0.003825
    1    0    6    2    0.012168
    1    0    7    2   -0.006637
    1    0    8    2   -0.001078
    1    0    9    2    0.000555
    1    0   10    2    0.003237
    1    0   11    2   -0.038967
    1    0   12    2    0.169562
    1    0   13    2   -0.216195
    1    0   14    2    0.005705
    1    0   15    2   -0.006982
    1    0   16    2    0.028980
    1    0   17    2   -0.034700
    1    0   18    2    0.012993
    1    0    1    3   -0.104188
    1    0    2    3   -0.464180
    1    0    3    3   -0.048835
    1    0    4    3   -2.282910
    1    0    5    3   -0.094892
    1    0    6    3    1.086245
    1    0    7    3    0.927860
    1    0    8    3    0.015935
    1    0    9    3   -0.493233
    1    0   10    3   -0.095580
    1    0   11    3    0.157867
    1    0   12    3    0.094085
    1    0   13    3    0.084475
    1    0   14    3   -0.089110
    1    0   15    3   -1.093315
    1    0   16    3    0.125193
    1    0   17    3    0.055060
    1    0   18    3    1.217295
    1    0    1    4    0.078945
    1    0    2    4    0.176327
    1    0    3    4   -0.029232
    1    0    4    4   -0.271210
    1    0    5    4   -0.009025
    1    0    6    4    0.532022
    1    0    7    4   -0.204115
    1    0    8    4    0.014505
    1    0    9    4    0.200182
    1    0   10    4   -0.044685
    1    0   11    4    0.162595
    1    0   12    4    0.172315
    1    0   13    4    2.717535
    1    0   14    4   -0.048400
    1    0   15    4    0.467440
    1    0   16    4   -0.218575
    1    0   17    4    0.009412
    1    0   18    4    0.667265
    1    0    1    5    0.004298
    1    0    2    5   -0.062157
    1    0    3    5   -0.002713
    1    0    4    5    0.040885
    1    0    5    5   -0.014800
    1    0    6    5    0.317530
    1    0    7    5    0.128265
    1    0    8    5    0.002837
    1    0    9    5   -0.065943
    1    0   10    5    0.019838
    1    0   11    5   -0.085117
    1    0   12    5   -0.644002
    1    0   13    5    0.355710
    1    0   14    5   -0.012497
    1    0   15    5    0.079962
    1    0   16    5   -0.010613
    1    0   17    5    0.603700
    1    0   18    5   -0.002310
    1    0    1    6    0.021712
    1    0    2    6   -0.026830
    1    0    3    6   -0.015137
    1    0    4    6    0.350552
    1    0    5    6   -0.023190
    1    0    6    6    0.374680
    1    0    7    6   -0.017162
    1    0    8    6   -0.005752
    1    0    9    6   -0.102940
    1    0   10    6    0.107192
    1    0   11    6   -0.007715
    1    0   12    6    0.050732
    1    0   13    6    0.090432
    1    0   14    6   -0.011072
    1    0   15    6   -0.036547
    1    0   16    6   -0.079945
    1    0   17    6   -0.051123
    1    0   18    6   -0.005245
    1    0    1    7    0.019395
    1    0    2    7   -0.047575
    1    0    3    7    0.004927
    1    0    4    7    0.020520
    1    0    5    7   -0.018015
    1    0    6    7   -0.001072
    1    0    7    7    0.156590
    1    0    8    7   -0.001915
    1    0    9    7   -0.013535
    1    0   10    7    0.016207
    1    0   11    7    0.007070
    1    0   12    7   -1.428918
    1    0   13    7   -0.182987
    1    0   14    7   -0.008778
    1    0   15    7   -0.051038
    1    0   16    7   -0.057025
    1    0   17    7    0.209032
    1    0   18    7   -0.000835
    1    0    1    8    0.043330
    1    0    2    8   -0.208800
    1    0    3    8    0.012190
    1    0    4    8    0.271567
    1    0    5    8   -0.101075
    1    0    6    8   -0.475262
    1    0    7    8   -0.389195
    1    0    8    8   -0.011615
    1    0    9    8   -0.092170
    1    0   10    8    0.000293
    1    0   11    8    0.344552
    1    0   12    8   -1.065543
    1    0   13    8   -1.145777
    1    0   14    8   -0.057627
    1    0   15    8   -0.045507
    1    0   16    8    0.218125
    1    0   17    8   -1.462637
    1    0   18    8    0.056263
    1    0    1    9    0.013265
    1    0    2    9   -0.019657
    1    0    3    9    0.047790
    1    0    4    9   -0.019375
    1    0    5    9   -0.013902
    1    0    6    9    0.174412
    1    0    7    9    0.025375
    1    0    8    9    0.002965
    1    0    9    9    0.161097
    1    0   10    9   -0.013810
    1    0   11    9    0.001170
    1    0   12    9   -0.794087
    1    0   13    9   -0.190190
    1    0   14    9    0.003140
    1    0   15    9    0.006447
    1    0   16    9    0.006135
    1    0   17    9    0.131227
    1    0   18    9   -0.003170
    1    0    1   10    0.001853
    1    0    2   10   -0.121290
    1    0    3   10    0.010695
    1    0    4   10    0.179410
    1    0    5   10    0.222068
    1    0    6   10    0.923363
    1    0    7   10    0.236862
    1    0    8   10    0.004057
    1    0    9   10    0.109402
    1    0   10   10    0.307985
    1    0   11   10   -0.108252
    1    0   12   10    0.092930
    1    0   13   10   -2.000300
    1    0   14   10    0.021558
    1    0   15   10    0.131205
    1    0   16   10   -0.725195
    1    0   17   10    0.008795
    1    0   18   10   -0.591973
    1    0    1   11   -0.006007
    1    0    2   11   -0.009155
    1    0    3   11    0.000077
    1    0    4   11   -0.019685
    1    0    5   11   -0.006517
    1    0    6   11    0.026588
    1    0    7   11   -0.001075
    1    0    8   11   -0.000592
    1    0    9   11    0.005857
    1    0   10   11    0.010925
    1    0   11   11   -0.010315
    1    0   12   11   -0.200860
    1    0   13   11   -0.118222
    1    0   14   11    0.002597
    1    0   15   11   -0.016867
    1    0   16   11    0.005350
    1    0   17   11   -0.021433
    1    0   18   11    0.010000
    1    0    1   12   -0.008023
    1    0    2   12   -0.015820
    1    0    3   12    0.002160
    1    0    4   12    0.019727
    1    0    5   12   -0.001077
    1    0    6   12    0.111902
    1    0    7   12    0.076485
    1    0    8   12    0.001195
    1    0    9   12   -0.036327
    1    0   10   12   -0.012050
    1    0   11   12    0.000485
    1    0   12   12    0.111200
    1    0   13   12   -0.056747
    1    0   14   12   -0.001810
    1    0   15   12    0.020170
    1    0   16   12   -0.025530
    1    0   17   12   -0.000175
    1    0   18   12   -0.005847
    1    0    1   13   -0.005912
    1    0    2   13    0.026760
    1    0    3   13   -0.033355
    1    0    4   13    0.219225
    1    0    5   13    0.011840
    1    0    6   13    0.157927
    1    0    7   13   -0.110415
    1    0    8   13    0.001190
    1    0    9   13   -0.128612
    1    0   10   13   -0.029277
    1    0   11   13   -0.001182
    1    0   12   13    0.481567
    1    0   13   13    0.025910
    1    0   14   13   -0.000417
    1    0   15   13    0.033750
    1    0   16   13    0.018917
    1    0   17   13   -0.164585
    1    0   18   13   -0.050230
    1    0    1   14    0.010740
    1    0    2   14   -0.003805
    1    0    3   14   -0.005495
    1    0    4   14    0.038480
    1    0    5   14   -0.014080
    1    0    6   14    0.454420
    1    0    7   14    0.198217
    1    0    8   14   -0.000552
    1    0    9   14   -0.093082
    1    0   10   14    0.028188
    1    0   11   14   -0.052015
    1    0   12   14   -1.814355
    1    0   13   14   -0.297655
    1    0   14   14   -0.008035
    1    0   15   14   -0.012977
    1    0   16   14    0.071820
    1    0   17   14    1.548232
    1    0   18   14   -0.004075
    1    0    1   15    0.017600
    1    0    2   15   -0.007565
    1    0    3   15    0.004940
    1    0    4   15   -0.122162
    1    0    5   15    0.004110
    1    0    6   15   -0.075100
    1    0    7   15    0.028433
    1    0    8   15    0.001133
    1    0    9   15    0.037925
    1    0   10   15   -0.025237
    1    0   11   15    0.000527
    1    0   12   15   -0.063345
    1    0   13   15   -0.066077
    1    0   14   15   -0.000525
    1    0   15   15   -0.021605
    1    0   16   15    0.009047
    1    0   17   15    0.008132
    1    0   18   15   -0.050795
    1    0    1   16   -0.009242
    1    0    2   16    0.144850
    1    0    3   16   -0.007193
    1    0    4   16   -0.198780
    1    0    5   16    0.034705
    1    0    6   16    0.304780
    1    0    7   16    0.012642
    1    0    8   16   -0.006055
    1    0    9   16   -0.085437
    1    0   10   16   -0.014912
    1    0   11   16    0.085555
    1    0   12   16    0.189262
    1    0   13   16    0.546835
    1    0   14   16    0.007977
    1    0   15   16    0.131935
    1    0   16   16    0.134177
    1    0   17   16   -0.027285
    1    0   18   16   -0.008125
    1    0    1   17    0.047880
    1    0    2   17   -2.001235
    1    0    3   17    0.025122
    1    0    4   17    0.052710
    1    0    5   17   -0.033692
    1    0    6   17    0.035608
    1    0    7   17   -0.019810
    1    0    8   17   -0.003477
    1    0    9   17   -0.362895
    1    0   10   17    0.041345
    1    0   11   17   -0.915690
    1    0   12   17   -0.041155
    1    0   13   17    2.590170
    1    0   14   17   -0.024887
    1    0   15   17    0.225205
    1    0   16   17    0.130897
    1    0   17   17   -0.031687
    1    0   18   17   -0.104395
    1    0    1   18    0.088722
    1    0    2   18   -0.059550
    1    0    3   18    0.123485
    1    0    4   18    0.997213
    1    0    5   18   -0.018485
    1    0    6   18    0.708242
    1    0    7   18   -0.160367
    1    0    8   18    0.004710
    1    0    9   18    0.173317
    1    0   10   18   -0.797567
    1    0   11   18   -0.111240
    1    0   12   18    0.487810
    1    0   13   18    0.888057
    1    0   14   18    0.000560
    1    0   15   18    0.124758
    1    0   16   18   -0.129597
    1    0   17   18   -0.118545
    1    0   18   18   -0.009485
   -1    1    1    1   -0.005570
   -1    1    2    1   -0.001560
   -1    1    3    1    0.000645
   -1    1    4    1   -0.000878
   -1    1    5    1   -0.001107
   -1    1    6    1   -0.006318
   -1    1    7    1   -0.001485
   -1    1    8    1   -0.000307
   -1    1    9    1    0.000295
   -1    1   10    1   -0.011785
   -1    1   11    1   -0.001625
   -1    1   12    1   -0.003288
   -1    1   13    1   -0.001405
   -1    1   14    1    0.002130
   -1    1   15    1    0.001280
   -1    1   16    1    0.012690
   -1    1   17    1    0.000832
   -1    1   18    1   -0.011227
   -1    1    1    2    0.005890
   -1    1    2    2    0.000517
   -1    1    3    2   -0.007152
   -1    1    4    2    0.000215
   -1    1    5    2   -0.000997
   -1    1    6    2   -0.000252
   -1    1    7    2   -0.001780
   -1    1    8    2    0.002602
   -1    1    9    2   -0.002572
   -1    1   10    2   -0.002102
   -1    1   11    2    0.000432
   -1    1   12    2    0.000752
   -1    1   13    2   -0.001910
   -1    1   14    2   -0.000795
   -1    1   15    2    0.001720
   -1    1   16    2   -0.001283
   -1    1   17    2   -0.000132
   -1    1   18    2    0.007575
   -1    1    1    3   -0.005958
   -1    1    2    3    0.000775
   -1    1    3    3   -0.000250
   -1    1    4    3    0.000925
   -1    1    5    3    0.000337
   -1    1    6    3   -0.002142
   -1    1    7    3   -0.004070
   -1    1    8    3   -0.001090
   -1    1    9    3   -0.001792
   -1    1   10    3    0.002510
   -1    1   11    3    0.000052
   -1    1   12    3    0.001227
   -1    1   13    3   -0.005112
   -1    1   14    3   -0.000335
   -1    1   15    3    0.001695
   -1    1   16    3    0.000795
   -1    1   17    3    0.000660
   -1    1   18    3    0.000585
   -1    1    1    4   -0.030873
   -1    1    2    4   -0.005723
   -1    1    3    4    0.003495
   -1    1    4    4   -0.006578
   -1    1    5    4   -0.003605
   -1    1    6    4    0.005248
   -1    1    7    4    0.010942
   -1    1    8    4    0.006690
   -1    1    9    4    0.007225
   -1    1   10    4   -0.016835
   -1    1   11    4   -0.000610
   -1    1   12    4   -0.015010
   -1    1   13    4    0.000348
   -1    1   14    4   -0.003265
   -1    1   15    4    0.001493
   -1    1   16    4    0.005573
   -1    1   17    4    0.007362
   -1    1   18    4   -0.036840
   -1    1    1    5   -0.002405
   -1    1    2    5   -0.000857
   -1    1    3    5    0.000685
   -1    1    4    5    0.002805
   -1    1    5    5   -0.000310
   -1    1    6    5    0.001857
   -1    1    7    5    0.000227
   -1    1    8    5    0.000685
   -1    1    9    5   -0.001133
   -1    1   10    5    0.001165
   -1    1   11    5   -0.000202
   -1    1   12    5   -0.000027
   -1    1   13    5   -0.001530
   -1    1   14    5   -0.000403
   -1    1   15    5   -0.000152
   -1    1   16    5    0.002152
   -1    1   17    5   -0.001575
   -1    1   18    5    0.002125
   -1    1    1    6   -0.067748
   -1    1    2    6   -0.006107
   -1    1    3    6    0.029038
   -1    1    4    6    0.025535
   -1    1    5    6   -0.000770
   -1    1    6    6    0.005085
   -1    1    7    6   -0.006410
   -1    1    8    6    0.010865
   -1    1    9    6    0.000258
   -1    1   10    6    0.008367
   -1    1   11    6   -0.003322
   -1    1   12    6   -0.010315
   -1    1   13    6    0.005750
   -1    1   14    6    0.001612
   -1    1   15    6    0.003090
   -1    1   16    6    0.032675
   -1    1   17    6   -0.011105
   -1    1   18    6   -0.025955
   -1    1    1    7   -0.009190
   -1    1    2    7   -0.003440
   -1    1    3    7    0.009710
   -1    1    4    7    0.006258
   -1    1    5    7   -0.002845
   -1    1    6    7    0.001637
   -1    1    7    7    0.003275
   -1    1    8    7   -0.003387
   -1    1    9    7    0.005367
   -1    1   10    7    0.013365
   -1    1   11    7   -0.001553
   -1    1   12    7   -0.005725
   -1    1   13    7    0.000673
   -1    1   14    7   -0.002565
   -1    1   15    7    0.001552
   -1    1   16    7    0.013612
   -1    1   17    7   -0.004640
   -1    1   18    7    0.005640
   -1    1    1    8    0.000115
   -1    1    2    8    0.000250
   -1    1    3    8    0.001465
   -1    1    4    8    0.002035
   -1    1    5    8    0.000258
   -1    1    6    8   -0.000757
   -1    1    7    8   -0.000630
   -1    1    8    8   -0.000117
   -1    1    9    8   -0.000055
   -1    1   10    8    0.000283
   -1    1   11    8   -0.000087
   -1    1   12    8   -0.000177
   -1    1   13    8    0.000975
   -1    1   14    8    0.000000
   -1    1   15    8    0.000910
   -1    1   16    8   -0.000472
   -1    1   17    8   -0.000140
   -1    1   18    8    0.000987
   -1    1    1    9    0.001682
   -1    1    2    9    0.008492
   -1    1    3    9   -0.002698
   -1    1    4    9    0.018865
   -1    1    5    9    0.001460
   -1    1    6    9   -0.014072
   -1    1    7    9   -0.017697
   -1    1    8    9   -0.002787
   -1    1    9    9   -0.003728
   -1    1   10    9    0.008242
   -1    1   11    9    0.001362
   -1    1   12    9    0.013532
   -1    1   13    9   -0.001325
   -1    1   14    9   -0.004285
   -1    1   15    9    0.000160
   -1    1   16    9   -0.003075
   -1    1   17    9   -0.005955
   -1    1   18    9    0.023895
   -1    1    1   10   -0.005077
   -1    1    2   10    0.000555
   -1    1    3   10   -0.007787
   -1    1    4   10    0.004300
   -1    1    5   10   -0.003377
   -1    1    6   10   -0.005365
   -1    1    7   10   -0.007452
   -1    1    8   10   -0.000130
   -1    1    9   10   -0.003033
   -1    1   10   10   -0.011275
   -1    1   11   10   -0.000815
   -1    1   12   10    0.001405
   -1    1   13   10    0.000930
   -1    1   14   10   -0.002882
   -1    1   15   10    0.000645
   -1    1   16   10    0.011938
   -1    1   17   10    0.003282
   -1    1   18   10   -0.000002
   -1    1    1   11    0.001762
   -1    1    2   11   -0.000622
   -1    1    3   11    0.000103
   -1    1    4   11    0.004410
   -1    1    5   11   -0.000862
   -1    1    6   11   -0.000610
   -1    1    7   11   -0.001337
   -1    1    8   11    0.001175
   -1    1    9   11   -0.001315
   -1    1   10   11    0.004355
   -1    1   11   11   -0.000525
   -1    1   12   11    0.000208
   -1    1   13   11    0.000567
   -1    1   14   11   -0.000085
   -1    1   15   11    0.001407
   -1    1   16   11    0.004038
   -1    1   17   11   -0.002115
   -1    1   18   11    0.001550
   -1    1    1   12   -0.037888
   -1    1    2   12    0.004195
   -1    1    3   12   -0.021458
   -1    1    4   12   -0.015077
   -1    1    5   12    0.002485
   -1    1    6   12    0.018037
   -1    1    7   12    0.034205
   -1    1    8   12   -0.038712
   -1    1    9   12   -0.010445
   -1    1   10   12    0.013750
   -1    1   11   12    0.004562
   -1    1   12   12    0.029415
   -1    1   13   12   -0.042995
   -1    1   14   12   -0.004962
   -1    1   15   12   -0.015590
   -1    1   16   12   -0.043380
   -1    1   17   12    0.002515
   -1    1   18   12    0.051582
   -1    1    1   13   -0.036805
   -1    1    2   13   -0.001750
   -1    1    3   13    0.005933
   -1    1    4   13    0.014708
   -1    1    5   13    0.001233
   -1    1    6   13   -0.006430
   -1    1    7   13   -0.011645
   -1    1    8   13   -0.000158
   -1    1    9   13    0.000972
   -1    1   10   13    0.036892
   -1    1   11   13   -0.001967
   -1    1   12   13    0.007775
   -1    1   13   13    0.011952
   -1    1   14   13    0.004100
   -1    1   15   13    0.001360
   -1    1   16   13    0.001820
   -1    1   17   13   -0.011737
   -1    1   18   13   -0.019267
   -1    1    1   14    0.003255
   -1    1    2   14    0.000357
   -1    1    3   14    0.001237
   -1    1    4   14   -0.001065
   -1    1    5   14    0.000067
   -1    1    6   14   -0.001387
   -1    1    7   14    0.000905
   -1    1    8   14    0.000505
   -1    1    9   14   -0.000185
   -1    1   10   14   -0.000370
   -1    1   11   14    0.000120
   -1    1   12   14    0.000590
   -1    1   13   14   -0.001208
   -1    1   14   14    0.000195
   -1    1   15   14   -0.000867
   -1    1   16   14   -0.002582
   -1    1   17   14   -0.000317
   -1    1   18   14   -0.000790
   -1    1    1   15   -0.135055
   -1    1    2   15   -0.003320
   -1    1    3   15    0.026642
   -1    1    4   15    0.018710
   -1    1    5   15    0.003525
   -1    1    6   15   -0.000365
   -1    1    7   15   -0.002430
   -1    1    8   15    0.004305
   -1    1    9   15   -0.018280
   -1    1   10   15    0.016625
   -1    1   11   15   -0.000660
   -1    1   12   15   -0.005862
   -1    1   13   15    0.019238
   -1    1   14   15   -0.002350
   -1    1   15   15   -0.007010
   -1    1   16   15    0.012120
   -1    1   17   15   -0.003342
   -1    1   18   15   -0.047530
   -1    1    1   16    0.015635
   -1    1    2   16    0.006292
   -1    1    3   16   -0.002927
   -1    1    4   16   -0.019115
   -1    1    5   16   -0.000017
   -1    1    6   16   -0.017375
   -1    1    7   16   -0.004367
   -1    1    8   16    0.002562
   -1    1    9   16    0.001120
   -1    1   10   16    0.002938
   -1    1   11   16    0.001362
   -1    1   12   16    0.002648
   -1    1   13   16    0.000740
   -1    1   14   16    0.001208
   -1    1   15   16   -0.003448
   -1    1   16   16   -0.015632
   -1    1   17   16   -0.004695
   -1    1   18   16   -0.011092
   -1    1    1   17    0.000730
   -1    1    2   17   -0.000067
   -1    1    3   17    0.000075
   -1    1    4   17   -0.001820
   -1    1    5   17    0.000860
   -1    1    6   17   -0.000960
   -1    1    7   17   -0.004055
   -1    1    8   17    0.004012
   -1    1    9   17    0.003023
   -1    1   10   17   -0.000755
   -1    1   11   17    0.000030
   -1    1   12   17   -0.004700
   -1    1   13   17    0.006590
   -1    1   14   17    0.000220
   -1    1   15   17   -0.001440
   -1    1   16   17    0.005487
   -1    1   17   17    0.000185
   -1    1   18   17   -0.004250
   -1    1    1   18   -0.029077
   -1    1    2   18    0.003570
   -1    1    3   18   -0.012512
   -1    1    4   18    0.005262
   -1    1    5   18    0.000587
   -1    1    6   18    0.005822
   -1    1    7   18   -0.004615
   -1    1    8   18    0.002200
   -1    1    9   18    0.000017
   -1    1   10   18   -0.010107
   -1    1   11   18    0.002220
   -1    1   12   18    0.011458
   -1    1   13   18   -0.003322
   -1    1   14   18    0.000575
   -1    1   15   18   -0.000305
   -1    1   16   18    0.003775
   -1    1   17   18   -0.001815
   -1    1   18   18    0.016200
    0    1    1    1    0.071212
    0    1    2    1    0.000655
    0    1    3    1   -0.017697
    0    1    4    1    0.054955
    0    1    5    1   -0.000528
    0    1    6    1    0.016310
    0    1    7    1    0.011037
    0    1    8    1    0.006405
    0    1    9    1    0.001195
    0    1   10    1    0.081445
    0    1   11    1    0.004197
    0    1   12    1    0.003832
    0    1   13    1   -0.007625
    0    1   14    1   -0.008455
    0    1   15    1   -0.017867
    0    1   16    1   -0.021930
    0    1   17    1    0.003930
    0    1   18    1    0.054573
    0    1    1    2    0.043727
    0    1    2    2   -0.002637
    0    1    3    2   -0.061532
    0    1    4    2   -0.018110
    0    1    5    2    0.001218
    0    1    6    2    0.002107
    0    1    7    2    0.018087
    0    1    8    2    0.045795
    0    1    9    2    0.003020
    0    1   10    2   -0.003442
    0    1   11    2   -0.000102
    0    1   12    2   -0.001177
    0    1   13    2    0.037047
    0    1   14    2   -0.001737
    0    1   15    2   -0.003138
    0    1   16    2   -0.038332
    0    1   17    2    0.005817
    0    1   18    2   -0.006052
    0    1    1    3    0.082257
    0    1    2    3   -0.003345
    0    1    3    3   -0.034800
    0    1    4    3   -0.030560
    0    1    5    3   -0.003730
    0    1    6    3    0.021120
    0    1    7    3    0.006350
    0    1    8    3   -0.000108
    0    1    9    3   -0.015132
    0    1   10    3    0.015128
    0    1   11    3    0.001292
    0    1   12    3   -0.000178
    0    1   13    3   -0.010452
    0    1   14    3   -0.001493
    0    1   15    3   -0.005852
    0    1   16    3   -0.007525
    0    1   17    3    0.013745
    0    1   18    3   -0.027425
    0    1    1    4    0.204637
    0    1    2    4   -0.010415
    0    1    3    4   -0.030038
    0    1    4    4    0.061115
    0    1    5    4    0.002518
    0    1    6    4    0.005690
    0    1    7    4    0.012710
    0    1    8    4    0.012327
    0    1    9    4    0.262730
    0    1   10    4    0.050452
    0    1   11    4   -0.006267
    0    1   12    4    0.025235
    0    1   13    4    0.034665
    0    1   14    4   -0.004042
    0    1   15    4    0.013835
    0    1   16    4    0.009615
    0    1   17    4    0.017627
    0    1   18    4   -0.046457
    0    1    1    5    0.010672
    0    1    2    5   -0.000107
    0    1    3    5   -0.001257
    0    1    4    5    0.009615
    0    1    5    5   -0.000570
    0    1    6    5   -0.006443
    0    1    7    5   -0.002095
    0    1    8    5    0.014142
    0    1    9    5   -0.001793
    0    1   10    5    0.019032
    0    1   11    5   -0.001215
    0    1   12    5   -0.002047
    0    1   13    5    0.012535
    0    1   14    5   -0.003145
    0    1   15    5    0.001725
    0    1   16    5   -0.011780
    0    1   17    5   -0.008223
    0    1   18    5    0.001317
    0    1    1    6   -0.074132
    0    1    2    6   -0.016133
    0    1    3    6    0.047812
    0    1    4    6    0.082285
    0    1    5    6    0.015120
    0    1    6    6    0.035617
    0    1    7    6    0.085550
    0    1    8    6    0.065662
    0    1    9    6   -0.087202
    0    1   10    6    0.104062
    0    1   11    6    0.003645
    0    1   12    6    0.005295
    0    1   13    6   -0.002845
    0    1   14    6    0.004940
    0    1   15    6   -0.005360
    0    1   16    6    0.014297
    0    1   17    6   -0.010670
    0    1   18    6    0.060473
    0    1    1    7    0.066382
    0    1    2    7    0.025207
    0    1    3    7    0.046220
    0    1    4    7    0.047227
    0    1    5    7    0.000828
    0    1    6    7   -0.045647
    0    1    7    7   -0.040047
    0    1    8    7   -0.015607
    0    1    9    7    0.003772
    0    1   10    7    0.048197
    0    1   11    7    0.008597
    0    1   12    7    0.034182
    0    1   13    7   -0.013117
    0    1   14    7    0.007557
    0    1   15    7    0.009000
    0    1   16    7    0.028575
    0    1   17    7   -0.006092
    0    1   18    7    0.003260
    0    1    1    8   -0.002975
    0    1    2    8   -0.000330
    0    1    3    8    0.000655
    0    1    4    8   -0.006588
    0    1    5    8   -0.000755
    0    1    6    8   -0.003778
    0    1    7    8   -0.003680
    0    1    8    8    0.005115
    0    1    9    8    0.001355
    0    1   10    8   -0.003662
    0    1   11    8   -0.000147
    0    1   12    8   -0.001855
    0    1   13    8    0.005817
    0    1   14    8   -0.000057
    0    1   15    8    0.000730
    0    1   16    8    0.000145
    0    1   17    8   -0.002390
    0    1   18    8   -0.005598
    0    1    1    9    0.120440
    0    1    2    9    0.019805
    0    1    3    9    0.024008
    0    1    4    9   -0.026357
    0    1    5    9    0.004513
    0    1    6    9   -0.010903
    0    1    7    9   -0.076870
    0    1    8    9    0.001603
    0    1    9    9    0.023810
    0    1   10    9    0.018742
    0    1   11    9    0.002128
    0    1   12    9    0.014090
    0    1   13    9    0.018575
    0    1   14    9   -0.006880
    0    1   15    9    0.006862
    0    1   16    9   -0.023312
    0    1   17    9   -0.005795
    0    1   18    9    0.011180
    0    1    1   10    0.315307
    0    1    2   10    0.011602
    0    1    3   10    0.191155
    0    1    4   10    0.069285
    0    1    5   10    0.006672
    0    1    6   10    0.008983
    0    1    7   10    0.011272
    0    1    8   10    0.116652
    0    1    9   10    0.093275
    0    1   10   10    0.085180
    0    1   11   10    0.003197
    0    1   12   10    0.025898
    0    1   13   10   -0.009797
    0    1   14   10   -0.012215
    0    1   15   10    0.006358
    0    1   16   10   -0.020755
    0    1   17   10   -0.008182
    0    1   18   10   -0.035027
    0    1    1   11    0.032390
    0    1    2   11    0.008295
    0    1    3   11   -0.109877
    0    1    4   11   -0.025933
    0    1    5   11    0.012927
    0    1    6   11   -0.012305
    0    1    7   11   -0.047247
    0    1    8   11   -0.087048
    0    1    9   11    0.045322
    0    1   10   11    0.055743
    0    1   11   11    0.001380
    0    1   12   11    0.005625
    0    1   13   11   -0.014845
    0    1   14   11    0.004655
    0    1   15   11   -0.002697
    0    1   16   11    0.090125
    0    1   17   11   -0.052187
    0    1   18   11   -0.034592
    0    1    1   12    1.754487
    0    1    2   12    0.011862
    0    1    3   12    1.640662
    0    1    4   12   -1.728040
    0    1    5   12   -0.059440
    0    1    6   12   -0.259600
    0    1    7   12   -0.410435
    0    1    8   12   -0.172437
    0    1    9   12   -0.192780
    0    1   10   12    0.109187
    0    1   11   12   -0.063545
    0    1   12   12    0.024907
    0    1   13   12   -0.005630
    0    1   14   12    0.235335
    0    1   15   12    0.255252
    0    1   16   12    0.313525
    0    1   17   12   -0.244718
    0    1   18   12   -0.028160
    0    1    1   13    0.018840
    0    1    2   13   -0.067380
    0    1    3   13    0.137172
    0    1    4   13    0.035617
    0    1    5   13    0.096460
    0    1    6   13   -0.024917
    0    1    7   13    0.125238
    0    1    8   13    0.099157
    0    1    9   13    0.240370
    0    1   10   13    0.173830
    0    1   11   13   -0.002102
    0    1   12   13   -0.062170
    0    1   13   13   -0.057498
    0    1   14   13    0.016565
    0    1   15   13   -0.066137
    0    1   16   13    0.258992
    0    1   17   13   -0.044905
    0    1   18   13   -0.070945
    0    1    1   14   -0.006565
    0    1    2   14   -0.005327
    0    1    3   14   -0.014802
    0    1    4   14   -0.023542
    0    1    5   14   -0.006305
    0    1    6   14   -0.009802
    0    1    7   14   -0.001138
    0    1    8   14    0.024567
    0    1    9   14   -0.005925
    0    1   10   14   -0.015250
    0    1   11   14   -0.001913
    0    1   12   14   -0.005370
    0    1   13   14    0.016025
    0    1   14   14    0.001252
    0    1   15   14    0.002702
    0    1   16   14    0.001085
    0    1   17   14   -0.016490
    0    1   18   14   -0.011702
    0    1    1   15    0.490890
    0    1    2   15   -0.091492
    0    1    3   15   -0.066535
    0    1    4   15    0.139478
    0    1    5   15   -0.044872
    0    1    6   15    0.249018
    0    1    7   15    0.084872
    0    1    8   15   -0.113265
    0    1    9   15   -0.622267
    0    1   10   15    0.224090
    0    1   11   15   -0.024850
    0    1   12   15   -0.038177
    0    1   13   15    0.201097
    0    1   14   15    0.045343
    0    1   15   15   -0.102245
    0    1   16   15    0.153455
    0    1   17   15   -0.062997
    0    1   18   15    1.560065
    0    1    1   16    0.920185
    0    1    2   16   -0.029917
    0    1    3   16    0.055032
    0    1    4   16   -0.072170
    0    1    5   16   -0.019437
    0    1    6   16    0.009445
    0    1    7   16   -0.052235
    0    1    8   16   -0.197840
    0    1    9   16    0.025165
    0    1   10   16   -0.083300
    0    1   11   16   -0.015195
    0    1   12   16   -0.016727
    0    1   13   16    0.040115
    0    1   14   16    0.008067
    0    1   15   16    0.003540
    0    1   16   16    0.143380
    0    1   17   16   -0.019412
    0    1   18   16   -0.047075
    0    1    1   17   -0.016797
    0    1    2   17   -0.006340
    0    1    3   17    0.006647
    0    1    4   17   -0.019582
    0    1    5   17   -0.011970
    0    1    6   17    0.004417
    0    1    7   17    0.045860
    0    1    8   17    0.001905
    0    1    9   17   -0.012805
    0    1   10   17   -0.013550
    0    1   11   17   -0.000487
    0    1   12   17    0.000313
    0    1   13   17   -0.019767
    0    1   14   17    0.000140
    0    1   15   17   -0.000380
    0    1   16   17   -0.010110
    0    1   17   17   -0.009325
    0    1   18   17   -0.004842
    0    1    1   18    0.310963
    0    1    2   18    0.005100
    0    1    3   18   -0.886967
    0    1    4   18   -0.131557
    0    1    5   18   -0.000887
    0    1    6   18    0.043643
    0    1    7   18   -0.008093
    0    1    8   18   -0.016335
    0    1    9   18    0.020510
    0    1   10   18    0.059027
    0    1   11   18   -0.001620
    0    1   12   18   -0.000058
    0    1   13   18   -0.001550
    0    1   14   18    0.012612
    0    1   15   18    0.034155
    0    1   16   18   -0.035325
    0    1   17   18    0.137685
    0    1   18   18   -0.015608
    1    1    1    1   -0.042892
    1    1    2    1    0.026925
    1    1    3    1   -0.005127
    1    1    4    1    0.051355
    1    1    5    1    0.027975
    1    1    6    1    0.010195
    1    1    7    1    0.101222
    1    1    8    1   -0.006465
    1    1    9    1   -0.024402
    1    1   10    1    0.087008
    1    1   11    1    0.011743
    1    1   12    1   -0.031150
    1    1   13    1   -0.008180
    1    1   14    1   -0.017412
    1    1   15    1    0.003198
    1    1   16    1   -0.171728
    1    1   17    1    0.019530
    1    1   18    1    0.006595
    1    1    1    2   -0.002197
    1    1    2    2   -0.003637
    1    1    3    2   -0.000293
    1    1    4    2   -0.005925
    1    1    5    2   -0.005765
    1    1    6    2   -0.043225
    1    1    7    2    0.005762
    1    1    8    2    0.002680
    1    1    9    2    0.010963
    1    1   10    2   -0.009957
    1    1   11    2   -0.004032
    1    1   12    2   -0.000520
    1    1   13    2    0.019870
    1    1   14    2    0.003030
    1    1   15    2   -0.017715
    1    1   16    2    0.018070
    1    1   17    2   -0.020088
    1    1   18    2   -0.012480
    1    1    1    3   -0.075900
    1    1    2    3   -0.001180
    1    1    3    3   -0.005437
    1    1    4    3    0.048470
    1    1    5    3    0.002855
    1    1    6    3    0.027012
    1    1    7    3    0.092205
    1    1    8    3   -0.000992
    1    1    9    3    0.026412
    1    1   10    3    0.017870
    1    1   11    3    0.003255
    1    1   12    3    0.009977
    1    1   13    3   -0.003793
    1    1   14    3   -0.007915
    1    1   15    3   -0.016108
    1    1   16    3   -0.025527
    1    1   17    3   -0.006692
    1    1   18    3    0.038222
    1    1    1    4   -0.077490
    1    1    2    4    0.026655
    1    1    3    4    0.075770
    1    1    4    4    0.069755
    1    1    5    4    0.000242
    1    1    6    4    0.046867
    1    1    7    4    0.099335
    1    1    8    4   -0.032382
    1    1    9    4   -0.059895
    1    1   10    4    0.066562
    1    1   11    4    0.013405
    1    1   12    4   -0.015368
    1    1   13    4   -0.058385
    1    1   14    4   -0.018440
    1    1   15    4   -0.007665
    1    1   16    4   -0.253537
    1    1   17    4    0.024065
    1    1   18    4    0.054860
    1    1    1    5    0.001225
    1    1    2    5   -0.004212
    1    1    3    5   -0.003230
    1    1    4    5   -0.007830
    1    1    5    5   -0.006638
    1    1    6    5    0.020622
    1    1    7    5    0.028692
    1    1    8    5   -0.002288
    1    1    9    5    0.003473
    1    1   10    5   -0.003780
    1    1   11    5   -0.002240
    1    1   12    5    0.004860
    1    1   13    5    0.011835
    1    1   14    5   -0.001255
    1    1   15    5    0.003503
    1    1   16    5   -0.028070
    1    1   17    5    0.002975
    1    1   18    5    0.003473
    1    1    1    6    0.059437
    1    1    2    6   -0.000072
    1    1    3    6    0.011285
    1    1    4    6   -0.037090
    1    1    5    6    0.011875
    1    1    6    6    0.112662
    1    1    7    6   -0.008655
    1    1    8    6   -0.002082
    1    1    9    6    0.030407
    1    1   10    6    0.048517
    1    1   11    6   -0.024477
    1    1   12    6    0.007585
    1    1   13    6   -0.042660
    1    1   14    6   -0.006880
    1    1   15    6    0.181913
    1    1   16    6   -0.053343
    1    1   17    6    0.000367
    1    1   18    6   -0.016667
    1    1    1    7    0.023187
    1    1    2    7    0.008335
    1    1    3    7   -0.003997
    1    1    4    7    0.017992
    1    1    5    7    0.012465
    1    1    6    7    0.081960
    1    1    7    7   -0.022420
    1    1    8    7    0.002997
    1    1    9    7   -0.019855
    1    1   10    7    0.024858
    1    1   11    7   -0.004498
    1    1   12    7   -0.028882
    1    1   13    7   -0.049935
    1    1   14    7   -0.009102
    1    1   15    7    0.075330
    1    1   16    7   -0.044478
    1    1   17    7    0.010497
    1    1   18    7   -0.001510
    1    1    1    8    0.001430
    1    1    2    8   -0.009835
    1    1    3    8    0.005290
    1    1    4    8   -0.000233
    1    1    5    8    0.006435
    1    1    6    8    0.003975
    1    1    7    8    0.044090
    1    1    8    8    0.008730
    1    1    9    8    0.027230
    1    1   10    8    0.003190
    1    1   11    8   -0.000042
    1    1   12    8    0.003192
    1    1   13    8    0.002385
    1    1   14    8   -0.000417
    1    1   15    8   -0.005235
    1    1   16    8    0.018862
    1    1   17    8   -0.002900
    1    1   18    8   -0.004905
    1    1    1    9   -0.013050
    1    1    2    9   -0.000570
    1    1    3    9    0.004618
    1    1    4    9   -0.066340
    1    1    5    9   -0.006890
    1    1    6    9    0.059377
    1    1    7    9    0.030167
    1    1    8    9    0.005003
    1    1    9    9    0.022955
    1    1   10    9    0.028520
    1    1   11    9   -0.001090
    1    1   12    9    0.023660
    1    1   13    9    0.042903
    1    1   14    9    0.001000
    1    1   15    9   -0.019235
    1    1   16    9   -0.041920
    1    1   17    9   -0.012090
    1    1   18    9    0.005530
    1    1    1   10    0.223920
    1    1    2   10   -0.012217
    1    1    3   10   -0.045995
    1    1    4   10   -0.005950
    1    1    5   10    0.047727
    1    1    6   10    0.358307
    1    1    7   10   -0.034572
    1    1    8   10    0.042310
    1    1    9   10    0.247103
    1    1   10   10    0.107585
    1    1   11   10    0.001595
    1    1   12   10    0.007470
    1    1   13   10    0.018307
    1    1   14   10   -0.002537
    1    1   15   10   -0.000872
    1    1   16   10   -0.164137
    1    1   17   10    0.028008
    1    1   18   10    0.067007
    1    1    1   11   -0.014975
    1    1    2   11    0.023197
    1    1    3   11    0.001272
    1    1    4   11   -0.000908
    1    1    5   11    0.015402
    1    1    6   11    0.050702
    1    1    7   11    0.004835
    1    1    8   11    0.003865
    1    1    9   11   -0.001102
    1    1   10   11    0.000620
    1    1   11   11   -0.002792
    1    1   12   11   -0.031807
    1    1   13   11    0.057590
    1    1   14   11    0.003165
    1    1   15   11    0.024360
    1    1   16   11   -0.020710
    1    1   17   11    0.089920
    1    1   18   11   -0.014592
    1    1    1   12   -0.007143
    1    1    2   12   -0.021950
    1    1    3   12    0.038300
    1    1    4   12    0.096620
    1    1    5   12    0.017985
    1    1    6   12   -0.154635
    1    1    7   12    0.606975
    1    1    8   12   -0.011057
    1    1    9   12   -0.219622
    1    1   10   12    0.059680
    1    1   11   12    0.008110
    1    1   12   12   -0.055520
    1    1   13   12   -1.009955
    1    1   14   12   -0.008267
    1    1   15   12   -0.221800
    1    1   16   12   -0.053732
    1    1   17   12    0.006212
    1    1   18   12   -0.335645
    1    1    1   13   -0.001463
    1    1    2   13    0.029310
    1    1    3   13    0.008542
    1    1    4   13   -0.032260
    1    1    5   13    0.001547
    1    1    6   13   -0.070245
    1    1    7   13   -0.004378
    1    1    8   13   -0.001470
    1    1    9   13    0.035960
    1    1   10   13   -0.009735
    1    1   11   13    0.023050
    1    1   12   13    0.018220
    1    1   13   13    0.014860
    1    1   14   13    0.011130
    1    1   15   13   -0.149980
    1    1   16   13    0.007952
    1    1   17   13    0.010092
    1    1   18   13    0.056793
    1    1    1   14   -0.013155
    1    1    2   14   -0.006735
    1    1    3   14   -0.000487
    1    1    4   14   -0.023232
    1    1    5   14   -0.010387
    1    1    6   14    0.094552
    1    1    7   14    0.043330
    1    1    8   14    0.006595
    1    1    9   14   -0.041175
    1    1   10   14   -0.017435
    1    1   11   14    0.012227
    1    1   12   14   -0.008975
    1    1   13   14    0.003005
    1    1   14   14   -0.002495
    1    1   15   14   -0.023270
    1    1   16   14   -0.007238
    1    1   17   14    0.009423
    1    1   18   14    0.003997
    1    1    1   15    0.140893
    1    1    2   15   -0.054740
    1    1    3   15    0.013057
    1    1    4   15   -2.387647
    1    1    5   15   -0.027277
    1    1    6   15    1.745495
    1    1    7   15   -0.016335
    1    1    8   15   -0.000315
    1    1    9   15    0.265535
    1    1   10   15    0.042973
    1    1   11   15    0.019545
    1    1   12   15    0.041785
    1    1   13   15   -0.347307
    1    1   14   15   -0.009560
    1    1   15   15   -0.119537
    1    1   16   15    0.212950
    1    1   17   15   -0.057618
    1    1   18   15    0.115310
    1    1    1   16   -0.016352
    1    1    2   16   -0.007723
    1    1    3   16    0.013670
    1    1    4   16   -0.059318
    1    1    5   16   -0.018255
    1    1    6   16    0.018470
    1    1    7   16    0.038875
    1    1    8   16   -0.013078
    1    1    9   16   -0.014043
    1    1   10   16   -0.022345
    1    1   11   16    0.013412
    1    1   12   16    0.036562
    1    1   13   16    0.095135
    1    1   14   16    0.001638
    1    1   15   16   -0.054727
    1    1   16   16    0.137380
    1    1   17   16   -0.001463
    1    1   18   16    0.040920
    1    1    1   17   -0.001530
    1    1    2   17   -0.003315
    1    1    3   17   -0.026217
    1    1    4   17   -0.022535
    1    1    5   17   -0.027885
    1    1    6   17   -0.001073
    1    1    7   17   -0.012248
    1    1    8   17   -0.012392
    1    1    9   17   -0.062600
    1    1   10   17   -0.034313
    1    1   11   17   -0.005490
    1    1   12   17   -0.000575
    1    1   13   17    0.031970
    1    1   14   17   -0.001290
    1    1   15   17    0.013805
    1    1   16   17   -0.007105
    1    1   17   17    0.005410
    1    1   18   17   -0.004280
    1    1    1   18   -0.221065
    1    1    2   18    0.086197
    1    1    3   18   -0.179605
    1    1    4   18    0.052560
    1    1    5   18    0.019985
    1    1    6   18   -0.537423
    1    1    7   18   -0.041950
    1    1    8   18    0.004942
    1    1    9   18   -0.084255
    1    1   10   18    0.062177
    1    1   11   18   -0.024592
    1    1   12   18    0.002965
    1    1   13   18   -0.000457
    1    1   14   18   -0.001077
    1    1   15   18    0.131927
    1    1   16   18   -0.032805
    1    1   17   18    0.007940
    1    1   18   18   -0.112315
