 ir1  ir2   m    n          ReH 
   -1   -1    1    1   -0.012270
   -1   -1    2    1   -0.001077
   -1   -1    3    1   -0.002127
   -1   -1    4    1    0.194420
   -1   -1    5    1   -0.000830
   -1   -1    6    1    0.020195
   -1   -1    7    1    0.010685
   -1   -1    8    1   -0.000860
   -1   -1    9    1    0.024745
   -1   -1   10    1    0.005752
   -1   -1   11    1    0.001585
   -1   -1   12    1   -0.016182
   -1   -1   13    1   -0.008702
   -1   -1   14    1    0.006245
   -1   -1   15    1   -0.055817
   -1   -1   16    1    0.013495
   -1   -1   17    1   -0.001455
   -1   -1   18    1   -0.028867
   -1   -1    1    2    0.013272
   -1   -1    2    2    0.002035
   -1   -1    3    2    0.007798
   -1   -1    4    2   -0.005747
   -1   -1    5    2    0.004137
   -1   -1    6    2   -0.004917
   -1   -1    7    2    0.014053
   -1   -1    8    2   -0.002920
   -1   -1    9    2   -0.019775
   -1   -1   10    2    0.023140
   -1   -1   11    2   -0.025210
   -1   -1   12    2   -0.014730
   -1   -1   13    2    0.001535
   -1   -1   14    2   -0.009622
   -1   -1   15    2    0.002860
   -1   -1   16    2   -0.039315
   -1   -1   17    2    0.006762
   -1   -1   18    2   -0.034922
   -1   -1    1    3    0.033435
   -1   -1    2    3    0.002017
   -1   -1    3    3   -0.026928
   -1   -1    4    3    0.503345
   -1   -1    5    3   -0.004197
   -1   -1    6    3   -0.047325
   -1   -1    7    3   -0.018762
   -1   -1    8    3    0.001930
   -1   -1    9    3   -0.018330
   -1   -1   10    3   -0.072915
   -1   -1   11    3   -0.001770
   -1   -1   12    3   -0.002587
   -1   -1   13    3    0.002828
   -1   -1   14    3   -0.002037
   -1   -1   15    3    0.038892
   -1   -1   16    3    0.011120
   -1   -1   17    3   -0.005952
   -1   -1   18    3   -0.003832
   -1   -1    1    4    0.296482
   -1   -1    2    4    0.006555
   -1   -1    3    4   -0.068410
   -1   -1    4    4   -0.028197
   -1   -1    5    4    0.013025
   -1   -1    6    4   -0.025465
   -1   -1    7    4   -0.045012
   -1   -1    8    4   -0.001543
   -1   -1    9    4   -0.014190
   -1   -1   10    4   -0.929843
   -1   -1   11    4   -0.019695
   -1   -1   12    4   -0.006897
   -1   -1   13    4    0.009965
   -1   -1   14    4   -0.004602
   -1   -1   15    4    0.056385
   -1   -1   16    4   -0.044415
   -1   -1   17    4    0.012347
   -1   -1   18    4    0.139615
   -1   -1    1    5    0.065943
   -1   -1    2    5   -0.004000
   -1   -1    3    5    0.047440
   -1   -1    4    5   -0.014362
   -1   -1    5    5   -0.005280
   -1   -1    6    5    0.008040
   -1   -1    7    5    0.015380
   -1   -1    8    5   -0.002552
   -1   -1    9    5   -0.003100
   -1   -1   10    5   -0.076270
   -1   -1   11    5    0.010117
   -1   -1   12    5   -0.003678
   -1   -1   13    5    0.000195
   -1   -1   14    5    0.012990
   -1   -1   15    5   -0.002668
   -1   -1   16    5    0.023870
   -1   -1   17    5    0.006825
   -1   -1   18    5   -0.004743
   -1   -1    1    6   -0.764583
   -1   -1    2    6    0.012732
   -1   -1    3    6    0.107425
   -1   -1    4    6    0.122460
   -1   -1    5    6    0.015835
   -1   -1    6    6   -0.106655
   -1   -1    7    6   -0.005248
   -1   -1    8    6   -0.001052
   -1   -1    9    6    0.073652
   -1   -1   10    6    0.251745
   -1   -1   11    6   -0.014672
   -1   -1   12    6   -0.012565
   -1   -1   13    6    0.045245
   -1   -1   14    6   -0.005555
   -1   -1   15    6    0.053117
   -1   -1   16    6   -0.067900
   -1   -1   17    6   -0.000760
   -1   -1   18    6    0.056680
   -1   -1    1    7    0.211540
   -1   -1    2    7   -0.014425
   -1   -1    3    7    0.019335
   -1   -1    4    7   -0.038082
   -1   -1    5    7   -0.043382
   -1   -1    6    7    0.055745
   -1   -1    7    7   -0.031512
   -1   -1    8    7    0.013632
   -1   -1    9    7    0.029112
   -1   -1   10    7   -0.804660
   -1   -1   11    7    0.074965
   -1   -1   12    7    0.032680
   -1   -1   13    7   -0.003780
   -1   -1   14    7    0.059513
   -1   -1   15    7   -0.117753
   -1   -1   16    7    0.250565
   -1   -1   17    7   -0.020645
   -1   -1   18    7    0.242330
   -1   -1    1    8    0.023170
   -1   -1    2    8   -0.002097
   -1   -1    3    8    0.004230
   -1   -1    4    8    0.000162
   -1   -1    5    8   -0.001817
   -1   -1    6    8    0.003947
   -1   -1    7    8   -0.000345
   -1   -1    8    8   -0.009425
   -1   -1    9    8    0.003712
   -1   -1   10    8   -0.009000
   -1   -1   11    8    0.000805
   -1   -1   12    8   -0.000513
   -1   -1   13    8   -0.004075
   -1   -1   14    8    0.003060
   -1   -1   15    8    0.007292
   -1   -1   16    8    0.019845
   -1   -1   17    8    0.011560
   -1   -1   18    8    0.001085
   -1   -1    1    9    0.089715
   -1   -1    2    9   -0.009452
   -1   -1    3    9   -0.013623
   -1   -1    4    9    0.090437
   -1   -1    5    9   -0.005945
   -1   -1    6    9   -0.009210
   -1   -1    7    9   -0.012960
   -1   -1    8    9   -0.002160
   -1   -1    9    9   -0.040300
   -1   -1   10    9   -0.285505
   -1   -1   11    9   -0.001402
   -1   -1   12    9   -0.033057
   -1   -1   13    9    0.008032
   -1   -1   14    9   -0.004547
   -1   -1   15    9    0.113230
   -1   -1   16    9    0.034487
   -1   -1   17    9   -0.034792
   -1   -1   18    9   -0.260070
   -1   -1    1   10    0.049195
   -1   -1    2   10    0.001923
   -1   -1    3   10   -0.012775
   -1   -1    4   10   -0.000650
   -1   -1    5   10   -0.004467
   -1   -1    6   10    0.086252
   -1   -1    7   10   -0.002103
   -1   -1    8   10    0.003315
   -1   -1    9   10    0.034835
   -1   -1   10   10   -0.122802
   -1   -1   11   10    0.033555
   -1   -1   12   10    0.037417
   -1   -1   13   10    0.017420
   -1   -1   14   10    0.004777
   -1   -1   15   10   -0.133580
   -1   -1   16   10    0.011637
   -1   -1   17   10   -0.001072
   -1   -1   18   10    0.012302
   -1   -1    1   11    0.018307
   -1   -1    2   11   -0.000262
   -1   -1    3   11    0.006485
   -1   -1    4   11    0.009310
   -1   -1    5   11   -0.004142
   -1   -1    6   11    0.005577
   -1   -1    7   11    0.009812
   -1   -1    8   11   -0.000548
   -1   -1    9   11   -0.004285
   -1   -1   10   11   -0.069565
   -1   -1   11   11   -0.001890
   -1   -1   12   11    0.002695
   -1   -1   13   11    0.006262
   -1   -1   14   11   -0.000780
   -1   -1   15   11   -0.022190
   -1   -1   16   11    0.014282
   -1   -1   17   11    0.002533
   -1   -1   18   11   -0.000750
   -1   -1    1   12    0.917042
   -1   -1    2   12   -0.009060
   -1   -1    3   12    0.033307
   -1   -1    4   12    0.171560
   -1   -1    5   12   -0.026110
   -1   -1    6   12   -0.006572
   -1   -1    7   12   -0.067117
   -1   -1    8   12   -0.002540
   -1   -1    9   12   -0.049335
   -1   -1   10   12   -0.611267
   -1   -1   11   12   -0.038402
   -1   -1   12   12    0.038700
   -1   -1   13   12   -0.080230
   -1   -1   14   12    0.002987
   -1   -1   15   12    0.078935
   -1   -1   16   12    0.070538
   -1   -1   17   12    0.000035
   -1   -1   18   12    0.154995
   -1   -1    1   13   -1.681300
   -1   -1    2   13    0.051970
   -1   -1    3   13   -0.081410
   -1   -1    4   13    0.232330
   -1   -1    5   13    0.012283
   -1   -1    6   13    0.195502
   -1   -1    7   13   -0.008040
   -1   -1    8   13    0.001510
   -1   -1    9   13    0.000702
   -1   -1   10   13    4.203618
   -1   -1   11   13   -0.023437
   -1   -1   12   13   -0.015915
   -1   -1   13   13   -0.035043
   -1   -1   14   13   -0.007622
   -1   -1   15   13   -0.209527
   -1   -1   16   13   -0.095727
   -1   -1   17   13   -0.007800
   -1   -1   18   13    0.060857
   -1   -1    1   14   -0.008592
   -1   -1    2   14   -0.000103
   -1   -1    3   14    0.004767
   -1   -1    4   14    0.016155
   -1   -1    5   14   -0.000500
   -1   -1    6   14   -0.011172
   -1   -1    7   14   -0.002035
   -1   -1    8   14   -0.000675
   -1   -1    9   14    0.002470
   -1   -1   10   14   -0.008027
   -1   -1   11   14   -0.003138
   -1   -1   12   14   -0.000070
   -1   -1   13   14    0.001857
   -1   -1   14   14   -0.005135
   -1   -1   15   14    0.006942
   -1   -1   16   14   -0.004063
   -1   -1   17   14   -0.002740
   -1   -1   18   14   -0.014873
   -1   -1    1   15   -0.040172
   -1   -1    2   15   -0.015255
   -1   -1    3   15    0.020490
   -1   -1    4   15   -0.135905
   -1   -1    5   15    0.010557
   -1   -1    6   15   -0.062210
   -1   -1    7   15   -0.043943
   -1   -1    8   15    0.006545
   -1   -1    9   15   -0.026758
   -1   -1   10   15    0.344895
   -1   -1   11   15    0.057730
   -1   -1   12   15   -0.013465
   -1   -1   13   15    0.008232
   -1   -1   14   15    0.037880
   -1   -1   15   15    0.182820
   -1   -1   16   15   -0.051235
   -1   -1   17   15   -0.018627
   -1   -1   18   15    0.016837
   -1   -1    1   16   -0.260107
   -1   -1    2   16    0.010835
   -1   -1    3   16   -0.138637
   -1   -1    4   16    0.049690
   -1   -1    5   16    0.018540
   -1   -1    6   16    0.032470
   -1   -1    7   16   -0.008807
   -1   -1    8   16   -0.004680
   -1   -1    9   16    0.049365
   -1   -1   10   16    0.246518
   -1   -1   11   16   -0.024437
   -1   -1   12   16   -0.013200
   -1   -1   13   16   -0.003757
   -1   -1   14   16    0.025860
   -1   -1   15   16   -0.035490
   -1   -1   16   16   -0.021333
   -1   -1   17   16    0.027525
   -1   -1   18   16    0.080410
   -1   -1    1   17   -0.012315
   -1   -1    2   17    0.017470
   -1   -1    3   17   -0.003677
   -1   -1    4   17    0.078180
   -1   -1    5   17   -0.001597
   -1   -1    6   17    0.000000
   -1   -1    7   17   -0.017440
   -1   -1    8   17   -0.005475
   -1   -1    9   17    0.002933
   -1   -1   10   17    0.035057
   -1   -1   11   17   -0.076375
   -1   -1   12   17    0.001885
   -1   -1   13   17   -0.002568
   -1   -1   14   17   -0.016547
   -1   -1   15   17   -0.022362
   -1   -1   16   17    0.001915
   -1   -1   17   17   -0.002747
   -1   -1   18   17   -0.047145
   -1   -1    1   18   -0.069925
   -1   -1    2   18    0.006757
   -1   -1    3   18   -0.037912
   -1   -1    4   18    0.028918
   -1   -1    5   18    0.008023
   -1   -1    6   18   -0.042225
   -1   -1    7   18    0.012645
   -1   -1    8   18   -0.000175
   -1   -1    9   18    0.015393
   -1   -1   10   18    0.436487
   -1   -1   11   18   -0.002907
   -1   -1   12   18   -0.005520
   -1   -1   13   18   -0.007262
   -1   -1   14   18   -0.004442
   -1   -1   15   18   -0.001437
   -1   -1   16   18   -0.029415
   -1   -1   17   18    0.005057
   -1   -1   18   18    0.020348
    0   -1    1    1    0.021633
    0   -1    2    1   -0.014775
    0   -1    3    1    0.009490
    0   -1    4    1    0.001338
    0   -1    5    1   -0.021720
    0   -1    6    1    0.251377
    0   -1    7    1    0.047942
    0   -1    8    1   -0.003395
    0   -1    9    1    0.042140
    0   -1   10    1   -0.026547
    0   -1   11    1    0.003307
    0   -1   12    1   -0.233717
    0   -1   13    1   -0.017640
    0   -1   14    1   -0.004853
    0   -1   15    1   -0.253632
    0   -1   16    1    0.106015
    0   -1   17    1    0.001145
    0   -1   18    1    0.030177
    0   -1    1    2   -0.119415
    0   -1    2    2   -0.003245
    0   -1    3    2    0.002110
    0   -1    4    2   -0.004520
    0   -1    5    2   -0.003395
    0   -1    6    2    0.004150
    0   -1    7    2   -0.007037
    0   -1    8    2   -0.000023
    0   -1    9    2    0.005077
    0   -1   10    2    0.196472
    0   -1   11    2   -0.007983
    0   -1   12    2   -0.119058
    0   -1   13    2   -0.017450
    0   -1   14    2    0.000300
    0   -1   15    2    0.025522
    0   -1   16    2   -0.000718
    0   -1   17    2   -0.003802
    0   -1   18    2   -0.023333
    0   -1    1    3    0.100718
    0   -1    2    3    0.003025
    0   -1    3    3    0.034340
    0   -1    4    3    0.014990
    0   -1    5    3   -0.011267
    0   -1    6    3    0.038922
    0   -1    7    3    0.040495
    0   -1    8    3    0.001485
    0   -1    9    3    0.097957
    0   -1   10    3   -0.180180
    0   -1   11    3    0.014655
    0   -1   12    3    0.107375
    0   -1   13    3   -0.045020
    0   -1   14    3    0.007215
    0   -1   15    3   -0.523000
    0   -1   16    3    0.001798
    0   -1   17    3    0.004142
    0   -1   18    3    0.058397
    0   -1    1    4   -0.209650
    0   -1    2    4    0.012132
    0   -1    3    4   -0.005950
    0   -1    4    4   -0.008228
    0   -1    5    4    0.021895
    0   -1    6    4   -0.262430
    0   -1    7    4   -0.032008
    0   -1    8    4    0.004717
    0   -1    9    4   -0.032020
    0   -1   10    4    0.818845
    0   -1   11    4    0.039302
    0   -1   12    4    0.021655
    0   -1   13    4   -0.036770
    0   -1   14    4    0.007455
    0   -1   15    4    0.099092
    0   -1   16    4   -0.104110
    0   -1   17    4    0.004382
    0   -1   18    4   -0.175380
    0   -1    1    5   -0.595927
    0   -1    2    5   -0.004775
    0   -1    3    5    0.007980
    0   -1    4    5   -0.020515
    0   -1    5    5   -0.003385
    0   -1    6    5    0.006222
    0   -1    7    5   -0.007935
    0   -1    8    5   -0.001387
    0   -1    9    5    0.005960
    0   -1   10    5    0.346512
    0   -1   11    5   -0.015635
    0   -1   12    5   -0.111312
    0   -1   13    5   -0.025517
    0   -1   14    5   -0.004057
    0   -1   15    5    0.050335
    0   -1   16    5    0.019105
    0   -1   17    5   -0.003965
    0   -1   18    5   -0.034412
    0   -1    1    6   -1.134725
    0   -1    2    6   -0.006462
    0   -1    3    6   -0.008550
    0   -1    4    6   -0.068275
    0   -1    5    6    0.004380
    0   -1    6    6   -0.021198
    0   -1    7    6    0.005860
    0   -1    8    6   -0.000432
    0   -1    9    6   -0.025612
    0   -1   10    6   -0.503635
    0   -1   11    6    0.009798
    0   -1   12    6   -0.042550
    0   -1   13    6    0.063262
    0   -1   14    6   -0.006382
    0   -1   15    6    0.022062
    0   -1   16    6   -0.002310
    0   -1   17    6    0.003812
    0   -1   18    6   -0.028415
    0   -1    1    7   -0.345162
    0   -1    2    7    0.038445
    0   -1    3    7    0.001350
    0   -1    4    7   -0.054835
    0   -1    5    7    0.011597
    0   -1    6    7   -0.029042
    0   -1    7    7    0.006638
    0   -1    8    7    0.000668
    0   -1    9    7    0.002457
    0   -1   10    7    0.293038
    0   -1   11    7    0.019992
    0   -1   12    7   -0.035397
    0   -1   13    7    0.087475
    0   -1   14    7   -0.000920
    0   -1   15    7   -0.175720
    0   -1   16    7    0.004203
    0   -1   17    7    0.024825
    0   -1   18    7   -0.071732
    0   -1    1    8    0.057480
    0   -1    2    8   -0.047927
    0   -1    3    8    0.006367
    0   -1    4    8    0.019087
    0   -1    5    8    0.000918
    0   -1    6    8   -0.003608
    0   -1    7    8    0.006170
    0   -1    8    8   -0.000220
    0   -1    9    8   -0.000055
    0   -1   10    8   -0.057977
    0   -1   11    8    0.038492
    0   -1   12    8   -0.171845
    0   -1   13    8   -0.061315
    0   -1   14    8   -0.002605
    0   -1   15    8    0.117020
    0   -1   16    8   -0.014212
    0   -1   17    8   -0.002440
    0   -1   18    8    0.104075
    0   -1    1    9    0.665907
    0   -1    2    9    0.000805
    0   -1    3    9    0.005775
    0   -1    4    9    0.002488
    0   -1    5    9   -0.006900
    0   -1    6    9    0.097885
    0   -1    7    9    0.028800
    0   -1    8    9   -0.002315
    0   -1    9    9   -0.052053
    0   -1   10    9    0.461095
    0   -1   11    9   -0.009015
    0   -1   12    9    0.194318
    0   -1   13    9   -0.058487
    0   -1   14    9   -0.003645
    0   -1   15    9    0.009835
    0   -1   16    9    0.047325
    0   -1   17    9    0.003442
    0   -1   18    9   -0.030793
    0   -1    1   10    0.022472
    0   -1    2   10    0.002880
    0   -1    3   10   -0.001380
    0   -1    4   10    0.025142
    0   -1    5   10    0.000902
    0   -1    6   10    0.001772
    0   -1    7   10   -0.008950
    0   -1    8   10   -0.000240
    0   -1    9   10   -0.003860
    0   -1   10   10   -0.122807
    0   -1   11   10   -0.004547
    0   -1   12   10    0.036382
    0   -1   13   10    0.006317
    0   -1   14   10    0.002765
    0   -1   15   10    0.006927
    0   -1   16   10   -0.002802
    0   -1   17   10    0.000628
    0   -1   18   10    0.031020
    0   -1    1   11   -0.074200
    0   -1    2   11    0.003760
    0   -1    3   11    0.001842
    0   -1    4   11   -0.003260
    0   -1    5   11   -0.001450
    0   -1    6   11    0.003675
    0   -1    7   11    0.000780
    0   -1    8   11   -0.000342
    0   -1    9   11    0.001603
    0   -1   10   11    0.115637
    0   -1   11   11   -0.005650
    0   -1   12   11    0.102090
    0   -1   13   11   -0.006322
    0   -1   14   11   -0.000583
    0   -1   15   11   -0.014207
    0   -1   16   11    0.005403
    0   -1   17   11   -0.000195
    0   -1   18   11   -0.013878
    0   -1    1   12   -0.002655
    0   -1    2   12   -0.002785
    0   -1    3   12    0.007245
    0   -1    4   12    0.031245
    0   -1    5   12   -0.008795
    0   -1    6   12    0.001337
    0   -1    7   12    0.004580
    0   -1    8   12   -0.000960
    0   -1    9   12   -0.013715
    0   -1   10   12    0.043765
    0   -1   11   12   -0.001270
    0   -1   12   12   -0.062585
    0   -1   13   12   -0.022890
    0   -1   14   12   -0.001402
    0   -1   15   12    0.000418
    0   -1   16   12    0.021570
    0   -1   17   12   -0.005347
    0   -1   18   12    0.003207
    0   -1    1   13    0.346737
    0   -1    2   13   -0.000895
    0   -1    3   13   -0.006335
    0   -1    4   13   -0.078010
    0   -1    5   13   -0.003632
    0   -1    6   13   -0.005370
    0   -1    7   13   -0.016705
    0   -1    8   13   -0.000987
    0   -1    9   13    0.011915
    0   -1   10   13    0.065973
    0   -1   11   13    0.009372
    0   -1   12   13   -0.100775
    0   -1   13   13    0.063905
    0   -1   14   13   -0.004477
    0   -1   15   13    0.010755
    0   -1   16   13    0.003978
    0   -1   17   13    0.003188
    0   -1   18   13   -0.060025
    0   -1    1   14    0.049442
    0   -1    2   14   -0.002800
    0   -1    3   14    0.000728
    0   -1    4   14    0.007078
    0   -1    5   14    0.000787
    0   -1    6   14    0.004507
    0   -1    7   14    0.003690
    0   -1    8   14   -0.000652
    0   -1    9   14   -0.000365
    0   -1   10   14    0.007877
    0   -1   11   14    0.003728
    0   -1   12   14    0.124630
    0   -1   13   14    0.002320
    0   -1   14   14   -0.000992
    0   -1   15   14   -0.001725
    0   -1   16   14   -0.006157
    0   -1   17   14    0.000135
    0   -1   18   14    0.008663
    0   -1    1   15    0.151712
    0   -1    2   15   -0.027130
    0   -1    3   15    0.010215
    0   -1    4   15    0.035723
    0   -1    5   15   -0.006840
    0   -1    6   15   -0.155172
    0   -1    7   15   -0.079520
    0   -1    8   15    0.001167
    0   -1    9   15   -0.006272
    0   -1   10   15   -0.219055
    0   -1   11   15    0.009123
    0   -1   12   15   -0.060965
    0   -1   13   15    0.007305
    0   -1   14   15    0.004415
    0   -1   15   15    0.255300
    0   -1   16   15    0.009613
    0   -1   17   15   -0.012077
    0   -1   18   15    0.052770
    0   -1    1   16    1.598580
    0   -1    2   16   -0.044670
    0   -1    3   16   -0.029910
    0   -1    4   16    0.030700
    0   -1    5   16    0.020003
    0   -1    6   16    0.009523
    0   -1    7   16    0.108735
    0   -1    8   16   -0.000178
    0   -1    9   16   -0.010785
    0   -1   10   16   -1.244060
    0   -1   11   16    0.060010
    0   -1   12   16   -1.441370
    0   -1   13   16    0.043358
    0   -1   14   16   -0.006593
    0   -1   15   16    0.006840
    0   -1   16   16   -0.042840
    0   -1   17   16    0.012013
    0   -1   18   16    0.095965
    0   -1    1   17   -0.043230
    0   -1    2   17   -0.007427
    0   -1    3   17    0.002017
    0   -1    4   17    0.012217
    0   -1    5   17    0.007240
    0   -1    6   17   -0.000857
    0   -1    7   17    0.020232
    0   -1    8   17    0.000728
    0   -1    9   17    0.010310
    0   -1   10   17    0.057750
    0   -1   11   17    0.073855
    0   -1   12   17    0.046127
    0   -1   13   17    0.018177
    0   -1   14   17    0.014912
    0   -1   15   17   -0.025140
    0   -1   16   17   -0.016563
    0   -1   17   17    0.011942
    0   -1   18   17   -0.020547
    0   -1    1   18   -0.287865
    0   -1    2   18    0.002875
    0   -1    3   18   -0.012030
    0   -1    4   18   -0.024095
    0   -1    5   18    0.001775
    0   -1    6   18    0.021648
    0   -1    7   18    0.006070
    0   -1    8   18    0.000607
    0   -1    9   18    0.019980
    0   -1   10   18   -0.094045
    0   -1   11   18   -0.006853
    0   -1   12   18   -0.031175
    0   -1   13   18    0.003403
    0   -1   14   18    0.000275
    0   -1   15   18   -0.049578
    0   -1   16   18   -0.008698
    0   -1   17   18   -0.000565
    0   -1   18   18    0.008442
    1   -1    1    1    0.001150
    1   -1    2    1   -0.008882
    1   -1    3    1    0.004045
    1   -1    4    1    0.004290
    1   -1    5    1   -0.003880
    1   -1    6    1   -0.004027
    1   -1    7    1    0.014755
    1   -1    8    1   -0.001262
    1   -1    9    1   -0.003577
    1   -1   10    1   -0.013948
    1   -1   11    1   -0.001812
    1   -1   12    1   -0.143795
    1   -1   13    1    0.004875
    1   -1   14    1   -0.002527
    1   -1   15    1    0.014282
    1   -1   16    1    0.031103
    1   -1   17    1   -0.001145
    1   -1   18    1    0.001835
    1   -1    1    2   -0.009940
    1   -1    2    2   -0.000877
    1   -1    3    2   -0.000487
    1   -1    4    2    0.001300
    1   -1    5    2   -0.001442
    1   -1    6    2    0.000230
    1   -1    7    2   -0.001237
    1   -1    8    2   -0.000112
    1   -1    9    2   -0.001040
    1   -1   10    2    0.012405
    1   -1   11    2   -0.000530
    1   -1   12    2    0.020605
    1   -1   13    2   -0.000805
    1   -1   14    2    0.000082
    1   -1   15    2    0.001277
    1   -1   16    2    0.005940
    1   -1   17    2   -0.000027
    1   -1   18    2   -0.003853
    1   -1    1    3    0.001445
    1   -1    2    3   -0.007568
    1   -1    3    3    0.014217
    1   -1    4    3    0.005677
    1   -1    5    3    0.004820
    1   -1    6    3    0.011190
    1   -1    7    3    0.010965
    1   -1    8    3    0.000087
    1   -1    9    3    0.024432
    1   -1   10    3   -0.142100
    1   -1   11    3    0.004775
    1   -1   12    3   -0.149745
    1   -1   13    3    0.019672
    1   -1   14    3    0.000272
    1   -1   15    3    0.004160
    1   -1   16    3   -0.016552
    1   -1   17    3    0.000205
    1   -1   18    3    0.009880
    1   -1    1    4    0.016282
    1   -1    2    4    0.002505
    1   -1    3    4   -0.005645
    1   -1    4    4   -0.026407
    1   -1    5    4    0.003680
    1   -1    6    4    0.004760
    1   -1    7    4    0.029035
    1   -1    8    4    0.000650
    1   -1    9    4   -0.005667
    1   -1   10    4   -0.007692
    1   -1   11    4    0.003233
    1   -1   12    4    0.171122
    1   -1   13    4   -0.003250
    1   -1   14    4    0.001900
    1   -1   15    4   -0.011087
    1   -1   16    4   -0.039560
    1   -1   17    4    0.003268
    1   -1   18    4   -0.006625
    1   -1    1    5   -0.009500
    1   -1    2    5   -0.001035
    1   -1    3    5   -0.000860
    1   -1    4    5    0.000627
    1   -1    5    5   -0.000620
    1   -1    6    5    0.000467
    1   -1    7    5    0.003077
    1   -1    8    5   -0.000067
    1   -1    9    5   -0.000180
    1   -1   10    5   -0.010585
    1   -1   11    5   -0.001190
    1   -1   12    5    0.031695
    1   -1   13    5   -0.005490
    1   -1   14    5    0.000322
    1   -1   15    5   -0.006327
    1   -1   16    5    0.004687
    1   -1   17    5    0.000040
    1   -1   18    5   -0.000542
    1   -1    1    6    0.001195
    1   -1    2    6    0.001987
    1   -1    3    6   -0.007980
    1   -1    4    6   -0.021635
    1   -1    5    6    0.008797
    1   -1    6    6    0.003352
    1   -1    7    6    0.004337
    1   -1    8    6    0.000587
    1   -1    9    6    0.015248
    1   -1   10    6   -0.018202
    1   -1   11    6    0.002080
    1   -1   12    6   -0.024672
    1   -1   13    6   -0.013142
    1   -1   14    6    0.000052
    1   -1   15    6    0.004843
    1   -1   16    6   -0.020445
    1   -1   17    6   -0.001600
    1   -1   18    6   -0.007178
    1   -1    1    7   -0.011425
    1   -1    2    7    0.004505
    1   -1    3    7   -0.003300
    1   -1    4    7   -0.014730
    1   -1    5    7    0.000963
    1   -1    6    7   -0.008717
    1   -1    7    7    0.011082
    1   -1    8    7    0.000470
    1   -1    9    7    0.011623
    1   -1   10    7    0.008093
    1   -1   11    7    0.003567
    1   -1   12    7    0.036117
    1   -1   13    7    0.009298
    1   -1   14    7   -0.002033
    1   -1   15    7    0.006720
    1   -1   16    7   -0.021470
    1   -1   17    7   -0.000732
    1   -1   18    7    0.000538
    1   -1    1    8    0.008497
    1   -1    2    8   -0.006490
    1   -1    3    8    0.000460
    1   -1    4    8    0.003602
    1   -1    5    8   -0.001243
    1   -1    6    8    0.002110
    1   -1    7    8   -0.002200
    1   -1    8    8   -0.000232
    1   -1    9    8    0.001030
    1   -1   10    8   -0.019965
    1   -1   11    8    0.005600
    1   -1   12    8   -0.253760
    1   -1   13    8    0.033640
    1   -1   14    8   -0.001375
    1   -1   15    8    0.015292
    1   -1   16    8    0.006978
    1   -1   17    8   -0.000195
    1   -1   18    8    0.002465
    1   -1    1    9   -0.025565
    1   -1    2    9   -0.001733
    1   -1    3    9    0.002612
    1   -1    4    9    0.015640
    1   -1    5    9   -0.002452
    1   -1    6    9    0.012280
    1   -1    7    9   -0.003860
    1   -1    8    9   -0.000050
    1   -1    9    9    0.002713
    1   -1   10    9   -0.038330
    1   -1   11    9   -0.003765
    1   -1   12    9    0.003822
    1   -1   13    9    0.000787
    1   -1   14    9    0.000018
    1   -1   15    9    0.009127
    1   -1   16    9    0.017205
    1   -1   17    9   -0.003960
    1   -1   18    9    0.014740
    1   -1    1   10    0.005935
    1   -1    2   10    0.003775
    1   -1    3   10   -0.003657
    1   -1    4   10    0.003000
    1   -1    5   10    0.000785
    1   -1    6   10   -0.001195
    1   -1    7   10    0.000032
    1   -1    8   10    0.000567
    1   -1    9   10   -0.001333
    1   -1   10   10   -0.017622
    1   -1   11   10    0.000380
    1   -1   12   10    0.002835
    1   -1   13   10   -0.005925
    1   -1   14   10    0.001325
    1   -1   15   10    0.001468
    1   -1   16   10   -0.009055
    1   -1   17   10   -0.001460
    1   -1   18   10    0.005995
    1   -1    1   11   -0.007057
    1   -1    2   11    0.000347
    1   -1    3   11   -0.000665
    1   -1    4   11    0.000050
    1   -1    5   11   -0.000685
    1   -1    6   11   -0.000307
    1   -1    7   11   -0.000680
    1   -1    8   11   -0.000070
    1   -1    9   11    0.000875
    1   -1   10   11    0.008360
    1   -1   11   11   -0.000250
    1   -1   12   11    0.022080
    1   -1   13   11   -0.000730
    1   -1   14   11   -0.000120
    1   -1   15   11    0.000105
    1   -1   16   11    0.001620
    1   -1   17   11   -0.000127
    1   -1   18   11   -0.002217
    1   -1    1   12    0.002595
    1   -1    2   12   -0.000667
    1   -1    3   12   -0.013162
    1   -1    4   12    0.008697
    1   -1    5   12   -0.002875
    1   -1    6   12   -0.003527
    1   -1    7   12    0.002367
    1   -1    8   12   -0.000810
    1   -1    9   12   -0.019662
    1   -1   10   12    0.002427
    1   -1   11   12   -0.000202
    1   -1   12   12    0.016768
    1   -1   13   12   -0.003430
    1   -1   14   12   -0.000935
    1   -1   15   12   -0.005260
    1   -1   16   12    0.009043
    1   -1   17   12    0.000932
    1   -1   18   12    0.000892
    1   -1    1   13   -0.016063
    1   -1    2   13   -0.000892
    1   -1    3   13    0.007312
    1   -1    4   13   -0.003138
    1   -1    5   13   -0.004405
    1   -1    6   13    0.004437
    1   -1    7   13   -0.004515
    1   -1    8   13   -0.001107
    1   -1    9   13    0.002932
    1   -1   10   13    0.006440
    1   -1   11   13   -0.000937
    1   -1   12   13    0.023527
    1   -1   13   13    0.002345
    1   -1   14   13   -0.000740
    1   -1   15   13   -0.005557
    1   -1   16   13    0.019000
    1   -1   17   13    0.002910
    1   -1   18   13   -0.001660
    1   -1    1   14    0.003303
    1   -1    2   14   -0.000935
    1   -1    3   14   -0.000080
    1   -1    4   14    0.000572
    1   -1    5   14    0.000115
    1   -1    6   14    0.001397
    1   -1    7   14    0.003315
    1   -1    8   14    0.000012
    1   -1    9   14    0.000655
    1   -1   10   14   -0.008702
    1   -1   11   14   -0.000405
    1   -1   12   14   -0.018625
    1   -1   13   14   -0.000402
    1   -1   14   14   -0.000045
    1   -1   15   14    0.002725
    1   -1   16   14   -0.002057
    1   -1   17   14   -0.000707
    1   -1   18   14    0.001650
    1   -1    1   15    0.003755
    1   -1    2   15   -0.003385
    1   -1    3   15    0.003557
    1   -1    4   15    0.007507
    1   -1    5   15   -0.001460
    1   -1    6   15   -0.000213
    1   -1    7   15   -0.006523
    1   -1    8   15    0.000005
    1   -1    9   15    0.000940
    1   -1   10   15    0.017110
    1   -1   11   15   -0.002188
    1   -1   12   15   -0.006740
    1   -1   13   15   -0.000203
    1   -1   14   15    0.002067
    1   -1   15   15   -0.005602
    1   -1   16   15    0.006362
    1   -1   17   15   -0.000370
    1   -1   18   15    0.000687
    1   -1    1   16    0.036157
    1   -1    2   16    0.006020
    1   -1    3   16    0.005165
    1   -1    4   16   -0.013290
    1   -1    5   16    0.008222
    1   -1    6   16   -0.000775
    1   -1    7   16   -0.006862
    1   -1    8   16    0.000810
    1   -1    9   16    0.000750
    1   -1   10   16   -0.034892
    1   -1   11   16    0.002940
    1   -1   12   16   -0.141660
    1   -1   13   16    0.014832
    1   -1   14   16    0.000512
    1   -1   15   16    0.005652
    1   -1   16   16   -0.028357
    1   -1   17   16   -0.003490
    1   -1   18   16    0.003057
    1   -1    1   17   -0.001605
    1   -1    2   17    0.000642
    1   -1    3   17   -0.001172
    1   -1    4   17   -0.000985
    1   -1    5   17    0.000857
    1   -1    6   17    0.002338
    1   -1    7   17    0.020317
    1   -1    8   17    0.000200
    1   -1    9   17    0.002020
    1   -1   10   17    0.018390
    1   -1   11   17   -0.002185
    1   -1   12   17    0.139195
    1   -1   13   17   -0.022498
    1   -1   14   17    0.000635
    1   -1   15   17   -0.004092
    1   -1   16   17   -0.008930
    1   -1   17   17    0.000835
    1   -1   18   17    0.004322
    1   -1    1   18    0.014502
    1   -1    2   18   -0.001175
    1   -1    3   18    0.002107
    1   -1    4   18   -0.000477
    1   -1    5   18   -0.001382
    1   -1    6   18    0.001842
    1   -1    7   18   -0.009600
    1   -1    8   18    0.000017
    1   -1    9   18   -0.008868
    1   -1   10   18   -0.013390
    1   -1   11   18   -0.000963
    1   -1   12   18   -0.052065
    1   -1   13   18    0.002565
    1   -1   14   18   -0.001335
    1   -1   15   18    0.007175
    1   -1   16   18    0.012267
    1   -1   17   18   -0.000205
    1   -1   18   18   -0.000920
   -1    0    1    1   -0.254240
   -1    0    2    1   -0.000548
   -1    0    3    1   -0.036998
   -1    0    4    1    0.679895
   -1    0    5    1    0.032197
   -1    0    6    1   -0.056347
   -1    0    7    1    0.047302
   -1    0    8    1   -0.021272
   -1    0    9    1    0.050020
   -1    0   10    1    0.044352
   -1    0   11    1    0.016375
   -1    0   12    1   -0.009972
   -1    0   13    1    0.010265
   -1    0   14    1    0.003960
   -1    0   15    1    0.100810
   -1    0   16    1   -0.135467
   -1    0   17    1   -0.061525
   -1    0   18    1   -0.118438
   -1    0    1    2   -0.110725
   -1    0    2    2    0.012795
   -1    0    3    2    0.088347
   -1    0    4    2    0.255165
   -1    0    5    2    0.027157
   -1    0    6    2   -0.000775
   -1    0    7    2    0.042065
   -1    0    8    2    0.215310
   -1    0    9    2    0.053400
   -1    0   10    2   -0.005665
   -1    0   11    2    0.015642
   -1    0   12    2   -0.002700
   -1    0   13    2    0.025200
   -1    0   14    2   -0.057660
   -1    0   15    2   -0.015288
   -1    0   16    2   -0.114270
   -1    0   17    2    1.406087
   -1    0   18    2   -0.169620
   -1    0    1    3   -0.040548
   -1    0    2    3   -0.004103
   -1    0    3    3   -0.111450
   -1    0    4    3    0.074410
   -1    0    5    3   -0.028097
   -1    0    6    3   -0.103742
   -1    0    7    3    0.005330
   -1    0    8    3   -0.020780
   -1    0    9    3   -0.002970
   -1    0   10    3    0.004932
   -1    0   11    3   -0.001040
   -1    0   12    3    0.007672
   -1    0   13    3   -0.013565
   -1    0   14    3    0.003587
   -1    0   15    3   -0.009660
   -1    0   16    3    0.070457
   -1    0   17    3   -0.007657
   -1    0   18    3    0.037760
   -1    0    1    4   -0.014000
   -1    0    2    4   -0.055335
   -1    0    3    4   -0.468413
   -1    0    4    4   -0.301642
   -1    0    5    4   -0.029185
   -1    0    6    4    0.078433
   -1    0    7    4   -0.066810
   -1    0    8    4   -0.113922
   -1    0    9    4   -0.165332
   -1    0   10    4   -0.000900
   -1    0   11    4   -0.022685
   -1    0   12    4   -0.007817
   -1    0   13    4    0.033700
   -1    0   14    4    0.010827
   -1    0   15    4    0.098757
   -1    0   16    4    0.336295
   -1    0   17    4   -0.043228
   -1    0   18    4    0.080908
   -1    0    1    5   -0.075290
   -1    0    2    5    0.004925
   -1    0    3    5    0.131752
   -1    0    4    5   -0.042612
   -1    0    5    5    0.002842
   -1    0    6    5    0.020632
   -1    0    7    5    0.039793
   -1    0    8    5    0.089900
   -1    0    9    5    0.033173
   -1    0   10    5   -0.006195
   -1    0   11    5    0.004432
   -1    0   12    5    0.001837
   -1    0   13    5    0.016340
   -1    0   14    5   -0.001457
   -1    0   15    5   -0.015647
   -1    0   16    5   -0.039243
   -1    0   17    5    0.025885
   -1    0   18    5   -0.060955
   -1    0    1    6   -0.208552
   -1    0    2    6   -0.057070
   -1    0    3    6    0.321097
   -1    0    4    6   -0.233102
   -1    0    5    6   -0.126032
   -1    0    6    6   -0.008790
   -1    0    7    6   -0.058567
   -1    0    8    6   -0.005133
   -1    0    9    6   -0.006182
   -1    0   10    6    0.070800
   -1    0   11    6   -0.038270
   -1    0   12    6    0.020330
   -1    0   13    6   -0.122067
   -1    0   14    6    0.007937
   -1    0   15    6    0.058232
   -1    0   16    6    0.326405
   -1    0   17    6   -0.006045
   -1    0   18    6   -0.268505
   -1    0    1    7    0.291725
   -1    0    2    7   -0.115242
   -1    0    3    7   -0.048555
   -1    0    4    7   -0.950515
   -1    0    5    7   -0.132062
   -1    0    6    7    0.312680
   -1    0    7    7   -0.196197
   -1    0    8    7    0.500995
   -1    0    9    7   -0.092253
   -1    0   10    7    0.028635
   -1    0   11    7   -0.094530
   -1    0   12    7    0.010422
   -1    0   13    7   -0.066782
   -1    0   14    7    0.106075
   -1    0   15    7   -0.095960
   -1    0   16    7    0.912140
   -1    0   17    7   -0.776115
   -1    0   18    7    0.400795
   -1    0    1    8   -0.006742
   -1    0    2    8    0.002533
   -1    0    3    8    0.004945
   -1    0    4    8   -0.045225
   -1    0    5    8   -0.001257
   -1    0    6    8   -0.002012
   -1    0    7    8    0.000708
   -1    0    8    8    0.012510
   -1    0    9    8   -0.005097
   -1    0   10    8   -0.000775
   -1    0   11    8    0.000202
   -1    0   12    8    0.000017
   -1    0   13    8    0.004550
   -1    0   14    8    0.002557
   -1    0   15    8    0.002997
   -1    0   16    8   -0.000810
   -1    0   17    8   -0.019485
   -1    0   18    8    0.009923
   -1    0    1    9    0.463177
   -1    0    2    9    0.001980
   -1    0    3    9   -0.835718
   -1    0    4    9    0.816913
   -1    0    5    9   -0.072930
   -1    0    6    9    0.014952
   -1    0    7    9   -0.033635
   -1    0    8    9   -0.027523
   -1    0    9    9   -0.343910
   -1    0   10    9    0.006578
   -1    0   11    9   -0.015695
   -1    0   12    9    0.015425
   -1    0   13    9    0.017037
   -1    0   14    9    0.023560
   -1    0   15    9   -0.104375
   -1    0   16    9    0.155535
   -1    0   17    9    0.113547
   -1    0   18    9    0.841665
   -1    0    1   10    2.729147
   -1    0    2   10   -0.031855
   -1    0    3   10    0.045765
   -1    0    4   10    0.046772
   -1    0    5   10    0.292932
   -1    0    6   10    0.815755
   -1    0    7   10   -0.101772
   -1    0    8   10   -0.261877
   -1    0    9   10    0.138285
   -1    0   10   10   -0.119618
   -1    0   11   10   -0.044167
   -1    0   12   10    0.195190
   -1    0   13   10   -0.492220
   -1    0   14   10    0.261080
   -1    0   15   10   -0.469467
   -1    0   16   10   -0.230757
   -1    0   17   10   -0.344933
   -1    0   18   10   -0.307545
   -1    0    1   11   -0.082925
   -1    0    2   11    0.000508
   -1    0    3   11    0.088103
   -1    0    4   11   -0.112587
   -1    0    5   11   -0.033540
   -1    0    6   11    0.039098
   -1    0    7   11    0.014930
   -1    0    8   11   -0.009920
   -1    0    9   11    0.015855
   -1    0   10   11    0.005967
   -1    0   11   11    0.006355
   -1    0   12   11   -0.004042
   -1    0   13   11    0.008922
   -1    0   14   11    0.014187
   -1    0   15   11   -0.013875
   -1    0   16   11    0.011948
   -1    0   17   11    0.295885
   -1    0   18   11    0.126077
   -1    0    1   12   -0.324042
   -1    0    2   12   -0.399755
   -1    0    3   12   -0.132252
   -1    0    4   12    0.496552
   -1    0    5   12   -0.514275
   -1    0    6   12   -2.488643
   -1    0    7   12   -0.059275
   -1    0    8   12    0.076870
   -1    0    9   12   -2.234787
   -1    0   10   12   -0.188267
   -1    0   11   12   -0.478045
   -1    0   12   12   -0.103140
   -1    0   13   12    0.574515
   -1    0   14   12   -0.642777
   -1    0   15   12   -0.278875
   -1    0   16   12    1.973037
   -1    0   17   12   -0.332130
   -1    0   18   12    0.676878
   -1    0    1   13   -1.143547
   -1    0    2   13   -0.031270
   -1    0    3   13   -0.218080
   -1    0    4   13   -1.046742
   -1    0    5   13    0.093630
   -1    0    6   13    0.323565
   -1    0    7   13   -0.181757
   -1    0    8   13    0.727530
   -1    0    9   13   -1.889012
   -1    0   10   13    0.125447
   -1    0   11   13   -0.023730
   -1    0   12   13   -0.059792
   -1    0   13   13   -0.063710
   -1    0   14   13    0.359007
   -1    0   15   13   -0.253355
   -1    0   16   13    0.034302
   -1    0   17   13   -3.293862
   -1    0   18   13    0.525000
   -1    0    1   14   -0.049508
   -1    0    2   14    0.000498
   -1    0    3   14    0.036017
   -1    0    4   14   -0.103323
   -1    0    5   14   -0.004205
   -1    0    6   14   -0.007780
   -1    0    7   14    0.005455
   -1    0    8   14    0.016900
   -1    0    9   14    0.000595
   -1    0   10   14    0.003182
   -1    0   11   14   -0.000392
   -1    0   12   14    0.001540
   -1    0   13   14   -0.004630
   -1    0   14   14   -0.000995
   -1    0   15   14    0.003162
   -1    0   16   14   -0.000450
   -1    0   17   14    0.027585
   -1    0   18   14    0.001892
   -1    0    1   15   -0.270772
   -1    0    2   15    0.093320
   -1    0    3   15    0.205983
   -1    0    4   15   -0.529367
   -1    0    5   15    0.101720
   -1    0    6   15   -0.237512
   -1    0    7   15    0.010730
   -1    0    8   15    0.431892
   -1    0    9   15   -0.035548
   -1    0   10   15   -0.042297
   -1    0   11   15    0.046222
   -1    0   12   15    0.007617
   -1    0   13   15    0.045850
   -1    0   14   15    0.081277
   -1    0   15   15    0.123693
   -1    0   16   15   -0.376207
   -1    0   17   15    0.020440
   -1    0   18   15   -0.926928
   -1    0    1   16    0.399803
   -1    0    2   16   -0.041162
   -1    0    3   16   -0.479575
   -1    0    4   16    1.226903
   -1    0    5   16    0.006988
   -1    0    6   16   -0.052415
   -1    0    7   16   -0.089175
   -1    0    8   16   -0.197800
   -1    0    9   16    0.049092
   -1    0   10   16    0.012707
   -1    0   11   16   -0.011860
   -1    0   12   16    0.002950
   -1    0   13   16   -0.087162
   -1    0   14   16   -0.006567
   -1    0   15   16   -0.001250
   -1    0   16   16    0.110528
   -1    0   17   16    0.248755
   -1    0   18   16   -0.153620
   -1    0    1   17   -0.008610
   -1    0    2   17    0.014545
   -1    0    3   17    0.016053
   -1    0    4   17   -0.012800
   -1    0    5   17   -1.144265
   -1    0    6   17    0.141187
   -1    0    7   17   -0.031810
   -1    0    8   17    1.450940
   -1    0    9   17    0.143332
   -1    0   10   17   -0.008945
   -1    0   11   17    0.044100
   -1    0   12   17   -0.008353
   -1    0   13   17   -0.021160
   -1    0   14   17   -1.768612
   -1    0   15   17    0.059475
   -1    0   16   17    0.017527
   -1    0   17   17    0.006537
   -1    0   18   17    0.077613
   -1    0    1   18   -0.091055
   -1    0    2   18    0.004435
   -1    0    3   18   -0.250392
   -1    0    4   18    0.167587
   -1    0    5   18    0.039340
   -1    0    6   18   -0.068870
   -1    0    7   18    0.029853
   -1    0    8   18    0.018125
   -1    0    9   18   -0.141987
   -1    0   10   18   -0.008710
   -1    0   11   18    0.006235
   -1    0   12   18    0.001218
   -1    0   13   18    0.016430
   -1    0   14   18    0.000425
   -1    0   15   18    0.001248
   -1    0   16   18   -0.077545
   -1    0   17   18   -0.088085
   -1    0   18   18   -0.112647
    0    0    1    1   -1.201282
    0    0    2    1   -0.253645
    0    0    3    1   -0.461640
    0    0    4    1   -0.650223
    0    0    5    1   -0.094298
    0    0    6    1   -0.328362
    0    0    7    1    0.381620
    0    0    8    1   -0.179675
    0    0    9    1   -3.227247
    0    0   10    1    0.010462
    0    0   11    1   -0.273467
    0    0   12    1   -0.045465
    0    0   13    1   -0.306455
    0    0   14    1    0.075378
    0    0   15    1    3.359750
    0    0   16    1    1.333895
    0    0   17    1   -0.355615
    0    0   18    1    0.438305
    0    0    1    2   -0.253645
    0    0    2    2   -0.273335
    0    0    3    2   -0.046445
    0    0    4    2    0.102235
    0    0    5    2    1.072955
    0    0    6    2    0.523417
    0    0    7    2    0.156053
    0    0    8    2    0.093082
    0    0    9    2    0.145102
    0    0   10    2   -0.000555
    0    0   11    2    1.287147
    0    0   12    2    0.223090
    0    0   13    2    0.379152
    0    0   14    2   -0.183353
    0    0   15    2    1.655695
    0    0   16    2   -0.386502
    0    0   17    2   -2.302252
    0    0   18    2    0.284005
    0    0    1    3   -0.461640
    0    0    2    3   -0.046445
    0    0    3    3    0.602865
    0    0    4    3    1.805310
    0    0    5    3   -0.212175
    0    0    6    3   -0.931857
    0    0    7    3   -0.023422
    0    0    8    3    0.067805
    0    0    9    3   -2.611267
    0    0   10    3    0.071015
    0    0   11    3   -0.024487
    0    0   12    3    0.088807
    0    0   13    3   -0.066067
    0    0   14    3   -0.064185
    0    0   15    3   -0.317507
    0    0   16    3    1.057477
    0    0   17    3    0.114770
    0    0   18    3    0.172382
    0    0    1    4   -0.650223
    0    0    2    4    0.102235
    0    0    3    4    1.805310
    0    0    4    4    4.755875
    0    0    5    4    0.419970
    0    0    6    4   -1.040712
    0    0    7    4    0.905767
    0    0    8    4   -0.060290
    0    0    9    4   -0.862553
    0    0   10    4    1.364882
    0    0   11    4   -0.048727
    0    0   12    4   -0.440935
    0    0   13    4   -3.727287
    0    0   14    4   -0.019163
    0    0   15    4    0.192638
    0    0   16    4   -1.028558
    0    0   17    4    1.057955
    0    0   18    4   -1.369970
    0    0    1    5   -0.094298
    0    0    2    5    1.072955
    0    0    3    5   -0.212175
    0    0    4    5    0.419970
    0    0    5    5   -1.041977
    0    0    6    5    1.125370
    0    0    7    5   -0.872660
    0    0    8    5    0.606287
    0    0    9    5    0.314420
    0    0   10    5   -0.009200
    0    0   11    5    0.028507
    0    0   12    5   -0.014195
    0    0   13    5   -0.375435
    0    0   14    5    0.014597
    0    0   15    5    0.466840
    0    0   16    5    0.836253
    0    0   17    5    1.209892
    0    0   18    5   -0.149910
    0    0    1    6   -0.328362
    0    0    2    6    0.523417
    0    0    3    6   -0.931857
    0    0    4    6   -1.040712
    0    0    5    6    1.125370
    0    0    6    6    1.167820
    0    0    7    6    0.434522
    0    0    8    6   -0.005877
    0    0    9    6    0.878447
    0    0   10    6    0.231710
    0    0   11    6    0.235270
    0    0   12    6    0.788518
    0    0   13    6   -0.541810
    0    0   14    6    0.009915
    0    0   15    6    0.864507
    0    0   16    6   -3.381480
    0    0   17    6   -0.023593
    0    0   18    6   -1.164865
    0    0    1    7    0.381620
    0    0    2    7    0.156053
    0    0    3    7   -0.023422
    0    0    4    7    0.905767
    0    0    5    7   -0.872660
    0    0    6    7    0.434522
    0    0    7    7   -2.508593
    0    0    8    7   -0.157425
    0    0    9    7   -0.342715
    0    0   10    7   -0.521505
    0    0   11    7   -0.502870
    0    0   12    7   -0.205598
    0    0   13    7   -0.599127
    0    0   14    7   -0.138605
    0    0   15    7   -1.387690
    0    0   16    7    2.331712
    0    0   17    7    0.477247
    0    0   18    7    0.700705
    0    0    1    8   -0.179675
    0    0    2    8    0.093082
    0    0    3    8    0.067805
    0    0    4    8   -0.060290
    0    0    5    8    0.606287
    0    0    6    8   -0.005877
    0    0    7    8   -0.157425
    0    0    8    8    0.401687
    0    0    9    8    0.111760
    0    0   10    8   -0.008355
    0    0   11    8    0.075420
    0    0   12    8    0.020267
    0    0   13    8    0.062777
    0    0   14    8   -0.100983
    0    0   15    8   -0.083888
    0    0   16    8    0.009555
    0    0   17    8   -1.610840
    0    0   18    8    0.089338
    0    0    1    9   -3.227247
    0    0    2    9    0.145102
    0    0    3    9   -2.611267
    0    0    4    9   -0.862553
    0    0    5    9    0.314420
    0    0    6    9    0.878447
    0    0    7    9   -0.342715
    0    0    8    9    0.111760
    0    0    9    9    2.972008
    0    0   10    9   -0.050343
    0    0   11    9   -0.070775
    0    0   12    9    0.219260
    0    0   13    9    0.988912
    0    0   14    9   -0.168902
    0    0   15    9   -0.572555
    0    0   16    9   -0.189162
    0    0   17    9    0.165430
    0    0   18    9    0.540637
    0    0    1   10    0.010462
    0    0    2   10   -0.000555
    0    0    3   10    0.071015
    0    0    4   10    1.364882
    0    0    5   10   -0.009200
    0    0    6   10    0.231710
    0    0    7   10   -0.521505
    0    0    8   10   -0.008355
    0    0    9   10   -0.050343
    0    0   10   10   -0.330442
    0    0   11   10   -0.217860
    0    0   12   10    0.288235
    0    0   13   10   -0.135072
    0    0   14   10    0.004700
    0    0   15   10    0.037108
    0    0   16   10    0.303627
    0    0   17   10    0.001178
    0    0   18   10    1.111640
    0    0    1   11   -0.273467
    0    0    2   11    1.287147
    0    0    3   11   -0.024487
    0    0    4   11   -0.048727
    0    0    5   11    0.028507
    0    0    6   11    0.235270
    0    0    7   11   -0.502870
    0    0    8   11    0.075420
    0    0    9   11   -0.070775
    0    0   10   11   -0.217860
    0    0   11   11   -0.129453
    0    0   12   11   -0.332895
    0    0   13   11    0.761718
    0    0   14   11    0.007720
    0    0   15   11    0.606073
    0    0   16   11   -0.579618
    0    0   17   11   -1.056117
    0    0   18   11    0.269340
    0    0    1   12   -0.045465
    0    0    2   12    0.223090
    0    0    3   12    0.088807
    0    0    4   12   -0.440935
    0    0    5   12   -0.014195
    0    0    6   12    0.788518
    0    0    7   12   -0.205598
    0    0    8   12    0.020267
    0    0    9   12    0.219260
    0    0   10   12    0.288235
    0    0   11   12   -0.332895
    0    0   12   12   12.409242
    0    0   13   12   -2.380605
    0    0   14   12    0.084455
    0    0   15   12    0.248723
    0    0   16   12   -0.255298
    0    0   17   12   -0.214475
    0    0   18   12   -0.180560
    0    0    1   13   -0.306455
    0    0    2   13    0.379152
    0    0    3   13   -0.066067
    0    0    4   13   -3.727287
    0    0    5   13   -0.375435
    0    0    6   13   -0.541810
    0    0    7   13   -0.599127
    0    0    8   13    0.062777
    0    0    9   13    0.988912
    0    0   10   13   -0.135072
    0    0   11   13    0.761718
    0    0   12   13   -2.380605
    0    0   13   13    6.351870
    0    0   14   13    0.042545
    0    0   15   13   -0.401803
    0    0   16   13   -0.022630
    0    0   17   13   -0.050937
    0    0   18   13   -0.310328
    0    0    1   14    0.075378
    0    0    2   14   -0.183353
    0    0    3   14   -0.064185
    0    0    4   14   -0.019163
    0    0    5   14    0.014597
    0    0    6   14    0.009915
    0    0    7   14   -0.138605
    0    0    8   14   -0.100983
    0    0    9   14   -0.168902
    0    0   10   14    0.004700
    0    0   11   14    0.007720
    0    0   12   14    0.084455
    0    0   13   14    0.042545
    0    0   14   14    0.936540
    0    0   15   14    0.077717
    0    0   16   14   -1.241788
    0    0   17   14    2.804440
    0    0   18   14    0.127207
    0    0    1   15    3.359750
    0    0    2   15    1.655695
    0    0    3   15   -0.317507
    0    0    4   15    0.192638
    0    0    5   15    0.466840
    0    0    6   15    0.864507
    0    0    7   15   -1.387690
    0    0    8   15   -0.083888
    0    0    9   15   -0.572555
    0    0   10   15    0.037108
    0    0   11   15    0.606073
    0    0   12   15    0.248723
    0    0   13   15   -0.401803
    0    0   14   15    0.077717
    0    0   15   15   -7.573477
    0    0   16   15    0.113295
    0    0   17   15    1.592015
    0    0   18   15    0.583025
    0    0    1   16    1.333895
    0    0    2   16   -0.386502
    0    0    3   16    1.057477
    0    0    4   16   -1.028558
    0    0    5   16    0.836253
    0    0    6   16   -3.381480
    0    0    7   16    2.331712
    0    0    8   16    0.009555
    0    0    9   16   -0.189162
    0    0   10   16    0.303627
    0    0   11   16   -0.579618
    0    0   12   16   -0.255298
    0    0   13   16   -0.022630
    0    0   14   16   -1.241788
    0    0   15   16    0.113295
    0    0   16   16    2.156730
    0    0   17   16   -0.094740
    0    0   18   16   -0.594355
    0    0    1   17   -0.355615
    0    0    2   17   -2.302252
    0    0    3   17    0.114770
    0    0    4   17    1.057955
    0    0    5   17    1.209892
    0    0    6   17   -0.023593
    0    0    7   17    0.477247
    0    0    8   17   -1.610840
    0    0    9   17    0.165430
    0    0   10   17    0.001178
    0    0   11   17   -1.056117
    0    0   12   17   -0.214475
    0    0   13   17   -0.050937
    0    0   14   17    2.804440
    0    0   15   17    1.592015
    0    0   16   17   -0.094740
    0    0   17   17    0.469643
    0    0   18   17   -0.762745
    0    0    1   18    0.438305
    0    0    2   18    0.284005
    0    0    3   18    0.172382
    0    0    4   18   -1.369970
    0    0    5   18   -0.149910
    0    0    6   18   -1.164865
    0    0    7   18    0.700705
    0    0    8   18    0.089338
    0    0    9   18    0.540637
    0    0   10   18    1.111640
    0    0   11   18    0.269340
    0    0   12   18   -0.180560
    0    0   13   18   -0.310328
    0    0   14   18    0.127207
    0    0   15   18    0.583025
    0    0   16   18   -0.594355
    0    0   17   18   -0.762745
    0    0   18   18    3.434837
    1    0    1    1   -0.254240
    1    0    2    1   -0.110725
    1    0    3    1   -0.040548
    1    0    4    1   -0.014000
    1    0    5    1   -0.075290
    1    0    6    1   -0.208552
    1    0    7    1    0.291725
    1    0    8    1   -0.006742
    1    0    9    1    0.463177
    1    0   10    1    2.729147
    1    0   11    1   -0.082925
    1    0   12    1   -0.324042
    1    0   13    1   -1.143547
    1    0   14    1   -0.049508
    1    0   15    1   -0.270772
    1    0   16    1    0.399803
    1    0   17    1   -0.008610
    1    0   18    1   -0.091055
    1    0    1    2   -0.000548
    1    0    2    2    0.012795
    1    0    3    2   -0.004103
    1    0    4    2   -0.055335
    1    0    5    2    0.004925
    1    0    6    2   -0.057070
    1    0    7    2   -0.115242
    1    0    8    2    0.002533
    1    0    9    2    0.001980
    1    0   10    2   -0.031855
    1    0   11    2    0.000508
    1    0   12    2   -0.399755
    1    0   13    2   -0.031270
    1    0   14    2    0.000498
    1    0   15    2    0.093320
    1    0   16    2   -0.041162
    1    0   17    2    0.014545
    1    0   18    2    0.004435
    1    0    1    3   -0.036998
    1    0    2    3    0.088347
    1    0    3    3   -0.111450
    1    0    4    3   -0.468413
    1    0    5    3    0.131752
    1    0    6    3    0.321097
    1    0    7    3   -0.048555
    1    0    8    3    0.004945
    1    0    9    3   -0.835718
    1    0   10    3    0.045765
    1    0   11    3    0.088103
    1    0   12    3   -0.132252
    1    0   13    3   -0.218080
    1    0   14    3    0.036017
    1    0   15    3    0.205983
    1    0   16    3   -0.479575
    1    0   17    3    0.016053
    1    0   18    3   -0.250392
    1    0    1    4    0.679895
    1    0    2    4    0.255165
    1    0    3    4    0.074410
    1    0    4    4   -0.301642
    1    0    5    4   -0.042612
    1    0    6    4   -0.233102
    1    0    7    4   -0.950515
    1    0    8    4   -0.045225
    1    0    9    4    0.816913
    1    0   10    4    0.046772
    1    0   11    4   -0.112587
    1    0   12    4    0.496552
    1    0   13    4   -1.046742
    1    0   14    4   -0.103323
    1    0   15    4   -0.529367
    1    0   16    4    1.226903
    1    0   17    4   -0.012800
    1    0   18    4    0.167587
    1    0    1    5    0.032197
    1    0    2    5    0.027157
    1    0    3    5   -0.028097
    1    0    4    5   -0.029185
    1    0    5    5    0.002842
    1    0    6    5   -0.126032
    1    0    7    5   -0.132062
    1    0    8    5   -0.001257
    1    0    9    5   -0.072930
    1    0   10    5    0.292932
    1    0   11    5   -0.033540
    1    0   12    5   -0.514275
    1    0   13    5    0.093630
    1    0   14    5   -0.004205
    1    0   15    5    0.101720
    1    0   16    5    0.006988
    1    0   17    5   -1.144265
    1    0   18    5    0.039340
    1    0    1    6   -0.056347
    1    0    2    6   -0.000775
    1    0    3    6   -0.103742
    1    0    4    6    0.078433
    1    0    5    6    0.020632
    1    0    6    6   -0.008790
    1    0    7    6    0.312680
    1    0    8    6   -0.002012
    1    0    9    6    0.014952
    1    0   10    6    0.815755
    1    0   11    6    0.039098
    1    0   12    6   -2.488643
    1    0   13    6    0.323565
    1    0   14    6   -0.007780
    1    0   15    6   -0.237512
    1    0   16    6   -0.052415
    1    0   17    6    0.141187
    1    0   18    6   -0.068870
    1    0    1    7    0.047302
    1    0    2    7    0.042065
    1    0    3    7    0.005330
    1    0    4    7   -0.066810
    1    0    5    7    0.039793
    1    0    6    7   -0.058567
    1    0    7    7   -0.196197
    1    0    8    7    0.000708
    1    0    9    7   -0.033635
    1    0   10    7   -0.101772
    1    0   11    7    0.014930
    1    0   12    7   -0.059275
    1    0   13    7   -0.181757
    1    0   14    7    0.005455
    1    0   15    7    0.010730
    1    0   16    7   -0.089175
    1    0   17    7   -0.031810
    1    0   18    7    0.029853
    1    0    1    8   -0.021272
    1    0    2    8    0.215310
    1    0    3    8   -0.020780
    1    0    4    8   -0.113922
    1    0    5    8    0.089900
    1    0    6    8   -0.005133
    1    0    7    8    0.500995
    1    0    8    8    0.012510
    1    0    9    8   -0.027523
    1    0   10    8   -0.261877
    1    0   11    8   -0.009920
    1    0   12    8    0.076870
    1    0   13    8    0.727530
    1    0   14    8    0.016900
    1    0   15    8    0.431892
    1    0   16    8   -0.197800
    1    0   17    8    1.450940
    1    0   18    8    0.018125
    1    0    1    9    0.050020
    1    0    2    9    0.053400
    1    0    3    9   -0.002970
    1    0    4    9   -0.165332
    1    0    5    9    0.033173
    1    0    6    9   -0.006182
    1    0    7    9   -0.092253
    1    0    8    9   -0.005097
    1    0    9    9   -0.343910
    1    0   10    9    0.138285
    1    0   11    9    0.015855
    1    0   12    9   -2.234787
    1    0   13    9   -1.889012
    1    0   14    9    0.000595
    1    0   15    9   -0.035548
    1    0   16    9    0.049092
    1    0   17    9    0.143332
    1    0   18    9   -0.141987
    1    0    1   10    0.044352
    1    0    2   10   -0.005665
    1    0    3   10    0.004932
    1    0    4   10   -0.000900
    1    0    5   10   -0.006195
    1    0    6   10    0.070800
    1    0    7   10    0.028635
    1    0    8   10   -0.000775
    1    0    9   10    0.006578
    1    0   10   10   -0.119618
    1    0   11   10    0.005967
    1    0   12   10   -0.188267
    1    0   13   10    0.125447
    1    0   14   10    0.003182
    1    0   15   10   -0.042297
    1    0   16   10    0.012707
    1    0   17   10   -0.008945
    1    0   18   10   -0.008710
    1    0    1   11    0.016375
    1    0    2   11    0.015642
    1    0    3   11   -0.001040
    1    0    4   11   -0.022685
    1    0    5   11    0.004432
    1    0    6   11   -0.038270
    1    0    7   11   -0.094530
    1    0    8   11    0.000202
    1    0    9   11   -0.015695
    1    0   10   11   -0.044167
    1    0   11   11    0.006355
    1    0   12   11   -0.478045
    1    0   13   11   -0.023730
    1    0   14   11   -0.000392
    1    0   15   11    0.046222
    1    0   16   11   -0.011860
    1    0   17   11    0.044100
    1    0   18   11    0.006235
    1    0    1   12   -0.009972
    1    0    2   12   -0.002700
    1    0    3   12    0.007672
    1    0    4   12   -0.007817
    1    0    5   12    0.001837
    1    0    6   12    0.020330
    1    0    7   12    0.010422
    1    0    8   12    0.000017
    1    0    9   12    0.015425
    1    0   10   12    0.195190
    1    0   11   12   -0.004042
    1    0   12   12   -0.103140
    1    0   13   12   -0.059792
    1    0   14   12    0.001540
    1    0   15   12    0.007617
    1    0   16   12    0.002950
    1    0   17   12   -0.008353
    1    0   18   12    0.001218
    1    0    1   13    0.010265
    1    0    2   13    0.025200
    1    0    3   13   -0.013565
    1    0    4   13    0.033700
    1    0    5   13    0.016340
    1    0    6   13   -0.122067
    1    0    7   13   -0.066782
    1    0    8   13    0.004550
    1    0    9   13    0.017037
    1    0   10   13   -0.492220
    1    0   11   13    0.008922
    1    0   12   13    0.574515
    1    0   13   13   -0.063710
    1    0   14   13   -0.004630
    1    0   15   13    0.045850
    1    0   16   13   -0.087162
    1    0   17   13   -0.021160
    1    0   18   13    0.016430
    1    0    1   14    0.003960
    1    0    2   14   -0.057660
    1    0    3   14    0.003587
    1    0    4   14    0.010827
    1    0    5   14   -0.001457
    1    0    6   14    0.007937
    1    0    7   14    0.106075
    1    0    8   14    0.002557
    1    0    9   14    0.023560
    1    0   10   14    0.261080
    1    0   11   14    0.014187
    1    0   12   14   -0.642777
    1    0   13   14    0.359007
    1    0   14   14   -0.000995
    1    0   15   14    0.081277
    1    0   16   14   -0.006567
    1    0   17   14   -1.768612
    1    0   18   14    0.000425
    1    0    1   15    0.100810
    1    0    2   15   -0.015288
    1    0    3   15   -0.009660
    1    0    4   15    0.098757
    1    0    5   15   -0.015647
    1    0    6   15    0.058232
    1    0    7   15   -0.095960
    1    0    8   15    0.002997
    1    0    9   15   -0.104375
    1    0   10   15   -0.469467
    1    0   11   15   -0.013875
    1    0   12   15   -0.278875
    1    0   13   15   -0.253355
    1    0   14   15    0.003162
    1    0   15   15    0.123693
    1    0   16   15   -0.001250
    1    0   17   15    0.059475
    1    0   18   15    0.001248
    1    0    1   16   -0.135467
    1    0    2   16   -0.114270
    1    0    3   16    0.070457
    1    0    4   16    0.336295
    1    0    5   16   -0.039243
    1    0    6   16    0.326405
    1    0    7   16    0.912140
    1    0    8   16   -0.000810
    1    0    9   16    0.155535
    1    0   10   16   -0.230757
    1    0   11   16    0.011948
    1    0   12   16    1.973037
    1    0   13   16    0.034302
    1    0   14   16   -0.000450
    1    0   15   16   -0.376207
    1    0   16   16    0.110528
    1    0   17   16    0.017527
    1    0   18   16   -0.077545
    1    0    1   17   -0.061525
    1    0    2   17    1.406087
    1    0    3   17   -0.007657
    1    0    4   17   -0.043228
    1    0    5   17    0.025885
    1    0    6   17   -0.006045
    1    0    7   17   -0.776115
    1    0    8   17   -0.019485
    1    0    9   17    0.113547
    1    0   10   17   -0.344933
    1    0   11   17    0.295885
    1    0   12   17   -0.332130
    1    0   13   17   -3.293862
    1    0   14   17    0.027585
    1    0   15   17    0.020440
    1    0   16   17    0.248755
    1    0   17   17    0.006537
    1    0   18   17   -0.088085
    1    0    1   18   -0.118438
    1    0    2   18   -0.169620
    1    0    3   18    0.037760
    1    0    4   18    0.080908
    1    0    5   18   -0.060955
    1    0    6   18   -0.268505
    1    0    7   18    0.400795
    1    0    8   18    0.009923
    1    0    9   18    0.841665
    1    0   10   18   -0.307545
    1    0   11   18    0.126077
    1    0   12   18    0.676878
    1    0   13   18    0.525000
    1    0   14   18    0.001892
    1    0   15   18   -0.926928
    1    0   16   18   -0.153620
    1    0   17   18    0.077613
    1    0   18   18   -0.112647
   -1    1    1    1    0.001150
   -1    1    2    1   -0.009940
   -1    1    3    1    0.001445
   -1    1    4    1    0.016282
   -1    1    5    1   -0.009500
   -1    1    6    1    0.001195
   -1    1    7    1   -0.011425
   -1    1    8    1    0.008497
   -1    1    9    1   -0.025565
   -1    1   10    1    0.005935
   -1    1   11    1   -0.007057
   -1    1   12    1    0.002595
   -1    1   13    1   -0.016063
   -1    1   14    1    0.003303
   -1    1   15    1    0.003755
   -1    1   16    1    0.036157
   -1    1   17    1   -0.001605
   -1    1   18    1    0.014502
   -1    1    1    2   -0.008882
   -1    1    2    2   -0.000877
   -1    1    3    2   -0.007568
   -1    1    4    2    0.002505
   -1    1    5    2   -0.001035
   -1    1    6    2    0.001987
   -1    1    7    2    0.004505
   -1    1    8    2   -0.006490
   -1    1    9    2   -0.001733
   -1    1   10    2    0.003775
   -1    1   11    2    0.000347
   -1    1   12    2   -0.000667
   -1    1   13    2   -0.000892
   -1    1   14    2   -0.000935
   -1    1   15    2   -0.003385
   -1    1   16    2    0.006020
   -1    1   17    2    0.000642
   -1    1   18    2   -0.001175
   -1    1    1    3    0.004045
   -1    1    2    3   -0.000487
   -1    1    3    3    0.014217
   -1    1    4    3   -0.005645
   -1    1    5    3   -0.000860
   -1    1    6    3   -0.007980
   -1    1    7    3   -0.003300
   -1    1    8    3    0.000460
   -1    1    9    3    0.002612
   -1    1   10    3   -0.003657
   -1    1   11    3   -0.000665
   -1    1   12    3   -0.013162
   -1    1   13    3    0.007312
   -1    1   14    3   -0.000080
   -1    1   15    3    0.003557
   -1    1   16    3    0.005165
   -1    1   17    3   -0.001172
   -1    1   18    3    0.002107
   -1    1    1    4    0.004290
   -1    1    2    4    0.001300
   -1    1    3    4    0.005677
   -1    1    4    4   -0.026407
   -1    1    5    4    0.000627
   -1    1    6    4   -0.021635
   -1    1    7    4   -0.014730
   -1    1    8    4    0.003602
   -1    1    9    4    0.015640
   -1    1   10    4    0.003000
   -1    1   11    4    0.000050
   -1    1   12    4    0.008697
   -1    1   13    4   -0.003138
   -1    1   14    4    0.000572
   -1    1   15    4    0.007507
   -1    1   16    4   -0.013290
   -1    1   17    4   -0.000985
   -1    1   18    4   -0.000477
   -1    1    1    5   -0.003880
   -1    1    2    5   -0.001442
   -1    1    3    5    0.004820
   -1    1    4    5    0.003680
   -1    1    5    5   -0.000620
   -1    1    6    5    0.008797
   -1    1    7    5    0.000963
   -1    1    8    5   -0.001243
   -1    1    9    5   -0.002452
   -1    1   10    5    0.000785
   -1    1   11    5   -0.000685
   -1    1   12    5   -0.002875
   -1    1   13    5   -0.004405
   -1    1   14    5    0.000115
   -1    1   15    5   -0.001460
   -1    1   16    5    0.008222
   -1    1   17    5    0.000857
   -1    1   18    5   -0.001382
   -1    1    1    6   -0.004027
   -1    1    2    6    0.000230
   -1    1    3    6    0.011190
   -1    1    4    6    0.004760
   -1    1    5    6    0.000467
   -1    1    6    6    0.003352
   -1    1    7    6   -0.008717
   -1    1    8    6    0.002110
   -1    1    9    6    0.012280
   -1    1   10    6   -0.001195
   -1    1   11    6   -0.000307
   -1    1   12    6   -0.003527
   -1    1   13    6    0.004437
   -1    1   14    6    0.001397
   -1    1   15    6   -0.000213
   -1    1   16    6   -0.000775
   -1    1   17    6    0.002338
   -1    1   18    6    0.001842
   -1    1    1    7    0.014755
   -1    1    2    7   -0.001237
   -1    1    3    7    0.010965
   -1    1    4    7    0.029035
   -1    1    5    7    0.003077
   -1    1    6    7    0.004337
   -1    1    7    7    0.011082
   -1    1    8    7   -0.002200
   -1    1    9    7   -0.003860
   -1    1   10    7    0.000032
   -1    1   11    7   -0.000680
   -1    1   12    7    0.002367
   -1    1   13    7   -0.004515
   -1    1   14    7    0.003315
   -1    1   15    7   -0.006523
   -1    1   16    7   -0.006862
   -1    1   17    7    0.020317
   -1    1   18    7   -0.009600
   -1    1    1    8   -0.001262
   -1    1    2    8   -0.000112
   -1    1    3    8    0.000087
   -1    1    4    8    0.000650
   -1    1    5    8   -0.000067
   -1    1    6    8    0.000587
   -1    1    7    8    0.000470
   -1    1    8    8   -0.000232
   -1    1    9    8   -0.000050
   -1    1   10    8    0.000567
   -1    1   11    8   -0.000070
   -1    1   12    8   -0.000810
   -1    1   13    8   -0.001107
   -1    1   14    8    0.000012
   -1    1   15    8    0.000005
   -1    1   16    8    0.000810
   -1    1   17    8    0.000200
   -1    1   18    8    0.000017
   -1    1    1    9   -0.003577
   -1    1    2    9   -0.001040
   -1    1    3    9    0.024432
   -1    1    4    9   -0.005667
   -1    1    5    9   -0.000180
   -1    1    6    9    0.015248
   -1    1    7    9    0.011623
   -1    1    8    9    0.001030
   -1    1    9    9    0.002713
   -1    1   10    9   -0.001333
   -1    1   11    9    0.000875
   -1    1   12    9   -0.019662
   -1    1   13    9    0.002932
   -1    1   14    9    0.000655
   -1    1   15    9    0.000940
   -1    1   16    9    0.000750
   -1    1   17    9    0.002020
   -1    1   18    9   -0.008868
   -1    1    1   10   -0.013948
   -1    1    2   10    0.012405
   -1    1    3   10   -0.142100
   -1    1    4   10   -0.007692
   -1    1    5   10   -0.010585
   -1    1    6   10   -0.018202
   -1    1    7   10    0.008093
   -1    1    8   10   -0.019965
   -1    1    9   10   -0.038330
   -1    1   10   10   -0.017622
   -1    1   11   10    0.008360
   -1    1   12   10    0.002427
   -1    1   13   10    0.006440
   -1    1   14   10   -0.008702
   -1    1   15   10    0.017110
   -1    1   16   10   -0.034892
   -1    1   17   10    0.018390
   -1    1   18   10   -0.013390
   -1    1    1   11   -0.001812
   -1    1    2   11   -0.000530
   -1    1    3   11    0.004775
   -1    1    4   11    0.003233
   -1    1    5   11   -0.001190
   -1    1    6   11    0.002080
   -1    1    7   11    0.003567
   -1    1    8   11    0.005600
   -1    1    9   11   -0.003765
   -1    1   10   11    0.000380
   -1    1   11   11   -0.000250
   -1    1   12   11   -0.000202
   -1    1   13   11   -0.000937
   -1    1   14   11   -0.000405
   -1    1   15   11   -0.002188
   -1    1   16   11    0.002940
   -1    1   17   11   -0.002185
   -1    1   18   11   -0.000963
   -1    1    1   12   -0.143795
   -1    1    2   12    0.020605
   -1    1    3   12   -0.149745
   -1    1    4   12    0.171122
   -1    1    5   12    0.031695
   -1    1    6   12   -0.024672
   -1    1    7   12    0.036117
   -1    1    8   12   -0.253760
   -1    1    9   12    0.003822
   -1    1   10   12    0.002835
   -1    1   11   12    0.022080
   -1    1   12   12    0.016768
   -1    1   13   12    0.023527
   -1    1   14   12   -0.018625
   -1    1   15   12   -0.006740
   -1    1   16   12   -0.141660
   -1    1   17   12    0.139195
   -1    1   18   12   -0.052065
   -1    1    1   13    0.004875
   -1    1    2   13   -0.000805
   -1    1    3   13    0.019672
   -1    1    4   13   -0.003250
   -1    1    5   13   -0.005490
   -1    1    6   13   -0.013142
   -1    1    7   13    0.009298
   -1    1    8   13    0.033640
   -1    1    9   13    0.000787
   -1    1   10   13   -0.005925
   -1    1   11   13   -0.000730
   -1    1   12   13   -0.003430
   -1    1   13   13    0.002345
   -1    1   14   13   -0.000402
   -1    1   15   13   -0.000203
   -1    1   16   13    0.014832
   -1    1   17   13   -0.022498
   -1    1   18   13    0.002565
   -1    1    1   14   -0.002527
   -1    1    2   14    0.000082
   -1    1    3   14    0.000272
   -1    1    4   14    0.001900
   -1    1    5   14    0.000322
   -1    1    6   14    0.000052
   -1    1    7   14   -0.002033
   -1    1    8   14   -0.001375
   -1    1    9   14    0.000018
   -1    1   10   14    0.001325
   -1    1   11   14   -0.000120
   -1    1   12   14   -0.000935
   -1    1   13   14   -0.000740
   -1    1   14   14   -0.000045
   -1    1   15   14    0.002067
   -1    1   16   14    0.000512
   -1    1   17   14    0.000635
   -1    1   18   14   -0.001335
   -1    1    1   15    0.014282
   -1    1    2   15    0.001277
   -1    1    3   15    0.004160
   -1    1    4   15   -0.011087
   -1    1    5   15   -0.006327
   -1    1    6   15    0.004843
   -1    1    7   15    0.006720
   -1    1    8   15    0.015292
   -1    1    9   15    0.009127
   -1    1   10   15    0.001468
   -1    1   11   15    0.000105
   -1    1   12   15   -0.005260
   -1    1   13   15   -0.005557
   -1    1   14   15    0.002725
   -1    1   15   15   -0.005602
   -1    1   16   15    0.005652
   -1    1   17   15   -0.004092
   -1    1   18   15    0.007175
   -1    1    1   16    0.031103
   -1    1    2   16    0.005940
   -1    1    3   16   -0.016552
   -1    1    4   16   -0.039560
   -1    1    5   16    0.004687
   -1    1    6   16   -0.020445
   -1    1    7   16   -0.021470
   -1    1    8   16    0.006978
   -1    1    9   16    0.017205
   -1    1   10   16   -0.009055
   -1    1   11   16    0.001620
   -1    1   12   16    0.009043
   -1    1   13   16    0.019000
   -1    1   14   16   -0.002057
   -1    1   15   16    0.006362
   -1    1   16   16   -0.028357
   -1    1   17   16   -0.008930
   -1    1   18   16    0.012267
   -1    1    1   17   -0.001145
   -1    1    2   17   -0.000027
   -1    1    3   17    0.000205
   -1    1    4   17    0.003268
   -1    1    5   17    0.000040
   -1    1    6   17   -0.001600
   -1    1    7   17   -0.000732
   -1    1    8   17   -0.000195
   -1    1    9   17   -0.003960
   -1    1   10   17   -0.001460
   -1    1   11   17   -0.000127
   -1    1   12   17    0.000932
   -1    1   13   17    0.002910
   -1    1   14   17   -0.000707
   -1    1   15   17   -0.000370
   -1    1   16   17   -0.003490
   -1    1   17   17    0.000835
   -1    1   18   17   -0.000205
   -1    1    1   18    0.001835
   -1    1    2   18   -0.003853
   -1    1    3   18    0.009880
   -1    1    4   18   -0.006625
   -1    1    5   18   -0.000542
   -1    1    6   18   -0.007178
   -1    1    7   18    0.000538
   -1    1    8   18    0.002465
   -1    1    9   18    0.014740
   -1    1   10   18    0.005995
   -1    1   11   18   -0.002217
   -1    1   12   18    0.000892
   -1    1   13   18   -0.001660
   -1    1   14   18    0.001650
   -1    1   15   18    0.000687
   -1    1   16   18    0.003057
   -1    1   17   18    0.004322
   -1    1   18   18   -0.000920
    0    1    1    1    0.021633
    0    1    2    1   -0.119415
    0    1    3    1    0.100718
    0    1    4    1   -0.209650
    0    1    5    1   -0.595927
    0    1    6    1   -1.134725
    0    1    7    1   -0.345162
    0    1    8    1    0.057480
    0    1    9    1    0.665907
    0    1   10    1    0.022472
    0    1   11    1   -0.074200
    0    1   12    1   -0.002655
    0    1   13    1    0.346737
    0    1   14    1    0.049442
    0    1   15    1    0.151712
    0    1   16    1    1.598580
    0    1   17    1   -0.043230
    0    1   18    1   -0.287865
    0    1    1    2   -0.014775
    0    1    2    2   -0.003245
    0    1    3    2    0.003025
    0    1    4    2    0.012132
    0    1    5    2   -0.004775
    0    1    6    2   -0.006462
    0    1    7    2    0.038445
    0    1    8    2   -0.047927
    0    1    9    2    0.000805
    0    1   10    2    0.002880
    0    1   11    2    0.003760
    0    1   12    2   -0.002785
    0    1   13    2   -0.000895
    0    1   14    2   -0.002800
    0    1   15    2   -0.027130
    0    1   16    2   -0.044670
    0    1   17    2   -0.007427
    0    1   18    2    0.002875
    0    1    1    3    0.009490
    0    1    2    3    0.002110
    0    1    3    3    0.034340
    0    1    4    3   -0.005950
    0    1    5    3    0.007980
    0    1    6    3   -0.008550
    0    1    7    3    0.001350
    0    1    8    3    0.006367
    0    1    9    3    0.005775
    0    1   10    3   -0.001380
    0    1   11    3    0.001842
    0    1   12    3    0.007245
    0    1   13    3   -0.006335
    0    1   14    3    0.000728
    0    1   15    3    0.010215
    0    1   16    3   -0.029910
    0    1   17    3    0.002017
    0    1   18    3   -0.012030
    0    1    1    4    0.001338
    0    1    2    4   -0.004520
    0    1    3    4    0.014990
    0    1    4    4   -0.008228
    0    1    5    4   -0.020515
    0    1    6    4   -0.068275
    0    1    7    4   -0.054835
    0    1    8    4    0.019087
    0    1    9    4    0.002488
    0    1   10    4    0.025142
    0    1   11    4   -0.003260
    0    1   12    4    0.031245
    0    1   13    4   -0.078010
    0    1   14    4    0.007078
    0    1   15    4    0.035723
    0    1   16    4    0.030700
    0    1   17    4    0.012217
    0    1   18    4   -0.024095
    0    1    1    5   -0.021720
    0    1    2    5   -0.003395
    0    1    3    5   -0.011267
    0    1    4    5    0.021895
    0    1    5    5   -0.003385
    0    1    6    5    0.004380
    0    1    7    5    0.011597
    0    1    8    5    0.000918
    0    1    9    5   -0.006900
    0    1   10    5    0.000902
    0    1   11    5   -0.001450
    0    1   12    5   -0.008795
    0    1   13    5   -0.003632
    0    1   14    5    0.000787
    0    1   15    5   -0.006840
    0    1   16    5    0.020003
    0    1   17    5    0.007240
    0    1   18    5    0.001775
    0    1    1    6    0.251377
    0    1    2    6    0.004150
    0    1    3    6    0.038922
    0    1    4    6   -0.262430
    0    1    5    6    0.006222
    0    1    6    6   -0.021198
    0    1    7    6   -0.029042
    0    1    8    6   -0.003608
    0    1    9    6    0.097885
    0    1   10    6    0.001772
    0    1   11    6    0.003675
    0    1   12    6    0.001337
    0    1   13    6   -0.005370
    0    1   14    6    0.004507
    0    1   15    6   -0.155172
    0    1   16    6    0.009523
    0    1   17    6   -0.000857
    0    1   18    6    0.021648
    0    1    1    7    0.047942
    0    1    2    7   -0.007037
    0    1    3    7    0.040495
    0    1    4    7   -0.032008
    0    1    5    7   -0.007935
    0    1    6    7    0.005860
    0    1    7    7    0.006638
    0    1    8    7    0.006170
    0    1    9    7    0.028800
    0    1   10    7   -0.008950
    0    1   11    7    0.000780
    0    1   12    7    0.004580
    0    1   13    7   -0.016705
    0    1   14    7    0.003690
    0    1   15    7   -0.079520
    0    1   16    7    0.108735
    0    1   17    7    0.020232
    0    1   18    7    0.006070
    0    1    1    8   -0.003395
    0    1    2    8   -0.000023
    0    1    3    8    0.001485
    0    1    4    8    0.004717
    0    1    5    8   -0.001387
    0    1    6    8   -0.000432
    0    1    7    8    0.000668
    0    1    8    8   -0.000220
    0    1    9    8   -0.002315
    0    1   10    8   -0.000240
    0    1   11    8   -0.000342
    0    1   12    8   -0.000960
    0    1   13    8   -0.000987
    0    1   14    8   -0.000652
    0    1   15    8    0.001167
    0    1   16    8   -0.000178
    0    1   17    8    0.000728
    0    1   18    8    0.000607
    0    1    1    9    0.042140
    0    1    2    9    0.005077
    0    1    3    9    0.097957
    0    1    4    9   -0.032020
    0    1    5    9    0.005960
    0    1    6    9   -0.025612
    0    1    7    9    0.002457
    0    1    8    9   -0.000055
    0    1    9    9   -0.052053
    0    1   10    9   -0.003860
    0    1   11    9    0.001603
    0    1   12    9   -0.013715
    0    1   13    9    0.011915
    0    1   14    9   -0.000365
    0    1   15    9   -0.006272
    0    1   16    9   -0.010785
    0    1   17    9    0.010310
    0    1   18    9    0.019980
    0    1    1   10   -0.026547
    0    1    2   10    0.196472
    0    1    3   10   -0.180180
    0    1    4   10    0.818845
    0    1    5   10    0.346512
    0    1    6   10   -0.503635
    0    1    7   10    0.293038
    0    1    8   10   -0.057977
    0    1    9   10    0.461095
    0    1   10   10   -0.122807
    0    1   11   10    0.115637
    0    1   12   10    0.043765
    0    1   13   10    0.065973
    0    1   14   10    0.007877
    0    1   15   10   -0.219055
    0    1   16   10   -1.244060
    0    1   17   10    0.057750
    0    1   18   10   -0.094045
    0    1    1   11    0.003307
    0    1    2   11   -0.007983
    0    1    3   11    0.014655
    0    1    4   11    0.039302
    0    1    5   11   -0.015635
    0    1    6   11    0.009798
    0    1    7   11    0.019992
    0    1    8   11    0.038492
    0    1    9   11   -0.009015
    0    1   10   11   -0.004547
    0    1   11   11   -0.005650
    0    1   12   11   -0.001270
    0    1   13   11    0.009372
    0    1   14   11    0.003728
    0    1   15   11    0.009123
    0    1   16   11    0.060010
    0    1   17   11    0.073855
    0    1   18   11   -0.006853
    0    1    1   12   -0.233717
    0    1    2   12   -0.119058
    0    1    3   12    0.107375
    0    1    4   12    0.021655
    0    1    5   12   -0.111312
    0    1    6   12   -0.042550
    0    1    7   12   -0.035397
    0    1    8   12   -0.171845
    0    1    9   12    0.194318
    0    1   10   12    0.036382
    0    1   11   12    0.102090
    0    1   12   12   -0.062585
    0    1   13   12   -0.100775
    0    1   14   12    0.124630
    0    1   15   12   -0.060965
    0    1   16   12   -1.441370
    0    1   17   12    0.046127
    0    1   18   12   -0.031175
    0    1    1   13   -0.017640
    0    1    2   13   -0.017450
    0    1    3   13   -0.045020
    0    1    4   13   -0.036770
    0    1    5   13   -0.025517
    0    1    6   13    0.063262
    0    1    7   13    0.087475
    0    1    8   13   -0.061315
    0    1    9   13   -0.058487
    0    1   10   13    0.006317
    0    1   11   13   -0.006322
    0    1   12   13   -0.022890
    0    1   13   13    0.063905
    0    1   14   13    0.002320
    0    1   15   13    0.007305
    0    1   16   13    0.043358
    0    1   17   13    0.018177
    0    1   18   13    0.003403
    0    1    1   14   -0.004853
    0    1    2   14    0.000300
    0    1    3   14    0.007215
    0    1    4   14    0.007455
    0    1    5   14   -0.004057
    0    1    6   14   -0.006382
    0    1    7   14   -0.000920
    0    1    8   14   -0.002605
    0    1    9   14   -0.003645
    0    1   10   14    0.002765
    0    1   11   14   -0.000583
    0    1   12   14   -0.001402
    0    1   13   14   -0.004477
    0    1   14   14   -0.000992
    0    1   15   14    0.004415
    0    1   16   14   -0.006593
    0    1   17   14    0.014912
    0    1   18   14    0.000275
    0    1    1   15   -0.253632
    0    1    2   15    0.025522
    0    1    3   15   -0.523000
    0    1    4   15    0.099092
    0    1    5   15    0.050335
    0    1    6   15    0.022062
    0    1    7   15   -0.175720
    0    1    8   15    0.117020
    0    1    9   15    0.009835
    0    1   10   15    0.006927
    0    1   11   15   -0.014207
    0    1   12   15    0.000418
    0    1   13   15    0.010755
    0    1   14   15   -0.001725
    0    1   15   15    0.255300
    0    1   16   15    0.006840
    0    1   17   15   -0.025140
    0    1   18   15   -0.049578
    0    1    1   16    0.106015
    0    1    2   16   -0.000718
    0    1    3   16    0.001798
    0    1    4   16   -0.104110
    0    1    5   16    0.019105
    0    1    6   16   -0.002310
    0    1    7   16    0.004203
    0    1    8   16   -0.014212
    0    1    9   16    0.047325
    0    1   10   16   -0.002802
    0    1   11   16    0.005403
    0    1   12   16    0.021570
    0    1   13   16    0.003978
    0    1   14   16   -0.006157
    0    1   15   16    0.009613
    0    1   16   16   -0.042840
    0    1   17   16   -0.016563
    0    1   18   16   -0.008698
    0    1    1   17    0.001145
    0    1    2   17   -0.003802
    0    1    3   17    0.004142
    0    1    4   17    0.004382
    0    1    5   17   -0.003965
    0    1    6   17    0.003812
    0    1    7   17    0.024825
    0    1    8   17   -0.002440
    0    1    9   17    0.003442
    0    1   10   17    0.000628
    0    1   11   17   -0.000195
    0    1   12   17   -0.005347
    0    1   13   17    0.003188
    0    1   14   17    0.000135
    0    1   15   17   -0.012077
    0    1   16   17    0.012013
    0    1   17   17    0.011942
    0    1   18   17   -0.000565
    0    1    1   18    0.030177
    0    1    2   18   -0.023333
    0    1    3   18    0.058397
    0    1    4   18   -0.175380
    0    1    5   18   -0.034412
    0    1    6   18   -0.028415
    0    1    7   18   -0.071732
    0    1    8   18    0.104075
    0    1    9   18   -0.030793
    0    1   10   18    0.031020
    0    1   11   18   -0.013878
    0    1   12   18    0.003207
    0    1   13   18   -0.060025
    0    1   14   18    0.008663
    0    1   15   18    0.052770
    0    1   16   18    0.095965
    0    1   17   18   -0.020547
    0    1   18   18    0.008442
    1    1    1    1   -0.012270
    1    1    2    1    0.013272
    1    1    3    1    0.033435
    1    1    4    1    0.296482
    1    1    5    1    0.065943
    1    1    6    1   -0.764583
    1    1    7    1    0.211540
    1    1    8    1    0.023170
    1    1    9    1    0.089715
    1    1   10    1    0.049195
    1    1   11    1    0.018307
    1    1   12    1    0.917042
    1    1   13    1   -1.681300
    1    1   14    1   -0.008592
    1    1   15    1   -0.040172
    1    1   16    1   -0.260107
    1    1   17    1   -0.012315
    1    1   18    1   -0.069925
    1    1    1    2   -0.001077
    1    1    2    2    0.002035
    1    1    3    2    0.002017
    1    1    4    2    0.006555
    1    1    5    2   -0.004000
    1    1    6    2    0.012732
    1    1    7    2   -0.014425
    1    1    8    2   -0.002097
    1    1    9    2   -0.009452
    1    1   10    2    0.001923
    1    1   11    2   -0.000262
    1    1   12    2   -0.009060
    1    1   13    2    0.051970
    1    1   14    2   -0.000103
    1    1   15    2   -0.015255
    1    1   16    2    0.010835
    1    1   17    2    0.017470
    1    1   18    2    0.006757
    1    1    1    3   -0.002127
    1    1    2    3    0.007798
    1    1    3    3   -0.026928
    1    1    4    3   -0.068410
    1    1    5    3    0.047440
    1    1    6    3    0.107425
    1    1    7    3    0.019335
    1    1    8    3    0.004230
    1    1    9    3   -0.013623
    1    1   10    3   -0.012775
    1    1   11    3    0.006485
    1    1   12    3    0.033307
    1    1   13    3   -0.081410
    1    1   14    3    0.004767
    1    1   15    3    0.020490
    1    1   16    3   -0.138637
    1    1   17    3   -0.003677
    1    1   18    3   -0.037912
    1    1    1    4    0.194420
    1    1    2    4   -0.005747
    1    1    3    4    0.503345
    1    1    4    4   -0.028197
    1    1    5    4   -0.014362
    1    1    6    4    0.122460
    1    1    7    4   -0.038082
    1    1    8    4    0.000162
    1    1    9    4    0.090437
    1    1   10    4   -0.000650
    1    1   11    4    0.009310
    1    1   12    4    0.171560
    1    1   13    4    0.232330
    1    1   14    4    0.016155
    1    1   15    4   -0.135905
    1    1   16    4    0.049690
    1    1   17    4    0.078180
    1    1   18    4    0.028918
    1    1    1    5   -0.000830
    1    1    2    5    0.004137
    1    1    3    5   -0.004197
    1    1    4    5    0.013025
    1    1    5    5   -0.005280
    1    1    6    5    0.015835
    1    1    7    5   -0.043382
    1    1    8    5   -0.001817
    1    1    9    5   -0.005945
    1    1   10    5   -0.004467
    1    1   11    5   -0.004142
    1    1   12    5   -0.026110
    1    1   13    5    0.012283
    1    1   14    5   -0.000500
    1    1   15    5    0.010557
    1    1   16    5    0.018540
    1    1   17    5   -0.001597
    1    1   18    5    0.008023
    1    1    1    6    0.020195
    1    1    2    6   -0.004917
    1    1    3    6   -0.047325
    1    1    4    6   -0.025465
    1    1    5    6    0.008040
    1    1    6    6   -0.106655
    1    1    7    6    0.055745
    1    1    8    6    0.003947
    1    1    9    6   -0.009210
    1    1   10    6    0.086252
    1    1   11    6    0.005577
    1    1   12    6   -0.006572
    1    1   13    6    0.195502
    1    1   14    6   -0.011172
    1    1   15    6   -0.062210
    1    1   16    6    0.032470
    1    1   17    6    0.000000
    1    1   18    6   -0.042225
    1    1    1    7    0.010685
    1    1    2    7    0.014053
    1    1    3    7   -0.018762
    1    1    4    7   -0.045012
    1    1    5    7    0.015380
    1    1    6    7   -0.005248
    1    1    7    7   -0.031512
    1    1    8    7   -0.000345
    1    1    9    7   -0.012960
    1    1   10    7   -0.002103
    1    1   11    7    0.009812
    1    1   12    7   -0.067117
    1    1   13    7   -0.008040
    1    1   14    7   -0.002035
    1    1   15    7   -0.043943
    1    1   16    7   -0.008807
    1    1   17    7   -0.017440
    1    1   18    7    0.012645
    1    1    1    8   -0.000860
    1    1    2    8   -0.002920
    1    1    3    8    0.001930
    1    1    4    8   -0.001543
    1    1    5    8   -0.002552
    1    1    6    8   -0.001052
    1    1    7    8    0.013632
    1    1    8    8   -0.009425
    1    1    9    8   -0.002160
    1    1   10    8    0.003315
    1    1   11    8   -0.000548
    1    1   12    8   -0.002540
    1    1   13    8    0.001510
    1    1   14    8   -0.000675
    1    1   15    8    0.006545
    1    1   16    8   -0.004680
    1    1   17    8   -0.005475
    1    1   18    8   -0.000175
    1    1    1    9    0.024745
    1    1    2    9   -0.019775
    1    1    3    9   -0.018330
    1    1    4    9   -0.014190
    1    1    5    9   -0.003100
    1    1    6    9    0.073652
    1    1    7    9    0.029112
    1    1    8    9    0.003712
    1    1    9    9   -0.040300
    1    1   10    9    0.034835
    1    1   11    9   -0.004285
    1    1   12    9   -0.049335
    1    1   13    9    0.000702
    1    1   14    9    0.002470
    1    1   15    9   -0.026758
    1    1   16    9    0.049365
    1    1   17    9    0.002933
    1    1   18    9    0.015393
    1    1    1   10    0.005752
    1    1    2   10    0.023140
    1    1    3   10   -0.072915
    1    1    4   10   -0.929843
    1    1    5   10   -0.076270
    1    1    6   10    0.251745
    1    1    7   10   -0.804660
    1    1    8   10   -0.009000
    1    1    9   10   -0.285505
    1    1   10   10   -0.122802
    1    1   11   10   -0.069565
    1    1   12   10   -0.611267
    1    1   13   10    4.203618
    1    1   14   10   -0.008027
    1    1   15   10    0.344895
    1    1   16   10    0.246518
    1    1   17   10    0.035057
    1    1   18   10    0.436487
    1    1    1   11    0.001585
    1    1    2   11   -0.025210
    1    1    3   11   -0.001770
    1    1    4   11   -0.019695
    1    1    5   11    0.010117
    1    1    6   11   -0.014672
    1    1    7   11    0.074965
    1    1    8   11    0.000805
    1    1    9   11   -0.001402
    1    1   10   11    0.033555
    1    1   11   11   -0.001890
    1    1   12   11   -0.038402
    1    1   13   11   -0.023437
    1    1   14   11   -0.003138
    1    1   15   11    0.057730
    1    1   16   11   -0.024437
    1    1   17   11   -0.076375
    1    1   18   11   -0.002907
    1    1    1   12   -0.016182
    1    1    2   12   -0.014730
    1    1    3   12   -0.002587
    1    1    4   12   -0.006897
    1    1    5   12   -0.003678
    1    1    6   12   -0.012565
    1    1    7   12    0.032680
    1    1    8   12   -0.000513
    1    1    9   12   -0.033057
    1    1   10   12    0.037417
    1    1   11   12    0.002695
    1    1   12   12    0.038700
    1    1   13   12   -0.015915
    1    1   14   12   -0.000070
    1    1   15   12   -0.013465
    1    1   16   12   -0.013200
    1    1   17   12    0.001885
    1    1   18   12   -0.005520
    1    1    1   13   -0.008702
    1    1    2   13    0.001535
    1    1    3   13    0.002828
    1    1    4   13    0.009965
    1    1    5   13    0.000195
    1    1    6   13    0.045245
    1    1    7   13   -0.003780
    1    1    8   13   -0.004075
    1    1    9   13    0.008032
    1    1   10   13    0.017420
    1    1   11   13    0.006262
    1    1   12   13   -0.080230
    1    1   13   13   -0.035043
    1    1   14   13    0.001857
    1    1   15   13    0.008232
    1    1   16   13   -0.003757
    1    1   17   13   -0.002568
    1    1   18   13   -0.007262
    1    1    1   14    0.006245
    1    1    2   14   -0.009622
    1    1    3   14   -0.002037
    1    1    4   14   -0.004602
    1    1    5   14    0.012990
    1    1    6   14   -0.005555
    1    1    7   14    0.059513
    1    1    8   14    0.003060
    1    1    9   14   -0.004547
    1    1   10   14    0.004777
    1    1   11   14   -0.000780
    1    1   12   14    0.002987
    1    1   13   14   -0.007622
    1    1   14   14   -0.005135
    1    1   15   14    0.037880
    1    1   16   14    0.025860
    1    1   17   14   -0.016547
    1    1   18   14   -0.004442
    1    1    1   15   -0.055817
    1    1    2   15    0.002860
    1    1    3   15    0.038892
    1    1    4   15    0.056385
    1    1    5   15   -0.002668
    1    1    6   15    0.053117
    1    1    7   15   -0.117753
    1    1    8   15    0.007292
    1    1    9   15    0.113230
    1    1   10   15   -0.133580
    1    1   11   15   -0.022190
    1    1   12   15    0.078935
    1    1   13   15   -0.209527
    1    1   14   15    0.006942
    1    1   15   15    0.182820
    1    1   16   15   -0.035490
    1    1   17   15   -0.022362
    1    1   18   15   -0.001437
    1    1    1   16    0.013495
    1    1    2   16   -0.039315
    1    1    3   16    0.011120
    1    1    4   16   -0.044415
    1    1    5   16    0.023870
    1    1    6   16   -0.067900
    1    1    7   16    0.250565
    1    1    8   16    0.019845
    1    1    9   16    0.034487
    1    1   10   16    0.011637
    1    1   11   16    0.014282
    1    1   12   16    0.070538
    1    1   13   16   -0.095727
    1    1   14   16   -0.004063
    1    1   15   16   -0.051235
    1    1   16   16   -0.021333
    1    1   17   16    0.001915
    1    1   18   16   -0.029415
    1    1    1   17   -0.001455
    1    1    2   17    0.006762
    1    1    3   17   -0.005952
    1    1    4   17    0.012347
    1    1    5   17    0.006825
    1    1    6   17   -0.000760
    1    1    7   17   -0.020645
    1    1    8   17    0.011560
    1    1    9   17   -0.034792
    1    1   10   17   -0.001072
    1    1   11   17    0.002533
    1    1   12   17    0.000035
    1    1   13   17   -0.007800
    1    1   14   17   -0.002740
    1    1   15   17   -0.018627
    1    1   16   17    0.027525
    1    1   17   17   -0.002747
    1    1   18   17    0.005057
    1    1    1   18   -0.028867
    1    1    2   18   -0.034922
    1    1    3   18   -0.003832
    1    1    4   18    0.139615
    1    1    5   18   -0.004743
    1    1    6   18    0.056680
    1    1    7   18    0.242330
    1    1    8   18    0.001085
    1    1    9   18   -0.260070
    1    1   10   18    0.012302
    1    1   11   18   -0.000750
    1    1   12   18    0.154995
    1    1   13   18    0.060857
    1    1   14   18   -0.014873
    1    1   15   18    0.016837
    1    1   16   18    0.080410
    1    1   17   18   -0.047145
    1    1   18   18    0.020348
