 ir1  ir2   m    n          ReH 
   -1   -1    1    1    0.059390
   -1   -1    2    1   -0.006425
   -1   -1    3    1    0.016692
   -1   -1    4    1    0.005930
   -1   -1    5    1    0.009960
   -1   -1    6    1    0.006832
   -1   -1    7    1    0.029735
   -1   -1    8    1    0.006738
   -1   -1    9    1    0.097120
   -1   -1   10    1   -0.017460
   -1   -1   11    1    0.011010
   -1   -1   12    1   -0.069135
   -1   -1   13    1    0.016492
   -1   -1   14    1   -0.000208
   -1   -1   15    1   -0.045053
   -1   -1   16    1   -0.014572
   -1   -1   17    1    0.010205
   -1   -1   18    1   -0.035130
   -1   -1    1    2    0.007030
   -1   -1    2    2    0.011380
   -1   -1    3    2   -1.342455
   -1   -1    4    2    0.027282
   -1   -1    5    2    0.007457
   -1   -1    6    2   -0.006347
   -1   -1    7    2    0.038757
   -1   -1    8    2    0.010080
   -1   -1    9    2    0.012352
   -1   -1   10    2    0.034478
   -1   -1   11    2    0.026197
   -1   -1   12    2    0.018522
   -1   -1   13    2    0.019303
   -1   -1   14    2    0.020580
   -1   -1   15    2   -0.011197
   -1   -1   16    2   -0.037300
   -1   -1   17    2    0.014928
   -1   -1   18    2    0.042417
   -1   -1    1    3   -0.000987
   -1   -1    2    3    0.011042
   -1   -1    3    3   -0.001175
   -1   -1    4    3    0.050860
   -1   -1    5    3    0.002250
   -1   -1    6    3   -0.009050
   -1   -1    7    3   -0.004298
   -1   -1    8    3   -0.014667
   -1   -1    9    3   -0.001265
   -1   -1   10    3    0.037127
   -1   -1   11    3   -0.000625
   -1   -1   12    3    0.032993
   -1   -1   13    3   -0.002180
   -1   -1   14    3   -0.001922
   -1   -1   15    3    0.023277
   -1   -1   16    3   -0.054477
   -1   -1   17    3    0.000765
   -1   -1   18    3   -0.019227
   -1   -1    1    4    0.046847
   -1   -1    2    4    0.021482
   -1   -1    3    4    1.784382
   -1   -1    4    4   -0.035702
   -1   -1    5    4   -0.010587
   -1   -1    6    4   -0.006210
   -1   -1    7    4   -0.018855
   -1   -1    8    4    0.012335
   -1   -1    9    4    0.011388
   -1   -1   10    4   -0.301862
   -1   -1   11    4    0.036665
   -1   -1   12    4   -0.175245
   -1   -1   13    4   -0.046402
   -1   -1   14    4    0.001445
   -1   -1   15    4    0.012467
   -1   -1   16    4   -0.055165
   -1   -1   17    4    0.022212
   -1   -1   18    4    0.034938
   -1   -1    1    5    0.003315
   -1   -1    2    5    0.006590
   -1   -1    3    5    0.379182
   -1   -1    4    5   -0.002112
   -1   -1    5    5    0.001575
   -1   -1    6    5    0.007162
   -1   -1    7    5    0.000365
   -1   -1    8    5   -0.006545
   -1   -1    9    5   -0.012922
   -1   -1   10    5    0.018000
   -1   -1   11    5    0.010532
   -1   -1   12    5    0.047650
   -1   -1   13    5   -0.002837
   -1   -1   14    5    0.012635
   -1   -1   15    5   -0.002885
   -1   -1   16    5   -0.016663
   -1   -1   17    5   -0.019610
   -1   -1   18    5   -0.003375
   -1   -1    1    6   -0.027305
   -1   -1    2    6   -0.000515
   -1   -1    3    6   -0.865917
   -1   -1    4    6    0.009375
   -1   -1    5    6   -0.031640
   -1   -1    6    6   -0.018617
   -1   -1    7    6   -0.060983
   -1   -1    8    6   -0.017152
   -1   -1    9    6    0.053632
   -1   -1   10    6   -0.203272
   -1   -1   11    6   -0.151248
   -1   -1   12    6    0.186243
   -1   -1   13    6    0.074547
   -1   -1   14    6   -0.017152
   -1   -1   15    6   -0.055075
   -1   -1   16    6   -0.003615
   -1   -1   17    6   -0.040327
   -1   -1   18    6   -0.077628
   -1   -1    1    7   -0.588727
   -1   -1    2    7   -0.056592
   -1   -1    3    7    0.076925
   -1   -1    4    7   -0.049010
   -1   -1    5    7    0.041675
   -1   -1    6    7    0.016622
   -1   -1    7    7   -0.101500
   -1   -1    8    7    0.001820
   -1   -1    9    7   -0.082237
   -1   -1   10    7    0.053007
   -1   -1   11    7   -0.082460
   -1   -1   12    7    0.026482
   -1   -1   13    7   -0.037512
   -1   -1   14    7   -0.029152
   -1   -1   15    7   -0.008795
   -1   -1   16    7   -0.001122
   -1   -1   17    7    0.002235
   -1   -1   18    7   -0.220380
   -1   -1    1    8    0.006007
   -1   -1    2    8    0.000950
   -1   -1    3    8    0.037777
   -1   -1    4    8   -0.004065
   -1   -1    5    8   -0.004245
   -1   -1    6    8    0.010937
   -1   -1    7    8   -0.013527
   -1   -1    8    8   -0.000853
   -1   -1    9    8   -0.008222
   -1   -1   10    8    0.022612
   -1   -1   11    8   -0.003700
   -1   -1   12    8    0.009477
   -1   -1   13    8   -0.001660
   -1   -1   14    8   -0.007887
   -1   -1   15    8    0.003023
   -1   -1   16    8    0.015725
   -1   -1   17    8   -0.024937
   -1   -1   18    8   -0.006387
   -1   -1    1    9   -0.060645
   -1   -1    2    9   -0.025507
   -1   -1    3    9    1.410785
   -1   -1    4    9    0.022782
   -1   -1    5    9    0.005855
   -1   -1    6    9   -0.009820
   -1   -1    7    9    0.020660
   -1   -1    8    9    0.008997
   -1   -1    9    9   -0.092055
   -1   -1   10    9   -0.072718
   -1   -1   11    9    0.015922
   -1   -1   12    9   -0.122185
   -1   -1   13    9    0.006193
   -1   -1   14    9    0.015622
   -1   -1   15    9   -0.012022
   -1   -1   16    9    0.067225
   -1   -1   17    9    0.006540
   -1   -1   18    9    0.066647
   -1   -1    1   10   -0.011788
   -1   -1    2   10    0.015572
   -1   -1    3   10    0.087092
   -1   -1    4   10   -0.028138
   -1   -1    5   10   -0.006637
   -1   -1    6   10   -0.018818
   -1   -1    7   10    0.011535
   -1   -1    8   10    0.002352
   -1   -1    9   10   -0.004645
   -1   -1   10   10    0.097102
   -1   -1   11   10   -0.010402
   -1   -1   12   10    0.130755
   -1   -1   13   10    0.025920
   -1   -1   14   10    0.009230
   -1   -1   15   10   -0.017610
   -1   -1   16   10   -0.042995
   -1   -1   17   10    0.002503
   -1   -1   18   10    0.040575
   -1   -1    1   11    0.001165
   -1   -1    2   11    0.001740
   -1   -1    3   11    0.433295
   -1   -1    4   11   -0.004815
   -1   -1    5   11    0.004555
   -1   -1    6   11    0.003017
   -1   -1    7   11   -0.002702
   -1   -1    8   11   -0.000037
   -1   -1    9   11   -0.005257
   -1   -1   10   11   -0.017982
   -1   -1   11   11    0.008935
   -1   -1   12   11    0.030610
   -1   -1   13   11   -0.005415
   -1   -1   14   11    0.006625
   -1   -1   15   11    0.005397
   -1   -1   16   11   -0.015120
   -1   -1   17   11   -0.006285
   -1   -1   18   11   -0.006172
   -1   -1    1   12    0.116192
   -1   -1    2   12    0.018597
   -1   -1    3   12   -1.437355
   -1   -1    4   12   -0.004095
   -1   -1    5   12   -0.014745
   -1   -1    6   12    0.013985
   -1   -1    7   12   -0.010965
   -1   -1    8   12   -0.009227
   -1   -1    9   12    0.208890
   -1   -1   10   12    0.071788
   -1   -1   11   12   -0.006027
   -1   -1   12   12   -0.095775
   -1   -1   13   12    0.065405
   -1   -1   14   12   -0.046267
   -1   -1   15   12   -0.035960
   -1   -1   16   12   -0.058957
   -1   -1   17   12   -0.001303
   -1   -1   18   12   -0.073162
   -1   -1    1   13   -0.031532
   -1   -1    2   13   -0.017625
   -1   -1    3   13    1.492837
   -1   -1    4   13    0.025337
   -1   -1    5   13    0.019480
   -1   -1    6   13   -0.014083
   -1   -1    7   13    0.040660
   -1   -1    8   13   -0.010982
   -1   -1    9   13   -0.029118
   -1   -1   10   13    0.125442
   -1   -1   11   13    0.016072
   -1   -1   12   13   -0.071892
   -1   -1   13   13    0.060152
   -1   -1   14   13   -0.061017
   -1   -1   15   13    0.005348
   -1   -1   16   13   -0.035245
   -1   -1   17   13    0.003545
   -1   -1   18   13    0.045703
   -1   -1    1   14   -0.041070
   -1   -1    2   14   -0.004735
   -1   -1    3   14    0.246083
   -1   -1    4   14   -0.013718
   -1   -1    5   14    0.006387
   -1   -1    6   14    0.012612
   -1   -1    7   14   -0.020693
   -1   -1    8   14   -0.001800
   -1   -1    9   14   -0.053480
   -1   -1   10   14    0.008860
   -1   -1   11   14   -0.008742
   -1   -1   12   14    0.054742
   -1   -1   13   14   -0.012308
   -1   -1   14   14   -0.001410
   -1   -1   15   14    0.008247
   -1   -1   16   14   -0.007037
   -1   -1   17   14   -0.000228
   -1   -1   18   14   -0.007742
   -1   -1    1   15    0.032127
   -1   -1    2   15    0.011683
   -1   -1    3   15   -0.321398
   -1   -1    4   15    0.001112
   -1   -1    5   15   -0.010105
   -1   -1    6   15    0.016960
   -1   -1    7   15    0.003950
   -1   -1    8   15    0.006150
   -1   -1    9   15   -0.112850
   -1   -1   10   15    0.053322
   -1   -1   11   15   -0.023010
   -1   -1   12   15   -0.046492
   -1   -1   13   15   -0.022865
   -1   -1   14   15   -0.022262
   -1   -1   15   15   -0.101785
   -1   -1   16   15   -0.004520
   -1   -1   17   15    0.009445
   -1   -1   18   15    0.025413
   -1   -1    1   16    0.078955
   -1   -1    2   16    0.001792
   -1   -1    3   16   -2.083070
   -1   -1    4   16    0.027430
   -1   -1    5   16   -0.039410
   -1   -1    6   16    0.017345
   -1   -1    7   16    0.001210
   -1   -1    8   16   -0.004913
   -1   -1    9   16    0.050432
   -1   -1   10   16    0.087612
   -1   -1   11   16    0.005715
   -1   -1   12   16   -0.211402
   -1   -1   13   16    0.005873
   -1   -1   14   16   -0.007407
   -1   -1   15   16   -0.010405
   -1   -1   16   16    0.189412
   -1   -1   17   16    0.000555
   -1   -1   18   16    0.024027
   -1   -1    1   17    0.020175
   -1   -1    2   17   -0.005080
   -1   -1    3   17    0.090220
   -1   -1    4   17    0.000875
   -1   -1    5   17    0.008652
   -1   -1    6   17    0.009898
   -1   -1    7   17   -0.000577
   -1   -1    8   17   -0.001713
   -1   -1    9   17    0.009455
   -1   -1   10   17   -0.001910
   -1   -1   11   17    0.074532
   -1   -1   12   17    0.012152
   -1   -1   13   17    0.019117
   -1   -1   14   17    0.003835
   -1   -1   15   17    0.014967
   -1   -1   16   17   -0.008940
   -1   -1   17   17    0.004650
   -1   -1   18   17   -0.009412
   -1   -1    1   18    0.081738
   -1   -1    2   18    0.001497
   -1   -1    3   18    0.053600
   -1   -1    4   18    0.029377
   -1   -1    5   18    0.003995
   -1   -1    6   18   -0.017550
   -1   -1    7   18    0.026680
   -1   -1    8   18    0.006620
   -1   -1    9   18    0.135907
   -1   -1   10   18    0.078715
   -1   -1   11   18    0.001320
   -1   -1   12   18   -0.173352
   -1   -1   13   18    0.021660
   -1   -1   14   18   -0.001960
   -1   -1   15   18    0.001365
   -1   -1   16   18    0.008932
   -1   -1   17   18    0.000810
   -1   -1   18   18   -0.063760
    0   -1    1    1    0.096402
    0   -1    2    1    0.039242
    0   -1    3    1   -0.170165
    0   -1    4    1    0.024645
    0   -1    5    1    0.028340
    0   -1    6    1    0.058825
    0   -1    7    1   -0.027545
    0   -1    8    1   -0.008112
    0   -1    9    1    0.199027
    0   -1   10    1    0.030770
    0   -1   11    1    0.133767
    0   -1   12    1   -0.901427
    0   -1   13    1   -0.029507
    0   -1   14    1   -0.068825
    0   -1   15    1   -0.046268
    0   -1   16    1   -0.107817
    0   -1   17    1    0.037795
    0   -1   18    1   -0.229080
    0   -1    1    2    0.030988
    0   -1    2    2   -0.012425
    0   -1    3    2    0.125015
    0   -1    4    2    0.049327
    0   -1    5    2    0.002420
    0   -1    6    2   -0.012317
    0   -1    7    2    0.016467
    0   -1    8    2   -0.003315
    0   -1    9    2   -0.088765
    0   -1   10    2    0.369305
    0   -1   11    2    0.011960
    0   -1   12    2    0.007182
    0   -1   13    2    0.109862
    0   -1   14    2   -0.002040
    0   -1   15    2    0.181737
    0   -1   16    2   -0.002592
    0   -1   17    2   -0.011277
    0   -1   18    2    0.052510
    0   -1    1    3    0.075800
    0   -1    2    3    0.026185
    0   -1    3    3    0.003127
    0   -1    4    3   -0.046255
    0   -1    5    3   -0.061338
    0   -1    6    3   -0.042470
    0   -1    7    3    0.009923
    0   -1    8    3   -0.042918
    0   -1    9    3    0.266465
    0   -1   10    3    0.081998
    0   -1   11    3    0.033085
    0   -1   12    3   -0.361255
    0   -1   13    3    0.162895
    0   -1   14    3   -0.103007
    0   -1   15    3   -0.280002
    0   -1   16    3    0.098065
    0   -1   17    3    0.040583
    0   -1   18    3    0.272517
    0   -1    1    4   -0.018857
    0   -1    2    4    0.013295
    0   -1    3    4   -0.121205
    0   -1    4    4   -0.092432
    0   -1    5    4    0.056007
    0   -1    6    4   -0.037433
    0   -1    7    4    0.133987
    0   -1    8    4    0.056120
    0   -1    9    4    0.062890
    0   -1   10    4    0.131318
    0   -1   11    4   -0.017200
    0   -1   12    4    1.263543
    0   -1   13    4   -0.458680
    0   -1   14    4    0.155922
    0   -1   15    4    0.606872
    0   -1   16    4   -0.187543
    0   -1   17    4   -0.046240
    0   -1   18    4   -0.521155
    0   -1    1    5   -0.005877
    0   -1    2    5   -0.002572
    0   -1    3    5   -0.134377
    0   -1    4    5   -0.010363
    0   -1    5    5    0.006075
    0   -1    6    5   -0.010452
    0   -1    7    5    0.012287
    0   -1    8    5   -0.000495
    0   -1    9    5   -0.008982
    0   -1   10    5    0.025708
    0   -1   11    5   -0.004328
    0   -1   12    5    0.032200
    0   -1   13    5    0.097572
    0   -1   14    5    0.001658
    0   -1   15    5   -0.161912
    0   -1   16    5   -0.000845
    0   -1   17    5    0.018048
    0   -1   18    5    0.031922
    0   -1    1    6    0.003290
    0   -1    2    6   -0.041947
    0   -1    3    6   -0.077628
    0   -1    4    6    0.088818
    0   -1    5    6   -0.000760
    0   -1    6    6    0.087295
    0   -1    7    6    0.014297
    0   -1    8    6    0.003227
    0   -1    9    6   -0.161245
    0   -1   10    6   -1.345605
    0   -1   11    6   -0.033007
    0   -1   12    6    0.156142
    0   -1   13    6    0.232082
    0   -1   14    6   -0.000103
    0   -1   15    6   -0.919495
    0   -1   16    6    0.035873
    0   -1   17    6    0.136465
    0   -1   18    6    0.058567
    0   -1    1    7    0.344540
    0   -1    2    7    0.050203
    0   -1    3    7    0.226162
    0   -1    4    7   -0.553990
    0   -1    5    7    0.170235
    0   -1    6    7   -0.586515
    0   -1    7    7   -0.072717
    0   -1    8    7   -0.047982
    0   -1    9    7   -0.382465
    0   -1   10    7   -0.008295
    0   -1   11    7   -0.186270
    0   -1   12    7    1.278100
    0   -1   13    7   -0.364337
    0   -1   14    7    0.093323
    0   -1   15    7    0.244745
    0   -1   16    7    0.193292
    0   -1   17    7   -0.218313
    0   -1   18    7    1.652287
    0   -1    1    8   -0.003770
    0   -1    2    8   -0.015367
    0   -1    3    8   -0.130653
    0   -1    4    8   -0.015813
    0   -1    5    8   -0.040565
    0   -1    6    8   -0.018832
    0   -1    7    8   -0.032065
    0   -1    8    8   -0.008840
    0   -1    9    8    0.049052
    0   -1   10    8    0.040712
    0   -1   11    8   -0.232057
    0   -1   12    8    0.004025
    0   -1   13    8    0.130585
    0   -1   14    8   -0.054947
    0   -1   15    8   -0.251930
    0   -1   16    8    0.100785
    0   -1   17    8    0.032582
    0   -1   18    8    0.042042
    0   -1    1    9    0.020172
    0   -1    2    9    0.000058
    0   -1    3    9   -0.015392
    0   -1    4    9    0.014062
    0   -1    5    9   -0.001097
    0   -1    6    9   -0.002450
    0   -1    7    9   -0.001147
    0   -1    8    9    0.001250
    0   -1    9    9   -0.015140
    0   -1   10    9    0.038377
    0   -1   11    9    0.007347
    0   -1   12    9    0.109095
    0   -1   13    9   -0.112790
    0   -1   14    9    0.000113
    0   -1   15    9    0.045880
    0   -1   16    9    0.016382
    0   -1   17    9    0.001437
    0   -1   18    9   -0.019142
    0   -1    1   10   -0.076698
    0   -1    2   10   -0.007087
    0   -1    3   10    0.017420
    0   -1    4   10   -0.011600
    0   -1    5   10    0.010050
    0   -1    6   10   -0.038972
    0   -1    7   10    0.018367
    0   -1    8   10   -0.000720
    0   -1    9   10   -0.044797
    0   -1   10   10   -0.007095
    0   -1   11   10   -0.028095
    0   -1   12   10    0.073610
    0   -1   13   10   -0.058387
    0   -1   14   10    0.023660
    0   -1   15   10   -0.045905
    0   -1   16   10   -0.019110
    0   -1   17   10    0.003567
    0   -1   18   10    0.021818
    0   -1    1   11    0.006517
    0   -1    2   11    0.007895
    0   -1    3   11    0.076695
    0   -1    4   11   -0.011370
    0   -1    5   11    0.002425
    0   -1    6   11    0.001105
    0   -1    7   11    0.005847
    0   -1    8   11    0.000218
    0   -1    9   11    0.003955
    0   -1   10   11    0.014543
    0   -1   11   11   -0.004315
    0   -1   12   11    0.020575
    0   -1   13   11    0.015575
    0   -1   14   11    0.001637
    0   -1   15   11   -0.047950
    0   -1   16   11   -0.020165
    0   -1   17   11    0.010018
    0   -1   18   11    0.006575
    0   -1    1   12   -0.037990
    0   -1    2   12    0.003810
    0   -1    3   12    0.118505
    0   -1    4   12    0.002465
    0   -1    5   12    0.007205
    0   -1    6   12   -0.010517
    0   -1    7   12   -0.036812
    0   -1    8   12    0.003622
    0   -1    9   12    0.010155
    0   -1   10   12    0.034630
    0   -1   11   12   -0.005533
    0   -1   12   12   -0.133695
    0   -1   13   12    0.114667
    0   -1   14   12    0.005895
    0   -1   15   12   -0.013820
    0   -1   16   12   -0.019942
    0   -1   17   12   -0.001073
    0   -1   18   12    0.019562
    0   -1    1   13   -0.017612
    0   -1    2   13   -0.020840
    0   -1    3   13    0.044917
    0   -1    4   13    0.034250
    0   -1    5   13    0.003647
    0   -1    6   13   -0.001305
    0   -1    7   13    0.004622
    0   -1    8   13    0.000875
    0   -1    9   13    0.000788
    0   -1   10   13    1.252847
    0   -1   11   13   -0.011087
    0   -1   12   13   -0.002900
    0   -1   13   13   -0.044992
    0   -1   14   13    0.006027
    0   -1   15   13    0.023632
    0   -1   16   13   -0.001132
    0   -1   17   13   -0.005557
    0   -1   18   13    0.002655
    0   -1    1   14   -0.005475
    0   -1    2   14    0.008800
    0   -1    3   14   -0.094622
    0   -1    4   14   -0.006425
    0   -1    5   14   -0.006370
    0   -1    6   14   -0.008915
    0   -1    7   14    0.002350
    0   -1    8   14   -0.000048
    0   -1    9   14   -0.030677
    0   -1   10   14    0.134035
    0   -1   11   14   -0.047052
    0   -1   12   14    0.006255
    0   -1   13   14   -0.090688
    0   -1   14   14   -0.005270
    0   -1   15   14   -0.003790
    0   -1   16   14   -0.001918
    0   -1   17   14    0.002052
    0   -1   18   14    0.028437
    0   -1    1   15    0.013360
    0   -1    2   15    0.003938
    0   -1    3   15    0.016887
    0   -1    4   15   -0.025102
    0   -1    5   15   -0.004727
    0   -1    6   15   -0.031267
    0   -1    7   15    0.020590
    0   -1    8   15    0.002820
    0   -1    9   15   -0.014702
    0   -1   10   15    0.044785
    0   -1   11   15    0.000425
    0   -1   12   15    0.012670
    0   -1   13   15   -0.052397
    0   -1   14   15   -0.004203
    0   -1   15   15    0.058605
    0   -1   16   15    0.025173
    0   -1   17   15    0.001237
    0   -1   18   15    0.036752
    0   -1    1   16    0.033620
    0   -1    2   16   -0.026713
    0   -1    3   16   -0.623817
    0   -1    4   16    0.045100
    0   -1    5   16   -0.025170
    0   -1    6   16    0.012198
    0   -1    7   16   -0.075402
    0   -1    8   16   -0.006387
    0   -1    9   16    0.119337
    0   -1   10   16   -0.549442
    0   -1   11   16    0.067795
    0   -1   12   16   -0.180287
    0   -1   13   16    0.145285
    0   -1   14   16   -0.053245
    0   -1   15   16   -0.152585
    0   -1   16   16    0.174847
    0   -1   17   16   -0.002442
    0   -1   18   16    0.097212
    0   -1    1   17    0.004535
    0   -1    2   17    0.019787
    0   -1    3   17   -2.044590
    0   -1    4   17    0.005618
    0   -1    5   17   -0.000412
    0   -1    6   17    0.008610
    0   -1    7   17    0.002240
    0   -1    8   17    0.005140
    0   -1    9   17   -0.003032
    0   -1   10   17    0.034875
    0   -1   11   17   -0.058797
    0   -1   12   17   -0.028855
    0   -1   13   17    0.008187
    0   -1   14   17    0.007842
    0   -1   15   17   -0.088370
    0   -1   16   17   -0.038825
    0   -1   17   17    0.005682
    0   -1   18   17    0.001205
    0   -1    1   18    0.000307
    0   -1    2   18    0.004527
    0   -1    3   18    0.154635
    0   -1    4   18    0.015515
    0   -1    5   18    0.012677
    0   -1    6   18   -0.002060
    0   -1    7   18   -0.071017
    0   -1    8   18    0.000435
    0   -1    9   18    0.069287
    0   -1   10   18    0.066390
    0   -1   11   18    0.013285
    0   -1   12   18   -0.010788
    0   -1   13   18    0.196428
    0   -1   14   18    0.009155
    0   -1   15   18    0.055250
    0   -1   16   18   -0.015770
    0   -1   17   18   -0.028837
    0   -1   18   18   -0.144382
    1   -1    1    1   -0.010290
    1   -1    2    1   -0.009195
    1   -1    3    1   -0.046970
    1   -1    4    1   -0.000398
    1   -1    5    1    0.008457
    1   -1    6    1   -0.008323
    1   -1    7    1    0.013095
    1   -1    8    1    0.005910
    1   -1    9    1    0.066237
    1   -1   10    1    0.598627
    1   -1   11    1   -0.000942
    1   -1   12    1   -0.019415
    1   -1   13    1   -0.048380
    1   -1   14    1    0.015348
    1   -1   15    1   -0.007750
    1   -1   16    1   -0.013662
    1   -1   17    1   -0.000308
    1   -1   18    1   -0.044530
    1   -1    1    2    0.000860
    1   -1    2    2   -0.000947
    1   -1    3    2   -0.002277
    1   -1    4    2   -0.000395
    1   -1    5    2   -0.000097
    1   -1    6    2    0.002307
    1   -1    7    2   -0.001555
    1   -1    8    2    0.000475
    1   -1    9    2    0.004445
    1   -1   10    2    0.006892
    1   -1   11    2    0.000222
    1   -1   12    2    0.000980
    1   -1   13    2    0.016750
    1   -1   14    2    0.000200
    1   -1   15    2   -0.009147
    1   -1   16    2    0.004117
    1   -1   17    2    0.001097
    1   -1   18    2   -0.005657
    1   -1    1    3    0.026872
    1   -1    2    3   -0.001640
    1   -1    3    3    0.004745
    1   -1    4    3   -0.002825
    1   -1    5    3   -0.008422
    1   -1    6    3    0.050545
    1   -1    7    3    0.000290
    1   -1    8    3   -0.005937
    1   -1    9    3   -0.020922
    1   -1   10    3    0.016587
    1   -1   11    3    0.006505
    1   -1   12    3    0.085267
    1   -1   13    3   -0.101595
    1   -1   14    3   -0.017592
    1   -1   15    3   -0.106987
    1   -1   16    3    0.013837
    1   -1   17    3    0.027030
    1   -1   18    3    0.030045
    1   -1    1    4   -0.005200
    1   -1    2    4    0.008242
    1   -1    3    4   -0.000018
    1   -1    4    4   -0.000135
    1   -1    5    4    0.006270
    1   -1    6    4   -0.007838
    1   -1    7    4   -0.002687
    1   -1    8    4   -0.000930
    1   -1    9    4    0.000243
    1   -1   10    4    0.033377
    1   -1   11    4   -0.002280
    1   -1   12    4   -0.013752
    1   -1   13    4    0.164140
    1   -1   14    4    0.002755
    1   -1   15    4    0.059037
    1   -1   16    4    0.000495
    1   -1   17    4   -0.010167
    1   -1   18    4    0.003487
    1   -1    1    5   -0.000265
    1   -1    2    5    0.000975
    1   -1    3    5    0.001085
    1   -1    4    5   -0.002060
    1   -1    5    5   -0.001410
    1   -1    6    5   -0.000892
    1   -1    7    5    0.002622
    1   -1    8    5    0.000697
    1   -1    9    5   -0.006090
    1   -1   10    5   -0.053220
    1   -1   11    5   -0.001452
    1   -1   12    5    0.004207
    1   -1   13    5   -0.007750
    1   -1   14    5   -0.000330
    1   -1   15    5    0.005422
    1   -1   16    5    0.004560
    1   -1   17    5    0.001167
    1   -1   18    5    0.006932
    1   -1    1    6    0.011320
    1   -1    2    6    0.000892
    1   -1    3    6   -0.009187
    1   -1    4    6   -0.001798
    1   -1    5    6   -0.001717
    1   -1    6    6    0.009605
    1   -1    7    6   -0.005222
    1   -1    8    6    0.001570
    1   -1    9    6    0.008995
    1   -1   10    6   -0.009930
    1   -1   11    6    0.000567
    1   -1   12    6    0.006052
    1   -1   13    6   -0.006632
    1   -1   14    6   -0.002505
    1   -1   15    6   -0.008295
    1   -1   16    6    0.006193
    1   -1   17    6    0.003067
    1   -1   18    6    0.002005
    1   -1    1    7   -0.010845
    1   -1    2    7   -0.162460
    1   -1    3    7    0.055202
    1   -1    4    7    0.424227
    1   -1    5    7    0.000593
    1   -1    6    7    0.011880
    1   -1    7    7    0.018447
    1   -1    8    7   -0.002822
    1   -1    9    7    3.624052
    1   -1   10    7    0.421632
    1   -1   11    7   -0.013292
    1   -1   12    7    0.246457
    1   -1   13    7   -0.457412
    1   -1   14    7   -0.021303
    1   -1   15    7   -2.698725
    1   -1   16    7    0.071380
    1   -1   17    7   -0.005515
    1   -1   18    7   -0.029947
    1   -1    1    8    0.004355
    1   -1    2    8   -0.010705
    1   -1    3    8   -0.008575
    1   -1    4    8    0.006408
    1   -1    5    8   -0.001863
    1   -1    6    8   -0.012582
    1   -1    7    8    0.006837
    1   -1    8    8    0.000495
    1   -1    9    8    0.001938
    1   -1   10    8    0.793090
    1   -1   11    8    0.001380
    1   -1   12    8   -0.005272
    1   -1   13    8   -0.123520
    1   -1   14    8   -0.001645
    1   -1   15    8    0.002485
    1   -1   16    8    0.014790
    1   -1   17    8    0.004050
    1   -1   18    8    0.002732
    1   -1    1    9   -0.001230
    1   -1    2    9    0.001502
    1   -1    3    9    0.005460
    1   -1    4    9    0.001997
    1   -1    5    9    0.002165
    1   -1    6    9   -0.000715
    1   -1    7    9    0.005495
    1   -1    8    9    0.001888
    1   -1    9    9    0.003622
    1   -1   10    9   -0.006222
    1   -1   11    9    0.000260
    1   -1   12    9    0.011657
    1   -1   13    9    0.029628
    1   -1   14    9    0.004310
    1   -1   15    9    0.002807
    1   -1   16    9   -0.007902
    1   -1   17    9    0.001085
    1   -1   18    9   -0.010910
    1   -1    1   10   -0.022100
    1   -1    2   10   -0.009395
    1   -1    3   10    0.013497
    1   -1    4   10    0.017573
    1   -1    5   10    0.011005
    1   -1    6   10    0.032297
    1   -1    7   10   -0.026080
    1   -1    8   10    0.000937
    1   -1    9   10   -0.006225
    1   -1   10   10    0.005565
    1   -1   11   10   -0.000682
    1   -1   12   10   -0.024012
    1   -1   13   10   -0.058270
    1   -1   14   10    0.009067
    1   -1   15   10   -0.051190
    1   -1   16   10   -0.018732
    1   -1   17   10    0.002720
    1   -1   18   10   -0.038590
    1   -1    1   11    0.000210
    1   -1    2   11    0.000505
    1   -1    3   11    0.000358
    1   -1    4   11   -0.000685
    1   -1    5   11   -0.000172
    1   -1    6   11   -0.000070
    1   -1    7   11    0.000820
    1   -1    8   11    0.000267
    1   -1    9   11    0.000305
    1   -1   10   11    0.009925
    1   -1   11   11   -0.000552
    1   -1   12   11    0.004615
    1   -1   13   11    0.002940
    1   -1   14   11    0.000307
    1   -1   15   11    0.003545
    1   -1   16   11   -0.001232
    1   -1   17   11    0.000242
    1   -1   18   11    0.002533
    1   -1    1   12    0.005735
    1   -1    2   12   -0.001308
    1   -1    3   12   -0.006970
    1   -1    4   12    0.000408
    1   -1    5   12   -0.001692
    1   -1    6   12   -0.007933
    1   -1    7   12   -0.007182
    1   -1    8   12    0.000857
    1   -1    9   12    0.011445
    1   -1   10   12    0.007173
    1   -1   11   12   -0.001675
    1   -1   12   12   -0.026320
    1   -1   13   12   -0.028380
    1   -1   14   12   -0.002747
    1   -1   15   12    0.022575
    1   -1   16   12    0.015300
    1   -1   17   12   -0.002150
    1   -1   18   12    0.002700
    1   -1    1   13    0.004142
    1   -1    2   13    0.001533
    1   -1    3   13    0.006907
    1   -1    4   13    0.003700
    1   -1    5   13   -0.002552
    1   -1    6   13    0.004750
    1   -1    7   13   -0.005270
    1   -1    8   13   -0.001140
    1   -1    9   13    0.009495
    1   -1   10   13    0.032525
    1   -1   11   13   -0.000647
    1   -1   12   13   -0.000615
    1   -1   13   13   -0.011925
    1   -1   14   13   -0.003262
    1   -1   15   13    0.000678
    1   -1   16   13    0.002165
    1   -1   17   13   -0.001830
    1   -1   18   13    0.000742
    1   -1    1   14   -0.000645
    1   -1    2   14   -0.000415
    1   -1    3   14    0.001027
    1   -1    4   14   -0.000240
    1   -1    5   14   -0.001085
    1   -1    6   14   -0.006437
    1   -1    7   14    0.006002
    1   -1    8   14    0.000125
    1   -1    9   14   -0.008582
    1   -1   10   14    0.057255
    1   -1   11   14   -0.001247
    1   -1   12   14    0.005625
    1   -1   13   14   -0.022480
    1   -1   14   14   -0.000258
    1   -1   15   14    0.009560
    1   -1   16   14    0.002778
    1   -1   17   14    0.000817
    1   -1   18   14    0.011412
    1   -1    1   15   -0.002645
    1   -1    2   15   -0.001283
    1   -1    3   15   -0.008312
    1   -1    4   15   -0.001780
    1   -1    5   15    0.000132
    1   -1    6   15   -0.000482
    1   -1    7   15   -0.002713
    1   -1    8   15    0.001235
    1   -1    9   15    0.000205
    1   -1   10   15    0.008087
    1   -1   11   15   -0.000060
    1   -1   12   15   -0.001955
    1   -1   13   15   -0.019125
    1   -1   14   15    0.000097
    1   -1   15   15   -0.009182
    1   -1   16   15    0.014682
    1   -1   17   15    0.003627
    1   -1   18   15   -0.002295
    1   -1    1   16    0.003660
    1   -1    2   16   -0.001797
    1   -1    3   16   -0.016832
    1   -1    4   16   -0.003340
    1   -1    5   16   -0.002815
    1   -1    6   16   -0.026030
    1   -1    7   16    0.017053
    1   -1    8   16    0.002570
    1   -1    9   16   -0.018313
    1   -1   10   16   -0.163212
    1   -1   11   16    0.005202
    1   -1   12   16   -0.037142
    1   -1   13   16   -0.088267
    1   -1   14   16    0.001065
    1   -1   15   16    0.030590
    1   -1   16   16   -0.004950
    1   -1   17   16    0.010410
    1   -1   18   16   -0.000458
    1   -1    1   17   -0.000500
    1   -1    2   17    0.001620
    1   -1    3   17    0.002033
    1   -1    4   17   -0.000918
    1   -1    5   17   -0.000262
    1   -1    6   17    0.000360
    1   -1    7   17    0.002182
    1   -1    8   17    0.000082
    1   -1    9   17   -0.010677
    1   -1   10   17   -0.348775
    1   -1   11   17   -0.000330
    1   -1   12   17    0.006155
    1   -1   13   17    0.041825
    1   -1   14   17    0.000032
    1   -1   15   17    0.000553
    1   -1   16   17   -0.000147
    1   -1   17   17   -0.000077
    1   -1   18   17    0.004550
    1   -1    1   18    0.021845
    1   -1    2   18    0.003680
    1   -1    3   18    0.001788
    1   -1    4   18   -0.004425
    1   -1    5   18   -0.003430
    1   -1    6   18    0.005332
    1   -1    7   18   -0.016187
    1   -1    8   18   -0.005135
    1   -1    9   18    0.017215
    1   -1   10   18    0.041642
    1   -1   11   18    0.003102
    1   -1   12   18    0.009287
    1   -1   13   18    0.045722
    1   -1   14   18   -0.011312
    1   -1   15   18    0.014490
    1   -1   16   18    0.009400
    1   -1   17   18   -0.006852
    1   -1   18   18    0.002032
   -1    0    1    1   -0.066592
   -1    0    2    1   -0.017192
   -1    0    3    1    0.311495
   -1    0    4    1   -0.133132
   -1    0    5    1   -0.014503
   -1    0    6    1   -0.004135
   -1    0    7    1   -0.031468
   -1    0    8    1    0.140247
   -1    0    9    1   -0.073947
   -1    0   10    1   -0.102152
   -1    0   11    1   -0.005057
   -1    0   12    1    0.014320
   -1    0   13    1    0.015675
   -1    0   14    1   -0.003510
   -1    0   15    1   -0.005422
   -1    0   16    1    0.287557
   -1    0   17    1    0.007565
   -1    0   18    1    0.044422
   -1    0    1    2   -0.003495
   -1    0    2    2   -0.030377
   -1    0    3    2    0.089207
   -1    0    4    2    0.002347
   -1    0    5    2   -0.025805
   -1    0    6    2    0.002330
   -1    0    7    2   -0.025230
   -1    0    8    2    0.428125
   -1    0    9    2   -0.026418
   -1    0   10    2    0.172340
   -1    0   11    2   -0.005445
   -1    0   12    2    0.008098
   -1    0   13    2    0.016358
   -1    0   14    2   -0.004355
   -1    0   15    2    0.012257
   -1    0   16    2   -0.196825
   -1    0   17    2   -0.959887
   -1    0   18    2   -0.014887
   -1    0    1    3   -0.011182
   -1    0    2    3   -0.003127
   -1    0    3    3   -0.265697
   -1    0    4    3    0.029465
   -1    0    5    3   -0.003070
   -1    0    6    3   -0.012842
   -1    0    7    3    0.013187
   -1    0    8    3   -0.020047
   -1    0    9    3    0.007282
   -1    0   10    3    0.042200
   -1    0   11    3   -0.000797
   -1    0   12    3    0.002383
   -1    0   13    3    0.007255
   -1    0   14    3   -0.024810
   -1    0   15    3   -0.009075
   -1    0   16    3   -0.045947
   -1    0   17    3   -0.026135
   -1    0   18    3    0.000815
   -1    0    1    4   -0.175670
   -1    0    2    4   -0.008943
   -1    0    3    4   -0.237455
   -1    0    4    4    0.015780
   -1    0    5    4    0.013305
   -1    0    6    4   -0.091947
   -1    0    7    4    0.140675
   -1    0    8    4   -0.173185
   -1    0    9    4    0.020798
   -1    0   10    4    0.025895
   -1    0   11    4   -0.018667
   -1    0   12    4    0.026158
   -1    0   13    4   -0.024472
   -1    0   14    4    0.032007
   -1    0   15    4   -0.010662
   -1    0   16    4    0.098310
   -1    0   17    4    0.021200
   -1    0   18    4    0.129707
   -1    0    1    5    0.031587
   -1    0    2    5   -0.027045
   -1    0    3    5    0.049925
   -1    0    4    5    0.023670
   -1    0    5    5   -0.000998
   -1    0    6    5   -0.011737
   -1    0    7    5    0.019065
   -1    0    8    5    0.060815
   -1    0    9    5    0.004365
   -1    0   10    5    0.127268
   -1    0   11    5   -0.006322
   -1    0   12    5   -0.014967
   -1    0   13    5   -0.004365
   -1    0   14    5    0.023857
   -1    0   15    5   -0.000305
   -1    0   16    5   -0.089713
   -1    0   17    5    0.095945
   -1    0   18    5   -0.030990
   -1    0    1    6    0.616700
   -1    0    2    6    0.019685
   -1    0    3    6    0.037120
   -1    0    4    6   -0.185865
   -1    0    5    6    0.060680
   -1    0    6    6    0.032000
   -1    0    7    6   -0.467550
   -1    0    8    6    0.280927
   -1    0    9    6    0.029652
   -1    0   10    6   -0.744572
   -1    0   11    6    0.047615
   -1    0   12    6    0.005650
   -1    0   13    6    0.015870
   -1    0   14    6   -0.045068
   -1    0   15    6    0.015407
   -1    0   16    6    0.369847
   -1    0   17    6   -0.196582
   -1    0   18    6   -0.073495
   -1    0    1    7   -0.000052
   -1    0    2    7   -0.031532
   -1    0    3    7   -0.785782
   -1    0    4    7    0.126150
   -1    0    5    7    0.089177
   -1    0    6    7    0.012860
   -1    0    7    7    0.354942
   -1    0    8    7   -0.169065
   -1    0    9    7    0.002315
   -1    0   10    7    0.412780
   -1    0   11    7    0.015790
   -1    0   12    7   -0.013860
   -1    0   13    7   -0.014273
   -1    0   14    7   -0.006345
   -1    0   15    7    0.022327
   -1    0   16    7   -0.048805
   -1    0   17    7   -0.001410
   -1    0   18    7   -0.441632
   -1    0    1    8    0.025230
   -1    0    2    8    0.006397
   -1    0    3    8    0.025677
   -1    0    4    8    0.002587
   -1    0    5    8   -0.000130
   -1    0    6    8    0.001332
   -1    0    7    8    0.002478
   -1    0    8    8   -0.033770
   -1    0    9    8    0.007663
   -1    0   10    8    0.004482
   -1    0   11    8    0.000322
   -1    0   12    8   -0.004165
   -1    0   13    8   -0.000295
   -1    0   14    8   -0.001605
   -1    0   15    8   -0.000883
   -1    0   16    8   -0.009258
   -1    0   17    8    0.005365
   -1    0   18    8    0.006440
   -1    0    1    9    1.216142
   -1    0    2    9    0.086535
   -1    0    3    9   -0.148767
   -1    0    4    9   -0.389753
   -1    0    5    9    0.052645
   -1    0    6    9    0.025300
   -1    0    7    9    0.029982
   -1    0    8    9    0.008567
   -1    0    9    9    0.016235
   -1    0   10    9    0.018630
   -1    0   11    9   -0.035720
   -1    0   12    9    0.260810
   -1    0   13    9   -0.018770
   -1    0   14    9   -0.243965
   -1    0   15    9    0.015510
   -1    0   16    9    0.077150
   -1    0   17    9    0.410173
   -1    0   18    9    0.519087
   -1    0    1   10    0.194407
   -1    0    2   10    0.094117
   -1    0    3   10    0.347290
   -1    0    4   10    0.011267
   -1    0    5   10   -0.084902
   -1    0    6   10    0.053670
   -1    0    7   10   -0.055535
   -1    0    8   10    0.193030
   -1    0    9   10    0.029302
   -1    0   10   10    0.024685
   -1    0   11   10    0.545818
   -1    0   12   10   -0.143050
   -1    0   13   10    0.314635
   -1    0   14   10    0.956313
   -1    0   15   10    0.009965
   -1    0   16   10   -0.317043
   -1    0   17   10   -0.338267
   -1    0   18   10    0.000862
   -1    0    1   11    0.107805
   -1    0    2   11    0.007105
   -1    0    3   11   -0.022700
   -1    0    4   11   -0.006618
   -1    0    5   11    0.000612
   -1    0    6   11    0.009095
   -1    0    7   11   -0.031297
   -1    0    8   11   -0.113505
   -1    0    9   11    0.021617
   -1    0   10   11   -0.119362
   -1    0   11   11    0.008365
   -1    0   12   11   -0.036707
   -1    0   13   11   -0.004140
   -1    0   14   11    0.025225
   -1    0   15   11    0.000912
   -1    0   16   11    0.035540
   -1    0   17   11   -0.636355
   -1    0   18   11   -0.052390
   -1    0    1   12    0.160965
   -1    0    2   12    0.055305
   -1    0    3   12    0.850620
   -1    0    4   12   -0.460398
   -1    0    5   12   -0.098077
   -1    0    6   12   -0.031880
   -1    0    7   12   -0.013853
   -1    0    8   12   -0.109657
   -1    0    9   12   -0.104457
   -1    0   10   12    0.338492
   -1    0   11   12   -0.003730
   -1    0   12   12    0.135680
   -1    0   13   12    0.023265
   -1    0   14   12   -0.190888
   -1    0   15   12    0.013415
   -1    0   16   12    0.205672
   -1    0   17   12   -0.227257
   -1    0   18   12    0.078117
   -1    0    1   13    0.872867
   -1    0    2   13   -0.208330
   -1    0    3   13   -0.635938
   -1    0    4   13    0.837732
   -1    0    5   13    0.413687
   -1    0    6   13   -0.358490
   -1    0    7   13    1.123987
   -1    0    8   13   -0.180975
   -1    0    9   13    1.028458
   -1    0   10   13    0.826132
   -1    0   11   13   -0.019905
   -1    0   12   13    0.233387
   -1    0   13   13   -0.024247
   -1    0   14   13    0.185595
   -1    0   15   13    0.111022
   -1    0   16   13    0.844505
   -1    0   17   13    3.643207
   -1    0   18   13   -1.751805
   -1    0    1   14    0.100910
   -1    0    2   14   -0.002472
   -1    0    3   14   -0.186100
   -1    0    4   14    0.073588
   -1    0    5   14    0.009355
   -1    0    6   14   -0.011312
   -1    0    7   14    0.022417
   -1    0    8   14   -0.051085
   -1    0    9   14    0.019582
   -1    0   10   14    0.144948
   -1    0   11   14   -0.000957
   -1    0   12   14   -0.014717
   -1    0   13   14   -0.005942
   -1    0   14   14    0.012207
   -1    0   15   14    0.002105
   -1    0   16   14   -0.149177
   -1    0   17   14    0.049412
   -1    0   18   14   -0.051072
   -1    0    1   15   -3.018797
   -1    0    2   15   -0.577080
   -1    0    3   15   -0.469932
   -1    0    4   15    0.491415
   -1    0    5   15    0.033390
   -1    0    6   15    1.692892
   -1    0    7   15    0.465093
   -1    0    8   15    0.485200
   -1    0    9   15   -0.155540
   -1    0   10   15   -0.193535
   -1    0   11   15   -0.186227
   -1    0   12   15    0.395787
   -1    0   13   15   -0.000055
   -1    0   14   15    0.194242
   -1    0   15   15   -0.015402
   -1    0   16   15    0.669752
   -1    0   17   15   -0.117762
   -1    0   18   15    1.440677
   -1    0    1   16   -0.387572
   -1    0    2   16   -0.034900
   -1    0    3   16    0.839413
   -1    0    4   16   -0.146140
   -1    0    5   16   -0.008472
   -1    0    6   16    0.009667
   -1    0    7   16    0.032585
   -1    0    8   16    0.094207
   -1    0    9   16   -0.005805
   -1    0   10   16    0.038902
   -1    0   11   16   -0.024100
   -1    0   12   16    0.066675
   -1    0   13   16    0.007675
   -1    0   14   16    0.012820
   -1    0   15   16   -0.000725
   -1    0   16   16    0.295795
   -1    0   17   16   -0.090327
   -1    0   18   16    0.068097
   -1    0    1   17    0.550227
   -1    0    2   17   -0.129717
   -1    0    3   17   -0.047572
   -1    0    4   17   -0.128433
   -1    0    5   17    0.639355
   -1    0    6   17    0.068142
   -1    0    7   17   -0.468445
   -1    0    8   17   -0.956082
   -1    0    9   17    0.176970
   -1    0   10   17   -1.123497
   -1    0   11   17   -0.039977
   -1    0   12   17   -0.152832
   -1    0   13   17   -0.022987
   -1    0   14   17    2.004162
   -1    0   15   17    0.044718
   -1    0   16   17    0.178987
   -1    0   17   17   -0.008578
   -1    0   18   17    0.163097
   -1    0    1   18    0.051410
   -1    0    2   18   -0.043335
   -1    0    3   18    0.317670
   -1    0    4   18   -0.100058
   -1    0    5   18    0.009862
   -1    0    6   18    0.029672
   -1    0    7   18   -0.047175
   -1    0    8   18    0.179960
   -1    0    9   18   -0.024515
   -1    0   10   18    0.046880
   -1    0   11   18    0.008005
   -1    0   12   18    0.053345
   -1    0   13   18   -0.010383
   -1    0   14   18   -0.007915
   -1    0   15   18    0.022140
   -1    0   16   18    0.124282
   -1    0   17   18   -0.120043
   -1    0   18   18   -0.121365
    0    0    1    1    3.514080
    0    0    2    1    2.209518
    0    0    3    1   -0.901178
    0    0    4    1    0.505705
    0    0    5    1   -1.380552
    0    0    6    1    0.979270
    0    0    7    1   -1.950010
    0    0    8    1   -0.503065
    0    0    9    1    2.293528
    0    0   10    1    0.293442
    0    0   11    1    0.065082
    0    0   12    1   -2.401205
    0    0   13    1   -0.579845
    0    0   14    1   -2.347490
    0    0   15    1   -0.024490
    0    0   16    1   -1.717512
    0    0   17    1   -0.073262
    0    0   18    1    2.603338
    0    0    1    2    2.209518
    0    0    2    2    0.798992
    0    0    3    2   -0.223415
    0    0    4    2    2.078510
    0    0    5    2    4.524580
    0    0    6    2   -2.937617
    0    0    7    2   -3.479448
    0    0    8    2   -0.370262
    0    0    9    2   -0.040347
    0    0   10    2    0.535247
    0    0   11    2    0.852840
    0    0   12    2   -0.469070
    0    0   13    2   -0.455625
    0    0   14    2    0.557300
    0    0   15    2    0.087310
    0    0   16    2    1.457455
    0    0   17    2    2.807540
    0    0   18    2    2.955660
    0    0    1    3   -0.901178
    0    0    2    3   -0.223415
    0    0    3    3   -6.121598
    0    0    4    3   -1.329152
    0    0    5    3    0.119285
    0    0    6    3   -0.015680
    0    0    7    3    0.116920
    0    0    8    3    0.188935
    0    0    9    3   -0.358312
    0    0   10    3    0.832232
    0    0   11    3   -0.114150
    0    0   12    3   -0.402260
    0    0   13    3    0.124980
    0    0   14    3   -0.023343
    0    0   15    3    0.003325
    0    0   16    3    3.635665
    0    0   17    3    0.032952
    0    0   18    3    0.514047
    0    0    1    4    0.505705
    0    0    2    4    2.078510
    0    0    3    4   -1.329152
    0    0    4    4    2.110755
    0    0    5    4   -0.723402
    0    0    6    4    0.960525
    0    0    7    4   -0.058542
    0    0    8    4   -0.046227
    0    0    9    4    0.659337
    0    0   10    4    0.538937
    0    0   11    4    0.379190
    0    0   12    4    1.064515
    0    0   13    4   -0.120940
    0    0   14    4   -0.425375
    0    0   15    4    0.398908
    0    0   16    4    3.220740
    0    0   17    4   -0.015255
    0    0   18    4    0.161350
    0    0    1    5   -1.380552
    0    0    2    5    4.524580
    0    0    3    5    0.119285
    0    0    4    5   -0.723402
    0    0    5    5    2.480045
    0    0    6    5   -0.693072
    0    0    7    5    0.415625
    0    0    8    5   -0.496540
    0    0    9    5   -0.452625
    0    0   10    5   -0.377037
    0    0   11    5    0.789015
    0    0   12    5    0.241677
    0    0   13    5    0.213172
    0    0   14    5    2.477652
    0    0   15    5   -0.424092
    0    0   16    5    1.898105
    0    0   17    5   -1.939227
    0    0   18    5   -2.744807
    0    0    1    6    0.979270
    0    0    2    6   -2.937617
    0    0    3    6   -0.015680
    0    0    4    6    0.960525
    0    0    5    6   -0.693072
    0    0    6    6   12.413415
    0    0    7    6    1.012128
    0    0    8    6   -0.032190
    0    0    9    6    1.059850
    0    0   10    6   -0.017178
    0    0   11    6    0.035877
    0    0   12    6   -0.007035
    0    0   13    6   -0.339397
    0    0   14    6   -0.418585
    0    0   15    6   -0.458370
    0    0   16    6   -0.121013
    0    0   17    6    1.203820
    0    0   18    6    0.252905
    0    0    1    7   -1.950010
    0    0    2    7   -3.479448
    0    0    3    7    0.116920
    0    0    4    7   -0.058542
    0    0    5    7    0.415625
    0    0    6    7    1.012128
    0    0    7    7   12.054810
    0    0    8    7    0.217790
    0    0    9    7   -0.506532
    0    0   10    7   -0.686192
    0    0   11    7    0.046915
    0    0   12    7    0.813560
    0    0   13    7    0.287633
    0    0   14    7    2.210510
    0    0   15    7   -0.057698
    0    0   16    7   -0.560160
    0    0   17    7    0.594637
    0    0   18    7   -2.192712
    0    0    1    8   -0.503065
    0    0    2    8   -0.370262
    0    0    3    8    0.188935
    0    0    4    8   -0.046227
    0    0    5    8   -0.496540
    0    0    6    8   -0.032190
    0    0    7    8    0.217790
    0    0    8    8    2.453610
    0    0    9    8   -0.008015
    0    0   10    8   -1.200795
    0    0   11    8    0.030060
    0    0   12    8    0.007115
    0    0   13    8    0.005315
    0    0   14    8    0.513215
    0    0   15    8    0.016570
    0    0   16    8    0.193537
    0    0   17    8    1.486623
    0    0   18    8   -1.276507
    0    0    1    9    2.293528
    0    0    2    9   -0.040347
    0    0    3    9   -0.358312
    0    0    4    9    0.659337
    0    0    5    9   -0.452625
    0    0    6    9    1.059850
    0    0    7    9   -0.506532
    0    0    8    9   -0.008015
    0    0    9    9    3.072550
    0    0   10    9   -0.112390
    0    0   11    9   -0.220747
    0    0   12    9    0.234453
    0    0   13    9    0.244710
    0    0   14    9   -0.571537
    0    0   15    9   -1.505097
    0    0   16    9    0.933985
    0    0   17    9    0.011065
    0    0   18    9    1.971622
    0    0    1   10    0.293442
    0    0    2   10    0.535247
    0    0    3   10    0.832232
    0    0    4   10    0.538937
    0    0    5   10   -0.377037
    0    0    6   10   -0.017178
    0    0    7   10   -0.686192
    0    0    8   10   -1.200795
    0    0    9   10   -0.112390
    0    0   10   10   -4.998300
    0    0   11   10   -0.219645
    0    0   12   10    0.025008
    0    0   13   10    1.406030
    0    0   14   10   -0.893155
    0    0   15   10   -0.262763
    0    0   16   10   -1.229237
    0    0   17   10    0.042375
    0    0   18   10    0.538523
    0    0    1   11    0.065082
    0    0    2   11    0.852840
    0    0    3   11   -0.114150
    0    0    4   11    0.379190
    0    0    5   11    0.789015
    0    0    6   11    0.035877
    0    0    7   11    0.046915
    0    0    8   11    0.030060
    0    0    9   11   -0.220747
    0    0   10   11   -0.219645
    0    0   11   11    3.730357
    0    0   12   11    0.573822
    0    0   13   11    0.403762
    0    0   14   11    1.032435
    0    0   15   11   -0.354137
    0    0   16   11    2.023977
    0    0   17   11    0.798177
    0    0   18   11   -0.097283
    0    0    1   12   -2.401205
    0    0    2   12   -0.469070
    0    0    3   12   -0.402260
    0    0    4   12    1.064515
    0    0    5   12    0.241677
    0    0    6   12   -0.007035
    0    0    7   12    0.813560
    0    0    8   12    0.007115
    0    0    9   12    0.234453
    0    0   10   12    0.025008
    0    0   11   12    0.573822
    0    0   12   12   -6.257075
    0    0   13   12   -0.027457
    0    0   14   12    0.394313
    0    0   15   12   -1.003722
    0    0   16   12   -1.036947
    0    0   17   12    0.096257
    0    0   18   12   -1.063028
    0    0    1   13   -0.579845
    0    0    2   13   -0.455625
    0    0    3   13    0.124980
    0    0    4   13   -0.120940
    0    0    5   13    0.213172
    0    0    6   13   -0.339397
    0    0    7   13    0.287633
    0    0    8   13    0.005315
    0    0    9   13    0.244710
    0    0   10   13    1.406030
    0    0   11   13    0.403762
    0    0   12   13   -0.027457
    0    0   13   13   -9.275495
    0    0   14   13    0.209242
    0    0   15   13    1.280470
    0    0   16   13   -0.469138
    0    0   17   13   -0.324887
    0    0   18   13   -0.072915
    0    0    1   14   -2.347490
    0    0    2   14    0.557300
    0    0    3   14   -0.023343
    0    0    4   14   -0.425375
    0    0    5   14    2.477652
    0    0    6   14   -0.418585
    0    0    7   14    2.210510
    0    0    8   14    0.513215
    0    0    9   14   -0.571537
    0    0   10   14   -0.893155
    0    0   11   14    1.032435
    0    0   12   14    0.394313
    0    0   13   14    0.209242
    0    0   14   14    2.982562
    0    0   15   14   -0.203865
    0    0   16   14    1.694600
    0    0   17   14   -2.507150
    0    0   18   14   -3.752577
    0    0    1   15   -0.024490
    0    0    2   15    0.087310
    0    0    3   15    0.003325
    0    0    4   15    0.398908
    0    0    5   15   -0.424092
    0    0    6   15   -0.458370
    0    0    7   15   -0.057698
    0    0    8   15    0.016570
    0    0    9   15   -1.505097
    0    0   10   15   -0.262763
    0    0   11   15   -0.354137
    0    0   12   15   -1.003722
    0    0   13   15    1.280470
    0    0   14   15   -0.203865
    0    0   15   15   10.647740
    0    0   16   15    0.254868
    0    0   17   15   -1.752162
    0    0   18   15   -0.102678
    0    0    1   16   -1.717512
    0    0    2   16    1.457455
    0    0    3   16    3.635665
    0    0    4   16    3.220740
    0    0    5   16    1.898105
    0    0    6   16   -0.121013
    0    0    7   16   -0.560160
    0    0    8   16    0.193537
    0    0    9   16    0.933985
    0    0   10   16   -1.229237
    0    0   11   16    2.023977
    0    0   12   16   -1.036947
    0    0   13   16   -0.469138
    0    0   14   16    1.694600
    0    0   15   16    0.254868
    0    0   16   16  -13.910792
    0    0   17   16    0.097077
    0    0   18   16   -0.436225
    0    0    1   17   -0.073262
    0    0    2   17    2.807540
    0    0    3   17    0.032952
    0    0    4   17   -0.015255
    0    0    5   17   -1.939227
    0    0    6   17    1.203820
    0    0    7   17    0.594637
    0    0    8   17    1.486623
    0    0    9   17    0.011065
    0    0   10   17    0.042375
    0    0   11   17    0.798177
    0    0   12   17    0.096257
    0    0   13   17   -0.324887
    0    0   14   17   -2.507150
    0    0   15   17   -1.752162
    0    0   16   17    0.097077
    0    0   17   17    1.860097
    0    0   18   17    0.017100
    0    0    1   18    2.603338
    0    0    2   18    2.955660
    0    0    3   18    0.514047
    0    0    4   18    0.161350
    0    0    5   18   -2.744807
    0    0    6   18    0.252905
    0    0    7   18   -2.192712
    0    0    8   18   -1.276507
    0    0    9   18    1.971622
    0    0   10   18    0.538523
    0    0   11   18   -0.097283
    0    0   12   18   -1.063028
    0    0   13   18   -0.072915
    0    0   14   18   -3.752577
    0    0   15   18   -0.102678
    0    0   16   18   -0.436225
    0    0   17   18    0.017100
    0    0   18   18    8.594867
    1    0    1    1   -0.066592
    1    0    2    1   -0.003495
    1    0    3    1   -0.011182
    1    0    4    1   -0.175670
    1    0    5    1    0.031587
    1    0    6    1    0.616700
    1    0    7    1   -0.000052
    1    0    8    1    0.025230
    1    0    9    1    1.216142
    1    0   10    1    0.194407
    1    0   11    1    0.107805
    1    0   12    1    0.160965
    1    0   13    1    0.872867
    1    0   14    1    0.100910
    1    0   15    1   -3.018797
    1    0   16    1   -0.387572
    1    0   17    1    0.550227
    1    0   18    1    0.051410
    1    0    1    2   -0.017192
    1    0    2    2   -0.030377
    1    0    3    2   -0.003127
    1    0    4    2   -0.008943
    1    0    5    2   -0.027045
    1    0    6    2    0.019685
    1    0    7    2   -0.031532
    1    0    8    2    0.006397
    1    0    9    2    0.086535
    1    0   10    2    0.094117
    1    0   11    2    0.007105
    1    0   12    2    0.055305
    1    0   13    2   -0.208330
    1    0   14    2   -0.002472
    1    0   15    2   -0.577080
    1    0   16    2   -0.034900
    1    0   17    2   -0.129717
    1    0   18    2   -0.043335
    1    0    1    3    0.311495
    1    0    2    3    0.089207
    1    0    3    3   -0.265697
    1    0    4    3   -0.237455
    1    0    5    3    0.049925
    1    0    6    3    0.037120
    1    0    7    3   -0.785782
    1    0    8    3    0.025677
    1    0    9    3   -0.148767
    1    0   10    3    0.347290
    1    0   11    3   -0.022700
    1    0   12    3    0.850620
    1    0   13    3   -0.635938
    1    0   14    3   -0.186100
    1    0   15    3   -0.469932
    1    0   16    3    0.839413
    1    0   17    3   -0.047572
    1    0   18    3    0.317670
    1    0    1    4   -0.133132
    1    0    2    4    0.002347
    1    0    3    4    0.029465
    1    0    4    4    0.015780
    1    0    5    4    0.023670
    1    0    6    4   -0.185865
    1    0    7    4    0.126150
    1    0    8    4    0.002587
    1    0    9    4   -0.389753
    1    0   10    4    0.011267
    1    0   11    4   -0.006618
    1    0   12    4   -0.460398
    1    0   13    4    0.837732
    1    0   14    4    0.073588
    1    0   15    4    0.491415
    1    0   16    4   -0.146140
    1    0   17    4   -0.128433
    1    0   18    4   -0.100058
    1    0    1    5   -0.014503
    1    0    2    5   -0.025805
    1    0    3    5   -0.003070
    1    0    4    5    0.013305
    1    0    5    5   -0.000998
    1    0    6    5    0.060680
    1    0    7    5    0.089177
    1    0    8    5   -0.000130
    1    0    9    5    0.052645
    1    0   10    5   -0.084902
    1    0   11    5    0.000612
    1    0   12    5   -0.098077
    1    0   13    5    0.413687
    1    0   14    5    0.009355
    1    0   15    5    0.033390
    1    0   16    5   -0.008472
    1    0   17    5    0.639355
    1    0   18    5    0.009862
    1    0    1    6   -0.004135
    1    0    2    6    0.002330
    1    0    3    6   -0.012842
    1    0    4    6   -0.091947
    1    0    5    6   -0.011737
    1    0    6    6    0.032000
    1    0    7    6    0.012860
    1    0    8    6    0.001332
    1    0    9    6    0.025300
    1    0   10    6    0.053670
    1    0   11    6    0.009095
    1    0   12    6   -0.031880
    1    0   13    6   -0.358490
    1    0   14    6   -0.011312
    1    0   15    6    1.692892
    1    0   16    6    0.009667
    1    0   17    6    0.068142
    1    0   18    6    0.029672
    1    0    1    7   -0.031468
    1    0    2    7   -0.025230
    1    0    3    7    0.013187
    1    0    4    7    0.140675
    1    0    5    7    0.019065
    1    0    6    7   -0.467550
    1    0    7    7    0.354942
    1    0    8    7    0.002478
    1    0    9    7    0.029982
    1    0   10    7   -0.055535
    1    0   11    7   -0.031297
    1    0   12    7   -0.013853
    1    0   13    7    1.123987
    1    0   14    7    0.022417
    1    0   15    7    0.465093
    1    0   16    7    0.032585
    1    0   17    7   -0.468445
    1    0   18    7   -0.047175
    1    0    1    8    0.140247
    1    0    2    8    0.428125
    1    0    3    8   -0.020047
    1    0    4    8   -0.173185
    1    0    5    8    0.060815
    1    0    6    8    0.280927
    1    0    7    8   -0.169065
    1    0    8    8   -0.033770
    1    0    9    8    0.008567
    1    0   10    8    0.193030
    1    0   11    8   -0.113505
    1    0   12    8   -0.109657
    1    0   13    8   -0.180975
    1    0   14    8   -0.051085
    1    0   15    8    0.485200
    1    0   16    8    0.094207
    1    0   17    8   -0.956082
    1    0   18    8    0.179960
    1    0    1    9   -0.073947
    1    0    2    9   -0.026418
    1    0    3    9    0.007282
    1    0    4    9    0.020798
    1    0    5    9    0.004365
    1    0    6    9    0.029652
    1    0    7    9    0.002315
    1    0    8    9    0.007663
    1    0    9    9    0.016235
    1    0   10    9    0.029302
    1    0   11    9    0.021617
    1    0   12    9   -0.104457
    1    0   13    9    1.028458
    1    0   14    9    0.019582
    1    0   15    9   -0.155540
    1    0   16    9   -0.005805
    1    0   17    9    0.176970
    1    0   18    9   -0.024515
    1    0    1   10   -0.102152
    1    0    2   10    0.172340
    1    0    3   10    0.042200
    1    0    4   10    0.025895
    1    0    5   10    0.127268
    1    0    6   10   -0.744572
    1    0    7   10    0.412780
    1    0    8   10    0.004482
    1    0    9   10    0.018630
    1    0   10   10    0.024685
    1    0   11   10   -0.119362
    1    0   12   10    0.338492
    1    0   13   10    0.826132
    1    0   14   10    0.144948
    1    0   15   10   -0.193535
    1    0   16   10    0.038902
    1    0   17   10   -1.123497
    1    0   18   10    0.046880
    1    0    1   11   -0.005057
    1    0    2   11   -0.005445
    1    0    3   11   -0.000797
    1    0    4   11   -0.018667
    1    0    5   11   -0.006322
    1    0    6   11    0.047615
    1    0    7   11    0.015790
    1    0    8   11    0.000322
    1    0    9   11   -0.035720
    1    0   10   11    0.545818
    1    0   11   11    0.008365
    1    0   12   11   -0.003730
    1    0   13   11   -0.019905
    1    0   14   11   -0.000957
    1    0   15   11   -0.186227
    1    0   16   11   -0.024100
    1    0   17   11   -0.039977
    1    0   18   11    0.008005
    1    0    1   12    0.014320
    1    0    2   12    0.008098
    1    0    3   12    0.002383
    1    0    4   12    0.026158
    1    0    5   12   -0.014967
    1    0    6   12    0.005650
    1    0    7   12   -0.013860
    1    0    8   12   -0.004165
    1    0    9   12    0.260810
    1    0   10   12   -0.143050
    1    0   11   12   -0.036707
    1    0   12   12    0.135680
    1    0   13   12    0.233387
    1    0   14   12   -0.014717
    1    0   15   12    0.395787
    1    0   16   12    0.066675
    1    0   17   12   -0.152832
    1    0   18   12    0.053345
    1    0    1   13    0.015675
    1    0    2   13    0.016358
    1    0    3   13    0.007255
    1    0    4   13   -0.024472
    1    0    5   13   -0.004365
    1    0    6   13    0.015870
    1    0    7   13   -0.014273
    1    0    8   13   -0.000295
    1    0    9   13   -0.018770
    1    0   10   13    0.314635
    1    0   11   13   -0.004140
    1    0   12   13    0.023265
    1    0   13   13   -0.024247
    1    0   14   13   -0.005942
    1    0   15   13   -0.000055
    1    0   16   13    0.007675
    1    0   17   13   -0.022987
    1    0   18   13   -0.010383
    1    0    1   14   -0.003510
    1    0    2   14   -0.004355
    1    0    3   14   -0.024810
    1    0    4   14    0.032007
    1    0    5   14    0.023857
    1    0    6   14   -0.045068
    1    0    7   14   -0.006345
    1    0    8   14   -0.001605
    1    0    9   14   -0.243965
    1    0   10   14    0.956313
    1    0   11   14    0.025225
    1    0   12   14   -0.190888
    1    0   13   14    0.185595
    1    0   14   14    0.012207
    1    0   15   14    0.194242
    1    0   16   14    0.012820
    1    0   17   14    2.004162
    1    0   18   14   -0.007915
    1    0    1   15   -0.005422
    1    0    2   15    0.012257
    1    0    3   15   -0.009075
    1    0    4   15   -0.010662
    1    0    5   15   -0.000305
    1    0    6   15    0.015407
    1    0    7   15    0.022327
    1    0    8   15   -0.000883
    1    0    9   15    0.015510
    1    0   10   15    0.009965
    1    0   11   15    0.000912
    1    0   12   15    0.013415
    1    0   13   15    0.111022
    1    0   14   15    0.002105
    1    0   15   15   -0.015402
    1    0   16   15   -0.000725
    1    0   17   15    0.044718
    1    0   18   15    0.022140
    1    0    1   16    0.287557
    1    0    2   16   -0.196825
    1    0    3   16   -0.045947
    1    0    4   16    0.098310
    1    0    5   16   -0.089713
    1    0    6   16    0.369847
    1    0    7   16   -0.048805
    1    0    8   16   -0.009258
    1    0    9   16    0.077150
    1    0   10   16   -0.317043
    1    0   11   16    0.035540
    1    0   12   16    0.205672
    1    0   13   16    0.844505
    1    0   14   16   -0.149177
    1    0   15   16    0.669752
    1    0   16   16    0.295795
    1    0   17   16    0.178987
    1    0   18   16    0.124282
    1    0    1   17    0.007565
    1    0    2   17   -0.959887
    1    0    3   17   -0.026135
    1    0    4   17    0.021200
    1    0    5   17    0.095945
    1    0    6   17   -0.196582
    1    0    7   17   -0.001410
    1    0    8   17    0.005365
    1    0    9   17    0.410173
    1    0   10   17   -0.338267
    1    0   11   17   -0.636355
    1    0   12   17   -0.227257
    1    0   13   17    3.643207
    1    0   14   17    0.049412
    1    0   15   17   -0.117762
    1    0   16   17   -0.090327
    1    0   17   17   -0.008578
    1    0   18   17   -0.120043
    1    0    1   18    0.044422
    1    0    2   18   -0.014887
    1    0    3   18    0.000815
    1    0    4   18    0.129707
    1    0    5   18   -0.030990
    1    0    6   18   -0.073495
    1    0    7   18   -0.441632
    1    0    8   18    0.006440
    1    0    9   18    0.519087
    1    0   10   18    0.000862
    1    0   11   18   -0.052390
    1    0   12   18    0.078117
    1    0   13   18   -1.751805
    1    0   14   18   -0.051072
    1    0   15   18    1.440677
    1    0   16   18    0.068097
    1    0   17   18    0.163097
    1    0   18   18   -0.121365
   -1    1    1    1   -0.010290
   -1    1    2    1    0.000860
   -1    1    3    1    0.026872
   -1    1    4    1   -0.005200
   -1    1    5    1   -0.000265
   -1    1    6    1    0.011320
   -1    1    7    1   -0.010845
   -1    1    8    1    0.004355
   -1    1    9    1   -0.001230
   -1    1   10    1   -0.022100
   -1    1   11    1    0.000210
   -1    1   12    1    0.005735
   -1    1   13    1    0.004142
   -1    1   14    1   -0.000645
   -1    1   15    1   -0.002645
   -1    1   16    1    0.003660
   -1    1   17    1   -0.000500
   -1    1   18    1    0.021845
   -1    1    1    2   -0.009195
   -1    1    2    2   -0.000947
   -1    1    3    2   -0.001640
   -1    1    4    2    0.008242
   -1    1    5    2    0.000975
   -1    1    6    2    0.000892
   -1    1    7    2   -0.162460
   -1    1    8    2   -0.010705
   -1    1    9    2    0.001502
   -1    1   10    2   -0.009395
   -1    1   11    2    0.000505
   -1    1   12    2   -0.001308
   -1    1   13    2    0.001533
   -1    1   14    2   -0.000415
   -1    1   15    2   -0.001283
   -1    1   16    2   -0.001797
   -1    1   17    2    0.001620
   -1    1   18    2    0.003680
   -1    1    1    3   -0.046970
   -1    1    2    3   -0.002277
   -1    1    3    3    0.004745
   -1    1    4    3   -0.000018
   -1    1    5    3    0.001085
   -1    1    6    3   -0.009187
   -1    1    7    3    0.055202
   -1    1    8    3   -0.008575
   -1    1    9    3    0.005460
   -1    1   10    3    0.013497
   -1    1   11    3    0.000358
   -1    1   12    3   -0.006970
   -1    1   13    3    0.006907
   -1    1   14    3    0.001027
   -1    1   15    3   -0.008312
   -1    1   16    3   -0.016832
   -1    1   17    3    0.002033
   -1    1   18    3    0.001788
   -1    1    1    4   -0.000398
   -1    1    2    4   -0.000395
   -1    1    3    4   -0.002825
   -1    1    4    4   -0.000135
   -1    1    5    4   -0.002060
   -1    1    6    4   -0.001798
   -1    1    7    4    0.424227
   -1    1    8    4    0.006408
   -1    1    9    4    0.001997
   -1    1   10    4    0.017573
   -1    1   11    4   -0.000685
   -1    1   12    4    0.000408
   -1    1   13    4    0.003700
   -1    1   14    4   -0.000240
   -1    1   15    4   -0.001780
   -1    1   16    4   -0.003340
   -1    1   17    4   -0.000918
   -1    1   18    4   -0.004425
   -1    1    1    5    0.008457
   -1    1    2    5   -0.000097
   -1    1    3    5   -0.008422
   -1    1    4    5    0.006270
   -1    1    5    5   -0.001410
   -1    1    6    5   -0.001717
   -1    1    7    5    0.000593
   -1    1    8    5   -0.001863
   -1    1    9    5    0.002165
   -1    1   10    5    0.011005
   -1    1   11    5   -0.000172
   -1    1   12    5   -0.001692
   -1    1   13    5   -0.002552
   -1    1   14    5   -0.001085
   -1    1   15    5    0.000132
   -1    1   16    5   -0.002815
   -1    1   17    5   -0.000262
   -1    1   18    5   -0.003430
   -1    1    1    6   -0.008323
   -1    1    2    6    0.002307
   -1    1    3    6    0.050545
   -1    1    4    6   -0.007838
   -1    1    5    6   -0.000892
   -1    1    6    6    0.009605
   -1    1    7    6    0.011880
   -1    1    8    6   -0.012582
   -1    1    9    6   -0.000715
   -1    1   10    6    0.032297
   -1    1   11    6   -0.000070
   -1    1   12    6   -0.007933
   -1    1   13    6    0.004750
   -1    1   14    6   -0.006437
   -1    1   15    6   -0.000482
   -1    1   16    6   -0.026030
   -1    1   17    6    0.000360
   -1    1   18    6    0.005332
   -1    1    1    7    0.013095
   -1    1    2    7   -0.001555
   -1    1    3    7    0.000290
   -1    1    4    7   -0.002687
   -1    1    5    7    0.002622
   -1    1    6    7   -0.005222
   -1    1    7    7    0.018447
   -1    1    8    7    0.006837
   -1    1    9    7    0.005495
   -1    1   10    7   -0.026080
   -1    1   11    7    0.000820
   -1    1   12    7   -0.007182
   -1    1   13    7   -0.005270
   -1    1   14    7    0.006002
   -1    1   15    7   -0.002713
   -1    1   16    7    0.017053
   -1    1   17    7    0.002182
   -1    1   18    7   -0.016187
   -1    1    1    8    0.005910
   -1    1    2    8    0.000475
   -1    1    3    8   -0.005937
   -1    1    4    8   -0.000930
   -1    1    5    8    0.000697
   -1    1    6    8    0.001570
   -1    1    7    8   -0.002822
   -1    1    8    8    0.000495
   -1    1    9    8    0.001888
   -1    1   10    8    0.000937
   -1    1   11    8    0.000267
   -1    1   12    8    0.000857
   -1    1   13    8   -0.001140
   -1    1   14    8    0.000125
   -1    1   15    8    0.001235
   -1    1   16    8    0.002570
   -1    1   17    8    0.000082
   -1    1   18    8   -0.005135
   -1    1    1    9    0.066237
   -1    1    2    9    0.004445
   -1    1    3    9   -0.020922
   -1    1    4    9    0.000243
   -1    1    5    9   -0.006090
   -1    1    6    9    0.008995
   -1    1    7    9    3.624052
   -1    1    8    9    0.001938
   -1    1    9    9    0.003622
   -1    1   10    9   -0.006225
   -1    1   11    9    0.000305
   -1    1   12    9    0.011445
   -1    1   13    9    0.009495
   -1    1   14    9   -0.008582
   -1    1   15    9    0.000205
   -1    1   16    9   -0.018313
   -1    1   17    9   -0.010677
   -1    1   18    9    0.017215
   -1    1    1   10    0.598627
   -1    1    2   10    0.006892
   -1    1    3   10    0.016587
   -1    1    4   10    0.033377
   -1    1    5   10   -0.053220
   -1    1    6   10   -0.009930
   -1    1    7   10    0.421632
   -1    1    8   10    0.793090
   -1    1    9   10   -0.006222
   -1    1   10   10    0.005565
   -1    1   11   10    0.009925
   -1    1   12   10    0.007173
   -1    1   13   10    0.032525
   -1    1   14   10    0.057255
   -1    1   15   10    0.008087
   -1    1   16   10   -0.163212
   -1    1   17   10   -0.348775
   -1    1   18   10    0.041642
   -1    1    1   11   -0.000942
   -1    1    2   11    0.000222
   -1    1    3   11    0.006505
   -1    1    4   11   -0.002280
   -1    1    5   11   -0.001452
   -1    1    6   11    0.000567
   -1    1    7   11   -0.013292
   -1    1    8   11    0.001380
   -1    1    9   11    0.000260
   -1    1   10   11   -0.000682
   -1    1   11   11   -0.000552
   -1    1   12   11   -0.001675
   -1    1   13   11   -0.000647
   -1    1   14   11   -0.001247
   -1    1   15   11   -0.000060
   -1    1   16   11    0.005202
   -1    1   17   11   -0.000330
   -1    1   18   11    0.003102
   -1    1    1   12   -0.019415
   -1    1    2   12    0.000980
   -1    1    3   12    0.085267
   -1    1    4   12   -0.013752
   -1    1    5   12    0.004207
   -1    1    6   12    0.006052
   -1    1    7   12    0.246457
   -1    1    8   12   -0.005272
   -1    1    9   12    0.011657
   -1    1   10   12   -0.024012
   -1    1   11   12    0.004615
   -1    1   12   12   -0.026320
   -1    1   13   12   -0.000615
   -1    1   14   12    0.005625
   -1    1   15   12   -0.001955
   -1    1   16   12   -0.037142
   -1    1   17   12    0.006155
   -1    1   18   12    0.009287
   -1    1    1   13   -0.048380
   -1    1    2   13    0.016750
   -1    1    3   13   -0.101595
   -1    1    4   13    0.164140
   -1    1    5   13   -0.007750
   -1    1    6   13   -0.006632
   -1    1    7   13   -0.457412
   -1    1    8   13   -0.123520
   -1    1    9   13    0.029628
   -1    1   10   13   -0.058270
   -1    1   11   13    0.002940
   -1    1   12   13   -0.028380
   -1    1   13   13   -0.011925
   -1    1   14   13   -0.022480
   -1    1   15   13   -0.019125
   -1    1   16   13   -0.088267
   -1    1   17   13    0.041825
   -1    1   18   13    0.045722
   -1    1    1   14    0.015348
   -1    1    2   14    0.000200
   -1    1    3   14   -0.017592
   -1    1    4   14    0.002755
   -1    1    5   14   -0.000330
   -1    1    6   14   -0.002505
   -1    1    7   14   -0.021303
   -1    1    8   14   -0.001645
   -1    1    9   14    0.004310
   -1    1   10   14    0.009067
   -1    1   11   14    0.000307
   -1    1   12   14   -0.002747
   -1    1   13   14   -0.003262
   -1    1   14   14   -0.000258
   -1    1   15   14    0.000097
   -1    1   16   14    0.001065
   -1    1   17   14    0.000032
   -1    1   18   14   -0.011312
   -1    1    1   15   -0.007750
   -1    1    2   15   -0.009147
   -1    1    3   15   -0.106987
   -1    1    4   15    0.059037
   -1    1    5   15    0.005422
   -1    1    6   15   -0.008295
   -1    1    7   15   -2.698725
   -1    1    8   15    0.002485
   -1    1    9   15    0.002807
   -1    1   10   15   -0.051190
   -1    1   11   15    0.003545
   -1    1   12   15    0.022575
   -1    1   13   15    0.000678
   -1    1   14   15    0.009560
   -1    1   15   15   -0.009182
   -1    1   16   15    0.030590
   -1    1   17   15    0.000553
   -1    1   18   15    0.014490
   -1    1    1   16   -0.013662
   -1    1    2   16    0.004117
   -1    1    3   16    0.013837
   -1    1    4   16    0.000495
   -1    1    5   16    0.004560
   -1    1    6   16    0.006193
   -1    1    7   16    0.071380
   -1    1    8   16    0.014790
   -1    1    9   16   -0.007902
   -1    1   10   16   -0.018732
   -1    1   11   16   -0.001232
   -1    1   12   16    0.015300
   -1    1   13   16    0.002165
   -1    1   14   16    0.002778
   -1    1   15   16    0.014682
   -1    1   16   16   -0.004950
   -1    1   17   16   -0.000147
   -1    1   18   16    0.009400
   -1    1    1   17   -0.000308
   -1    1    2   17    0.001097
   -1    1    3   17    0.027030
   -1    1    4   17   -0.010167
   -1    1    5   17    0.001167
   -1    1    6   17    0.003067
   -1    1    7   17   -0.005515
   -1    1    8   17    0.004050
   -1    1    9   17    0.001085
   -1    1   10   17    0.002720
   -1    1   11   17    0.000242
   -1    1   12   17   -0.002150
   -1    1   13   17   -0.001830
   -1    1   14   17    0.000817
   -1    1   15   17    0.003627
   -1    1   16   17    0.010410
   -1    1   17   17   -0.000077
   -1    1   18   17   -0.006852
   -1    1    1   18   -0.044530
   -1    1    2   18   -0.005657
   -1    1    3   18    0.030045
   -1    1    4   18    0.003487
   -1    1    5   18    0.006932
   -1    1    6   18    0.002005
   -1    1    7   18   -0.029947
   -1    1    8   18    0.002732
   -1    1    9   18   -0.010910
   -1    1   10   18   -0.038590
   -1    1   11   18    0.002533
   -1    1   12   18    0.002700
   -1    1   13   18    0.000742
   -1    1   14   18    0.011412
   -1    1   15   18   -0.002295
   -1    1   16   18   -0.000458
   -1    1   17   18    0.004550
   -1    1   18   18    0.002032
    0    1    1    1    0.096402
    0    1    2    1    0.030988
    0    1    3    1    0.075800
    0    1    4    1   -0.018857
    0    1    5    1   -0.005877
    0    1    6    1    0.003290
    0    1    7    1    0.344540
    0    1    8    1   -0.003770
    0    1    9    1    0.020172
    0    1   10    1   -0.076698
    0    1   11    1    0.006517
    0    1   12    1   -0.037990
    0    1   13    1   -0.017612
    0    1   14    1   -0.005475
    0    1   15    1    0.013360
    0    1   16    1    0.033620
    0    1   17    1    0.004535
    0    1   18    1    0.000307
    0    1    1    2    0.039242
    0    1    2    2   -0.012425
    0    1    3    2    0.026185
    0    1    4    2    0.013295
    0    1    5    2   -0.002572
    0    1    6    2   -0.041947
    0    1    7    2    0.050203
    0    1    8    2   -0.015367
    0    1    9    2    0.000058
    0    1   10    2   -0.007087
    0    1   11    2    0.007895
    0    1   12    2    0.003810
    0    1   13    2   -0.020840
    0    1   14    2    0.008800
    0    1   15    2    0.003938
    0    1   16    2   -0.026713
    0    1   17    2    0.019787
    0    1   18    2    0.004527
    0    1    1    3   -0.170165
    0    1    2    3    0.125015
    0    1    3    3    0.003127
    0    1    4    3   -0.121205
    0    1    5    3   -0.134377
    0    1    6    3   -0.077628
    0    1    7    3    0.226162
    0    1    8    3   -0.130653
    0    1    9    3   -0.015392
    0    1   10    3    0.017420
    0    1   11    3    0.076695
    0    1   12    3    0.118505
    0    1   13    3    0.044917
    0    1   14    3   -0.094622
    0    1   15    3    0.016887
    0    1   16    3   -0.623817
    0    1   17    3   -2.044590
    0    1   18    3    0.154635
    0    1    1    4    0.024645
    0    1    2    4    0.049327
    0    1    3    4   -0.046255
    0    1    4    4   -0.092432
    0    1    5    4   -0.010363
    0    1    6    4    0.088818
    0    1    7    4   -0.553990
    0    1    8    4   -0.015813
    0    1    9    4    0.014062
    0    1   10    4   -0.011600
    0    1   11    4   -0.011370
    0    1   12    4    0.002465
    0    1   13    4    0.034250
    0    1   14    4   -0.006425
    0    1   15    4   -0.025102
    0    1   16    4    0.045100
    0    1   17    4    0.005618
    0    1   18    4    0.015515
    0    1    1    5    0.028340
    0    1    2    5    0.002420
    0    1    3    5   -0.061338
    0    1    4    5    0.056007
    0    1    5    5    0.006075
    0    1    6    5   -0.000760
    0    1    7    5    0.170235
    0    1    8    5   -0.040565
    0    1    9    5   -0.001097
    0    1   10    5    0.010050
    0    1   11    5    0.002425
    0    1   12    5    0.007205
    0    1   13    5    0.003647
    0    1   14    5   -0.006370
    0    1   15    5   -0.004727
    0    1   16    5   -0.025170
    0    1   17    5   -0.000412
    0    1   18    5    0.012677
    0    1    1    6    0.058825
    0    1    2    6   -0.012317
    0    1    3    6   -0.042470
    0    1    4    6   -0.037433
    0    1    5    6   -0.010452
    0    1    6    6    0.087295
    0    1    7    6   -0.586515
    0    1    8    6   -0.018832
    0    1    9    6   -0.002450
    0    1   10    6   -0.038972
    0    1   11    6    0.001105
    0    1   12    6   -0.010517
    0    1   13    6   -0.001305
    0    1   14    6   -0.008915
    0    1   15    6   -0.031267
    0    1   16    6    0.012198
    0    1   17    6    0.008610
    0    1   18    6   -0.002060
    0    1    1    7   -0.027545
    0    1    2    7    0.016467
    0    1    3    7    0.009923
    0    1    4    7    0.133987
    0    1    5    7    0.012287
    0    1    6    7    0.014297
    0    1    7    7   -0.072717
    0    1    8    7   -0.032065
    0    1    9    7   -0.001147
    0    1   10    7    0.018367
    0    1   11    7    0.005847
    0    1   12    7   -0.036812
    0    1   13    7    0.004622
    0    1   14    7    0.002350
    0    1   15    7    0.020590
    0    1   16    7   -0.075402
    0    1   17    7    0.002240
    0    1   18    7   -0.071017
    0    1    1    8   -0.008112
    0    1    2    8   -0.003315
    0    1    3    8   -0.042918
    0    1    4    8    0.056120
    0    1    5    8   -0.000495
    0    1    6    8    0.003227
    0    1    7    8   -0.047982
    0    1    8    8   -0.008840
    0    1    9    8    0.001250
    0    1   10    8   -0.000720
    0    1   11    8    0.000218
    0    1   12    8    0.003622
    0    1   13    8    0.000875
    0    1   14    8   -0.000048
    0    1   15    8    0.002820
    0    1   16    8   -0.006387
    0    1   17    8    0.005140
    0    1   18    8    0.000435
    0    1    1    9    0.199027
    0    1    2    9   -0.088765
    0    1    3    9    0.266465
    0    1    4    9    0.062890
    0    1    5    9   -0.008982
    0    1    6    9   -0.161245
    0    1    7    9   -0.382465
    0    1    8    9    0.049052
    0    1    9    9   -0.015140
    0    1   10    9   -0.044797
    0    1   11    9    0.003955
    0    1   12    9    0.010155
    0    1   13    9    0.000788
    0    1   14    9   -0.030677
    0    1   15    9   -0.014702
    0    1   16    9    0.119337
    0    1   17    9   -0.003032
    0    1   18    9    0.069287
    0    1    1   10    0.030770
    0    1    2   10    0.369305
    0    1    3   10    0.081998
    0    1    4   10    0.131318
    0    1    5   10    0.025708
    0    1    6   10   -1.345605
    0    1    7   10   -0.008295
    0    1    8   10    0.040712
    0    1    9   10    0.038377
    0    1   10   10   -0.007095
    0    1   11   10    0.014543
    0    1   12   10    0.034630
    0    1   13   10    1.252847
    0    1   14   10    0.134035
    0    1   15   10    0.044785
    0    1   16   10   -0.549442
    0    1   17   10    0.034875
    0    1   18   10    0.066390
    0    1    1   11    0.133767
    0    1    2   11    0.011960
    0    1    3   11    0.033085
    0    1    4   11   -0.017200
    0    1    5   11   -0.004328
    0    1    6   11   -0.033007
    0    1    7   11   -0.186270
    0    1    8   11   -0.232057
    0    1    9   11    0.007347
    0    1   10   11   -0.028095
    0    1   11   11   -0.004315
    0    1   12   11   -0.005533
    0    1   13   11   -0.011087
    0    1   14   11   -0.047052
    0    1   15   11    0.000425
    0    1   16   11    0.067795
    0    1   17   11   -0.058797
    0    1   18   11    0.013285
    0    1    1   12   -0.901427
    0    1    2   12    0.007182
    0    1    3   12   -0.361255
    0    1    4   12    1.263543
    0    1    5   12    0.032200
    0    1    6   12    0.156142
    0    1    7   12    1.278100
    0    1    8   12    0.004025
    0    1    9   12    0.109095
    0    1   10   12    0.073610
    0    1   11   12    0.020575
    0    1   12   12   -0.133695
    0    1   13   12   -0.002900
    0    1   14   12    0.006255
    0    1   15   12    0.012670
    0    1   16   12   -0.180287
    0    1   17   12   -0.028855
    0    1   18   12   -0.010788
    0    1    1   13   -0.029507
    0    1    2   13    0.109862
    0    1    3   13    0.162895
    0    1    4   13   -0.458680
    0    1    5   13    0.097572
    0    1    6   13    0.232082
    0    1    7   13   -0.364337
    0    1    8   13    0.130585
    0    1    9   13   -0.112790
    0    1   10   13   -0.058387
    0    1   11   13    0.015575
    0    1   12   13    0.114667
    0    1   13   13   -0.044992
    0    1   14   13   -0.090688
    0    1   15   13   -0.052397
    0    1   16   13    0.145285
    0    1   17   13    0.008187
    0    1   18   13    0.196428
    0    1    1   14   -0.068825
    0    1    2   14   -0.002040
    0    1    3   14   -0.103007
    0    1    4   14    0.155922
    0    1    5   14    0.001658
    0    1    6   14   -0.000103
    0    1    7   14    0.093323
    0    1    8   14   -0.054947
    0    1    9   14    0.000113
    0    1   10   14    0.023660
    0    1   11   14    0.001637
    0    1   12   14    0.005895
    0    1   13   14    0.006027
    0    1   14   14   -0.005270
    0    1   15   14   -0.004203
    0    1   16   14   -0.053245
    0    1   17   14    0.007842
    0    1   18   14    0.009155
    0    1    1   15   -0.046268
    0    1    2   15    0.181737
    0    1    3   15   -0.280002
    0    1    4   15    0.606872
    0    1    5   15   -0.161912
    0    1    6   15   -0.919495
    0    1    7   15    0.244745
    0    1    8   15   -0.251930
    0    1    9   15    0.045880
    0    1   10   15   -0.045905
    0    1   11   15   -0.047950
    0    1   12   15   -0.013820
    0    1   13   15    0.023632
    0    1   14   15   -0.003790
    0    1   15   15    0.058605
    0    1   16   15   -0.152585
    0    1   17   15   -0.088370
    0    1   18   15    0.055250
    0    1    1   16   -0.107817
    0    1    2   16   -0.002592
    0    1    3   16    0.098065
    0    1    4   16   -0.187543
    0    1    5   16   -0.000845
    0    1    6   16    0.035873
    0    1    7   16    0.193292
    0    1    8   16    0.100785
    0    1    9   16    0.016382
    0    1   10   16   -0.019110
    0    1   11   16   -0.020165
    0    1   12   16   -0.019942
    0    1   13   16   -0.001132
    0    1   14   16   -0.001918
    0    1   15   16    0.025173
    0    1   16   16    0.174847
    0    1   17   16   -0.038825
    0    1   18   16   -0.015770
    0    1    1   17    0.037795
    0    1    2   17   -0.011277
    0    1    3   17    0.040583
    0    1    4   17   -0.046240
    0    1    5   17    0.018048
    0    1    6   17    0.136465
    0    1    7   17   -0.218313
    0    1    8   17    0.032582
    0    1    9   17    0.001437
    0    1   10   17    0.003567
    0    1   11   17    0.010018
    0    1   12   17   -0.001073
    0    1   13   17   -0.005557
    0    1   14   17    0.002052
    0    1   15   17    0.001237
    0    1   16   17   -0.002442
    0    1   17   17    0.005682
    0    1   18   17   -0.028837
    0    1    1   18   -0.229080
    0    1    2   18    0.052510
    0    1    3   18    0.272517
    0    1    4   18   -0.521155
    0    1    5   18    0.031922
    0    1    6   18    0.058567
    0    1    7   18    1.652287
    0    1    8   18    0.042042
    0    1    9   18   -0.019142
    0    1   10   18    0.021818
    0    1   11   18    0.006575
    0    1   12   18    0.019562
    0    1   13   18    0.002655
    0    1   14   18    0.028437
    0    1   15   18    0.036752
    0    1   16   18    0.097212
    0    1   17   18    0.001205
    0    1   18   18   -0.144382
    1    1    1    1    0.059390
    1    1    2    1    0.007030
    1    1    3    1   -0.000987
    1    1    4    1    0.046847
    1    1    5    1    0.003315
    1    1    6    1   -0.027305
    1    1    7    1   -0.588727
    1    1    8    1    0.006007
    1    1    9    1   -0.060645
    1    1   10    1   -0.011788
    1    1   11    1    0.001165
    1    1   12    1    0.116192
    1    1   13    1   -0.031532
    1    1   14    1   -0.041070
    1    1   15    1    0.032127
    1    1   16    1    0.078955
    1    1   17    1    0.020175
    1    1   18    1    0.081738
    1    1    1    2   -0.006425
    1    1    2    2    0.011380
    1    1    3    2    0.011042
    1    1    4    2    0.021482
    1    1    5    2    0.006590
    1    1    6    2   -0.000515
    1    1    7    2   -0.056592
    1    1    8    2    0.000950
    1    1    9    2   -0.025507
    1    1   10    2    0.015572
    1    1   11    2    0.001740
    1    1   12    2    0.018597
    1    1   13    2   -0.017625
    1    1   14    2   -0.004735
    1    1   15    2    0.011683
    1    1   16    2    0.001792
    1    1   17    2   -0.005080
    1    1   18    2    0.001497
    1    1    1    3    0.016692
    1    1    2    3   -1.342455
    1    1    3    3   -0.001175
    1    1    4    3    1.784382
    1    1    5    3    0.379182
    1    1    6    3   -0.865917
    1    1    7    3    0.076925
    1    1    8    3    0.037777
    1    1    9    3    1.410785
    1    1   10    3    0.087092
    1    1   11    3    0.433295
    1    1   12    3   -1.437355
    1    1   13    3    1.492837
    1    1   14    3    0.246083
    1    1   15    3   -0.321398
    1    1   16    3   -2.083070
    1    1   17    3    0.090220
    1    1   18    3    0.053600
    1    1    1    4    0.005930
    1    1    2    4    0.027282
    1    1    3    4    0.050860
    1    1    4    4   -0.035702
    1    1    5    4   -0.002112
    1    1    6    4    0.009375
    1    1    7    4   -0.049010
    1    1    8    4   -0.004065
    1    1    9    4    0.022782
    1    1   10    4   -0.028138
    1    1   11    4   -0.004815
    1    1   12    4   -0.004095
    1    1   13    4    0.025337
    1    1   14    4   -0.013718
    1    1   15    4    0.001112
    1    1   16    4    0.027430
    1    1   17    4    0.000875
    1    1   18    4    0.029377
    1    1    1    5    0.009960
    1    1    2    5    0.007457
    1    1    3    5    0.002250
    1    1    4    5   -0.010587
    1    1    5    5    0.001575
    1    1    6    5   -0.031640
    1    1    7    5    0.041675
    1    1    8    5   -0.004245
    1    1    9    5    0.005855
    1    1   10    5   -0.006637
    1    1   11    5    0.004555
    1    1   12    5   -0.014745
    1    1   13    5    0.019480
    1    1   14    5    0.006387
    1    1   15    5   -0.010105
    1    1   16    5   -0.039410
    1    1   17    5    0.008652
    1    1   18    5    0.003995
    1    1    1    6    0.006832
    1    1    2    6   -0.006347
    1    1    3    6   -0.009050
    1    1    4    6   -0.006210
    1    1    5    6    0.007162
    1    1    6    6   -0.018617
    1    1    7    6    0.016622
    1    1    8    6    0.010937
    1    1    9    6   -0.009820
    1    1   10    6   -0.018818
    1    1   11    6    0.003017
    1    1   12    6    0.013985
    1    1   13    6   -0.014083
    1    1   14    6    0.012612
    1    1   15    6    0.016960
    1    1   16    6    0.017345
    1    1   17    6    0.009898
    1    1   18    6   -0.017550
    1    1    1    7    0.029735
    1    1    2    7    0.038757
    1    1    3    7   -0.004298
    1    1    4    7   -0.018855
    1    1    5    7    0.000365
    1    1    6    7   -0.060983
    1    1    7    7   -0.101500
    1    1    8    7   -0.013527
    1    1    9    7    0.020660
    1    1   10    7    0.011535
    1    1   11    7   -0.002702
    1    1   12    7   -0.010965
    1    1   13    7    0.040660
    1    1   14    7   -0.020693
    1    1   15    7    0.003950
    1    1   16    7    0.001210
    1    1   17    7   -0.000577
    1    1   18    7    0.026680
    1    1    1    8    0.006738
    1    1    2    8    0.010080
    1    1    3    8   -0.014667
    1    1    4    8    0.012335
    1    1    5    8   -0.006545
    1    1    6    8   -0.017152
    1    1    7    8    0.001820
    1    1    8    8   -0.000853
    1    1    9    8    0.008997
    1    1   10    8    0.002352
    1    1   11    8   -0.000037
    1    1   12    8   -0.009227
    1    1   13    8   -0.010982
    1    1   14    8   -0.001800
    1    1   15    8    0.006150
    1    1   16    8   -0.004913
    1    1   17    8   -0.001713
    1    1   18    8    0.006620
    1    1    1    9    0.097120
    1    1    2    9    0.012352
    1    1    3    9   -0.001265
    1    1    4    9    0.011388
    1    1    5    9   -0.012922
    1    1    6    9    0.053632
    1    1    7    9   -0.082237
    1    1    8    9   -0.008222
    1    1    9    9   -0.092055
    1    1   10    9   -0.004645
    1    1   11    9   -0.005257
    1    1   12    9    0.208890
    1    1   13    9   -0.029118
    1    1   14    9   -0.053480
    1    1   15    9   -0.112850
    1    1   16    9    0.050432
    1    1   17    9    0.009455
    1    1   18    9    0.135907
    1    1    1   10   -0.017460
    1    1    2   10    0.034478
    1    1    3   10    0.037127
    1    1    4   10   -0.301862
    1    1    5   10    0.018000
    1    1    6   10   -0.203272
    1    1    7   10    0.053007
    1    1    8   10    0.022612
    1    1    9   10   -0.072718
    1    1   10   10    0.097102
    1    1   11   10   -0.017982
    1    1   12   10    0.071788
    1    1   13   10    0.125442
    1    1   14   10    0.008860
    1    1   15   10    0.053322
    1    1   16   10    0.087612
    1    1   17   10   -0.001910
    1    1   18   10    0.078715
    1    1    1   11    0.011010
    1    1    2   11    0.026197
    1    1    3   11   -0.000625
    1    1    4   11    0.036665
    1    1    5   11    0.010532
    1    1    6   11   -0.151248
    1    1    7   11   -0.082460
    1    1    8   11   -0.003700
    1    1    9   11    0.015922
    1    1   10   11   -0.010402
    1    1   11   11    0.008935
    1    1   12   11   -0.006027
    1    1   13   11    0.016072
    1    1   14   11   -0.008742
    1    1   15   11   -0.023010
    1    1   16   11    0.005715
    1    1   17   11    0.074532
    1    1   18   11    0.001320
    1    1    1   12   -0.069135
    1    1    2   12    0.018522
    1    1    3   12    0.032993
    1    1    4   12   -0.175245
    1    1    5   12    0.047650
    1    1    6   12    0.186243
    1    1    7   12    0.026482
    1    1    8   12    0.009477
    1    1    9   12   -0.122185
    1    1   10   12    0.130755
    1    1   11   12    0.030610
    1    1   12   12   -0.095775
    1    1   13   12   -0.071892
    1    1   14   12    0.054742
    1    1   15   12   -0.046492
    1    1   16   12   -0.211402
    1    1   17   12    0.012152
    1    1   18   12   -0.173352
    1    1    1   13    0.016492
    1    1    2   13    0.019303
    1    1    3   13   -0.002180
    1    1    4   13   -0.046402
    1    1    5   13   -0.002837
    1    1    6   13    0.074547
    1    1    7   13   -0.037512
    1    1    8   13   -0.001660
    1    1    9   13    0.006193
    1    1   10   13    0.025920
    1    1   11   13   -0.005415
    1    1   12   13    0.065405
    1    1   13   13    0.060152
    1    1   14   13   -0.012308
    1    1   15   13   -0.022865
    1    1   16   13    0.005873
    1    1   17   13    0.019117
    1    1   18   13    0.021660
    1    1    1   14   -0.000208
    1    1    2   14    0.020580
    1    1    3   14   -0.001922
    1    1    4   14    0.001445
    1    1    5   14    0.012635
    1    1    6   14   -0.017152
    1    1    7   14   -0.029152
    1    1    8   14   -0.007887
    1    1    9   14    0.015622
    1    1   10   14    0.009230
    1    1   11   14    0.006625
    1    1   12   14   -0.046267
    1    1   13   14   -0.061017
    1    1   14   14   -0.001410
    1    1   15   14   -0.022262
    1    1   16   14   -0.007407
    1    1   17   14    0.003835
    1    1   18   14   -0.001960
    1    1    1   15   -0.045053
    1    1    2   15   -0.011197
    1    1    3   15    0.023277
    1    1    4   15    0.012467
    1    1    5   15   -0.002885
    1    1    6   15   -0.055075
    1    1    7   15   -0.008795
    1    1    8   15    0.003023
    1    1    9   15   -0.012022
    1    1   10   15   -0.017610
    1    1   11   15    0.005397
    1    1   12   15   -0.035960
    1    1   13   15    0.005348
    1    1   14   15    0.008247
    1    1   15   15   -0.101785
    1    1   16   15   -0.010405
    1    1   17   15    0.014967
    1    1   18   15    0.001365
    1    1    1   16   -0.014572
    1    1    2   16   -0.037300
    1    1    3   16   -0.054477
    1    1    4   16   -0.055165
    1    1    5   16   -0.016663
    1    1    6   16   -0.003615
    1    1    7   16   -0.001122
    1    1    8   16    0.015725
    1    1    9   16    0.067225
    1    1   10   16   -0.042995
    1    1   11   16   -0.015120
    1    1   12   16   -0.058957
    1    1   13   16   -0.035245
    1    1   14   16   -0.007037
    1    1   15   16   -0.004520
    1    1   16   16    0.189412
    1    1   17   16   -0.008940
    1    1   18   16    0.008932
    1    1    1   17    0.010205
    1    1    2   17    0.014928
    1    1    3   17    0.000765
    1    1    4   17    0.022212
    1    1    5   17   -0.019610
    1    1    6   17   -0.040327
    1    1    7   17    0.002235
    1    1    8   17   -0.024937
    1    1    9   17    0.006540
    1    1   10   17    0.002503
    1    1   11   17   -0.006285
    1    1   12   17   -0.001303
    1    1   13   17    0.003545
    1    1   14   17   -0.000228
    1    1   15   17    0.009445
    1    1   16   17    0.000555
    1    1   17   17    0.004650
    1    1   18   17    0.000810
    1    1    1   18   -0.035130
    1    1    2   18    0.042417
    1    1    3   18   -0.019227
    1    1    4   18    0.034938
    1    1    5   18   -0.003375
    1    1    6   18   -0.077628
    1    1    7   18   -0.220380
    1    1    8   18   -0.006387
    1    1    9   18    0.066647
    1    1   10   18    0.040575
    1    1   11   18   -0.006172
    1    1   12   18   -0.073162
    1    1   13   18    0.045703
    1    1   14   18   -0.007742
    1    1   15   18    0.025413
    1    1   16   18    0.024027
    1    1   17   18   -0.009412
    1    1   18   18   -0.063760
