 ir1  ir2   m    n          ReH 
   -1   -1    1    1   -0.021165
   -1   -1    2    1   -0.000577
   -1   -1    3    1   -0.008960
   -1   -1    4    1    0.045987
   -1   -1    5    1    0.011945
   -1   -1    6    1   -0.031842
   -1   -1    7    1    0.053328
   -1   -1    8    1    0.007983
   -1   -1    9    1    0.027517
   -1   -1   10    1    0.008895
   -1   -1   11    1    0.003655
   -1   -1   12    1    0.041817
   -1   -1   13    1   -0.006945
   -1   -1   14    1    0.004752
   -1   -1   15    1   -0.014630
   -1   -1   16    1    0.048127
   -1   -1   17    1   -0.019622
   -1   -1   18    1   -0.015485
   -1   -1    1    2    0.088822
   -1   -1    2    2    0.004548
   -1   -1    3    2    0.019520
   -1   -1    4    2    0.012285
   -1   -1    5    2    0.001450
   -1   -1    6    2    0.023255
   -1   -1    7    2   -0.015863
   -1   -1    8    2   -0.922362
   -1   -1    9    2   -0.014095
   -1   -1   10    2   -0.122860
   -1   -1   11    2    0.000260
   -1   -1   12    2    0.007015
   -1   -1   13    2   -0.009005
   -1   -1   14    2   -0.018607
   -1   -1   15    2    0.005790
   -1   -1   16    2    0.003782
   -1   -1   17    2   -0.001922
   -1   -1   18    2   -0.024955
   -1   -1    1    3    0.048280
   -1   -1    2    3    0.001065
   -1   -1    3    3    0.156925
   -1   -1    4    3    0.136097
   -1   -1    5    3    0.023585
   -1   -1    6    3   -0.000187
   -1   -1    7    3    0.027647
   -1   -1    8    3    0.030425
   -1   -1    9    3   -0.151740
   -1   -1   10    3   -0.057762
   -1   -1   11    3    0.002090
   -1   -1   12    3    0.019490
   -1   -1   13    3   -0.003430
   -1   -1   14    3    0.003647
   -1   -1   15    3   -0.017307
   -1   -1   16    3   -0.051360
   -1   -1   17    3    0.013330
   -1   -1   18    3   -0.030135
   -1   -1    1    4   -0.009937
   -1   -1    2    4    0.002225
   -1   -1    3    4    0.004655
   -1   -1    4    4    0.072762
   -1   -1    5    4   -0.003442
   -1   -1    6    4   -0.001623
   -1   -1    7    4   -0.000663
   -1   -1    8    4   -0.010942
   -1   -1    9    4   -0.011762
   -1   -1   10    4   -0.063145
   -1   -1   11    4   -0.002717
   -1   -1   12    4   -0.010622
   -1   -1   13    4    0.005630
   -1   -1   14    4    0.003057
   -1   -1   15    4   -0.011558
   -1   -1   16    4   -0.023635
   -1   -1   17    4   -0.002510
   -1   -1   18    4   -0.000537
   -1   -1    1    5   -0.023235
   -1   -1    2    5    0.001280
   -1   -1    3    5   -0.016297
   -1   -1    4    5    0.002260
   -1   -1    5    5    0.006120
   -1   -1    6    5    0.003602
   -1   -1    7    5    0.006797
   -1   -1    8    5   -0.106250
   -1   -1    9    5    0.016782
   -1   -1   10    5   -0.013222
   -1   -1   11    5    0.012752
   -1   -1   12    5    0.007025
   -1   -1   13    5    0.003422
   -1   -1   14    5    0.031942
   -1   -1   15    5   -0.001142
   -1   -1   16    5    0.006797
   -1   -1   17    5    0.020940
   -1   -1   18    5    0.001480
   -1   -1    1    6   -0.066928
   -1   -1    2    6    0.003008
   -1   -1    3    6   -0.003048
   -1   -1    4    6   -0.618877
   -1   -1    5    6   -0.024685
   -1   -1    6    6    0.156212
   -1   -1    7    6   -0.095432
   -1   -1    8    6   -1.380103
   -1   -1    9    6   -0.112087
   -1   -1   10    6    0.481932
   -1   -1   11    6    0.146092
   -1   -1   12    6    1.173027
   -1   -1   13    6   -0.000645
   -1   -1   14    6    0.008237
   -1   -1   15    6   -0.086660
   -1   -1   16    6   -0.071335
   -1   -1   17    6    0.012320
   -1   -1   18    6    0.051295
   -1   -1    1    7   -0.391763
   -1   -1    2    7   -0.013875
   -1   -1    3    7   -0.085845
   -1   -1    4    7   -0.021765
   -1   -1    5    7    0.048012
   -1   -1    6    7   -0.014350
   -1   -1    7    7   -0.001278
   -1   -1    8    7   -0.030765
   -1   -1    9    7    0.137705
   -1   -1   10    7   -0.077692
   -1   -1   11    7   -0.165920
   -1   -1   12    7   -0.095133
   -1   -1   13    7    0.051520
   -1   -1   14    7   -0.076045
   -1   -1   15    7   -0.014935
   -1   -1   16    7   -0.001730
   -1   -1   17    7   -0.078953
   -1   -1   18    7    0.110180
   -1   -1    1    8   -0.022375
   -1   -1    2    8    0.000622
   -1   -1    3    8    0.003705
   -1   -1    4    8    0.002695
   -1   -1    5    8   -0.000887
   -1   -1    6    8   -0.001075
   -1   -1    7    8   -0.000040
   -1   -1    8    8    0.022112
   -1   -1    9    8   -0.000527
   -1   -1   10    8   -0.001622
   -1   -1   11    8   -0.002812
   -1   -1   12    8    0.001953
   -1   -1   13    8    0.000163
   -1   -1   14    8    0.010292
   -1   -1   15    8   -0.000687
   -1   -1   16    8    0.001307
   -1   -1   17    8    0.011052
   -1   -1   18    8    0.008735
   -1   -1    1    9    0.107035
   -1   -1    2    9    0.001870
   -1   -1    3    9    0.008233
   -1   -1    4    9    0.090147
   -1   -1    5    9   -0.004865
   -1   -1    6    9    0.007055
   -1   -1    7    9   -0.077590
   -1   -1    8    9   -0.036157
   -1   -1    9    9    0.000742
   -1   -1   10    9    0.090840
   -1   -1   11    9    0.025055
   -1   -1   12    9   -0.003475
   -1   -1   13    9   -0.020393
   -1   -1   14    9    0.007740
   -1   -1   15    9    0.003385
   -1   -1   16    9    0.037882
   -1   -1   17    9    0.045313
   -1   -1   18    9   -0.013095
   -1   -1    1   10   -0.003757
   -1   -1    2   10    0.001218
   -1   -1    3   10    0.007205
   -1   -1    4   10    0.005195
   -1   -1    5   10    0.008090
   -1   -1    6   10    0.008985
   -1   -1    7   10    0.013435
   -1   -1    8   10   -0.004690
   -1   -1    9   10    0.024770
   -1   -1   10   10    0.098200
   -1   -1   11   10    0.006880
   -1   -1   12   10    0.063855
   -1   -1   13   10   -0.025863
   -1   -1   14   10    0.015205
   -1   -1   15   10   -0.011248
   -1   -1   16   10    0.073530
   -1   -1   17   10    0.004472
   -1   -1   18   10   -0.008760
   -1   -1    1   11   -0.024580
   -1   -1    2   11   -0.004315
   -1   -1    3   11   -0.000597
   -1   -1    4   11   -0.000095
   -1   -1    5   11    0.004592
   -1   -1    6   11    0.014185
   -1   -1    7   11    0.008622
   -1   -1    8   11    0.101532
   -1   -1    9   11    0.010592
   -1   -1   10   11    0.025775
   -1   -1   11   11    0.029038
   -1   -1   12   11    0.006997
   -1   -1   13   11    0.000495
   -1   -1   14   11    0.025513
   -1   -1   15   11   -0.000370
   -1   -1   16   11   -0.003278
   -1   -1   17   11    0.001160
   -1   -1   18   11    0.007168
   -1   -1    1   12    0.114348
   -1   -1    2   12    0.003680
   -1   -1    3   12   -0.005477
   -1   -1    4   12    0.067205
   -1   -1    5   12    0.017162
   -1   -1    6   12    0.015045
   -1   -1    7   12    0.016700
   -1   -1    8   12   -0.180707
   -1   -1    9   12    0.037065
   -1   -1   10   12    0.094967
   -1   -1   11   12    0.016917
   -1   -1   12   12   -0.180037
   -1   -1   13   12    0.048617
   -1   -1   14   12   -0.014483
   -1   -1   15   12    0.440645
   -1   -1   16   12    0.165442
   -1   -1   17   12   -0.014037
   -1   -1   18   12   -0.009217
   -1   -1    1   13    0.072677
   -1   -1    2   13    0.000160
   -1   -1    3   13    0.014368
   -1   -1    4   13   -0.002917
   -1   -1    5   13   -0.013683
   -1   -1    6   13    0.011747
   -1   -1    7   13   -0.057550
   -1   -1    8   13   -0.992500
   -1   -1    9   13   -0.061372
   -1   -1   10   13   -0.128972
   -1   -1   11   13   -0.025743
   -1   -1   12   13   -0.068197
   -1   -1   13   13    0.015660
   -1   -1   14   13   -0.078907
   -1   -1   15   13   -0.143562
   -1   -1   16   13   -0.065867
   -1   -1   17   13   -0.004938
   -1   -1   18   13   -0.034495
   -1   -1    1   14    0.007417
   -1   -1    2   14    0.001690
   -1   -1    3   14    0.002977
   -1   -1    4   14    0.012490
   -1   -1    5   14    0.000530
   -1   -1    6   14    0.006397
   -1   -1    7   14   -0.011607
   -1   -1    8   14   -0.055867
   -1   -1    9   14   -0.002955
   -1   -1   10   14   -0.032135
   -1   -1   11   14   -0.004055
   -1   -1   12   14    0.001208
   -1   -1   13   14    0.002413
   -1   -1   14   14    0.005313
   -1   -1   15   14    0.004027
   -1   -1   16   14   -0.012035
   -1   -1   17   14    0.005055
   -1   -1   18   14    0.004912
   -1   -1    1   15   -0.008010
   -1   -1    2   15    0.003903
   -1   -1    3   15    0.125100
   -1   -1    4   15    0.171440
   -1   -1    5   15   -0.004553
   -1   -1    6   15   -0.031932
   -1   -1    7   15    0.016330
   -1   -1    8   15   -0.001960
   -1   -1    9   15   -0.086170
   -1   -1   10   15    0.097515
   -1   -1   11   15    0.010855
   -1   -1   12   15    0.099447
   -1   -1   13   15    0.006960
   -1   -1   14   15    0.056315
   -1   -1   15   15    0.174200
   -1   -1   16   15    0.018712
   -1   -1   17   15    0.019945
   -1   -1   18   15   -0.066467
   -1   -1    1   16   -0.155025
   -1   -1    2   16   -0.006985
   -1   -1    3   16    0.068455
   -1   -1    4   16   -0.008585
   -1   -1    5   16    0.022690
   -1   -1    6   16    0.002568
   -1   -1    7   16    0.187622
   -1   -1    8   16   -0.100950
   -1   -1    9   16   -0.025242
   -1   -1   10   16    0.020615
   -1   -1   11   16    0.015515
   -1   -1   12   16    0.164938
   -1   -1   13   16   -0.053415
   -1   -1   14   16    0.086547
   -1   -1   15   16   -0.005173
   -1   -1   16   16    0.092507
   -1   -1   17   16    0.014035
   -1   -1   18   16   -0.038315
   -1   -1    1   17   -0.005267
   -1   -1    2   17    0.009137
   -1   -1    3   17    0.000453
   -1   -1    4   17   -0.008030
   -1   -1    5   17   -0.005533
   -1   -1    6   17   -0.049360
   -1   -1    7   17    0.011087
   -1   -1    8   17    1.278455
   -1   -1    9   17    0.003500
   -1   -1   10   17   -0.043800
   -1   -1   11   17   -0.068435
   -1   -1   12   17   -0.002448
   -1   -1   13   17   -0.010542
   -1   -1   14   17    0.013315
   -1   -1   15   17   -0.017790
   -1   -1   16   17   -0.003528
   -1   -1   17   17   -0.000910
   -1   -1   18   17   -0.003325
   -1   -1    1   18    0.014580
   -1   -1    2   18    0.003992
   -1   -1    3   18   -0.038297
   -1   -1    4   18   -0.027560
   -1   -1    5   18   -0.030865
   -1   -1    6   18    0.066275
   -1   -1    7   18    0.043430
   -1   -1    8   18    0.278710
   -1   -1    9   18   -0.073515
   -1   -1   10   18    0.529698
   -1   -1   11   18   -0.028842
   -1   -1   12   18   -0.040287
   -1   -1   13   18   -0.066335
   -1   -1   14   18   -0.113680
   -1   -1   15   18   -0.045520
   -1   -1   16   18    0.036630
   -1   -1   17   18    0.088320
   -1   -1   18   18   -0.048390
    0   -1    1    1   -0.042265
    0   -1    2    1    0.001505
    0   -1    3    1   -0.022705
    0   -1    4    1   -0.049145
    0   -1    5    1   -0.005417
    0   -1    6    1   -0.017105
    0   -1    7    1    0.002160
    0   -1    8    1   -0.136173
    0   -1    9    1    0.019030
    0   -1   10    1   -0.063657
    0   -1   11    1    0.007282
    0   -1   12    1    0.199690
    0   -1   13    1   -0.037032
    0   -1   14    1    0.028805
    0   -1   15    1   -0.067480
    0   -1   16    1   -0.051440
    0   -1   17    1    0.029580
    0   -1   18    1    0.025242
    0   -1    1    2    0.005995
    0   -1    2    2   -0.002917
    0   -1    3    2   -0.002567
    0   -1    4    2   -0.003192
    0   -1    5    2   -0.000065
    0   -1    6    2    0.026232
    0   -1    7    2   -0.001760
    0   -1    8    2    0.030007
    0   -1    9    2    0.004260
    0   -1   10    2    0.029800
    0   -1   11    2    0.006242
    0   -1   12    2   -0.016340
    0   -1   13    2   -0.105470
    0   -1   14    2    0.000070
    0   -1   15    2    0.028410
    0   -1   16    2    0.036925
    0   -1   17    2    0.037395
    0   -1   18    2    0.007238
    0   -1    1    3   -0.064367
    0   -1    2    3    0.015995
    0   -1    3    3   -0.095107
    0   -1    4    3   -0.768640
    0   -1    5    3   -0.049017
    0   -1    6    3    0.036597
    0   -1    7    3   -0.844305
    0   -1    8    3    0.050588
    0   -1    9    3   -0.033043
    0   -1   10    3   -0.292637
    0   -1   11    3   -0.040488
    0   -1   12    3    0.292195
    0   -1   13    3   -0.100352
    0   -1   14    3   -0.043407
    0   -1   15    3    0.088112
    0   -1   16    3   -1.677517
    0   -1   17    3    0.035130
    0   -1   18    3    0.081662
    0   -1    1    4   -0.116492
    0   -1    2    4   -0.028627
    0   -1    3    4    0.002707
    0   -1    4    4   -0.025848
    0   -1    5    4   -0.030395
    0   -1    6    4   -0.193442
    0   -1    7    4    0.116615
    0   -1    8    4    0.797015
    0   -1    9    4   -0.016292
    0   -1   10    4    0.432835
    0   -1   11    4    0.376153
    0   -1   12    4    0.034260
    0   -1   13    4    0.174100
    0   -1   14    4    0.340032
    0   -1   15    4    0.001385
    0   -1   16    4   -0.125227
    0   -1   17    4    0.016810
    0   -1   18    4   -0.017217
    0   -1    1    5    0.008350
    0   -1    2    5    0.014457
    0   -1    3    5   -0.001927
    0   -1    4    5    0.003535
    0   -1    5    5   -0.013507
    0   -1    6    5    0.002103
    0   -1    7    5    0.012963
    0   -1    8    5    0.971742
    0   -1    9    5   -0.028332
    0   -1   10    5   -0.072960
    0   -1   11    5   -0.031490
    0   -1   12    5   -0.003365
    0   -1   13    5    0.083342
    0   -1   14    5   -0.004560
    0   -1   15    5   -0.015457
    0   -1   16    5   -0.039562
    0   -1   17    5   -0.030910
    0   -1   18    5    0.003060
    0   -1    1    6   -0.002665
    0   -1    2    6    0.001712
    0   -1    3    6   -0.000812
    0   -1    4    6   -0.002485
    0   -1    5    6    0.007850
    0   -1    6    6    0.026160
    0   -1    7    6    0.004343
    0   -1    8    6   -0.195832
    0   -1    9    6   -0.006605
    0   -1   10    6   -0.007127
    0   -1   11    6   -0.007707
    0   -1   12    6    0.014043
    0   -1   13    6   -0.396945
    0   -1   14    6    0.002932
    0   -1   15    6   -0.377510
    0   -1   16    6   -0.005673
    0   -1   17    6    0.008500
    0   -1   18    6   -0.023727
    0   -1    1    7   -0.002127
    0   -1    2    7    0.015657
    0   -1    3    7    0.005550
    0   -1    4    7    0.046227
    0   -1    5    7    0.008770
    0   -1    6    7    0.001390
    0   -1    7    7   -0.082573
    0   -1    8    7    0.011172
    0   -1    9    7    0.035000
    0   -1   10    7   -0.116635
    0   -1   11    7   -0.024692
    0   -1   12    7   -0.032157
    0   -1   13    7    0.106445
    0   -1   14    7    0.006615
    0   -1   15    7   -0.527055
    0   -1   16    7   -0.165083
    0   -1   17    7    0.003433
    0   -1   18    7    0.036038
    0   -1    1    8    0.006188
    0   -1    2    8    0.058235
    0   -1    3    8    0.003383
    0   -1    4    8    0.021780
    0   -1    5    8   -0.021797
    0   -1    6    8    0.003645
    0   -1    7    8   -0.028837
    0   -1    8    8   -0.015692
    0   -1    9    8   -0.012857
    0   -1   10    8   -0.028720
    0   -1   11    8   -0.429138
    0   -1   12    8   -0.058858
    0   -1   13    8   -0.116495
    0   -1   14    8   -0.036585
    0   -1   15    8    0.006083
    0   -1   16    8   -0.024250
    0   -1   17    8    0.003082
    0   -1   18    8   -0.032232
    0   -1    1    9    0.033340
    0   -1    2    9    0.008720
    0   -1    3    9    0.024467
    0   -1    4    9   -0.072322
    0   -1    5    9   -0.026895
    0   -1    6    9   -0.045015
    0   -1    7    9    0.029593
    0   -1    8    9    0.060830
    0   -1    9    9   -0.090960
    0   -1   10    9   -0.068272
    0   -1   11    9   -0.035275
    0   -1   12    9   -0.161335
    0   -1   13    9   -0.145622
    0   -1   14    9   -0.023905
    0   -1   15    9    0.232800
    0   -1   16    9   -0.139167
    0   -1   17    9    0.001188
    0   -1   18    9   -0.078245
    0   -1    1   10    0.005305
    0   -1    2   10    0.000450
    0   -1    3   10   -0.003512
    0   -1    4   10    0.026488
    0   -1    5   10   -0.005435
    0   -1    6   10    0.050412
    0   -1    7   10    0.035152
    0   -1    8   10    1.142420
    0   -1    9   10    0.014365
    0   -1   10   10    0.103515
    0   -1   11   10   -0.024743
    0   -1   12   10    0.051147
    0   -1   13   10   -0.093860
    0   -1   14   10    0.001423
    0   -1   15   10    0.223160
    0   -1   16   10    0.077317
    0   -1   17   10   -0.001837
    0   -1   18   10    0.041230
    0   -1    1   11    0.003832
    0   -1    2   11    0.004562
    0   -1    3   11    0.000467
    0   -1    4   11    0.007848
    0   -1    5   11    0.000950
    0   -1    6   11   -0.021893
    0   -1    7   11   -0.006460
    0   -1    8   11    0.067565
    0   -1    9   11    0.002085
    0   -1   10   11   -0.008188
    0   -1   11   11   -0.011725
    0   -1   12   11   -0.013300
    0   -1   13   11    0.002480
    0   -1   14   11    0.001195
    0   -1   15   11   -0.060587
    0   -1   16   11   -0.007810
    0   -1   17   11   -0.003440
    0   -1   18   11   -0.006052
    0   -1    1   12   -0.008955
    0   -1    2   12   -0.000650
    0   -1    3   12   -0.013455
    0   -1    4   12   -0.041082
    0   -1    5   12   -0.005985
    0   -1    6   12   -0.020175
    0   -1    7   12   -0.003885
    0   -1    8   12   -0.005762
    0   -1    9   12   -0.029615
    0   -1   10   12   -0.069100
    0   -1   11   12    0.000853
    0   -1   12   12    0.039450
    0   -1   13   12   -0.011817
    0   -1   14   12   -0.003532
    0   -1   15   12   -0.735665
    0   -1   16   12   -0.090323
    0   -1   17   12   -0.011475
    0   -1   18   12   -0.014675
    0   -1    1   13   -0.013935
    0   -1    2   13   -0.001440
    0   -1    3   13   -0.003920
    0   -1    4   13   -0.004277
    0   -1    5   13   -0.009872
    0   -1    6   13    0.077485
    0   -1    7   13   -0.004225
    0   -1    8   13   -0.010320
    0   -1    9   13   -0.013280
    0   -1   10   13   -0.010057
    0   -1   11   13    0.006260
    0   -1   12   13   -0.058350
    0   -1   13   13   -0.054500
    0   -1   14   13   -0.001295
    0   -1   15   13   -0.299370
    0   -1   16   13   -0.009950
    0   -1   17   13    0.014605
    0   -1   18   13    0.049665
    0   -1    1   14    0.004072
    0   -1    2   14   -0.003645
    0   -1    3   14   -0.001690
    0   -1    4   14    0.018322
    0   -1    5   14    0.004233
    0   -1    6   14    0.017497
    0   -1    7   14    0.001198
    0   -1    8   14   -1.205430
    0   -1    9   14   -0.000495
    0   -1   10   14    0.008280
    0   -1   11   14    0.018257
    0   -1   12   14   -0.044390
    0   -1   13   14   -0.014870
    0   -1   14   14   -0.010860
    0   -1   15   14   -0.014687
    0   -1   16   14    0.011950
    0   -1   17   14    0.003870
    0   -1   18   14   -0.015725
    0   -1    1   15    0.031787
    0   -1    2   15    0.010075
    0   -1    3   15    0.008607
    0   -1    4   15    0.006812
    0   -1    5   15    0.005338
    0   -1    6   15    0.046168
    0   -1    7   15    0.034312
    0   -1    8   15   -0.000510
    0   -1    9   15    0.033957
    0   -1   10   15    0.135135
    0   -1   11   15   -0.019465
    0   -1   12   15    0.168237
    0   -1   13   15   -0.156532
    0   -1   14   15   -0.003090
    0   -1   15   15    0.091675
    0   -1   16   15    0.288818
    0   -1   17   15   -0.002028
    0   -1   18   15   -0.028688
    0   -1    1   16    0.027402
    0   -1    2   16    0.002355
    0   -1    3   16    0.000038
    0   -1    4   16    0.033400
    0   -1    5   16    0.008137
    0   -1    6   16    0.028825
    0   -1    7   16    0.060270
    0   -1    8   16    0.059170
    0   -1    9   16    0.033837
    0   -1   10   16    0.223332
    0   -1   11   16   -0.010105
    0   -1   12   16    0.217075
    0   -1   13   16   -0.158430
    0   -1   14   16    0.000070
    0   -1   15   16   -1.238747
    0   -1   16   16    0.202602
    0   -1   17   16    0.003865
    0   -1   18   16   -0.010932
    0   -1    1   17   -0.013525
    0   -1    2   17   -0.009220
    0   -1    3   17    0.002310
    0   -1    4   17   -0.021265
    0   -1    5   17    0.008210
    0   -1    6   17   -0.022195
    0   -1    7   17   -0.007695
    0   -1    8   17    0.019065
    0   -1    9   17    0.017592
    0   -1   10   17   -0.009005
    0   -1   11   17    0.062850
    0   -1   12   17    0.020647
    0   -1   13   17    0.094565
    0   -1   14   17    0.027637
    0   -1   15   17    0.115610
    0   -1   16   17   -0.005112
    0   -1   17   17   -0.008125
    0   -1   18   17    0.027858
    0   -1    1   18   -0.031047
    0   -1    2   18   -0.001133
    0   -1    3   18   -0.006222
    0   -1    4   18   -0.063642
    0   -1    5   18   -0.018245
    0   -1    6   18    0.167190
    0   -1    7   18    0.111587
    0   -1    8   18    0.192233
    0   -1    9   18   -0.059887
    0   -1   10   18   -0.009615
    0   -1   11   18    0.031070
    0   -1   12   18    0.138732
    0   -1   13   18   -0.240737
    0   -1   14   18   -0.012077
    0   -1   15   18   -0.071445
    0   -1   16   18   -0.006022
    0   -1   17   18   -0.114940
    0   -1   18   18    0.017577
    1   -1    1    1    0.018850
    1   -1    2    1   -0.005773
    1   -1    3    1    0.007677
    1   -1    4    1   -0.012542
    1   -1    5    1    0.001553
    1   -1    6    1    0.007335
    1   -1    7    1    0.031467
    1   -1    8    1   -0.012517
    1   -1    9    1    0.007595
    1   -1   10    1    0.033915
    1   -1   11    1    0.004712
    1   -1   12    1   -0.026985
    1   -1   13    1   -0.003758
    1   -1   14    1   -0.003448
    1   -1   15    1    2.695520
    1   -1   16    1    0.070870
    1   -1   17    1    0.011502
    1   -1   18    1    0.001285
    1   -1    1    2   -0.000970
    1   -1    2    2   -0.000190
    1   -1    3    2   -0.000822
    1   -1    4    2   -0.000777
    1   -1    5    2    0.000508
    1   -1    6    2   -0.002537
    1   -1    7    2   -0.000180
    1   -1    8    2   -0.001362
    1   -1    9    2    0.000467
    1   -1   10    2   -0.003867
    1   -1   11    2    0.000182
    1   -1   12    2   -0.000037
    1   -1   13    2    0.005940
    1   -1   14    2    0.000745
    1   -1   15    2    0.032572
    1   -1   16    2   -0.001092
    1   -1   17    2    0.000875
    1   -1   18    2    0.001502
    1   -1    1    3    0.009262
    1   -1    2    3   -0.007040
    1   -1    3    3    0.001597
    1   -1    4    3   -0.020232
    1   -1    5    3   -0.010800
    1   -1    6    3    0.040112
    1   -1    7    3    0.002035
    1   -1    8    3    0.015675
    1   -1    9    3   -0.009283
    1   -1   10    3   -0.116862
    1   -1   11    3    0.014040
    1   -1   12    3   -0.089580
    1   -1   13    3    0.038392
    1   -1   14    3   -0.004707
    1   -1   15    3   -0.098282
    1   -1   16    3   -0.062575
    1   -1   17    3    0.037385
    1   -1   18    3    0.028295
    1   -1    1    4    0.029915
    1   -1    2    4    0.023120
    1   -1    3    4    0.015467
    1   -1    4    4   -0.009345
    1   -1    5    4   -0.007512
    1   -1    6    4   -0.425052
    1   -1    7    4    0.005652
    1   -1    8    4   -0.024967
    1   -1    9    4   -0.026412
    1   -1   10    4   -0.028685
    1   -1   11    4   -0.066292
    1   -1   12    4    0.119867
    1   -1   13    4    0.711955
    1   -1   14    4    0.001092
    1   -1   15    4   -0.211655
    1   -1   16    4   -0.027792
    1   -1   17    4   -0.186217
    1   -1   18    4   -0.084885
    1   -1    1    5    0.000962
    1   -1    2    5    0.001687
    1   -1    3    5    0.001737
    1   -1    4    5    0.002138
    1   -1    5    5   -0.000567
    1   -1    6    5   -0.000047
    1   -1    7    5   -0.001055
    1   -1    8    5    0.002537
    1   -1    9    5   -0.000572
    1   -1   10    5    0.006290
    1   -1   11    5   -0.000540
    1   -1   12    5   -0.003248
    1   -1   13    5    0.015165
    1   -1   14    5    0.000005
    1   -1   15    5    0.028605
    1   -1   16    5   -0.000050
    1   -1   17    5   -0.000067
    1   -1   18    5   -0.001717
    1   -1    1    6    0.009127
    1   -1    2    6    0.002542
    1   -1    3    6    0.000050
    1   -1    4    6    0.006327
    1   -1    5    6   -0.000255
    1   -1    6    6   -0.021247
    1   -1    7    6   -0.006427
    1   -1    8    6   -0.003057
    1   -1    9    6   -0.007338
    1   -1   10    6   -0.010915
    1   -1   11    6   -0.001110
    1   -1   12    6    0.009593
    1   -1   13    6   -0.006130
    1   -1   14    6   -0.001852
    1   -1   15    6   -0.056623
    1   -1   16    6   -0.021213
    1   -1   17    6    0.001602
    1   -1   18    6   -0.016555
    1   -1    1    7    0.007690
    1   -1    2    7    0.003510
    1   -1    3    7    0.002472
    1   -1    4    7    0.001143
    1   -1    5    7   -0.002920
    1   -1    6    7   -0.006090
    1   -1    7    7   -0.006837
    1   -1    8    7   -0.004888
    1   -1    9    7   -0.004705
    1   -1   10    7    0.014880
    1   -1   11    7    0.000250
    1   -1   12    7   -0.016125
    1   -1   13    7    0.001820
    1   -1   14    7   -0.003770
    1   -1   15    7    0.462635
    1   -1   16    7    0.002222
    1   -1   17    7    0.000297
    1   -1   18    7   -0.003855
    1   -1    1    8    0.000687
    1   -1    2    8   -0.000525
    1   -1    3    8   -0.000147
    1   -1    4    8    0.000855
    1   -1    5    8   -0.000420
    1   -1    6    8    0.004638
    1   -1    7    8   -0.002060
    1   -1    8    8   -0.000200
    1   -1    9    8   -0.000770
    1   -1   10    8    0.009705
    1   -1   11    8   -0.000298
    1   -1   12    8    0.003150
    1   -1   13    8   -0.023807
    1   -1   14    8   -0.000065
    1   -1   15    8    0.002560
    1   -1   16    8    0.007572
    1   -1   17    8   -0.000285
    1   -1   18    8    0.000728
    1   -1    1    9   -0.003325
    1   -1    2    9    0.002677
    1   -1    3    9    0.006290
    1   -1    4    9    0.003723
    1   -1    5    9   -0.000565
    1   -1    6    9    0.014950
    1   -1    7    9    0.014875
    1   -1    8    9    0.001597
    1   -1    9    9   -0.002710
    1   -1   10    9    0.025413
    1   -1   11    9   -0.000085
    1   -1   12    9    0.064745
    1   -1   13    9   -0.027205
    1   -1   14    9    0.001510
    1   -1   15    9   -0.211547
    1   -1   16    9    0.019420
    1   -1   17    9   -0.003107
    1   -1   18    9   -0.004142
    1   -1    1   10    0.011480
    1   -1    2   10    0.001990
    1   -1    3   10    0.005255
    1   -1    4   10    0.014002
    1   -1    5   10    0.001425
    1   -1    6   10   -0.046075
    1   -1    7   10   -0.005725
    1   -1    8   10   -0.007197
    1   -1    9   10    0.004790
    1   -1   10   10   -0.003467
    1   -1   11   10   -0.004440
    1   -1   12   10   -0.006007
    1   -1   13   10   -0.018530
    1   -1   14   10   -0.000515
    1   -1   15   10    0.121505
    1   -1   16   10    0.002035
    1   -1   17   10   -0.000240
    1   -1   18   10   -0.047192
    1   -1    1   11    0.000942
    1   -1    2   11    0.000685
    1   -1    3   11    0.000492
    1   -1    4   11    0.000647
    1   -1    5   11   -0.000132
    1   -1    6   11   -0.003873
    1   -1    7   11   -0.001632
    1   -1    8   11   -0.001757
    1   -1    9   11   -0.000350
    1   -1   10   11    0.000010
    1   -1   11   11   -0.000360
    1   -1   12   11   -0.001165
    1   -1   13   11    0.006402
    1   -1   14   11   -0.000073
    1   -1   15   11    0.009885
    1   -1   16   11   -0.001482
    1   -1   17   11    0.000448
    1   -1   18   11   -0.000403
    1   -1    1   12    0.003550
    1   -1    2   12    0.000055
    1   -1    3   12   -0.004245
    1   -1    4   12   -0.004197
    1   -1    5   12   -0.001945
    1   -1    6   12   -0.000203
    1   -1    7   12    0.004203
    1   -1    8   12    0.000492
    1   -1    9   12    0.000375
    1   -1   10   12   -0.004965
    1   -1   11   12    0.000117
    1   -1   12   12   -0.005893
    1   -1   13   12   -0.012460
    1   -1   14   12   -0.001517
    1   -1   15   12   -0.026060
    1   -1   16   12    0.004320
    1   -1   17   12    0.000820
    1   -1   18   12   -0.002713
    1   -1    1   13   -0.001425
    1   -1    2   13   -0.002135
    1   -1    3   13   -0.005617
    1   -1    4   13   -0.000702
    1   -1    5   13    0.001860
    1   -1    6   13    0.023022
    1   -1    7   13    0.001250
    1   -1    8   13    0.002045
    1   -1    9   13    0.002937
    1   -1   10   13   -0.004160
    1   -1   11   13    0.001607
    1   -1   12   13    0.003995
    1   -1   13   13   -0.009675
    1   -1   14   13    0.001708
    1   -1   15   13    0.008642
    1   -1   16   13   -0.010117
    1   -1   17   13   -0.001152
    1   -1   18   13    0.012222
    1   -1    1   14   -0.002410
    1   -1    2   14    0.001358
    1   -1    3   14   -0.001377
    1   -1    4   14    0.000538
    1   -1    5   14   -0.000702
    1   -1    6   14    0.009057
    1   -1    7   14   -0.003312
    1   -1    8   14    0.001590
    1   -1    9   14   -0.002277
    1   -1   10   14   -0.000435
    1   -1   11   14   -0.000047
    1   -1   12   14    0.001490
    1   -1   13   14   -0.004260
    1   -1   14   14    0.000112
    1   -1   15   14   -0.298805
    1   -1   16   14   -0.006202
    1   -1   17   14    0.001047
    1   -1   18   14    0.004188
    1   -1    1   15    0.001742
    1   -1    2   15   -0.000013
    1   -1    3   15   -0.000195
    1   -1    4   15   -0.003058
    1   -1    5   15    0.000635
    1   -1    6   15    0.021362
    1   -1    7   15    0.003233
    1   -1    8   15    0.000503
    1   -1    9   15    0.006372
    1   -1   10   15    0.024357
    1   -1   11   15    0.001087
    1   -1   12   15    0.017967
    1   -1   13   15   -0.012422
    1   -1   14   15   -0.000940
    1   -1   15   15    0.000913
    1   -1   16   15    0.022525
    1   -1   17   15   -0.000492
    1   -1   18   15    0.004715
    1   -1    1   16    0.002150
    1   -1    2   16    0.001247
    1   -1    3   16    0.000553
    1   -1    4   16    0.005910
    1   -1    5   16   -0.000472
    1   -1    6   16    0.001490
    1   -1    7   16    0.005500
    1   -1    8   16   -0.009728
    1   -1    9   16    0.000015
    1   -1   10   16    0.015312
    1   -1   11   16    0.000125
    1   -1   12   16   -0.017208
    1   -1   13   16   -0.003972
    1   -1   14   16   -0.001460
    1   -1   15   16   -0.037555
    1   -1   16   16    0.019912
    1   -1   17   16   -0.001895
    1   -1   18   16   -0.003182
    1   -1    1   17   -0.002617
    1   -1    2   17    0.001760
    1   -1    3   17    0.000597
    1   -1    4   17    0.000847
    1   -1    5   17    0.002472
    1   -1    6   17   -0.000913
    1   -1    7   17   -0.007985
    1   -1    8   17    0.000497
    1   -1    9   17    0.006480
    1   -1   10   17   -0.004213
    1   -1   11   17   -0.001422
    1   -1   12   17   -0.004190
    1   -1   13   17    0.021850
    1   -1   14   17    0.002022
    1   -1   15   17   -0.003600
    1   -1   16   17   -0.002147
    1   -1   17   17   -0.000425
    1   -1   18   17    0.002452
    1   -1    1   18   -0.007538
    1   -1    2   18   -0.003635
    1   -1    3   18   -0.002592
    1   -1    4   18    0.003520
    1   -1    5   18    0.002592
    1   -1    6   18    0.004292
    1   -1    7   18    0.009680
    1   -1    8   18    0.000587
    1   -1    9   18   -0.002170
    1   -1   10   18   -0.013618
    1   -1   11   18   -0.000393
    1   -1   12   18    0.005502
    1   -1   13   18   -0.047607
    1   -1   14   18    0.002380
    1   -1   15   18   -0.205067
    1   -1   16   18   -0.015322
    1   -1   17   18   -0.008325
    1   -1   18   18   -0.012540
   -1    0    1    1   -0.044812
   -1    0    2    1   -0.003505
   -1    0    3    1   -0.054815
   -1    0    4    1    0.082013
   -1    0    5    1   -0.026095
   -1    0    6    1   -0.039030
   -1    0    7    1    0.001663
   -1    0    8    1    0.076495
   -1    0    9    1    0.232353
   -1    0   10    1    0.024055
   -1    0   11    1    0.001038
   -1    0   12    1   -0.024997
   -1    0   13    1   -0.025850
   -1    0   14    1    0.016550
   -1    0   15    1   -0.016695
   -1    0   16    1    0.094172
   -1    0   17    1   -0.019245
   -1    0   18    1   -0.026257
   -1    0    1    2    0.255277
   -1    0    2    2   -0.002130
   -1    0    3    2   -0.149755
   -1    0    4    2    1.972815
   -1    0    5    2    0.033265
   -1    0    6    2   -0.006052
   -1    0    7    2   -0.012663
   -1    0    8    2    0.681208
   -1    0    9    2   -0.064580
   -1    0   10    2   -0.127997
   -1    0   11    2   -0.011430
   -1    0   12    2   -0.006900
   -1    0   13    2    0.003602
   -1    0   14    2   -0.013045
   -1    0   15    2   -0.012818
   -1    0   16    2   -0.007395
   -1    0   17    2    2.352017
   -1    0   18    2   -0.021537
   -1    0    1    3    0.019467
   -1    0    2    3    0.001148
   -1    0    3    3   -0.223775
   -1    0    4    3   -0.104165
   -1    0    5    3   -0.003315
   -1    0    6    3    0.004145
   -1    0    7    3   -0.002310
   -1    0    8    3   -0.010325
   -1    0    9    3    0.078087
   -1    0   10    3   -0.075745
   -1    0   11    3    0.001325
   -1    0   12    3   -0.012892
   -1    0   13    3    0.002182
   -1    0   14    3    0.006987
   -1    0   15    3    0.022667
   -1    0   16    3    0.025360
   -1    0   17    3   -0.016067
   -1    0   18    3    0.012768
   -1    0    1    4    0.212513
   -1    0    2    4    0.008047
   -1    0    3    4   -0.197108
   -1    0    4    4    0.066742
   -1    0    5    4   -0.027158
   -1    0    6    4   -0.005135
   -1    0    7    4   -0.036615
   -1    0    8    4   -0.020840
   -1    0    9    4    0.066612
   -1    0   10    4    0.039667
   -1    0   11    4   -0.009265
   -1    0   12    4    0.022397
   -1    0   13    4   -0.010570
   -1    0   14    4   -0.069487
   -1    0   15    4    0.103642
   -1    0   16    4   -0.028915
   -1    0   17    4    0.039697
   -1    0   18    4    0.048032
   -1    0    1    5   -0.027867
   -1    0    2    5    0.006783
   -1    0    3    5    0.090112
   -1    0    4    5   -0.088892
   -1    0    5    5   -0.000503
   -1    0    6    5    0.000090
   -1    0    7    5    0.002122
   -1    0    8    5    0.035395
   -1    0    9    5   -0.073757
   -1    0   10    5   -0.112002
   -1    0   11    5    0.001730
   -1    0   12    5   -0.013732
   -1    0   13    5    0.001435
   -1    0   14    5    0.056147
   -1    0   15    5   -0.029350
   -1    0   16    5    0.010455
   -1    0   17    5   -0.069617
   -1    0   18    5   -0.000990
   -1    0    1    6    0.207837
   -1    0    2    6    0.090297
   -1    0    3    6    1.039340
   -1    0    4    6   -1.976628
   -1    0    5    6   -0.398325
   -1    0    6    6    0.286372
   -1    0    7    6   -0.143757
   -1    0    8    6   -0.155887
   -1    0    9    6   -1.121943
   -1    0   10    6    2.562312
   -1    0   11    6   -0.064345
   -1    0   12    6    0.091768
   -1    0   13    6    0.047267
   -1    0   14    6   -0.580415
   -1    0   15    6    0.158350
   -1    0   16    6   -0.068093
   -1    0   17    6    0.173698
   -1    0   18    6   -0.235095
   -1    0    1    7   -1.169917
   -1    0    2    7   -0.082320
   -1    0    3    7   -0.012115
   -1    0    4    7    0.362715
   -1    0    5    7    0.218087
   -1    0    6    7   -0.053665
   -1    0    7    7    0.019105
   -1    0    8    7   -0.409290
   -1    0    9    7    0.506940
   -1    0   10    7    0.094338
   -1    0   11    7    0.030453
   -1    0   12    7    0.058610
   -1    0   13    7   -0.019275
   -1    0   14    7    0.211682
   -1    0   15    7    0.013787
   -1    0   16    7    0.078267
   -1    0   17    7    0.219890
   -1    0   18    7    0.112275
   -1    0    1    8    0.000127
   -1    0    2    8   -0.000973
   -1    0    3    8   -0.012323
   -1    0    4    8    0.014295
   -1    0    5    8   -0.007707
   -1    0    6    8    0.001362
   -1    0    7    8   -0.003392
   -1    0    8    8   -0.012175
   -1    0    9    8   -0.005802
   -1    0   10    8    0.009065
   -1    0   11    8    0.002775
   -1    0   12    8   -0.002330
   -1    0   13    8    0.001180
   -1    0   14    8    0.001035
   -1    0   15    8    0.000685
   -1    0   16    8   -0.005645
   -1    0   17    8   -0.016630
   -1    0   18    8    0.006248
   -1    0    1    9   -0.878900
   -1    0    2    9    0.005043
   -1    0    3    9   -0.057697
   -1    0    4    9   -0.734035
   -1    0    5    9   -0.036915
   -1    0    6    9    0.053843
   -1    0    7    9   -0.011860
   -1    0    8    9   -0.045595
   -1    0    9    9   -0.092910
   -1    0   10    9   -0.023752
   -1    0   11    9    0.003705
   -1    0   12    9   -0.023212
   -1    0   13    9    0.016387
   -1    0   14    9    0.178312
   -1    0   15    9   -0.115022
   -1    0   16    9    0.012810
   -1    0   17    9    0.005290
   -1    0   18    9    0.080520
   -1    0    1   10    2.600405
   -1    0    2   10   -0.132672
   -1    0    3   10    0.845085
   -1    0    4   10    0.361850
   -1    0    5   10    0.109272
   -1    0    6   10    0.047820
   -1    0    7   10   -0.199478
   -1    0    8   10   -0.055482
   -1    0    9   10    1.660152
   -1    0   10   10   -0.059460
   -1    0   11   10   -0.019640
   -1    0   12   10    0.139267
   -1    0   13   10    0.049182
   -1    0   14   10   -0.579723
   -1    0   15   10   -0.426122
   -1    0   16   10    0.086707
   -1    0   17   10   -0.499315
   -1    0   18   10    0.356180
   -1    0    1   11   -0.088697
   -1    0    2   11   -0.011558
   -1    0    3   11    0.007202
   -1    0    4   11   -0.652855
   -1    0    5   11    0.012240
   -1    0    6   11    0.035397
   -1    0    7   11   -0.007785
   -1    0    8   11   -0.271410
   -1    0    9   11    0.002275
   -1    0   10   11    0.504417
   -1    0   11   11    0.001925
   -1    0   12   11    0.006637
   -1    0   13   11   -0.002223
   -1    0   14   11   -0.096028
   -1    0   15   11   -0.017657
   -1    0   16   11    0.000783
   -1    0   17   11    0.618725
   -1    0   18   11   -0.009863
   -1    0    1   12    1.363580
   -1    0    2   12   -0.029180
   -1    0    3   12    2.406578
   -1    0    4   12    0.033205
   -1    0    5   12    0.064107
   -1    0    6   12    0.187355
   -1    0    7   12   -1.444033
   -1    0    8   12    0.096847
   -1    0    9   12    0.485427
   -1    0   10   12    0.211682
   -1    0   11   12   -0.002612
   -1    0   12   12    0.220072
   -1    0   13   12    0.064735
   -1    0   14   12    0.060968
   -1    0   15   12    0.225705
   -1    0   16   12   -1.246930
   -1    0   17   12   -0.264697
   -1    0   18   12    0.096382
   -1    0    1   13    0.237357
   -1    0    2   13    0.055660
   -1    0    3   13   -0.570380
   -1    0    4   13    1.714542
   -1    0    5   13    0.488642
   -1    0    6   13   -0.119845
   -1    0    7   13    0.147187
   -1    0    8   13   -0.088157
   -1    0    9   13   -0.172245
   -1    0   10   13    1.020645
   -1    0   11   13    0.010193
   -1    0   12   13   -0.048752
   -1    0   13   13    0.127442
   -1    0   14   13   -0.411525
   -1    0   15   13    0.043812
   -1    0   16   13    0.210973
   -1    0   17   13   -3.377677
   -1    0   18   13   -1.555692
   -1    0    1   14   -0.011375
   -1    0    2   14    0.001283
   -1    0    3   14   -0.094230
   -1    0    4   14    0.217147
   -1    0    5   14    0.003900
   -1    0    6   14    0.000743
   -1    0    7   14   -0.010553
   -1    0    8   14    0.036102
   -1    0    9   14   -0.027090
   -1    0   10   14   -0.095770
   -1    0   11   14   -0.001560
   -1    0   12   14    0.002608
   -1    0   13   14    0.006432
   -1    0   14   14    0.021390
   -1    0   15   14   -0.003155
   -1    0   16   14   -0.017890
   -1    0   17   14    0.012325
   -1    0   18   14    0.013765
   -1    0    1   15   -0.309710
   -1    0    2   15   -0.032027
   -1    0    3   15   -2.878437
   -1    0    4   15    0.021005
   -1    0    5   15    0.040555
   -1    0    6   15   -0.027970
   -1    0    7   15    0.929315
   -1    0    8   15    0.067020
   -1    0    9   15    0.029428
   -1    0   10   15    0.072242
   -1    0   11   15    0.023117
   -1    0   12   15    0.333118
   -1    0   13   15   -0.097183
   -1    0   14   15    0.110573
   -1    0   15   15   -0.060760
   -1    0   16   15    0.771637
   -1    0   17   15   -0.017685
   -1    0   18   15    0.068937
   -1    0    1   16   -1.216897
   -1    0    2   16   -0.107130
   -1    0    3   16    0.132230
   -1    0    4   16   -0.105007
   -1    0    5   16    0.109628
   -1    0    6   16    0.019508
   -1    0    7   16   -0.038793
   -1    0    8   16    0.100797
   -1    0    9   16    1.299072
   -1    0   10   16    0.300243
   -1    0   11   16   -0.000827
   -1    0   12   16    0.037092
   -1    0   13   16   -0.042627
   -1    0   14   16    0.236235
   -1    0   15   16    0.262870
   -1    0   16   16    0.243050
   -1    0   17   16   -0.194952
   -1    0   18   16    0.293480
   -1    0    1   17   -0.408122
   -1    0    2   17   -0.023842
   -1    0    3   17    0.084942
   -1    0    4   17   -0.683395
   -1    0    5   17   -1.017707
   -1    0    6   17   -0.217610
   -1    0    7   17    0.041525
   -1    0    8   17    0.013218
   -1    0    9   17   -0.090888
   -1    0   10   17    2.017430
   -1    0   11   17    0.049410
   -1    0   12   17   -0.013808
   -1    0   13   17    0.032962
   -1    0   14   17   -2.891045
   -1    0   15   17    0.008480
   -1    0   16   17    0.050818
   -1    0   17   17   -0.005070
   -1    0   18   17    0.042177
   -1    0    1   18    0.020035
   -1    0    2   18   -0.009692
   -1    0    3   18   -0.195505
   -1    0    4   18    0.780465
   -1    0    5   18   -0.038453
   -1    0    6   18    0.021107
   -1    0    7   18   -0.030200
   -1    0    8   18   -0.093630
   -1    0    9   18    0.035937
   -1    0   10   18    1.347655
   -1    0   11   18   -0.009247
   -1    0   12   18    0.028247
   -1    0   13   18    0.059340
   -1    0   14   18   -0.183455
   -1    0   15   18   -0.005890
   -1    0   16   18    0.021145
   -1    0   17   18    0.330862
   -1    0   18   18    0.022972
    0    0    1    1    8.751622
    0    0    2    1    0.838985
    0    0    3    1   -1.397775
    0    0    4    1   -0.928205
    0    0    5    1   -2.620027
    0    0    6    1    0.168917
    0    0    7    1   -0.712612
    0    0    8    1   -0.249472
    0    0    9    1   -2.603668
    0    0   10    1    0.954520
    0    0   11    1   -0.550105
    0    0   12    1   -0.755017
    0    0   13    1    0.099913
    0    0   14    1   -4.144770
    0    0   15    1    0.207722
    0    0   16    1    0.967493
    0    0   17    1    0.759255
    0    0   18    1    1.054882
    0    0    1    2    0.838985
    0    0    2    2    0.426580
    0    0    3    2   -0.135733
    0    0    4    2    0.050068
    0    0    5    2   -1.250970
    0    0    6    2   -1.105813
    0    0    7    2   -2.765378
    0    0    8    2   -0.155488
    0    0    9    2   -2.116330
    0    0   10    2    0.134353
    0    0   11    2   -0.196608
    0    0   12    2    0.095270
    0    0   13    2   -0.533535
    0    0   14    2    0.020920
    0    0   15    2   -0.286362
    0    0   16    2   -0.225355
    0    0   17    2   -1.101158
    0    0   18    2    1.945628
    0    0    1    3   -1.397775
    0    0    2    3   -0.135733
    0    0    3    3    4.779380
    0    0    4    3    0.329555
    0    0    5    3    0.500070
    0    0    6    3    0.068020
    0    0    7    3   -0.075110
    0    0    8    3   -0.059037
    0    0    9    3    2.819350
    0    0   10    3   -0.170730
    0    0   11    3    0.021080
    0    0   12    3   -0.182860
    0    0   13    3    0.005492
    0    0   14    3    0.254142
    0    0   15    3    0.178020
    0    0   16    3   -0.490665
    0    0   17    3    0.104467
    0    0   18    3    0.162657
    0    0    1    4   -0.928205
    0    0    2    4    0.050068
    0    0    3    4    0.329555
    0    0    4    4  -10.374850
    0    0    5    4   -0.036288
    0    0    6    4   -0.332462
    0    0    7    4    0.165100
    0    0    8    4    0.046497
    0    0    9    4   -0.585655
    0    0   10    4   -0.031308
    0    0   11    4    0.087662
    0    0   12    4   -0.803265
    0    0   13    4   -0.096927
    0    0   14    4    0.715155
    0    0   15    4    0.043197
    0    0   16    4   -1.108893
    0    0   17    4    0.012980
    0    0   18    4   -0.501995
    0    0    1    5   -2.620027
    0    0    2    5   -1.250970
    0    0    3    5    0.500070
    0    0    4    5   -0.036288
    0    0    5    5    2.525658
    0    0    6    5    0.100127
    0    0    7    5   -0.197095
    0    0    8    5   -0.747237
    0    0    9    5    4.476785
    0    0   10    5   -0.187688
    0    0   11    5    0.034705
    0    0   12    5    0.137937
    0    0   13    5    0.391115
    0    0   14    5    2.947290
    0    0   15    5    1.232230
    0    0   16    5   -0.184530
    0    0   17    5    1.072900
    0    0   18    5   -1.081775
    0    0    1    6    0.168917
    0    0    2    6   -1.105813
    0    0    3    6    0.068020
    0    0    4    6   -0.332462
    0    0    5    6    0.100127
    0    0    6    6  -10.110830
    0    0    7    6    0.398785
    0    0    8    6    0.146962
    0    0    9    6   -0.469782
    0    0   10    6    0.523862
    0    0   11    6   -2.334620
    0    0   12    6   -0.196998
    0    0   13    6   -2.107842
    0    0   14    6    0.073082
    0    0   15    6   -0.783345
    0    0   16    6   -1.664560
    0    0   17    6    1.264790
    0    0   18    6    2.496907
    0    0    1    7   -0.712612
    0    0    2    7   -2.765378
    0    0    3    7   -0.075110
    0    0    4    7    0.165100
    0    0    5    7   -0.197095
    0    0    6    7    0.398785
    0    0    7    7   11.376080
    0    0    8    7    0.004120
    0    0    9    7   -0.245377
    0    0   10    7   -0.741962
    0    0   11    7   -0.083090
    0    0   12    7   -1.828427
    0    0   13    7    0.322032
    0    0   14    7    0.114035
    0    0   15    7   -0.643750
    0    0   16    7   -0.054483
    0    0   17    7   -0.025830
    0    0   18    7    0.844640
    0    0    1    8   -0.249472
    0    0    2    8   -0.155488
    0    0    3    8   -0.059037
    0    0    4    8    0.046497
    0    0    5    8   -0.747237
    0    0    6    8    0.146962
    0    0    7    8    0.004120
    0    0    8    8   -0.619247
    0    0    9    8    0.647707
    0    0   10    8    0.108880
    0    0   11    8    0.737677
    0    0   12    8    0.033435
    0    0   13    8    0.362528
    0    0   14    8    1.165420
    0    0   15    8    0.022467
    0    0   16    8    0.077368
    0    0   17    8   -1.632015
    0    0   18    8   -0.600537
    0    0    1    9   -2.603668
    0    0    2    9   -2.116330
    0    0    3    9    2.819350
    0    0    4    9   -0.585655
    0    0    5    9    4.476785
    0    0    6    9   -0.469782
    0    0    7    9   -0.245377
    0    0    8    9    0.647707
    0    0    9    9    9.653275
    0    0   10    9   -0.052745
    0    0   11    9   -0.328675
    0    0   12    9    0.370880
    0    0   13    9    0.024595
    0    0   14    9    2.640730
    0    0   15    9    4.407470
    0    0   16    9    1.825423
    0    0   17    9   -1.055952
    0    0   18    9    1.366062
    0    0    1   10    0.954520
    0    0    2   10    0.134353
    0    0    3   10   -0.170730
    0    0    4   10   -0.031308
    0    0    5   10   -0.187688
    0    0    6   10    0.523862
    0    0    7   10   -0.741962
    0    0    8   10    0.108880
    0    0    9   10   -0.052745
    0    0   10   10   -9.857115
    0    0   11   10   -0.061837
    0    0   12   10    2.825620
    0    0   13   10    0.662038
    0    0   14   10    1.494552
    0    0   15   10    0.090565
    0    0   16   10    3.239920
    0    0   17   10   -0.033005
    0    0   18   10    1.650550
    0    0    1   11   -0.550105
    0    0    2   11   -0.196608
    0    0    3   11    0.021080
    0    0    4   11    0.087662
    0    0    5   11    0.034705
    0    0    6   11   -2.334620
    0    0    7   11   -0.083090
    0    0    8   11    0.737677
    0    0    9   11   -0.328675
    0    0   10   11   -0.061837
    0    0   11   11   -0.540812
    0    0   12   11   -0.254842
    0    0   13   11    0.077040
    0    0   14   11    0.134788
    0    0   15   11    0.041205
    0    0   16   11   -0.177840
    0    0   17   11   -0.814467
    0    0   18   11    0.825013
    0    0    1   12   -0.755017
    0    0    2   12    0.095270
    0    0    3   12   -0.182860
    0    0    4   12   -0.803265
    0    0    5   12    0.137937
    0    0    6   12   -0.196998
    0    0    7   12   -1.828427
    0    0    8   12    0.033435
    0    0    9   12    0.370880
    0    0   10   12    2.825620
    0    0   11   12   -0.254842
    0    0   12   12    4.759522
    0    0   13   12   -0.298175
    0    0   14   12    0.291830
    0    0   15   12   -0.357512
    0    0   16   12    3.212600
    0    0   17   12    0.270347
    0    0   18   12   -0.040190
    0    0    1   13    0.099913
    0    0    2   13   -0.533535
    0    0    3   13    0.005492
    0    0    4   13   -0.096927
    0    0    5   13    0.391115
    0    0    6   13   -2.107842
    0    0    7   13    0.322032
    0    0    8   13    0.362528
    0    0    9   13    0.024595
    0    0   10   13    0.662038
    0    0   11   13    0.077040
    0    0   12   13   -0.298175
    0    0   13   13   -1.806277
    0    0   14   13    0.150273
    0    0   15   13    0.043217
    0    0   16   13    0.001963
    0    0   17   13    3.478970
    0    0   18   13   -1.558020
    0    0    1   14   -4.144770
    0    0    2   14    0.020920
    0    0    3   14    0.254142
    0    0    4   14    0.715155
    0    0    5   14    2.947290
    0    0    6   14    0.073082
    0    0    7   14    0.114035
    0    0    8   14    1.165420
    0    0    9   14    2.640730
    0    0   10   14    1.494552
    0    0   11   14    0.134788
    0    0   12   14    0.291830
    0    0   13   14    0.150273
    0    0   14   14    2.438935
    0    0   15   14    0.425182
    0    0   16   14    0.035957
    0    0   17   14    2.056285
    0    0   18   14   -1.617805
    0    0    1   15    0.207722
    0    0    2   15   -0.286362
    0    0    3   15    0.178020
    0    0    4   15    0.043197
    0    0    5   15    1.232230
    0    0    6   15   -0.783345
    0    0    7   15   -0.643750
    0    0    8   15    0.022467
    0    0    9   15    4.407470
    0    0   10   15    0.090565
    0    0   11   15    0.041205
    0    0   12   15   -0.357512
    0    0   13   15    0.043217
    0    0   14   15    0.425182
    0    0   15   15    5.824637
    0    0   16   15    3.603327
    0    0   17   15   -0.253665
    0    0   18   15    0.213895
    0    0    1   16    0.967493
    0    0    2   16   -0.225355
    0    0    3   16   -0.490665
    0    0    4   16   -1.108893
    0    0    5   16   -0.184530
    0    0    6   16   -1.664560
    0    0    7   16   -0.054483
    0    0    8   16    0.077368
    0    0    9   16    1.825423
    0    0   10   16    3.239920
    0    0   11   16   -0.177840
    0    0   12   16    3.212600
    0    0   13   16    0.001963
    0    0   14   16    0.035957
    0    0   15   16    3.603327
    0    0   16   16    4.136760
    0    0   17   16   -0.020325
    0    0   18   16    0.722510
    0    0    1   17    0.759255
    0    0    2   17   -1.101158
    0    0    3   17    0.104467
    0    0    4   17    0.012980
    0    0    5   17    1.072900
    0    0    6   17    1.264790
    0    0    7   17   -0.025830
    0    0    8   17   -1.632015
    0    0    9   17   -1.055952
    0    0   10   17   -0.033005
    0    0   11   17   -0.814467
    0    0   12   17    0.270347
    0    0   13   17    3.478970
    0    0   14   17    2.056285
    0    0   15   17   -0.253665
    0    0   16   17   -0.020325
    0    0   17   17    0.076843
    0    0   18   17    0.308188
    0    0    1   18    1.054882
    0    0    2   18    1.945628
    0    0    3   18    0.162657
    0    0    4   18   -0.501995
    0    0    5   18   -1.081775
    0    0    6   18    2.496907
    0    0    7   18    0.844640
    0    0    8   18   -0.600537
    0    0    9   18    1.366062
    0    0   10   18    1.650550
    0    0   11   18    0.825013
    0    0   12   18   -0.040190
    0    0   13   18   -1.558020
    0    0   14   18   -1.617805
    0    0   15   18    0.213895
    0    0   16   18    0.722510
    0    0   17   18    0.308188
    0    0   18   18   -0.554448
    1    0    1    1   -0.044812
    1    0    2    1    0.255277
    1    0    3    1    0.019467
    1    0    4    1    0.212513
    1    0    5    1   -0.027867
    1    0    6    1    0.207837
    1    0    7    1   -1.169917
    1    0    8    1    0.000127
    1    0    9    1   -0.878900
    1    0   10    1    2.600405
    1    0   11    1   -0.088697
    1    0   12    1    1.363580
    1    0   13    1    0.237357
    1    0   14    1   -0.011375
    1    0   15    1   -0.309710
    1    0   16    1   -1.216897
    1    0   17    1   -0.408122
    1    0   18    1    0.020035
    1    0    1    2   -0.003505
    1    0    2    2   -0.002130
    1    0    3    2    0.001148
    1    0    4    2    0.008047
    1    0    5    2    0.006783
    1    0    6    2    0.090297
    1    0    7    2   -0.082320
    1    0    8    2   -0.000973
    1    0    9    2    0.005043
    1    0   10    2   -0.132672
    1    0   11    2   -0.011558
    1    0   12    2   -0.029180
    1    0   13    2    0.055660
    1    0   14    2    0.001283
    1    0   15    2   -0.032027
    1    0   16    2   -0.107130
    1    0   17    2   -0.023842
    1    0   18    2   -0.009692
    1    0    1    3   -0.054815
    1    0    2    3   -0.149755
    1    0    3    3   -0.223775
    1    0    4    3   -0.197108
    1    0    5    3    0.090112
    1    0    6    3    1.039340
    1    0    7    3   -0.012115
    1    0    8    3   -0.012323
    1    0    9    3   -0.057697
    1    0   10    3    0.845085
    1    0   11    3    0.007202
    1    0   12    3    2.406578
    1    0   13    3   -0.570380
    1    0   14    3   -0.094230
    1    0   15    3   -2.878437
    1    0   16    3    0.132230
    1    0   17    3    0.084942
    1    0   18    3   -0.195505
    1    0    1    4    0.082013
    1    0    2    4    1.972815
    1    0    3    4   -0.104165
    1    0    4    4    0.066742
    1    0    5    4   -0.088892
    1    0    6    4   -1.976628
    1    0    7    4    0.362715
    1    0    8    4    0.014295
    1    0    9    4   -0.734035
    1    0   10    4    0.361850
    1    0   11    4   -0.652855
    1    0   12    4    0.033205
    1    0   13    4    1.714542
    1    0   14    4    0.217147
    1    0   15    4    0.021005
    1    0   16    4   -0.105007
    1    0   17    4   -0.683395
    1    0   18    4    0.780465
    1    0    1    5   -0.026095
    1    0    2    5    0.033265
    1    0    3    5   -0.003315
    1    0    4    5   -0.027158
    1    0    5    5   -0.000503
    1    0    6    5   -0.398325
    1    0    7    5    0.218087
    1    0    8    5   -0.007707
    1    0    9    5   -0.036915
    1    0   10    5    0.109272
    1    0   11    5    0.012240
    1    0   12    5    0.064107
    1    0   13    5    0.488642
    1    0   14    5    0.003900
    1    0   15    5    0.040555
    1    0   16    5    0.109628
    1    0   17    5   -1.017707
    1    0   18    5   -0.038453
    1    0    1    6   -0.039030
    1    0    2    6   -0.006052
    1    0    3    6    0.004145
    1    0    4    6   -0.005135
    1    0    5    6    0.000090
    1    0    6    6    0.286372
    1    0    7    6   -0.053665
    1    0    8    6    0.001362
    1    0    9    6    0.053843
    1    0   10    6    0.047820
    1    0   11    6    0.035397
    1    0   12    6    0.187355
    1    0   13    6   -0.119845
    1    0   14    6    0.000743
    1    0   15    6   -0.027970
    1    0   16    6    0.019508
    1    0   17    6   -0.217610
    1    0   18    6    0.021107
    1    0    1    7    0.001663
    1    0    2    7   -0.012663
    1    0    3    7   -0.002310
    1    0    4    7   -0.036615
    1    0    5    7    0.002122
    1    0    6    7   -0.143757
    1    0    7    7    0.019105
    1    0    8    7   -0.003392
    1    0    9    7   -0.011860
    1    0   10    7   -0.199478
    1    0   11    7   -0.007785
    1    0   12    7   -1.444033
    1    0   13    7    0.147187
    1    0   14    7   -0.010553
    1    0   15    7    0.929315
    1    0   16    7   -0.038793
    1    0   17    7    0.041525
    1    0   18    7   -0.030200
    1    0    1    8    0.076495
    1    0    2    8    0.681208
    1    0    3    8   -0.010325
    1    0    4    8   -0.020840
    1    0    5    8    0.035395
    1    0    6    8   -0.155887
    1    0    7    8   -0.409290
    1    0    8    8   -0.012175
    1    0    9    8   -0.045595
    1    0   10    8   -0.055482
    1    0   11    8   -0.271410
    1    0   12    8    0.096847
    1    0   13    8   -0.088157
    1    0   14    8    0.036102
    1    0   15    8    0.067020
    1    0   16    8    0.100797
    1    0   17    8    0.013218
    1    0   18    8   -0.093630
    1    0    1    9    0.232353
    1    0    2    9   -0.064580
    1    0    3    9    0.078087
    1    0    4    9    0.066612
    1    0    5    9   -0.073757
    1    0    6    9   -1.121943
    1    0    7    9    0.506940
    1    0    8    9   -0.005802
    1    0    9    9   -0.092910
    1    0   10    9    1.660152
    1    0   11    9    0.002275
    1    0   12    9    0.485427
    1    0   13    9   -0.172245
    1    0   14    9   -0.027090
    1    0   15    9    0.029428
    1    0   16    9    1.299072
    1    0   17    9   -0.090888
    1    0   18    9    0.035937
    1    0    1   10    0.024055
    1    0    2   10   -0.127997
    1    0    3   10   -0.075745
    1    0    4   10    0.039667
    1    0    5   10   -0.112002
    1    0    6   10    2.562312
    1    0    7   10    0.094338
    1    0    8   10    0.009065
    1    0    9   10   -0.023752
    1    0   10   10   -0.059460
    1    0   11   10    0.504417
    1    0   12   10    0.211682
    1    0   13   10    1.020645
    1    0   14   10   -0.095770
    1    0   15   10    0.072242
    1    0   16   10    0.300243
    1    0   17   10    2.017430
    1    0   18   10    1.347655
    1    0    1   11    0.001038
    1    0    2   11   -0.011430
    1    0    3   11    0.001325
    1    0    4   11   -0.009265
    1    0    5   11    0.001730
    1    0    6   11   -0.064345
    1    0    7   11    0.030453
    1    0    8   11    0.002775
    1    0    9   11    0.003705
    1    0   10   11   -0.019640
    1    0   11   11    0.001925
    1    0   12   11   -0.002612
    1    0   13   11    0.010193
    1    0   14   11   -0.001560
    1    0   15   11    0.023117
    1    0   16   11   -0.000827
    1    0   17   11    0.049410
    1    0   18   11   -0.009247
    1    0    1   12   -0.024997
    1    0    2   12   -0.006900
    1    0    3   12   -0.012892
    1    0    4   12    0.022397
    1    0    5   12   -0.013732
    1    0    6   12    0.091768
    1    0    7   12    0.058610
    1    0    8   12   -0.002330
    1    0    9   12   -0.023212
    1    0   10   12    0.139267
    1    0   11   12    0.006637
    1    0   12   12    0.220072
    1    0   13   12   -0.048752
    1    0   14   12    0.002608
    1    0   15   12    0.333118
    1    0   16   12    0.037092
    1    0   17   12   -0.013808
    1    0   18   12    0.028247
    1    0    1   13   -0.025850
    1    0    2   13    0.003602
    1    0    3   13    0.002182
    1    0    4   13   -0.010570
    1    0    5   13    0.001435
    1    0    6   13    0.047267
    1    0    7   13   -0.019275
    1    0    8   13    0.001180
    1    0    9   13    0.016387
    1    0   10   13    0.049182
    1    0   11   13   -0.002223
    1    0   12   13    0.064735
    1    0   13   13    0.127442
    1    0   14   13    0.006432
    1    0   15   13   -0.097183
    1    0   16   13   -0.042627
    1    0   17   13    0.032962
    1    0   18   13    0.059340
    1    0    1   14    0.016550
    1    0    2   14   -0.013045
    1    0    3   14    0.006987
    1    0    4   14   -0.069487
    1    0    5   14    0.056147
    1    0    6   14   -0.580415
    1    0    7   14    0.211682
    1    0    8   14    0.001035
    1    0    9   14    0.178312
    1    0   10   14   -0.579723
    1    0   11   14   -0.096028
    1    0   12   14    0.060968
    1    0   13   14   -0.411525
    1    0   14   14    0.021390
    1    0   15   14    0.110573
    1    0   16   14    0.236235
    1    0   17   14   -2.891045
    1    0   18   14   -0.183455
    1    0    1   15   -0.016695
    1    0    2   15   -0.012818
    1    0    3   15    0.022667
    1    0    4   15    0.103642
    1    0    5   15   -0.029350
    1    0    6   15    0.158350
    1    0    7   15    0.013787
    1    0    8   15    0.000685
    1    0    9   15   -0.115022
    1    0   10   15   -0.426122
    1    0   11   15   -0.017657
    1    0   12   15    0.225705
    1    0   13   15    0.043812
    1    0   14   15   -0.003155
    1    0   15   15   -0.060760
    1    0   16   15    0.262870
    1    0   17   15    0.008480
    1    0   18   15   -0.005890
    1    0    1   16    0.094172
    1    0    2   16   -0.007395
    1    0    3   16    0.025360
    1    0    4   16   -0.028915
    1    0    5   16    0.010455
    1    0    6   16   -0.068093
    1    0    7   16    0.078267
    1    0    8   16   -0.005645
    1    0    9   16    0.012810
    1    0   10   16    0.086707
    1    0   11   16    0.000783
    1    0   12   16   -1.246930
    1    0   13   16    0.210973
    1    0   14   16   -0.017890
    1    0   15   16    0.771637
    1    0   16   16    0.243050
    1    0   17   16    0.050818
    1    0   18   16    0.021145
    1    0    1   17   -0.019245
    1    0    2   17    2.352017
    1    0    3   17   -0.016067
    1    0    4   17    0.039697
    1    0    5   17   -0.069617
    1    0    6   17    0.173698
    1    0    7   17    0.219890
    1    0    8   17   -0.016630
    1    0    9   17    0.005290
    1    0   10   17   -0.499315
    1    0   11   17    0.618725
    1    0   12   17   -0.264697
    1    0   13   17   -3.377677
    1    0   14   17    0.012325
    1    0   15   17   -0.017685
    1    0   16   17   -0.194952
    1    0   17   17   -0.005070
    1    0   18   17    0.330862
    1    0    1   18   -0.026257
    1    0    2   18   -0.021537
    1    0    3   18    0.012768
    1    0    4   18    0.048032
    1    0    5   18   -0.000990
    1    0    6   18   -0.235095
    1    0    7   18    0.112275
    1    0    8   18    0.006248
    1    0    9   18    0.080520
    1    0   10   18    0.356180
    1    0   11   18   -0.009863
    1    0   12   18    0.096382
    1    0   13   18   -1.555692
    1    0   14   18    0.013765
    1    0   15   18    0.068937
    1    0   16   18    0.293480
    1    0   17   18    0.042177
    1    0   18   18    0.022972
   -1    1    1    1    0.018850
   -1    1    2    1   -0.000970
   -1    1    3    1    0.009262
   -1    1    4    1    0.029915
   -1    1    5    1    0.000962
   -1    1    6    1    0.009127
   -1    1    7    1    0.007690
   -1    1    8    1    0.000687
   -1    1    9    1   -0.003325
   -1    1   10    1    0.011480
   -1    1   11    1    0.000942
   -1    1   12    1    0.003550
   -1    1   13    1   -0.001425
   -1    1   14    1   -0.002410
   -1    1   15    1    0.001742
   -1    1   16    1    0.002150
   -1    1   17    1   -0.002617
   -1    1   18    1   -0.007538
   -1    1    1    2   -0.005773
   -1    1    2    2   -0.000190
   -1    1    3    2   -0.007040
   -1    1    4    2    0.023120
   -1    1    5    2    0.001687
   -1    1    6    2    0.002542
   -1    1    7    2    0.003510
   -1    1    8    2   -0.000525
   -1    1    9    2    0.002677
   -1    1   10    2    0.001990
   -1    1   11    2    0.000685
   -1    1   12    2    0.000055
   -1    1   13    2   -0.002135
   -1    1   14    2    0.001358
   -1    1   15    2   -0.000013
   -1    1   16    2    0.001247
   -1    1   17    2    0.001760
   -1    1   18    2   -0.003635
   -1    1    1    3    0.007677
   -1    1    2    3   -0.000822
   -1    1    3    3    0.001597
   -1    1    4    3    0.015467
   -1    1    5    3    0.001737
   -1    1    6    3    0.000050
   -1    1    7    3    0.002472
   -1    1    8    3   -0.000147
   -1    1    9    3    0.006290
   -1    1   10    3    0.005255
   -1    1   11    3    0.000492
   -1    1   12    3   -0.004245
   -1    1   13    3   -0.005617
   -1    1   14    3   -0.001377
   -1    1   15    3   -0.000195
   -1    1   16    3    0.000553
   -1    1   17    3    0.000597
   -1    1   18    3   -0.002592
   -1    1    1    4   -0.012542
   -1    1    2    4   -0.000777
   -1    1    3    4   -0.020232
   -1    1    4    4   -0.009345
   -1    1    5    4    0.002138
   -1    1    6    4    0.006327
   -1    1    7    4    0.001143
   -1    1    8    4    0.000855
   -1    1    9    4    0.003723
   -1    1   10    4    0.014002
   -1    1   11    4    0.000647
   -1    1   12    4   -0.004197
   -1    1   13    4   -0.000702
   -1    1   14    4    0.000538
   -1    1   15    4   -0.003058
   -1    1   16    4    0.005910
   -1    1   17    4    0.000847
   -1    1   18    4    0.003520
   -1    1    1    5    0.001553
   -1    1    2    5    0.000508
   -1    1    3    5   -0.010800
   -1    1    4    5   -0.007512
   -1    1    5    5   -0.000567
   -1    1    6    5   -0.000255
   -1    1    7    5   -0.002920
   -1    1    8    5   -0.000420
   -1    1    9    5   -0.000565
   -1    1   10    5    0.001425
   -1    1   11    5   -0.000132
   -1    1   12    5   -0.001945
   -1    1   13    5    0.001860
   -1    1   14    5   -0.000702
   -1    1   15    5    0.000635
   -1    1   16    5   -0.000472
   -1    1   17    5    0.002472
   -1    1   18    5    0.002592
   -1    1    1    6    0.007335
   -1    1    2    6   -0.002537
   -1    1    3    6    0.040112
   -1    1    4    6   -0.425052
   -1    1    5    6   -0.000047
   -1    1    6    6   -0.021247
   -1    1    7    6   -0.006090
   -1    1    8    6    0.004638
   -1    1    9    6    0.014950
   -1    1   10    6   -0.046075
   -1    1   11    6   -0.003873
   -1    1   12    6   -0.000203
   -1    1   13    6    0.023022
   -1    1   14    6    0.009057
   -1    1   15    6    0.021362
   -1    1   16    6    0.001490
   -1    1   17    6   -0.000913
   -1    1   18    6    0.004292
   -1    1    1    7    0.031467
   -1    1    2    7   -0.000180
   -1    1    3    7    0.002035
   -1    1    4    7    0.005652
   -1    1    5    7   -0.001055
   -1    1    6    7   -0.006427
   -1    1    7    7   -0.006837
   -1    1    8    7   -0.002060
   -1    1    9    7    0.014875
   -1    1   10    7   -0.005725
   -1    1   11    7   -0.001632
   -1    1   12    7    0.004203
   -1    1   13    7    0.001250
   -1    1   14    7   -0.003312
   -1    1   15    7    0.003233
   -1    1   16    7    0.005500
   -1    1   17    7   -0.007985
   -1    1   18    7    0.009680
   -1    1    1    8   -0.012517
   -1    1    2    8   -0.001362
   -1    1    3    8    0.015675
   -1    1    4    8   -0.024967
   -1    1    5    8    0.002537
   -1    1    6    8   -0.003057
   -1    1    7    8   -0.004888
   -1    1    8    8   -0.000200
   -1    1    9    8    0.001597
   -1    1   10    8   -0.007197
   -1    1   11    8   -0.001757
   -1    1   12    8    0.000492
   -1    1   13    8    0.002045
   -1    1   14    8    0.001590
   -1    1   15    8    0.000503
   -1    1   16    8   -0.009728
   -1    1   17    8    0.000497
   -1    1   18    8    0.000587
   -1    1    1    9    0.007595
   -1    1    2    9    0.000467
   -1    1    3    9   -0.009283
   -1    1    4    9   -0.026412
   -1    1    5    9   -0.000572
   -1    1    6    9   -0.007338
   -1    1    7    9   -0.004705
   -1    1    8    9   -0.000770
   -1    1    9    9   -0.002710
   -1    1   10    9    0.004790
   -1    1   11    9   -0.000350
   -1    1   12    9    0.000375
   -1    1   13    9    0.002937
   -1    1   14    9   -0.002277
   -1    1   15    9    0.006372
   -1    1   16    9    0.000015
   -1    1   17    9    0.006480
   -1    1   18    9   -0.002170
   -1    1    1   10    0.033915
   -1    1    2   10   -0.003867
   -1    1    3   10   -0.116862
   -1    1    4   10   -0.028685
   -1    1    5   10    0.006290
   -1    1    6   10   -0.010915
   -1    1    7   10    0.014880
   -1    1    8   10    0.009705
   -1    1    9   10    0.025413
   -1    1   10   10   -0.003467
   -1    1   11   10    0.000010
   -1    1   12   10   -0.004965
   -1    1   13   10   -0.004160
   -1    1   14   10   -0.000435
   -1    1   15   10    0.024357
   -1    1   16   10    0.015312
   -1    1   17   10   -0.004213
   -1    1   18   10   -0.013618
   -1    1    1   11    0.004712
   -1    1    2   11    0.000182
   -1    1    3   11    0.014040
   -1    1    4   11   -0.066292
   -1    1    5   11   -0.000540
   -1    1    6   11   -0.001110
   -1    1    7   11    0.000250
   -1    1    8   11   -0.000298
   -1    1    9   11   -0.000085
   -1    1   10   11   -0.004440
   -1    1   11   11   -0.000360
   -1    1   12   11    0.000117
   -1    1   13   11    0.001607
   -1    1   14   11   -0.000047
   -1    1   15   11    0.001087
   -1    1   16   11    0.000125
   -1    1   17   11   -0.001422
   -1    1   18   11   -0.000393
   -1    1    1   12   -0.026985
   -1    1    2   12   -0.000037
   -1    1    3   12   -0.089580
   -1    1    4   12    0.119867
   -1    1    5   12   -0.003248
   -1    1    6   12    0.009593
   -1    1    7   12   -0.016125
   -1    1    8   12    0.003150
   -1    1    9   12    0.064745
   -1    1   10   12   -0.006007
   -1    1   11   12   -0.001165
   -1    1   12   12   -0.005893
   -1    1   13   12    0.003995
   -1    1   14   12    0.001490
   -1    1   15   12    0.017967
   -1    1   16   12   -0.017208
   -1    1   17   12   -0.004190
   -1    1   18   12    0.005502
   -1    1    1   13   -0.003758
   -1    1    2   13    0.005940
   -1    1    3   13    0.038392
   -1    1    4   13    0.711955
   -1    1    5   13    0.015165
   -1    1    6   13   -0.006130
   -1    1    7   13    0.001820
   -1    1    8   13   -0.023807
   -1    1    9   13   -0.027205
   -1    1   10   13   -0.018530
   -1    1   11   13    0.006402
   -1    1   12   13   -0.012460
   -1    1   13   13   -0.009675
   -1    1   14   13   -0.004260
   -1    1   15   13   -0.012422
   -1    1   16   13   -0.003972
   -1    1   17   13    0.021850
   -1    1   18   13   -0.047607
   -1    1    1   14   -0.003448
   -1    1    2   14    0.000745
   -1    1    3   14   -0.004707
   -1    1    4   14    0.001092
   -1    1    5   14    0.000005
   -1    1    6   14   -0.001852
   -1    1    7   14   -0.003770
   -1    1    8   14   -0.000065
   -1    1    9   14    0.001510
   -1    1   10   14   -0.000515
   -1    1   11   14   -0.000073
   -1    1   12   14   -0.001517
   -1    1   13   14    0.001708
   -1    1   14   14    0.000112
   -1    1   15   14   -0.000940
   -1    1   16   14   -0.001460
   -1    1   17   14    0.002022
   -1    1   18   14    0.002380
   -1    1    1   15    2.695520
   -1    1    2   15    0.032572
   -1    1    3   15   -0.098282
   -1    1    4   15   -0.211655
   -1    1    5   15    0.028605
   -1    1    6   15   -0.056623
   -1    1    7   15    0.462635
   -1    1    8   15    0.002560
   -1    1    9   15   -0.211547
   -1    1   10   15    0.121505
   -1    1   11   15    0.009885
   -1    1   12   15   -0.026060
   -1    1   13   15    0.008642
   -1    1   14   15   -0.298805
   -1    1   15   15    0.000913
   -1    1   16   15   -0.037555
   -1    1   17   15   -0.003600
   -1    1   18   15   -0.205067
   -1    1    1   16    0.070870
   -1    1    2   16   -0.001092
   -1    1    3   16   -0.062575
   -1    1    4   16   -0.027792
   -1    1    5   16   -0.000050
   -1    1    6   16   -0.021213
   -1    1    7   16    0.002222
   -1    1    8   16    0.007572
   -1    1    9   16    0.019420
   -1    1   10   16    0.002035
   -1    1   11   16   -0.001482
   -1    1   12   16    0.004320
   -1    1   13   16   -0.010117
   -1    1   14   16   -0.006202
   -1    1   15   16    0.022525
   -1    1   16   16    0.019912
   -1    1   17   16   -0.002147
   -1    1   18   16   -0.015322
   -1    1    1   17    0.011502
   -1    1    2   17    0.000875
   -1    1    3   17    0.037385
   -1    1    4   17   -0.186217
   -1    1    5   17   -0.000067
   -1    1    6   17    0.001602
   -1    1    7   17    0.000297
   -1    1    8   17   -0.000285
   -1    1    9   17   -0.003107
   -1    1   10   17   -0.000240
   -1    1   11   17    0.000448
   -1    1   12   17    0.000820
   -1    1   13   17   -0.001152
   -1    1   14   17    0.001047
   -1    1   15   17   -0.000492
   -1    1   16   17   -0.001895
   -1    1   17   17   -0.000425
   -1    1   18   17   -0.008325
   -1    1    1   18    0.001285
   -1    1    2   18    0.001502
   -1    1    3   18    0.028295
   -1    1    4   18   -0.084885
   -1    1    5   18   -0.001717
   -1    1    6   18   -0.016555
   -1    1    7   18   -0.003855
   -1    1    8   18    0.000728
   -1    1    9   18   -0.004142
   -1    1   10   18   -0.047192
   -1    1   11   18   -0.000403
   -1    1   12   18   -0.002713
   -1    1   13   18    0.012222
   -1    1   14   18    0.004188
   -1    1   15   18    0.004715
   -1    1   16   18   -0.003182
   -1    1   17   18    0.002452
   -1    1   18   18   -0.012540
    0    1    1    1   -0.042265
    0    1    2    1    0.005995
    0    1    3    1   -0.064367
    0    1    4    1   -0.116492
    0    1    5    1    0.008350
    0    1    6    1   -0.002665
    0    1    7    1   -0.002127
    0    1    8    1    0.006188
    0    1    9    1    0.033340
    0    1   10    1    0.005305
    0    1   11    1    0.003832
    0    1   12    1   -0.008955
    0    1   13    1   -0.013935
    0    1   14    1    0.004072
    0    1   15    1    0.031787
    0    1   16    1    0.027402
    0    1   17    1   -0.013525
    0    1   18    1   -0.031047
    0    1    1    2    0.001505
    0    1    2    2   -0.002917
    0    1    3    2    0.015995
    0    1    4    2   -0.028627
    0    1    5    2    0.014457
    0    1    6    2    0.001712
    0    1    7    2    0.015657
    0    1    8    2    0.058235
    0    1    9    2    0.008720
    0    1   10    2    0.000450
    0    1   11    2    0.004562
    0    1   12    2   -0.000650
    0    1   13    2   -0.001440
    0    1   14    2   -0.003645
    0    1   15    2    0.010075
    0    1   16    2    0.002355
    0    1   17    2   -0.009220
    0    1   18    2   -0.001133
    0    1    1    3   -0.022705
    0    1    2    3   -0.002567
    0    1    3    3   -0.095107
    0    1    4    3    0.002707
    0    1    5    3   -0.001927
    0    1    6    3   -0.000812
    0    1    7    3    0.005550
    0    1    8    3    0.003383
    0    1    9    3    0.024467
    0    1   10    3   -0.003512
    0    1   11    3    0.000467
    0    1   12    3   -0.013455
    0    1   13    3   -0.003920
    0    1   14    3   -0.001690
    0    1   15    3    0.008607
    0    1   16    3    0.000038
    0    1   17    3    0.002310
    0    1   18    3   -0.006222
    0    1    1    4   -0.049145
    0    1    2    4   -0.003192
    0    1    3    4   -0.768640
    0    1    4    4   -0.025848
    0    1    5    4    0.003535
    0    1    6    4   -0.002485
    0    1    7    4    0.046227
    0    1    8    4    0.021780
    0    1    9    4   -0.072322
    0    1   10    4    0.026488
    0    1   11    4    0.007848
    0    1   12    4   -0.041082
    0    1   13    4   -0.004277
    0    1   14    4    0.018322
    0    1   15    4    0.006812
    0    1   16    4    0.033400
    0    1   17    4   -0.021265
    0    1   18    4   -0.063642
    0    1    1    5   -0.005417
    0    1    2    5   -0.000065
    0    1    3    5   -0.049017
    0    1    4    5   -0.030395
    0    1    5    5   -0.013507
    0    1    6    5    0.007850
    0    1    7    5    0.008770
    0    1    8    5   -0.021797
    0    1    9    5   -0.026895
    0    1   10    5   -0.005435
    0    1   11    5    0.000950
    0    1   12    5   -0.005985
    0    1   13    5   -0.009872
    0    1   14    5    0.004233
    0    1   15    5    0.005338
    0    1   16    5    0.008137
    0    1   17    5    0.008210
    0    1   18    5   -0.018245
    0    1    1    6   -0.017105
    0    1    2    6    0.026232
    0    1    3    6    0.036597
    0    1    4    6   -0.193442
    0    1    5    6    0.002103
    0    1    6    6    0.026160
    0    1    7    6    0.001390
    0    1    8    6    0.003645
    0    1    9    6   -0.045015
    0    1   10    6    0.050412
    0    1   11    6   -0.021893
    0    1   12    6   -0.020175
    0    1   13    6    0.077485
    0    1   14    6    0.017497
    0    1   15    6    0.046168
    0    1   16    6    0.028825
    0    1   17    6   -0.022195
    0    1   18    6    0.167190
    0    1    1    7    0.002160
    0    1    2    7   -0.001760
    0    1    3    7   -0.844305
    0    1    4    7    0.116615
    0    1    5    7    0.012963
    0    1    6    7    0.004343
    0    1    7    7   -0.082573
    0    1    8    7   -0.028837
    0    1    9    7    0.029593
    0    1   10    7    0.035152
    0    1   11    7   -0.006460
    0    1   12    7   -0.003885
    0    1   13    7   -0.004225
    0    1   14    7    0.001198
    0    1   15    7    0.034312
    0    1   16    7    0.060270
    0    1   17    7   -0.007695
    0    1   18    7    0.111587
    0    1    1    8   -0.136173
    0    1    2    8    0.030007
    0    1    3    8    0.050588
    0    1    4    8    0.797015
    0    1    5    8    0.971742
    0    1    6    8   -0.195832
    0    1    7    8    0.011172
    0    1    8    8   -0.015692
    0    1    9    8    0.060830
    0    1   10    8    1.142420
    0    1   11    8    0.067565
    0    1   12    8   -0.005762
    0    1   13    8   -0.010320
    0    1   14    8   -1.205430
    0    1   15    8   -0.000510
    0    1   16    8    0.059170
    0    1   17    8    0.019065
    0    1   18    8    0.192233
    0    1    1    9    0.019030
    0    1    2    9    0.004260
    0    1    3    9   -0.033043
    0    1    4    9   -0.016292
    0    1    5    9   -0.028332
    0    1    6    9   -0.006605
    0    1    7    9    0.035000
    0    1    8    9   -0.012857
    0    1    9    9   -0.090960
    0    1   10    9    0.014365
    0    1   11    9    0.002085
    0    1   12    9   -0.029615
    0    1   13    9   -0.013280
    0    1   14    9   -0.000495
    0    1   15    9    0.033957
    0    1   16    9    0.033837
    0    1   17    9    0.017592
    0    1   18    9   -0.059887
    0    1    1   10   -0.063657
    0    1    2   10    0.029800
    0    1    3   10   -0.292637
    0    1    4   10    0.432835
    0    1    5   10   -0.072960
    0    1    6   10   -0.007127
    0    1    7   10   -0.116635
    0    1    8   10   -0.028720
    0    1    9   10   -0.068272
    0    1   10   10    0.103515
    0    1   11   10   -0.008188
    0    1   12   10   -0.069100
    0    1   13   10   -0.010057
    0    1   14   10    0.008280
    0    1   15   10    0.135135
    0    1   16   10    0.223332
    0    1   17   10   -0.009005
    0    1   18   10   -0.009615
    0    1    1   11    0.007282
    0    1    2   11    0.006242
    0    1    3   11   -0.040488
    0    1    4   11    0.376153
    0    1    5   11   -0.031490
    0    1    6   11   -0.007707
    0    1    7   11   -0.024692
    0    1    8   11   -0.429138
    0    1    9   11   -0.035275
    0    1   10   11   -0.024743
    0    1   11   11   -0.011725
    0    1   12   11    0.000853
    0    1   13   11    0.006260
    0    1   14   11    0.018257
    0    1   15   11   -0.019465
    0    1   16   11   -0.010105
    0    1   17   11    0.062850
    0    1   18   11    0.031070
    0    1    1   12    0.199690
    0    1    2   12   -0.016340
    0    1    3   12    0.292195
    0    1    4   12    0.034260
    0    1    5   12   -0.003365
    0    1    6   12    0.014043
    0    1    7   12   -0.032157
    0    1    8   12   -0.058858
    0    1    9   12   -0.161335
    0    1   10   12    0.051147
    0    1   11   12   -0.013300
    0    1   12   12    0.039450
    0    1   13   12   -0.058350
    0    1   14   12   -0.044390
    0    1   15   12    0.168237
    0    1   16   12    0.217075
    0    1   17   12    0.020647
    0    1   18   12    0.138732
    0    1    1   13   -0.037032
    0    1    2   13   -0.105470
    0    1    3   13   -0.100352
    0    1    4   13    0.174100
    0    1    5   13    0.083342
    0    1    6   13   -0.396945
    0    1    7   13    0.106445
    0    1    8   13   -0.116495
    0    1    9   13   -0.145622
    0    1   10   13   -0.093860
    0    1   11   13    0.002480
    0    1   12   13   -0.011817
    0    1   13   13   -0.054500
    0    1   14   13   -0.014870
    0    1   15   13   -0.156532
    0    1   16   13   -0.158430
    0    1   17   13    0.094565
    0    1   18   13   -0.240737
    0    1    1   14    0.028805
    0    1    2   14    0.000070
    0    1    3   14   -0.043407
    0    1    4   14    0.340032
    0    1    5   14   -0.004560
    0    1    6   14    0.002932
    0    1    7   14    0.006615
    0    1    8   14   -0.036585
    0    1    9   14   -0.023905
    0    1   10   14    0.001423
    0    1   11   14    0.001195
    0    1   12   14   -0.003532
    0    1   13   14   -0.001295
    0    1   14   14   -0.010860
    0    1   15   14   -0.003090
    0    1   16   14    0.000070
    0    1   17   14    0.027637
    0    1   18   14   -0.012077
    0    1    1   15   -0.067480
    0    1    2   15    0.028410
    0    1    3   15    0.088112
    0    1    4   15    0.001385
    0    1    5   15   -0.015457
    0    1    6   15   -0.377510
    0    1    7   15   -0.527055
    0    1    8   15    0.006083
    0    1    9   15    0.232800
    0    1   10   15    0.223160
    0    1   11   15   -0.060587
    0    1   12   15   -0.735665
    0    1   13   15   -0.299370
    0    1   14   15   -0.014687
    0    1   15   15    0.091675
    0    1   16   15   -1.238747
    0    1   17   15    0.115610
    0    1   18   15   -0.071445
    0    1    1   16   -0.051440
    0    1    2   16    0.036925
    0    1    3   16   -1.677517
    0    1    4   16   -0.125227
    0    1    5   16   -0.039562
    0    1    6   16   -0.005673
    0    1    7   16   -0.165083
    0    1    8   16   -0.024250
    0    1    9   16   -0.139167
    0    1   10   16    0.077317
    0    1   11   16   -0.007810
    0    1   12   16   -0.090323
    0    1   13   16   -0.009950
    0    1   14   16    0.011950
    0    1   15   16    0.288818
    0    1   16   16    0.202602
    0    1   17   16   -0.005112
    0    1   18   16   -0.006022
    0    1    1   17    0.029580
    0    1    2   17    0.037395
    0    1    3   17    0.035130
    0    1    4   17    0.016810
    0    1    5   17   -0.030910
    0    1    6   17    0.008500
    0    1    7   17    0.003433
    0    1    8   17    0.003082
    0    1    9   17    0.001188
    0    1   10   17   -0.001837
    0    1   11   17   -0.003440
    0    1   12   17   -0.011475
    0    1   13   17    0.014605
    0    1   14   17    0.003870
    0    1   15   17   -0.002028
    0    1   16   17    0.003865
    0    1   17   17   -0.008125
    0    1   18   17   -0.114940
    0    1    1   18    0.025242
    0    1    2   18    0.007238
    0    1    3   18    0.081662
    0    1    4   18   -0.017217
    0    1    5   18    0.003060
    0    1    6   18   -0.023727
    0    1    7   18    0.036038
    0    1    8   18   -0.032232
    0    1    9   18   -0.078245
    0    1   10   18    0.041230
    0    1   11   18   -0.006052
    0    1   12   18   -0.014675
    0    1   13   18    0.049665
    0    1   14   18   -0.015725
    0    1   15   18   -0.028688
    0    1   16   18   -0.010932
    0    1   17   18    0.027858
    0    1   18   18    0.017577
    1    1    1    1   -0.021165
    1    1    2    1    0.088822
    1    1    3    1    0.048280
    1    1    4    1   -0.009937
    1    1    5    1   -0.023235
    1    1    6    1   -0.066928
    1    1    7    1   -0.391763
    1    1    8    1   -0.022375
    1    1    9    1    0.107035
    1    1   10    1   -0.003757
    1    1   11    1   -0.024580
    1    1   12    1    0.114348
    1    1   13    1    0.072677
    1    1   14    1    0.007417
    1    1   15    1   -0.008010
    1    1   16    1   -0.155025
    1    1   17    1   -0.005267
    1    1   18    1    0.014580
    1    1    1    2   -0.000577
    1    1    2    2    0.004548
    1    1    3    2    0.001065
    1    1    4    2    0.002225
    1    1    5    2    0.001280
    1    1    6    2    0.003008
    1    1    7    2   -0.013875
    1    1    8    2    0.000622
    1    1    9    2    0.001870
    1    1   10    2    0.001218
    1    1   11    2   -0.004315
    1    1   12    2    0.003680
    1    1   13    2    0.000160
    1    1   14    2    0.001690
    1    1   15    2    0.003903
    1    1   16    2   -0.006985
    1    1   17    2    0.009137
    1    1   18    2    0.003992
    1    1    1    3   -0.008960
    1    1    2    3    0.019520
    1    1    3    3    0.156925
    1    1    4    3    0.004655
    1    1    5    3   -0.016297
    1    1    6    3   -0.003048
    1    1    7    3   -0.085845
    1    1    8    3    0.003705
    1    1    9    3    0.008233
    1    1   10    3    0.007205
    1    1   11    3   -0.000597
    1    1   12    3   -0.005477
    1    1   13    3    0.014368
    1    1   14    3    0.002977
    1    1   15    3    0.125100
    1    1   16    3    0.068455
    1    1   17    3    0.000453
    1    1   18    3   -0.038297
    1    1    1    4    0.045987
    1    1    2    4    0.012285
    1    1    3    4    0.136097
    1    1    4    4    0.072762
    1    1    5    4    0.002260
    1    1    6    4   -0.618877
    1    1    7    4   -0.021765
    1    1    8    4    0.002695
    1    1    9    4    0.090147
    1    1   10    4    0.005195
    1    1   11    4   -0.000095
    1    1   12    4    0.067205
    1    1   13    4   -0.002917
    1    1   14    4    0.012490
    1    1   15    4    0.171440
    1    1   16    4   -0.008585
    1    1   17    4   -0.008030
    1    1   18    4   -0.027560
    1    1    1    5    0.011945
    1    1    2    5    0.001450
    1    1    3    5    0.023585
    1    1    4    5   -0.003442
    1    1    5    5    0.006120
    1    1    6    5   -0.024685
    1    1    7    5    0.048012
    1    1    8    5   -0.000887
    1    1    9    5   -0.004865
    1    1   10    5    0.008090
    1    1   11    5    0.004592
    1    1   12    5    0.017162
    1    1   13    5   -0.013683
    1    1   14    5    0.000530
    1    1   15    5   -0.004553
    1    1   16    5    0.022690
    1    1   17    5   -0.005533
    1    1   18    5   -0.030865
    1    1    1    6   -0.031842
    1    1    2    6    0.023255
    1    1    3    6   -0.000187
    1    1    4    6   -0.001623
    1    1    5    6    0.003602
    1    1    6    6    0.156212
    1    1    7    6   -0.014350
    1    1    8    6   -0.001075
    1    1    9    6    0.007055
    1    1   10    6    0.008985
    1    1   11    6    0.014185
    1    1   12    6    0.015045
    1    1   13    6    0.011747
    1    1   14    6    0.006397
    1    1   15    6   -0.031932
    1    1   16    6    0.002568
    1    1   17    6   -0.049360
    1    1   18    6    0.066275
    1    1    1    7    0.053328
    1    1    2    7   -0.015863
    1    1    3    7    0.027647
    1    1    4    7   -0.000663
    1    1    5    7    0.006797
    1    1    6    7   -0.095432
    1    1    7    7   -0.001278
    1    1    8    7   -0.000040
    1    1    9    7   -0.077590
    1    1   10    7    0.013435
    1    1   11    7    0.008622
    1    1   12    7    0.016700
    1    1   13    7   -0.057550
    1    1   14    7   -0.011607
    1    1   15    7    0.016330
    1    1   16    7    0.187622
    1    1   17    7    0.011087
    1    1   18    7    0.043430
    1    1    1    8    0.007983
    1    1    2    8   -0.922362
    1    1    3    8    0.030425
    1    1    4    8   -0.010942
    1    1    5    8   -0.106250
    1    1    6    8   -1.380103
    1    1    7    8   -0.030765
    1    1    8    8    0.022112
    1    1    9    8   -0.036157
    1    1   10    8   -0.004690
    1    1   11    8    0.101532
    1    1   12    8   -0.180707
    1    1   13    8   -0.992500
    1    1   14    8   -0.055867
    1    1   15    8   -0.001960
    1    1   16    8   -0.100950
    1    1   17    8    1.278455
    1    1   18    8    0.278710
    1    1    1    9    0.027517
    1    1    2    9   -0.014095
    1    1    3    9   -0.151740
    1    1    4    9   -0.011762
    1    1    5    9    0.016782
    1    1    6    9   -0.112087
    1    1    7    9    0.137705
    1    1    8    9   -0.000527
    1    1    9    9    0.000742
    1    1   10    9    0.024770
    1    1   11    9    0.010592
    1    1   12    9    0.037065
    1    1   13    9   -0.061372
    1    1   14    9   -0.002955
    1    1   15    9   -0.086170
    1    1   16    9   -0.025242
    1    1   17    9    0.003500
    1    1   18    9   -0.073515
    1    1    1   10    0.008895
    1    1    2   10   -0.122860
    1    1    3   10   -0.057762
    1    1    4   10   -0.063145
    1    1    5   10   -0.013222
    1    1    6   10    0.481932
    1    1    7   10   -0.077692
    1    1    8   10   -0.001622
    1    1    9   10    0.090840
    1    1   10   10    0.098200
    1    1   11   10    0.025775
    1    1   12   10    0.094967
    1    1   13   10   -0.128972
    1    1   14   10   -0.032135
    1    1   15   10    0.097515
    1    1   16   10    0.020615
    1    1   17   10   -0.043800
    1    1   18   10    0.529698
    1    1    1   11    0.003655
    1    1    2   11    0.000260
    1    1    3   11    0.002090
    1    1    4   11   -0.002717
    1    1    5   11    0.012752
    1    1    6   11    0.146092
    1    1    7   11   -0.165920
    1    1    8   11   -0.002812
    1    1    9   11    0.025055
    1    1   10   11    0.006880
    1    1   11   11    0.029038
    1    1   12   11    0.016917
    1    1   13   11   -0.025743
    1    1   14   11   -0.004055
    1    1   15   11    0.010855
    1    1   16   11    0.015515
    1    1   17   11   -0.068435
    1    1   18   11   -0.028842
    1    1    1   12    0.041817
    1    1    2   12    0.007015
    1    1    3   12    0.019490
    1    1    4   12   -0.010622
    1    1    5   12    0.007025
    1    1    6   12    1.173027
    1    1    7   12   -0.095133
    1    1    8   12    0.001953
    1    1    9   12   -0.003475
    1    1   10   12    0.063855
    1    1   11   12    0.006997
    1    1   12   12   -0.180037
    1    1   13   12   -0.068197
    1    1   14   12    0.001208
    1    1   15   12    0.099447
    1    1   16   12    0.164938
    1    1   17   12   -0.002448
    1    1   18   12   -0.040287
    1    1    1   13   -0.006945
    1    1    2   13   -0.009005
    1    1    3   13   -0.003430
    1    1    4   13    0.005630
    1    1    5   13    0.003422
    1    1    6   13   -0.000645
    1    1    7   13    0.051520
    1    1    8   13    0.000163
    1    1    9   13   -0.020393
    1    1   10   13   -0.025863
    1    1   11   13    0.000495
    1    1   12   13    0.048617
    1    1   13   13    0.015660
    1    1   14   13    0.002413
    1    1   15   13    0.006960
    1    1   16   13   -0.053415
    1    1   17   13   -0.010542
    1    1   18   13   -0.066335
    1    1    1   14    0.004752
    1    1    2   14   -0.018607
    1    1    3   14    0.003647
    1    1    4   14    0.003057
    1    1    5   14    0.031942
    1    1    6   14    0.008237
    1    1    7   14   -0.076045
    1    1    8   14    0.010292
    1    1    9   14    0.007740
    1    1   10   14    0.015205
    1    1   11   14    0.025513
    1    1   12   14   -0.014483
    1    1   13   14   -0.078907
    1    1   14   14    0.005313
    1    1   15   14    0.056315
    1    1   16   14    0.086547
    1    1   17   14    0.013315
    1    1   18   14   -0.113680
    1    1    1   15   -0.014630
    1    1    2   15    0.005790
    1    1    3   15   -0.017307
    1    1    4   15   -0.011558
    1    1    5   15   -0.001142
    1    1    6   15   -0.086660
    1    1    7   15   -0.014935
    1    1    8   15   -0.000687
    1    1    9   15    0.003385
    1    1   10   15   -0.011248
    1    1   11   15   -0.000370
    1    1   12   15    0.440645
    1    1   13   15   -0.143562
    1    1   14   15    0.004027
    1    1   15   15    0.174200
    1    1   16   15   -0.005173
    1    1   17   15   -0.017790
    1    1   18   15   -0.045520
    1    1    1   16    0.048127
    1    1    2   16    0.003782
    1    1    3   16   -0.051360
    1    1    4   16   -0.023635
    1    1    5   16    0.006797
    1    1    6   16   -0.071335
    1    1    7   16   -0.001730
    1    1    8   16    0.001307
    1    1    9   16    0.037882
    1    1   10   16    0.073530
    1    1   11   16   -0.003278
    1    1   12   16    0.165442
    1    1   13   16   -0.065867
    1    1   14   16   -0.012035
    1    1   15   16    0.018712
    1    1   16   16    0.092507
    1    1   17   16   -0.003528
    1    1   18   16    0.036630
    1    1    1   17   -0.019622
    1    1    2   17   -0.001922
    1    1    3   17    0.013330
    1    1    4   17   -0.002510
    1    1    5   17    0.020940
    1    1    6   17    0.012320
    1    1    7   17   -0.078953
    1    1    8   17    0.011052
    1    1    9   17    0.045313
    1    1   10   17    0.004472
    1    1   11   17    0.001160
    1    1   12   17   -0.014037
    1    1   13   17   -0.004938
    1    1   14   17    0.005055
    1    1   15   17    0.019945
    1    1   16   17    0.014035
    1    1   17   17   -0.000910
    1    1   18   17    0.088320
    1    1    1   18   -0.015485
    1    1    2   18   -0.024955
    1    1    3   18   -0.030135
    1    1    4   18   -0.000537
    1    1    5   18    0.001480
    1    1    6   18    0.051295
    1    1    7   18    0.110180
    1    1    8   18    0.008735
    1    1    9   18   -0.013095
    1    1   10   18   -0.008760
    1    1   11   18    0.007168
    1    1   12   18   -0.009217
    1    1   13   18   -0.034495
    1    1   14   18    0.004912
    1    1   15   18   -0.066467
    1    1   16   18   -0.038315
    1    1   17   18   -0.003325
    1    1   18   18   -0.048390
