 ir1  ir2   m    n          ReH 
   -1   -1    1    1   -0.320207
   -1   -1    2    1    0.001493
   -1   -1    3    1    1.556995
   -1   -1    4    1   -0.095875
   -1   -1    5    1    0.002835
   -1   -1    6    1   -0.003527
   -1   -1    7    1   -0.006802
   -1   -1    8    1   -0.004107
   -1   -1    9    1    0.001190
   -1   -1   10    1   -0.048593
   -1   -1   11    1   -0.001005
   -1   -1   12    1   -0.006690
   -1   -1   13    1    0.007080
   -1   -1   14    1   -0.003565
   -1   -1   15    1    0.002790
   -1   -1   16    1    0.003360
   -1   -1   17    1    0.051840
   -1   -1   18    1    0.011765
   -1   -1    1    2    0.017410
   -1   -1    2    2   -0.012242
   -1   -1    3    2    0.077820
   -1   -1    4    2   -0.009610
   -1   -1    5    2    0.024862
   -1   -1    6    2   -0.004367
   -1   -1    7    2   -0.022740
   -1   -1    8    2    0.002860
   -1   -1    9    2    0.012473
   -1   -1   10    2    0.014015
   -1   -1   11    2   -0.011480
   -1   -1   12    2    0.007363
   -1   -1   13    2    0.008837
   -1   -1   14    2    0.024437
   -1   -1   15    2   -0.157612
   -1   -1   16    2    0.010233
   -1   -1   17    2   -0.004440
   -1   -1   18    2   -0.094662
   -1   -1    1    3    0.052770
   -1   -1    2    3    0.000552
   -1   -1    3    3   -0.012402
   -1   -1    4    3    0.145895
   -1   -1    5    3    0.000192
   -1   -1    6    3    0.000385
   -1   -1    7    3    0.016305
   -1   -1    8    3   -0.000905
   -1   -1    9    3    0.000842
   -1   -1   10    3    0.010788
   -1   -1   11    3   -0.003147
   -1   -1   12    3    0.001310
   -1   -1   13    3    0.014370
   -1   -1   14    3   -0.001935
   -1   -1   15    3   -0.060748
   -1   -1   16    3   -0.007040
   -1   -1   17    3   -0.000152
   -1   -1   18    3    0.006565
   -1   -1    1    4    0.224333
   -1   -1    2    4    0.001850
   -1   -1    3    4    0.171145
   -1   -1    4    4   -0.027938
   -1   -1    5    4   -0.001652
   -1   -1    6    4    0.063050
   -1   -1    7    4    0.017253
   -1   -1    8    4    0.012010
   -1   -1    9    4    0.004625
   -1   -1   10    4   -0.053097
   -1   -1   11    4    0.139855
   -1   -1   12    4    0.035965
   -1   -1   13    4   -0.021900
   -1   -1   14    4    0.097515
   -1   -1   15    4   -0.177575
   -1   -1   16    4    0.027500
   -1   -1   17    4    0.014527
   -1   -1   18    4    0.233860
   -1   -1    1    5    0.023680
   -1   -1    2    5   -0.007675
   -1   -1    3    5   -0.059975
   -1   -1    4    5    0.008537
   -1   -1    5    5    0.009183
   -1   -1    6    5   -0.000465
   -1   -1    7    5    0.001130
   -1   -1    8    5    0.005550
   -1   -1    9    5    0.004967
   -1   -1   10    5    0.000935
   -1   -1   11    5    0.007702
   -1   -1   12    5    0.013665
   -1   -1   13    5   -0.005370
   -1   -1   14    5    0.036375
   -1   -1   15    5    0.006405
   -1   -1   16    5    0.009577
   -1   -1   17    5   -0.057907
   -1   -1   18    5   -0.067682
   -1   -1    1    6   -0.053315
   -1   -1    2    6    0.089252
   -1   -1    3    6    0.209150
   -1   -1    4    6   -0.067530
   -1   -1    5    6   -0.083360
   -1   -1    6    6    0.295532
   -1   -1    7    6   -0.059755
   -1   -1    8    6   -0.009150
   -1   -1    9    6   -0.013270
   -1   -1   10    6   -0.002413
   -1   -1   11    6   -0.124480
   -1   -1   12    6    0.043355
   -1   -1   13    6   -0.012825
   -1   -1   14    6   -0.180623
   -1   -1   15    6   -0.315322
   -1   -1   16    6   -0.027432
   -1   -1   17    6   -0.002400
   -1   -1   18    6    0.850550
   -1   -1    1    7   -0.157325
   -1   -1    2    7   -0.002215
   -1   -1    3    7   -0.223743
   -1   -1    4    7    0.064412
   -1   -1    5    7    0.002152
   -1   -1    6    7    0.067582
   -1   -1    7    7    0.022410
   -1   -1    8    7    0.025950
   -1   -1    9    7    0.016625
   -1   -1   10    7   -0.084302
   -1   -1   11    7    0.306295
   -1   -1   12    7    0.159265
   -1   -1   13    7   -0.148285
   -1   -1   14    7    0.237102
   -1   -1   15    7   -0.533892
   -1   -1   16    7   -0.052957
   -1   -1   17    7    0.087582
   -1   -1   18    7   -0.042185
   -1   -1    1    8   -0.006645
   -1   -1    2    8   -0.002407
   -1   -1    3    8   -0.048470
   -1   -1    4    8    0.000712
   -1   -1    5    8   -0.004298
   -1   -1    6    8   -0.002773
   -1   -1    7    8   -0.001312
   -1   -1    8    8   -0.006020
   -1   -1    9    8    0.001708
   -1   -1   10    8    0.000675
   -1   -1   11    8   -0.000935
   -1   -1   12    8   -0.003095
   -1   -1   13    8    0.001872
   -1   -1   14    8   -0.007258
   -1   -1   15    8    0.005282
   -1   -1   16    8    0.008937
   -1   -1   17    8   -0.062632
   -1   -1   18    8   -0.015595
   -1   -1    1    9    0.069665
   -1   -1    2    9   -0.005857
   -1   -1    3    9   -0.068900
   -1   -1    4    9   -0.055960
   -1   -1    5    9   -0.007082
   -1   -1    6    9   -0.026665
   -1   -1    7    9   -0.026560
   -1   -1    8    9    0.010183
   -1   -1    9    9   -0.084050
   -1   -1   10    9    0.017235
   -1   -1   11    9   -0.061530
   -1   -1   12    9   -0.037350
   -1   -1   13    9    0.044255
   -1   -1   14    9   -0.094785
   -1   -1   15    9   -0.001720
   -1   -1   16    9    0.021150
   -1   -1   17    9   -0.137683
   -1   -1   18    9   -0.078857
   -1   -1    1   10    0.860913
   -1   -1    2   10   -0.000492
   -1   -1    3   10   -4.025417
   -1   -1    4   10    0.125500
   -1   -1    5   10    0.002180
   -1   -1    6   10    0.001522
   -1   -1    7   10    0.028965
   -1   -1    8   10    0.003017
   -1   -1    9   10   -0.002583
   -1   -1   10   10   -0.211858
   -1   -1   11   10   -0.001545
   -1   -1   12   10    0.004457
   -1   -1   13   10    0.094007
   -1   -1   14   10    0.006608
   -1   -1   15   10    0.056503
   -1   -1   16   10   -0.003703
   -1   -1   17   10    0.014222
   -1   -1   18   10   -0.011095
   -1   -1    1   11   -0.011915
   -1   -1    2   11   -0.001597
   -1   -1    3   11   -0.028493
   -1   -1    4   11   -0.001310
   -1   -1    5   11   -0.007497
   -1   -1    6   11   -0.004287
   -1   -1    7   11    0.013265
   -1   -1    8   11    0.002160
   -1   -1    9   11    0.000935
   -1   -1   10   11   -0.007585
   -1   -1   11   11    0.004130
   -1   -1   12   11   -0.031203
   -1   -1   13   11    0.029615
   -1   -1   14   11    0.004292
   -1   -1   15   11    0.105115
   -1   -1   16   11    0.011970
   -1   -1   17   11   -0.015115
   -1   -1   18   11    0.018990
   -1   -1    1   12    0.057635
   -1   -1    2   12    0.013805
   -1   -1    3   12    0.017163
   -1   -1    4   12   -0.027932
   -1   -1    5   12    0.007692
   -1   -1    6   12   -0.022650
   -1   -1    7   12   -0.022135
   -1   -1    8   12   -0.002360
   -1   -1    9   12    0.024180
   -1   -1   10   12    0.004420
   -1   -1   11   12   -0.025042
   -1   -1   12   12    0.182212
   -1   -1   13   12   -0.136025
   -1   -1   14   12   -0.021377
   -1   -1   15   12   -0.021462
   -1   -1   16   12    0.005080
   -1   -1   17   12    0.021663
   -1   -1   18   12   -0.006182
   -1   -1    1   13   -0.010520
   -1   -1    2   13   -0.034320
   -1   -1    3   13   -0.045545
   -1   -1    4   13   -0.159272
   -1   -1    5   13   -0.009765
   -1   -1    6   13   -0.145915
   -1   -1    7   13   -0.014092
   -1   -1    8   13    0.017790
   -1   -1    9   13   -0.016535
   -1   -1   10   13   -0.049438
   -1   -1   11   13    0.074905
   -1   -1   12   13   -0.311730
   -1   -1   13   13    0.611437
   -1   -1   14   13   -0.010427
   -1   -1   15   13    0.135472
   -1   -1   16   13    0.014600
   -1   -1   17   13   -0.105000
   -1   -1   18   13   -0.116410
   -1   -1    1   14    0.009717
   -1   -1    2   14   -0.005995
   -1   -1    3   14   -0.030323
   -1   -1    4   14    0.001337
   -1   -1    5   14    0.014538
   -1   -1    6   14    0.002810
   -1   -1    7   14   -0.002465
   -1   -1    8   14   -0.003305
   -1   -1    9   14    0.003265
   -1   -1   10   14    0.001643
   -1   -1   11   14   -0.006815
   -1   -1   12   14    0.003035
   -1   -1   13   14   -0.003085
   -1   -1   14   14    0.028098
   -1   -1   15   14    0.012993
   -1   -1   16   14    0.002485
   -1   -1   17   14   -0.000397
   -1   -1   18   14   -0.045898
   -1   -1    1   15    0.048085
   -1   -1    2   15   -0.001637
   -1   -1    3   15    0.683287
   -1   -1    4   15    0.010560
   -1   -1    5   15   -0.000967
   -1   -1    6   15   -0.022432
   -1   -1    7   15   -0.018892
   -1   -1    8   15    0.001560
   -1   -1    9   15   -0.001260
   -1   -1   10   15    0.047627
   -1   -1   11   15    0.000200
   -1   -1   12   15   -0.012130
   -1   -1   13   15    0.001560
   -1   -1   14   15    0.001005
   -1   -1   15   15   -0.016583
   -1   -1   16   15    0.000990
   -1   -1   17   15   -0.003512
   -1   -1   18   15   -0.044297
   -1   -1    1   16   -0.107575
   -1   -1    2   16    0.009027
   -1   -1    3   16    1.332977
   -1   -1    4   16    0.077125
   -1   -1    5   16   -0.002552
   -1   -1    6   16   -0.003328
   -1   -1    7   16   -0.009280
   -1   -1    8   16   -0.003740
   -1   -1    9   16    0.016255
   -1   -1   10   16    0.077435
   -1   -1   11   16   -0.015265
   -1   -1   12   16    0.000407
   -1   -1   13   16   -0.022405
   -1   -1   14   16   -0.029867
   -1   -1   15   16    0.011822
   -1   -1   16   16   -0.049228
   -1   -1   17   16    0.010985
   -1   -1   18   16    0.026805
   -1   -1    1   17    0.037617
   -1   -1    2   17   -0.011020
   -1   -1    3   17   -0.067607
   -1   -1    4   17   -0.000545
   -1   -1    5   17    0.013927
   -1   -1    6   17    0.013055
   -1   -1    7   17    0.005800
   -1   -1    8   17   -0.002570
   -1   -1    9   17   -0.005278
   -1   -1   10   17   -0.002265
   -1   -1   11   17    0.045387
   -1   -1   12   17   -0.004387
   -1   -1   13   17    0.009503
   -1   -1   14   17    0.039947
   -1   -1   15   17    0.115000
   -1   -1   16   17   -0.002017
   -1   -1   17   17    0.038257
   -1   -1   18   17   -0.037835
   -1   -1    1   18   -0.025582
   -1   -1    2   18    0.014143
   -1   -1    3   18   -0.563623
   -1   -1    4   18   -0.026418
   -1   -1    5   18   -0.026057
   -1   -1    6   18    0.016750
   -1   -1    7   18   -0.008560
   -1   -1    8   18    0.002012
   -1   -1    9   18    0.006987
   -1   -1   10   18    0.061775
   -1   -1   11   18    0.000078
   -1   -1   12   18    0.003045
   -1   -1   13   18   -0.009640
   -1   -1   14   18   -0.049035
   -1   -1   15   18   -0.092550
   -1   -1   16   18   -0.002512
   -1   -1   17   18    0.004145
   -1   -1   18   18    0.185252
    0   -1    1    1   -0.057127
    0   -1    2    1    0.006882
    0   -1    3    1    0.062080
    0   -1    4    1   -0.064970
    0   -1    5    1    0.006047
    0   -1    6    1    0.123707
    0   -1    7    1   -0.248255
    0   -1    8    1   -0.004087
    0   -1    9    1    0.014187
    0   -1   10    1   -0.129097
    0   -1   11    1    0.067310
    0   -1   12    1    0.008417
    0   -1   13    1   -0.261470
    0   -1   14    1    0.000022
    0   -1   15    1   -0.593365
    0   -1   16    1   -0.033930
    0   -1   17    1    0.038522
    0   -1   18    1    0.345647
    0   -1    1    2    0.000400
    0   -1    2    2   -0.020022
    0   -1    3    2   -0.000917
    0   -1    4    2   -0.000885
    0   -1    5    2   -0.002290
    0   -1    6    2   -0.011107
    0   -1    7    2   -0.006665
    0   -1    8    2   -0.000890
    0   -1    9    2    0.002633
    0   -1   10    2    0.000967
    0   -1   11    2    0.021657
    0   -1   12    2   -0.128440
    0   -1   13    2    0.079005
    0   -1   14    2   -0.006562
    0   -1   15    2    0.012455
    0   -1   16    2    0.007438
    0   -1   17    2   -0.011742
    0   -1   18    2   -0.015397
    0   -1    1    3   -0.008875
    0   -1    2    3   -0.002727
    0   -1    3    3    0.019290
    0   -1    4    3    0.000037
    0   -1    5    3   -0.002272
    0   -1    6    3    0.002288
    0   -1    7    3    0.063030
    0   -1    8    3   -0.000387
    0   -1    9    3   -0.004200
    0   -1   10    3   -0.006467
    0   -1   11    3   -0.006460
    0   -1   12    3   -0.004320
    0   -1   13    3    0.005585
    0   -1   14    3   -0.001530
    0   -1   15    3    0.650285
    0   -1   16    3    0.010032
    0   -1   17    3   -0.000417
    0   -1   18    3    0.006792
    0   -1    1    4   -0.021395
    0   -1    2    4    0.027977
    0   -1    3    4   -0.033695
    0   -1    4    4    0.000467
    0   -1    5    4    0.004687
    0   -1    6    4    0.007040
    0   -1    7    4    0.054337
    0   -1    8    4    0.000597
    0   -1    9    4    0.001092
    0   -1   10    4    0.022670
    0   -1   11    4   -0.055862
    0   -1   12    4    0.276030
    0   -1   13    4   -0.073250
    0   -1   14    4    0.006620
    0   -1   15    4    0.085260
    0   -1   16    4   -0.001493
    0   -1   17    4    0.000530
    0   -1   18    4   -0.064170
    0   -1    1    5   -0.005317
    0   -1    2    5    0.042195
    0   -1    3    5    0.000050
    0   -1    4    5   -0.031620
    0   -1    5    5   -0.002132
    0   -1    6    5    0.018690
    0   -1    7    5   -0.061035
    0   -1    8    5   -0.000150
    0   -1    9    5    0.000745
    0   -1   10    5   -0.004400
    0   -1   11    5   -0.046233
    0   -1   12    5    0.549403
    0   -1   13    5   -0.002465
    0   -1   14    5    0.012417
    0   -1   15    5   -0.006753
    0   -1   16    5   -0.013790
    0   -1   17    5   -0.003905
    0   -1   18    5    0.042850
    0   -1    1    6   -0.000610
    0   -1    2    6    0.015465
    0   -1    3    6    0.006310
    0   -1    4    6    0.001772
    0   -1    5    6   -0.002233
    0   -1    6    6   -0.058068
    0   -1    7    6   -0.000810
    0   -1    8    6   -0.001243
    0   -1    9    6    0.003702
    0   -1   10    6   -0.002885
    0   -1   11    6   -0.005218
    0   -1   12    6    0.102602
    0   -1   13    6   -0.058670
    0   -1   14    6    0.002775
    0   -1   15    6   -0.006565
    0   -1   16    6    0.002752
    0   -1   17    6    0.029035
    0   -1   18    6   -0.008735
    0   -1    1    7   -0.010918
    0   -1    2    7    0.068895
    0   -1    3    7    0.010567
    0   -1    4    7   -0.008748
    0   -1    5    7    0.015015
    0   -1    6    7    0.079938
    0   -1    7    7    0.026885
    0   -1    8    7    0.001630
    0   -1    9    7    0.008082
    0   -1   10    7   -0.007900
    0   -1   11    7   -0.108092
    0   -1   12    7    0.695045
    0   -1   13    7   -0.442155
    0   -1   14    7    0.015180
    0   -1   15    7   -0.073082
    0   -1   16    7   -0.004210
    0   -1   17    7   -0.008310
    0   -1   18    7    0.131977
    0   -1    1    8    0.006845
    0   -1    2    8    0.084457
    0   -1    3    8    0.008645
    0   -1    4    8    0.001960
    0   -1    5    8   -0.052990
    0   -1    6    8   -0.121947
    0   -1    7    8   -0.075077
    0   -1    8    8   -0.001090
    0   -1    9    8   -0.024522
    0   -1   10    8    0.005285
    0   -1   11    8   -0.078460
    0   -1   12    8    0.384118
    0   -1   13    8    0.093363
    0   -1   14    8   -0.152030
    0   -1   15    8    0.103122
    0   -1   16    8   -0.030627
    0   -1   17    8   -0.044242
    0   -1   18    8    0.228758
    0   -1    1    9   -0.009160
    0   -1    2    9    0.046717
    0   -1    3    9   -0.008050
    0   -1    4    9   -0.043015
    0   -1    5    9   -0.001715
    0   -1    6    9   -0.033717
    0   -1    7    9   -0.108485
    0   -1    8    9    0.005942
    0   -1    9    9   -0.089380
    0   -1   10    9    0.005507
    0   -1   11    9   -0.030817
    0   -1   12    9    0.832697
    0   -1   13    9    0.257097
    0   -1   14    9    0.011610
    0   -1   15    9    0.012493
    0   -1   16    9    0.004533
    0   -1   17    9   -0.016555
    0   -1   18    9    0.057505
    0   -1    1   10   -0.115070
    0   -1    2   10   -0.009640
    0   -1    3   10   -0.291237
    0   -1    4   10   -0.110757
    0   -1    5   10   -0.008730
    0   -1    6   10    0.101090
    0   -1    7   10    0.383130
    0   -1    8   10    0.000700
    0   -1    9   10   -0.003705
    0   -1   10   10   -0.056232
    0   -1   11   10   -0.020563
    0   -1   12   10   -0.073993
    0   -1   13   10    0.472410
    0   -1   14   10   -0.001838
    0   -1   15   10    0.367407
    0   -1   16   10   -0.030600
    0   -1   17   10    0.006727
    0   -1   18   10    0.182482
    0   -1    1   11   -0.002035
    0   -1    2   11    0.004755
    0   -1    3   11    0.000722
    0   -1    4   11   -0.002815
    0   -1    5   11   -0.002035
    0   -1    6   11    0.003375
    0   -1    7   11   -0.008360
    0   -1    8   11   -0.001267
    0   -1    9   11    0.005847
    0   -1   10   11   -0.002142
    0   -1   11   11    0.000275
    0   -1   12   11    0.058937
    0   -1   13   11    0.019122
    0   -1   14   11    0.000730
    0   -1   15   11   -0.010990
    0   -1   16   11    0.005390
    0   -1   17   11    0.004105
    0   -1   18   11    0.002602
    0   -1    1   12    0.008700
    0   -1    2   12    0.007135
    0   -1    3   12    0.002813
    0   -1    4   12   -0.019270
    0   -1    5   12    0.003090
    0   -1    6   12   -0.004310
    0   -1    7   12   -0.013315
    0   -1    8   12   -0.000177
    0   -1    9   12    0.015942
    0   -1   10   12    0.008157
    0   -1   11   12   -0.009625
    0   -1   12   12    0.124417
    0   -1   13   12   -0.114010
    0   -1   14   12    0.003095
    0   -1   15   12    0.012370
    0   -1   16   12    0.007523
    0   -1   17   12   -0.011103
    0   -1   18   12   -0.004150
    0   -1    1   13   -0.038117
    0   -1    2   13   -0.043062
    0   -1    3   13   -0.047192
    0   -1    4   13    0.012035
    0   -1    5   13   -0.012115
    0   -1    6   13   -0.052485
    0   -1    7   13   -0.153817
    0   -1    8   13   -0.000713
    0   -1    9   13   -0.008360
    0   -1   10   13    0.006915
    0   -1   11   13    0.084945
    0   -1   12   13   -0.487082
    0   -1   13   13    0.758068
    0   -1   14   13   -0.010100
    0   -1   15   13   -0.264635
    0   -1   16   13   -0.026637
    0   -1   17   13    0.015038
    0   -1   18   13   -0.027420
    0   -1    1   14   -0.000087
    0   -1    2   14    0.008067
    0   -1    3   14    0.000125
    0   -1    4   14    0.001560
    0   -1    5   14   -0.007770
    0   -1    6   14   -0.004843
    0   -1    7   14    0.007143
    0   -1    8   14   -0.000928
    0   -1    9   14   -0.005555
    0   -1   10   14   -0.000920
    0   -1   11   14   -0.004708
    0   -1   12   14   -0.033735
    0   -1   13   14    0.011795
    0   -1   14   14   -0.016827
    0   -1   15   14   -0.029710
    0   -1   16   14   -0.007222
    0   -1   17   14   -0.002452
    0   -1   18   14    0.034302
    0   -1    1   15   -0.010342
    0   -1    2   15    0.007420
    0   -1    3   15   -0.012552
    0   -1    4   15   -0.014315
    0   -1    5   15    0.000082
    0   -1    6   15   -0.014823
    0   -1    7   15   -0.007752
    0   -1    8   15   -0.000372
    0   -1    9   15    0.003927
    0   -1   10   15    0.000800
    0   -1   11   15   -0.006765
    0   -1   12   15    0.063205
    0   -1   13   15   -0.000387
    0   -1   14   15    0.001685
    0   -1   15   15    0.013442
    0   -1   16   15   -0.005317
    0   -1   17   15    0.003745
    0   -1   18   15    0.002477
    0   -1    1   16    0.003042
    0   -1    2   16   -0.013925
    0   -1    3   16   -0.038127
    0   -1    4   16    0.139840
    0   -1    5   16    0.011607
    0   -1    6   16   -0.225658
    0   -1    7   16    0.053523
    0   -1    8   16    0.002697
    0   -1    9   16   -0.010963
    0   -1   10   16    0.020785
    0   -1   11   16   -0.044612
    0   -1   12   16   -0.113653
    0   -1   13   16   -0.064430
    0   -1   14   16   -0.002177
    0   -1   15   16    0.271290
    0   -1   16   16   -0.108437
    0   -1   17   16   -0.000225
    0   -1   18   16   -0.764380
    0   -1    1   17    0.018450
    0   -1    2   17    0.013470
    0   -1    3   17   -0.004475
    0   -1    4   17   -0.013905
    0   -1    5   17   -0.002855
    0   -1    6   17    0.030082
    0   -1    7   17    0.002165
    0   -1    8   17   -0.003535
    0   -1    9   17    0.006222
    0   -1   10   17   -0.005352
    0   -1   11   17   -0.073990
    0   -1   12   17    0.093298
    0   -1   13   17   -0.138552
    0   -1   14   17   -0.000377
    0   -1   15   17   -0.037773
    0   -1   16   17   -0.001693
    0   -1   17   17    0.023795
    0   -1   18   17    0.028198
    0   -1    1   18    0.014143
    0   -1    2   18   -0.008257
    0   -1    3   18   -0.011562
    0   -1    4   18    0.008908
    0   -1    5   18    0.006710
    0   -1    6   18   -0.018832
    0   -1    7   18   -0.000088
    0   -1    8   18    0.001285
    0   -1    9   18   -0.001623
    0   -1   10   18    0.009625
    0   -1   11   18   -0.012030
    0   -1   12   18    0.028173
    0   -1   13   18   -0.031567
    0   -1   14   18    0.017053
    0   -1   15   18    0.026992
    0   -1   16   18    0.026372
    0   -1   17   18    0.003042
    0   -1   18   18   -0.061587
    1   -1    1    1    0.011933
    1   -1    2    1    0.001225
    1   -1    3    1    0.008190
    1   -1    4    1    0.024775
    1   -1    5    1    0.003047
    1   -1    6    1    0.038275
    1   -1    7    1    0.051740
    1   -1    8    1    0.000597
    1   -1    9    1   -0.011120
    1   -1   10    1   -0.006307
    1   -1   11    1   -0.010220
    1   -1   12    1    0.076395
    1   -1   13    1   -0.178732
    1   -1   14    1    0.000298
    1   -1   15    1   -0.040185
    1   -1   16    1    0.016830
    1   -1   17    1   -0.002252
    1   -1   18    1    0.011328
    1   -1    1    2    0.001057
    1   -1    2    2   -0.000375
    1   -1    3    2   -0.000052
    1   -1    4    2    0.000990
    1   -1    5    2    0.000670
    1   -1    6    2    0.002095
    1   -1    7    2    0.003100
    1   -1    8    2   -0.000147
    1   -1    9    2   -0.002457
    1   -1   10    2    0.000240
    1   -1   11    2    0.000242
    1   -1   12    2    0.003250
    1   -1   13    2   -0.004067
    1   -1   14    2    0.000102
    1   -1   15    2    0.000767
    1   -1   16    2   -0.000950
    1   -1   17    2   -0.000025
    1   -1   18    2   -0.000817
    1   -1    1    3    0.004092
    1   -1    2    3   -0.000335
    1   -1    3    3    0.003300
    1   -1    4    3    0.002780
    1   -1    5    3   -0.000050
    1   -1    6    3   -0.000922
    1   -1    7    3    0.000750
    1   -1    8    3    0.000012
    1   -1    9    3   -0.001162
    1   -1   10    3    0.001220
    1   -1   11    3   -0.000055
    1   -1   12    3   -0.003940
    1   -1   13    3    0.001770
    1   -1   14    3   -0.000220
    1   -1   15    3    0.013150
    1   -1   16    3   -0.001012
    1   -1   17    3   -0.000500
    1   -1   18    3   -0.003207
    1   -1    1    4    0.002402
    1   -1    2    4   -0.000435
    1   -1    3    4    0.005552
    1   -1    4    4    0.000640
    1   -1    5    4    0.000585
    1   -1    6    4   -0.002190
    1   -1    7    4   -0.002515
    1   -1    8    4    0.000032
    1   -1    9    4    0.001210
    1   -1   10    4   -0.002505
    1   -1   11    4    0.000005
    1   -1   12    4   -0.003322
    1   -1   13    4   -0.007417
    1   -1   14    4    0.000333
    1   -1   15    4    0.004230
    1   -1   16    4   -0.000225
    1   -1   17    4   -0.001275
    1   -1   18    4   -0.000627
    1   -1    1    5   -0.000552
    1   -1    2    5    0.001915
    1   -1    3    5    0.000348
    1   -1    4    5   -0.000042
    1   -1    5    5    0.000122
    1   -1    6    5    0.000052
    1   -1    7    5    0.000635
    1   -1    8    5    0.000172
    1   -1    9    5    0.000362
    1   -1   10    5    0.000125
    1   -1   11    5   -0.002365
    1   -1   12    5    0.008578
    1   -1   13    5   -0.019595
    1   -1   14    5   -0.000215
    1   -1   15    5   -0.001090
    1   -1   16    5   -0.000748
    1   -1   17    5   -0.000915
    1   -1   18    5    0.001692
    1   -1    1    6   -0.002225
    1   -1    2    6    0.000362
    1   -1    3    6   -0.000005
    1   -1    4    6   -0.002657
    1   -1    5    6    0.001037
    1   -1    6    6   -0.004240
    1   -1    7    6   -0.006727
    1   -1    8    6    0.000050
    1   -1    9    6    0.001347
    1   -1   10    6   -0.000048
    1   -1   11    6    0.002290
    1   -1   12    6   -0.007175
    1   -1   13    6    0.022162
    1   -1   14    6    0.001627
    1   -1   15    6   -0.000287
    1   -1   16    6   -0.004445
    1   -1   17    6   -0.002223
    1   -1   18    6   -0.001712
    1   -1    1    7   -0.008182
    1   -1    2    7   -0.001215
    1   -1    3    7   -0.001350
    1   -1    4    7   -0.004428
    1   -1    5    7   -0.000518
    1   -1    6    7   -0.008275
    1   -1    7    7   -0.011992
    1   -1    8    7   -0.000015
    1   -1    9    7    0.001670
    1   -1   10    7   -0.001980
    1   -1   11    7    0.001913
    1   -1   12    7   -0.030970
    1   -1   13    7    0.037320
    1   -1   14    7    0.000277
    1   -1   15    7    0.000370
    1   -1   16    7   -0.000260
    1   -1   17    7   -0.007072
    1   -1   18    7   -0.004052
    1   -1    1    8    0.000742
    1   -1    2    8    0.008065
    1   -1    3    8    0.000607
    1   -1    4    8   -0.003062
    1   -1    5    8   -0.002875
    1   -1    6    8   -0.023320
    1   -1    7    8   -0.009910
    1   -1    8    8   -0.000615
    1   -1    9    8    0.001400
    1   -1   10    8   -0.000965
    1   -1   11    8    0.005593
    1   -1   12    8    0.042122
    1   -1   13    8    0.058595
    1   -1   14    8   -0.000700
    1   -1   15    8    0.000015
    1   -1   16    8   -0.000350
    1   -1   17    8    0.025308
    1   -1   18    8   -0.001715
    1   -1    1    9   -0.000448
    1   -1    2    9   -0.003437
    1   -1    3    9    0.001525
    1   -1    4    9   -0.000503
    1   -1    5    9   -0.001373
    1   -1    6    9    0.002010
    1   -1    7    9   -0.006635
    1   -1    8    9    0.000162
    1   -1    9    9    0.019760
    1   -1   10    9   -0.001730
    1   -1   11    9    0.001590
    1   -1   12    9   -0.005732
    1   -1   13    9    0.022582
    1   -1   14    9   -0.001243
    1   -1   15    9   -0.001600
    1   -1   16    9   -0.003082
    1   -1   17    9    0.004957
    1   -1   18    9    0.000805
    1   -1    1   10   -0.003430
    1   -1    2   10   -0.005875
    1   -1    3   10   -0.008215
    1   -1    4   10    0.009025
    1   -1    5   10    0.000562
    1   -1    6   10    0.017185
    1   -1    7   10   -0.015770
    1   -1    8   10    0.000327
    1   -1    9   10    0.006012
    1   -1   10   10    0.004580
    1   -1   11   10    0.006383
    1   -1   12   10   -0.005960
    1   -1   13   10    0.011350
    1   -1   14   10   -0.000055
    1   -1   15   10   -0.022280
    1   -1   16   10   -0.012538
    1   -1   17   10    0.002862
    1   -1   18   10    0.016070
    1   -1    1   11    0.001247
    1   -1    2   11   -0.000503
    1   -1    3   11   -0.000165
    1   -1    4   11    0.000550
    1   -1    5   11    0.000722
    1   -1    6   11    0.001807
    1   -1    7   11    0.000985
    1   -1    8   11   -0.000032
    1   -1    9   11   -0.001425
    1   -1   10   11    0.000350
    1   -1   11   11    0.000120
    1   -1   12   11   -0.002958
    1   -1   13   11   -0.001242
    1   -1   14   11    0.000532
    1   -1   15   11   -0.000495
    1   -1   16   11   -0.001475
    1   -1   17   11    0.000090
    1   -1   18   11   -0.000752
    1   -1    1   12   -0.007490
    1   -1    2   12    0.001100
    1   -1    3   12    0.001150
    1   -1    4   12   -0.003678
    1   -1    5   12   -0.001660
    1   -1    6   12   -0.005472
    1   -1    7   12   -0.005887
    1   -1    8   12    0.002142
    1   -1    9   12    0.002577
    1   -1   10   12   -0.002142
    1   -1   11   12    0.002825
    1   -1   12   12   -0.025997
    1   -1   13   12    0.021012
    1   -1   14   12   -0.000838
    1   -1   15   12    0.001195
    1   -1   16   12    0.000565
    1   -1   17   12   -0.010313
    1   -1   18   12   -0.000610
    1   -1    1   13    0.028037
    1   -1    2   13   -0.003942
    1   -1    3   13    0.000943
    1   -1    4   13    0.007715
    1   -1    5   13    0.002403
    1   -1    6   13    0.019005
    1   -1    7   13    0.005980
    1   -1    8   13   -0.001870
    1   -1    9   13   -0.000692
    1   -1   10   13    0.005940
    1   -1   11   13   -0.004705
    1   -1   12   13    0.052850
    1   -1   13   13   -0.053402
    1   -1   14   13    0.000137
    1   -1   15   13    0.008263
    1   -1   16   13   -0.006653
    1   -1   17   13    0.023628
    1   -1   18   13    0.005770
    1   -1    1   14   -0.000375
    1   -1    2   14    0.007020
    1   -1    3   14    0.000412
    1   -1    4   14   -0.000970
    1   -1    5   14   -0.000645
    1   -1    6   14   -0.009037
    1   -1    7   14   -0.001200
    1   -1    8   14   -0.000187
    1   -1    9   14    0.000305
    1   -1   10   14   -0.000345
    1   -1   11   14   -0.001182
    1   -1   12   14    0.021173
    1   -1   13   14   -0.010583
    1   -1   14   14   -0.000450
    1   -1   15   14   -0.002347
    1   -1   16   14   -0.001345
    1   -1   17   14    0.001525
    1   -1   18   14    0.001717
    1   -1    1   15   -0.000570
    1   -1    2   15   -0.000297
    1   -1    3   15   -0.000990
    1   -1    4   15    0.003563
    1   -1    5   15    0.000020
    1   -1    6   15    0.002700
    1   -1    7   15    0.003095
    1   -1    8   15   -0.000122
    1   -1    9   15   -0.001507
    1   -1   10   15    0.001157
    1   -1   11   15   -0.000103
    1   -1   12   15    0.004185
    1   -1   13   15   -0.009210
    1   -1   14   15   -0.000295
    1   -1   15   15    0.006255
    1   -1   16   15    0.001877
    1   -1   17   15   -0.001050
    1   -1   18   15    0.002820
    1   -1    1   16   -0.000320
    1   -1    2   16    0.003185
    1   -1    3   16   -0.003180
    1   -1    4   16    0.000987
    1   -1    5   16   -0.001210
    1   -1    6   16    0.014587
    1   -1    7   16   -0.000353
    1   -1    8   16   -0.000097
    1   -1    9   16   -0.002457
    1   -1   10   16    0.006830
    1   -1   11   16   -0.002217
    1   -1   12   16    0.026670
    1   -1   13   16   -0.023440
    1   -1   14   16   -0.000197
    1   -1   15   16   -0.001215
    1   -1   16   16    0.024220
    1   -1   17   16    0.003107
    1   -1   18   16    0.018093
    1   -1    1   17    0.006735
    1   -1    2   17    0.015062
    1   -1    3   17    0.001700
    1   -1    4   17   -0.003910
    1   -1    5   17    0.003417
    1   -1    6   17    0.016040
    1   -1    7   17    0.015875
    1   -1    8   17    0.000552
    1   -1    9   17    0.000907
    1   -1   10   17    0.004290
    1   -1   11   17   -0.022020
    1   -1   12   17    0.201247
    1   -1   13   17   -0.181910
    1   -1   14   17    0.002753
    1   -1   15   17   -0.001245
    1   -1   16   17    0.002270
    1   -1   17   17   -0.003205
    1   -1   18   17    0.010495
    1   -1    1   18    0.000935
    1   -1    2   18   -0.004320
    1   -1    3   18   -0.000662
    1   -1    4   18   -0.003112
    1   -1    5   18    0.000240
    1   -1    6   18    0.001665
    1   -1    7   18    0.001620
    1   -1    8   18    0.000082
    1   -1    9   18    0.003040
    1   -1   10   18    0.001882
    1   -1   11   18   -0.001155
    1   -1   12   18    0.016300
    1   -1   13   18   -0.009620
    1   -1   14   18   -0.001177
    1   -1   15   18    0.006282
    1   -1   16   18    0.004477
    1   -1   17   18   -0.003585
    1   -1   18   18   -0.001275
   -1    0    1    1    0.062223
   -1    0    2    1    0.000450
   -1    0    3    1    0.061930
   -1    0    4    1   -0.006777
   -1    0    5    1    0.007555
   -1    0    6    1   -0.005213
   -1    0    7    1   -0.010127
   -1    0    8    1   -0.009412
   -1    0    9    1    0.000160
   -1    0   10    1   -0.006502
   -1    0   11    1   -0.000635
   -1    0   12    1   -0.008197
   -1    0   13    1    0.020135
   -1    0   14    1    0.000873
   -1    0   15    1    0.002500
   -1    0   16    1   -0.096775
   -1    0   17    1    0.060010
   -1    0   18    1   -0.002785
   -1    0    1    2   -0.217927
   -1    0    2    2    0.048355
   -1    0    3    2    0.013600
   -1    0    4    2   -0.010282
   -1    0    5    2   -0.016717
   -1    0    6    2    0.000508
   -1    0    7    2   -0.015487
   -1    0    8    2   -0.014403
   -1    0    9    2    0.033452
   -1    0   10    2   -0.009658
   -1    0   11    2   -0.007780
   -1    0   12    2    0.003925
   -1    0   13    2    0.017797
   -1    0   14    2    0.032032
   -1    0   15    2   -0.002618
   -1    0   16    2   -0.056505
   -1    0   17    2   -2.271640
   -1    0   18    2    0.266327
   -1    0    1    3   -1.137487
   -1    0    2    3    0.000293
   -1    0    3    3    0.079472
   -1    0    4    3    0.187470
   -1    0    5    3    0.001002
   -1    0    6    3   -0.001382
   -1    0    7    3   -0.013055
   -1    0    8    3    0.002112
   -1    0    9    3    0.003062
   -1    0   10    3   -0.025600
   -1    0   11    3    0.001480
   -1    0   12    3   -0.001335
   -1    0   13    3    0.011532
   -1    0   14    3   -0.001860
   -1    0   15    3   -0.010915
   -1    0   16    3    0.000698
   -1    0   17    3    0.000030
   -1    0   18    3    0.000350
   -1    0    1    4    0.666925
   -1    0    2    4   -0.001457
   -1    0    3    4    0.048267
   -1    0    4    4    0.007642
   -1    0    5    4   -0.020412
   -1    0    6    4    0.013110
   -1    0    7    4    0.004090
   -1    0    8    4    0.318148
   -1    0    9    4    0.006195
   -1    0   10    4    0.059140
   -1    0   11    4   -0.017277
   -1    0   12    4    0.004930
   -1    0   13    4   -0.023032
   -1    0   14    4    0.113903
   -1    0   15    4    0.031100
   -1    0   16    4    0.809255
   -1    0   17    4   -0.034532
   -1    0   18    4   -0.033232
   -1    0    1    5   -0.063332
   -1    0    2    5   -0.000835
   -1    0    3    5    0.001560
   -1    0    4    5    0.003508
   -1    0    5    5    0.006177
   -1    0    6    5   -0.004513
   -1    0    7    5    0.001570
   -1    0    8    5    0.085725
   -1    0    9    5    0.007670
   -1    0   10    5   -0.002702
   -1    0   11    5   -0.007507
   -1    0   12    5    0.010792
   -1    0   13    5   -0.013100
   -1    0   14    5    0.043762
   -1    0   15    5   -0.001568
   -1    0   16    5    0.019370
   -1    0   17    5   -0.030130
   -1    0   18    5   -0.020323
   -1    0    1    6    0.284147
   -1    0    2    6   -0.048387
   -1    0    3    6   -0.143185
   -1    0    4    6   -0.001210
   -1    0    5    6   -0.129105
   -1    0    6    6   -0.013507
   -1    0    7    6    0.034310
   -1    0    8    6    2.319030
   -1    0    9    6   -0.063482
   -1    0   10    6    0.932717
   -1    0   11    6    0.057420
   -1    0   12    6    0.012032
   -1    0   13    6   -0.107955
   -1    0   14    6   -0.409975
   -1    0   15    6   -0.002820
   -1    0   16    6   -0.485920
   -1    0   17    6   -0.309627
   -1    0   18    6   -1.054768
   -1    0    1    7   -0.548490
   -1    0    2    7   -0.009420
   -1    0    3    7   -0.046145
   -1    0    4    7    0.507458
   -1    0    5    7   -0.065765
   -1    0    6    7    0.037450
   -1    0    7    7    0.045088
   -1    0    8    7    0.749103
   -1    0    9    7    0.018632
   -1    0   10    7    0.044905
   -1    0   11    7   -0.031723
   -1    0   12    7    0.064197
   -1    0   13    7   -0.271228
   -1    0   14    7    0.208152
   -1    0   15    7   -0.053517
   -1    0   16    7   -0.029207
   -1    0   17    7   -0.356158
   -1    0   18    7   -0.042915
   -1    0    1    8    0.005233
   -1    0    2    8   -0.001190
   -1    0    3    8   -0.000045
   -1    0    4    8   -0.000788
   -1    0    5    8   -0.001997
   -1    0    6    8   -0.000260
   -1    0    7    8   -0.000235
   -1    0    8    8    0.032762
   -1    0    9    8    0.001725
   -1    0   10    8    0.001522
   -1    0   11    8   -0.000677
   -1    0   12    8    0.000375
   -1    0   13    8   -0.002740
   -1    0   14    8    0.002387
   -1    0   15    8    0.000260
   -1    0   16    8    0.004690
   -1    0   17    8   -0.006602
   -1    0   18    8   -0.002392
   -1    0    1    9   -0.315880
   -1    0    2    9   -0.002100
   -1    0    3    9   -0.003798
   -1    0    4    9    0.038373
   -1    0    5    9    0.030190
   -1    0    6    9    0.019930
   -1    0    7    9   -0.006362
   -1    0    8    9   -0.584175
   -1    0    9    9   -0.166225
   -1    0   10    9    0.053275
   -1    0   11    9    0.019610
   -1    0   12    9   -0.007577
   -1    0   13    9   -0.023322
   -1    0   14    9   -0.084340
   -1    0   15    9   -0.001917
   -1    0   16    9   -0.104182
   -1    0   17    9   -0.141087
   -1    0   18    9   -0.049450
   -1    0    1   10    0.259672
   -1    0    2   10   -0.000660
   -1    0    3   10    0.080782
   -1    0    4   10   -0.064372
   -1    0    5   10    0.005157
   -1    0    6   10    0.000747
   -1    0    7   10    0.005652
   -1    0    8   10   -0.006730
   -1    0    9   10   -0.008977
   -1    0   10   10    0.015130
   -1    0   11   10   -0.001637
   -1    0   12   10   -0.000290
   -1    0   13   10   -0.020722
   -1    0   14   10   -0.005947
   -1    0   15   10    0.025020
   -1    0   16   10   -0.176740
   -1    0   17   10   -0.015752
   -1    0   18   10    0.003410
   -1    0    1   11    0.168092
   -1    0    2   11   -0.004502
   -1    0    3   11   -0.031987
   -1    0    4   11   -0.068555
   -1    0    5   11   -0.040962
   -1    0    6   11   -0.008117
   -1    0    7   11   -0.009670
   -1    0    8   11    0.272380
   -1    0    9   11   -0.000195
   -1    0   10   11    0.026763
   -1    0   11   11   -0.003322
   -1    0   12   11   -0.017330
   -1    0   13   11    0.053622
   -1    0   14   11    0.025022
   -1    0   15   11    0.010495
   -1    0   16   11    0.024325
   -1    0   17   11   -0.863485
   -1    0   18   11    0.009200
   -1    0    1   12   -0.356340
   -1    0    2   12    0.139200
   -1    0    3   12    0.105155
   -1    0    4   12    0.126817
   -1    0    5   12   -0.176713
   -1    0    6   12    0.168702
   -1    0    7   12    0.038820
   -1    0    8   12    0.287802
   -1    0    9   12   -0.228705
   -1    0   10   12   -0.033455
   -1    0   11   12    0.017288
   -1    0   12   12    0.131705
   -1    0   13   12   -0.194462
   -1    0   14   12   -5.317313
   -1    0   15   12    0.018615
   -1    0   16   12   -0.033850
   -1    0   17   12    2.201532
   -1    0   18   12    5.707192
   -1    0    1   13    0.342285
   -1    0    2   13    0.022590
   -1    0    3   13   -0.062882
   -1    0    4   13   -0.548502
   -1    0    5   13    0.174745
   -1    0    6   13   -0.159147
   -1    0    7   13   -0.149190
   -1    0    8   13    0.004197
   -1    0    9   13   -0.084882
   -1    0   10   13    0.212523
   -1    0   11   13    0.037140
   -1    0   12   13   -0.230097
   -1    0   13   13    0.390405
   -1    0   14   13    0.360828
   -1    0   15   13    0.015997
   -1    0   16   13   -0.159682
   -1    0   17   13    4.004175
   -1    0   18   13    0.103822
   -1    0    1   14   -0.012072
   -1    0    2   14    0.001950
   -1    0    3   14    0.002657
   -1    0    4   14   -0.001758
   -1    0    5   14    0.012403
   -1    0    6   14   -0.006115
   -1    0    7   14   -0.001703
   -1    0    8   14   -0.007632
   -1    0    9   14   -0.000573
   -1    0   10   14   -0.006922
   -1    0   11   14   -0.002743
   -1    0   12   14    0.003657
   -1    0   13   14   -0.002497
   -1    0   14   14    0.013577
   -1    0   15   14   -0.000473
   -1    0   16   14   -0.010155
   -1    0   17   14    0.011152
   -1    0   18   14    0.001530
   -1    0    1   15    0.372950
   -1    0    2   15   -0.002765
   -1    0    3   15    0.338592
   -1    0    4   15    0.296120
   -1    0    5   15   -0.014325
   -1    0    6   15    0.000168
   -1    0    7   15    0.009258
   -1    0    8   15    0.038700
   -1    0    9   15    0.003092
   -1    0   10   15   -0.187345
   -1    0   11   15   -0.001405
   -1    0   12   15   -0.004337
   -1    0   13   15    0.056487
   -1    0   14   15   -0.011160
   -1    0   15   15    0.080950
   -1    0   16   15    0.105027
   -1    0   17   15   -0.056717
   -1    0   18   15   -0.003095
   -1    0    1   16    0.616157
   -1    0    2   16    0.004200
   -1    0    3   16    0.079177
   -1    0    4   16   -0.058532
   -1    0    5   16    0.003302
   -1    0    6   16    0.000185
   -1    0    7   16   -0.000728
   -1    0    8   16   -0.251630
   -1    0    9   16    0.021960
   -1    0   10   16   -0.116010
   -1    0   11   16    0.004333
   -1    0   12   16   -0.000940
   -1    0   13   16    0.079653
   -1    0   14   16   -0.040125
   -1    0   15   16   -0.009157
   -1    0   16   16   -0.148397
   -1    0   17   16    0.029485
   -1    0   18   16   -0.037082
   -1    0    1   17    0.026280
   -1    0    2   17    0.127065
   -1    0    3   17   -0.067800
   -1    0    4   17    0.013805
   -1    0    5   17    0.747642
   -1    0    6   17    0.221355
   -1    0    7   17   -0.017988
   -1    0    8   17   -0.544755
   -1    0    9   17   -0.297857
   -1    0   10   17   -0.012455
   -1    0   11   17   -0.127160
   -1    0   12   17    0.004735
   -1    0   13   17    0.022203
   -1    0   14   17    1.975677
   -1    0   15   17   -0.000462
   -1    0   16   17   -0.212295
   -1    0   17   17    0.078553
   -1    0   18   17    3.524367
   -1    0    1   18   -0.345832
   -1    0    2   18    0.005795
   -1    0    3   18   -0.251165
   -1    0    4   18   -0.027295
   -1    0    5   18   -0.015488
   -1    0    6   18    0.033715
   -1    0    7   18    0.006812
   -1    0    8   18    0.133710
   -1    0    9   18    0.010130
   -1    0   10   18   -0.219325
   -1    0   11   18    0.007197
   -1    0   12   18    0.005622
   -1    0   13   18   -0.002750
   -1    0   14   18    0.022013
   -1    0   15   18   -0.098625
   -1    0   16   18    0.275237
   -1    0   17   18    0.005190
   -1    0   18   18   -0.059748
    0    0    1    1   -3.241925
    0    0    2    1    0.017127
    0    0    3    1    0.061792
    0    0    4    1   -0.100158
    0    0    5    1   -0.043592
    0    0    6    1    0.187780
    0    0    7    1    0.116647
    0    0    8    1    0.124272
    0    0    9    1    0.046882
    0    0   10    1   -3.636217
    0    0   11    1    0.071707
    0    0   12    1    0.100060
    0    0   13    1    0.106017
    0    0   14    1   -0.088677
    0    0   15    1   -0.693690
    0    0   16    1   -1.742897
    0    0   17    1    0.134000
    0    0   18    1   -0.492667
    0    0    1    2    0.017127
    0    0    2    2   -3.569795
    0    0    3    2   -0.109015
    0    0    4    2    1.393582
    0    0    5    2   -0.055770
    0    0    6    2   -6.671350
    0    0    7    2    2.936643
    0    0    8    2    0.136340
    0    0    9    2   -0.153872
    0    0   10    2    0.018312
    0    0   11    2   -0.635912
    0    0   12    2   -1.098247
    0    0   13    2   -0.244200
    0    0   14    2   -0.080522
    0    0   15    2    0.167275
    0    0   16    2   -1.722068
    0    0   17    2    1.296065
    0    0   18    2    2.377672
    0    0    1    3    0.061792
    0    0    2    3   -0.109015
    0    0    3    3    3.282260
    0    0    4    3   -0.438395
    0    0    5    3    0.230497
    0    0    6    3    0.020352
    0    0    7    3    0.582720
    0    0    8    3    0.024155
    0    0    9    3   -0.002687
    0    0   10    3   -0.674242
    0    0   11    3   -0.121143
    0    0   12    3   -0.005673
    0    0   13    3   -0.999235
    0    0   14    3    0.000788
    0    0   15    3   -0.032300
    0    0   16    3    0.114205
    0    0   17    3   -0.015460
    0    0   18    3    0.160670
    0    0    1    4   -0.100158
    0    0    2    4    1.393582
    0    0    3    4   -0.438395
    0    0    4    4   -2.214582
    0    0    5    4   -0.198633
    0    0    6    4   -0.417105
    0    0    7    4   -4.997535
    0    0    8    4   -0.048420
    0    0    9    4    2.506552
    0    0   10    4    0.416337
    0    0   11    4   -0.377260
    0    0   12    4    0.693040
    0    0   13    4   -0.827537
    0    0   14    4    0.233050
    0    0   15    4   -0.721800
    0    0   16    4    0.447922
    0    0   17    4   -0.049775
    0    0   18    4   -0.147715
    0    0    1    5   -0.043592
    0    0    2    5   -0.055770
    0    0    3    5    0.230497
    0    0    4    5   -0.198633
    0    0    5    5    0.323462
    0    0    6    5    0.254478
    0    0    7    5   -0.265058
    0    0    8    5    1.163642
    0    0    9    5    2.074420
    0    0   10    5   -0.152597
    0    0   11    5    0.394355
    0    0   12    5    0.128837
    0    0   13    5   -0.015547
    0    0   14    5    2.745992
    0    0   15    5   -0.063645
    0    0   16    5   -1.016865
    0    0   17    5   -1.153652
    0    0   18    5   -4.096262
    0    0    1    6    0.187780
    0    0    2    6   -6.671350
    0    0    3    6    0.020352
    0    0    4    6   -0.417105
    0    0    5    6    0.254478
    0    0    6    6   12.524155
    0    0    7    6   -0.528722
    0    0    8    6    0.196285
    0    0    9    6   -1.584567
    0    0   10    6    0.104640
    0    0   11    6    1.827032
    0    0   12    6   -1.037047
    0    0   13    6    0.675958
    0    0   14    6    0.075640
    0    0   15    6    0.562605
    0    0   16    6   -1.814382
    0    0   17    6    2.921272
    0    0   18    6   -0.079145
    0    0    1    7    0.116647
    0    0    2    7    2.936643
    0    0    3    7    0.582720
    0    0    4    7   -4.997535
    0    0    5    7   -0.265058
    0    0    6    7   -0.528722
    0    0    7    7  -10.445522
    0    0    8    7   -0.092275
    0    0    9    7    5.163798
    0    0   10    7   -0.140733
    0    0   11    7   -1.099407
    0    0   12    7    1.204325
    0    0   13    7   -0.664187
    0    0   14    7    0.243850
    0    0   15    7    0.605263
    0    0   16    7    0.025825
    0    0   17    7   -0.010245
    0    0   18    7    0.076015
    0    0    1    8    0.124272
    0    0    2    8    0.136340
    0    0    3    8    0.024155
    0    0    4    8   -0.048420
    0    0    5    8    1.163642
    0    0    6    8    0.196285
    0    0    7    8   -0.092275
    0    0    8    8    1.709990
    0    0    9    8   -0.362013
    0    0   10    8    0.002592
    0    0   11    8    0.060608
    0    0   12    8   -0.003995
    0    0   13    8    0.005285
    0    0   14    8    0.156513
    0    0   15    8    0.010705
    0    0   16    8   -0.244728
    0    0   17    8    1.798250
    0    0   18    8    0.752505
    0    0    1    9    0.046882
    0    0    2    9   -0.153872
    0    0    3    9   -0.002687
    0    0    4    9    2.506552
    0    0    5    9    2.074420
    0    0    6    9   -1.584567
    0    0    7    9    5.163798
    0    0    8    9   -0.362013
    0    0    9    9   26.331455
    0    0   10    9    0.095855
    0    0   11    9   -1.414082
    0    0   12    9   -0.208215
    0    0   13    9    0.734490
    0    0   14    9   -0.964785
    0    0   15    9    0.056150
    0    0   16    9    0.583150
    0    0   17    9   -0.162830
    0    0   18    9   -0.517535
    0    0    1   10   -3.636217
    0    0    2   10    0.018312
    0    0    3   10   -0.674242
    0    0    4   10    0.416337
    0    0    5   10   -0.152597
    0    0    6   10    0.104640
    0    0    7   10   -0.140733
    0    0    8   10    0.002592
    0    0    9   10    0.095855
    0    0   10   10    4.637177
    0    0   11   10   -0.000958
    0    0   12   10   -0.008242
    0    0   13   10    2.888850
    0    0   14   10   -0.026267
    0    0   15   10   -0.021435
    0    0   16   10    0.903338
    0    0   17   10    0.077805
    0    0   18   10    1.188915
    0    0    1   11    0.071707
    0    0    2   11   -0.635912
    0    0    3   11   -0.121143
    0    0    4   11   -0.377260
    0    0    5   11    0.394355
    0    0    6   11    1.827032
    0    0    7   11   -1.099407
    0    0    8   11    0.060608
    0    0    9   11   -1.414082
    0    0   10   11   -0.000958
    0    0   11   11    0.103472
    0    0   12   11    0.513595
    0    0   13   11   -0.590265
    0    0   14   11   -0.153460
    0    0   15   11    0.022635
    0    0   16   11   -1.451037
    0    0   17   11    0.655710
    0    0   18   11   -0.732900
    0    0    1   12    0.100060
    0    0    2   12   -1.098247
    0    0    3   12   -0.005673
    0    0    4   12    0.693040
    0    0    5   12    0.128837
    0    0    6   12   -1.037047
    0    0    7   12    1.204325
    0    0    8   12   -0.003995
    0    0    9   12   -0.208215
    0    0   10   12   -0.008242
    0    0   11   12    0.513595
    0    0   12   12  -24.477718
    0    0   13   12   -0.743202
    0    0   14   12   -0.103902
    0    0   15   12    0.425702
    0    0   16   12   -0.128497
    0    0   17   12   -1.286743
    0    0   18   12   -0.452692
    0    0    1   13    0.106017
    0    0    2   13   -0.244200
    0    0    3   13   -0.999235
    0    0    4   13   -0.827537
    0    0    5   13   -0.015547
    0    0    6   13    0.675958
    0    0    7   13   -0.664187
    0    0    8   13    0.005285
    0    0    9   13    0.734490
    0    0   10   13    2.888850
    0    0   11   13   -0.590265
    0    0   12   13   -0.743202
    0    0   13   13   -6.434578
    0    0   14   13    0.028100
    0    0   15   13    0.113500
    0    0   16   13    0.046950
    0    0   17   13   -0.138302
    0    0   18   13    0.094427
    0    0    1   14   -0.088677
    0    0    2   14   -0.080522
    0    0    3   14    0.000788
    0    0    4   14    0.233050
    0    0    5   14    2.745992
    0    0    6   14    0.075640
    0    0    7   14    0.243850
    0    0    8   14    0.156513
    0    0    9   14   -0.964785
    0    0   10   14   -0.026267
    0    0   11   14   -0.153460
    0    0   12   14   -0.103902
    0    0   13   14    0.028100
    0    0   14   14    4.454022
    0    0   15   14    0.078562
    0    0   16   14   -0.685732
    0    0   17   14   -1.369100
    0    0   18   14   -7.152545
    0    0    1   15   -0.693690
    0    0    2   15    0.167275
    0    0    3   15   -0.032300
    0    0    4   15   -0.721800
    0    0    5   15   -0.063645
    0    0    6   15    0.562605
    0    0    7   15    0.605263
    0    0    8   15    0.010705
    0    0    9   15    0.056150
    0    0   10   15   -0.021435
    0    0   11   15    0.022635
    0    0   12   15    0.425702
    0    0   13   15    0.113500
    0    0   14   15    0.078562
    0    0   15   15    4.820000
    0    0   16   15   -0.312408
    0    0   17   15    0.008132
    0    0   18   15    0.083100
    0    0    1   16   -1.742897
    0    0    2   16   -1.722068
    0    0    3   16    0.114205
    0    0    4   16    0.447922
    0    0    5   16   -1.016865
    0    0    6   16   -1.814382
    0    0    7   16    0.025825
    0    0    8   16   -0.244728
    0    0    9   16    0.583150
    0    0   10   16    0.903338
    0    0   11   16   -1.451037
    0    0   12   16   -0.128497
    0    0   13   16    0.046950
    0    0   14   16   -0.685732
    0    0   15   16   -0.312408
    0    0   16   16    8.167122
    0    0   17   16   -0.281240
    0    0   18   16   -0.009030
    0    0    1   17    0.134000
    0    0    2   17    1.296065
    0    0    3   17   -0.015460
    0    0    4   17   -0.049775
    0    0    5   17   -1.153652
    0    0    6   17    2.921272
    0    0    7   17   -0.010245
    0    0    8   17    1.798250
    0    0    9   17   -0.162830
    0    0   10   17    0.077805
    0    0   11   17    0.655710
    0    0   12   17   -1.286743
    0    0   13   17   -0.138302
    0    0   14   17   -1.369100
    0    0   15   17    0.008132
    0    0   16   17   -0.281240
    0    0   17   17    4.971037
    0    0   18   17    0.059960
    0    0    1   18   -0.492667
    0    0    2   18    2.377672
    0    0    3   18    0.160670
    0    0    4   18   -0.147715
    0    0    5   18   -4.096262
    0    0    6   18   -0.079145
    0    0    7   18    0.076015
    0    0    8   18    0.752505
    0    0    9   18   -0.517535
    0    0   10   18    1.188915
    0    0   11   18   -0.732900
    0    0   12   18   -0.452692
    0    0   13   18    0.094427
    0    0   14   18   -7.152545
    0    0   15   18    0.083100
    0    0   16   18   -0.009030
    0    0   17   18    0.059960
    0    0   18   18    9.862750
    1    0    1    1    0.062223
    1    0    2    1   -0.217927
    1    0    3    1   -1.137487
    1    0    4    1    0.666925
    1    0    5    1   -0.063332
    1    0    6    1    0.284147
    1    0    7    1   -0.548490
    1    0    8    1    0.005233
    1    0    9    1   -0.315880
    1    0   10    1    0.259672
    1    0   11    1    0.168092
    1    0   12    1   -0.356340
    1    0   13    1    0.342285
    1    0   14    1   -0.012072
    1    0   15    1    0.372950
    1    0   16    1    0.616157
    1    0   17    1    0.026280
    1    0   18    1   -0.345832
    1    0    1    2    0.000450
    1    0    2    2    0.048355
    1    0    3    2    0.000293
    1    0    4    2   -0.001457
    1    0    5    2   -0.000835
    1    0    6    2   -0.048387
    1    0    7    2   -0.009420
    1    0    8    2   -0.001190
    1    0    9    2   -0.002100
    1    0   10    2   -0.000660
    1    0   11    2   -0.004502
    1    0   12    2    0.139200
    1    0   13    2    0.022590
    1    0   14    2    0.001950
    1    0   15    2   -0.002765
    1    0   16    2    0.004200
    1    0   17    2    0.127065
    1    0   18    2    0.005795
    1    0    1    3    0.061930
    1    0    2    3    0.013600
    1    0    3    3    0.079472
    1    0    4    3    0.048267
    1    0    5    3    0.001560
    1    0    6    3   -0.143185
    1    0    7    3   -0.046145
    1    0    8    3   -0.000045
    1    0    9    3   -0.003798
    1    0   10    3    0.080782
    1    0   11    3   -0.031987
    1    0   12    3    0.105155
    1    0   13    3   -0.062882
    1    0   14    3    0.002657
    1    0   15    3    0.338592
    1    0   16    3    0.079177
    1    0   17    3   -0.067800
    1    0   18    3   -0.251165
    1    0    1    4   -0.006777
    1    0    2    4   -0.010282
    1    0    3    4    0.187470
    1    0    4    4    0.007642
    1    0    5    4    0.003508
    1    0    6    4   -0.001210
    1    0    7    4    0.507458
    1    0    8    4   -0.000788
    1    0    9    4    0.038373
    1    0   10    4   -0.064372
    1    0   11    4   -0.068555
    1    0   12    4    0.126817
    1    0   13    4   -0.548502
    1    0   14    4   -0.001758
    1    0   15    4    0.296120
    1    0   16    4   -0.058532
    1    0   17    4    0.013805
    1    0   18    4   -0.027295
    1    0    1    5    0.007555
    1    0    2    5   -0.016717
    1    0    3    5    0.001002
    1    0    4    5   -0.020412
    1    0    5    5    0.006177
    1    0    6    5   -0.129105
    1    0    7    5   -0.065765
    1    0    8    5   -0.001997
    1    0    9    5    0.030190
    1    0   10    5    0.005157
    1    0   11    5   -0.040962
    1    0   12    5   -0.176713
    1    0   13    5    0.174745
    1    0   14    5    0.012403
    1    0   15    5   -0.014325
    1    0   16    5    0.003302
    1    0   17    5    0.747642
    1    0   18    5   -0.015488
    1    0    1    6   -0.005213
    1    0    2    6    0.000508
    1    0    3    6   -0.001382
    1    0    4    6    0.013110
    1    0    5    6   -0.004513
    1    0    6    6   -0.013507
    1    0    7    6    0.037450
    1    0    8    6   -0.000260
    1    0    9    6    0.019930
    1    0   10    6    0.000747
    1    0   11    6   -0.008117
    1    0   12    6    0.168702
    1    0   13    6   -0.159147
    1    0   14    6   -0.006115
    1    0   15    6    0.000168
    1    0   16    6    0.000185
    1    0   17    6    0.221355
    1    0   18    6    0.033715
    1    0    1    7   -0.010127
    1    0    2    7   -0.015487
    1    0    3    7   -0.013055
    1    0    4    7    0.004090
    1    0    5    7    0.001570
    1    0    6    7    0.034310
    1    0    7    7    0.045088
    1    0    8    7   -0.000235
    1    0    9    7   -0.006362
    1    0   10    7    0.005652
    1    0   11    7   -0.009670
    1    0   12    7    0.038820
    1    0   13    7   -0.149190
    1    0   14    7   -0.001703
    1    0   15    7    0.009258
    1    0   16    7   -0.000728
    1    0   17    7   -0.017988
    1    0   18    7    0.006812
    1    0    1    8   -0.009412
    1    0    2    8   -0.014403
    1    0    3    8    0.002112
    1    0    4    8    0.318148
    1    0    5    8    0.085725
    1    0    6    8    2.319030
    1    0    7    8    0.749103
    1    0    8    8    0.032762
    1    0    9    8   -0.584175
    1    0   10    8   -0.006730
    1    0   11    8    0.272380
    1    0   12    8    0.287802
    1    0   13    8    0.004197
    1    0   14    8   -0.007632
    1    0   15    8    0.038700
    1    0   16    8   -0.251630
    1    0   17    8   -0.544755
    1    0   18    8    0.133710
    1    0    1    9    0.000160
    1    0    2    9    0.033452
    1    0    3    9    0.003062
    1    0    4    9    0.006195
    1    0    5    9    0.007670
    1    0    6    9   -0.063482
    1    0    7    9    0.018632
    1    0    8    9    0.001725
    1    0    9    9   -0.166225
    1    0   10    9   -0.008977
    1    0   11    9   -0.000195
    1    0   12    9   -0.228705
    1    0   13    9   -0.084882
    1    0   14    9   -0.000573
    1    0   15    9    0.003092
    1    0   16    9    0.021960
    1    0   17    9   -0.297857
    1    0   18    9    0.010130
    1    0    1   10   -0.006502
    1    0    2   10   -0.009658
    1    0    3   10   -0.025600
    1    0    4   10    0.059140
    1    0    5   10   -0.002702
    1    0    6   10    0.932717
    1    0    7   10    0.044905
    1    0    8   10    0.001522
    1    0    9   10    0.053275
    1    0   10   10    0.015130
    1    0   11   10    0.026763
    1    0   12   10   -0.033455
    1    0   13   10    0.212523
    1    0   14   10   -0.006922
    1    0   15   10   -0.187345
    1    0   16   10   -0.116010
    1    0   17   10   -0.012455
    1    0   18   10   -0.219325
    1    0    1   11   -0.000635
    1    0    2   11   -0.007780
    1    0    3   11    0.001480
    1    0    4   11   -0.017277
    1    0    5   11   -0.007507
    1    0    6   11    0.057420
    1    0    7   11   -0.031723
    1    0    8   11   -0.000677
    1    0    9   11    0.019610
    1    0   10   11   -0.001637
    1    0   11   11   -0.003322
    1    0   12   11    0.017288
    1    0   13   11    0.037140
    1    0   14   11   -0.002743
    1    0   15   11   -0.001405
    1    0   16   11    0.004333
    1    0   17   11   -0.127160
    1    0   18   11    0.007197
    1    0    1   12   -0.008197
    1    0    2   12    0.003925
    1    0    3   12   -0.001335
    1    0    4   12    0.004930
    1    0    5   12    0.010792
    1    0    6   12    0.012032
    1    0    7   12    0.064197
    1    0    8   12    0.000375
    1    0    9   12   -0.007577
    1    0   10   12   -0.000290
    1    0   11   12   -0.017330
    1    0   12   12    0.131705
    1    0   13   12   -0.230097
    1    0   14   12    0.003657
    1    0   15   12   -0.004337
    1    0   16   12   -0.000940
    1    0   17   12    0.004735
    1    0   18   12    0.005622
    1    0    1   13    0.020135
    1    0    2   13    0.017797
    1    0    3   13    0.011532
    1    0    4   13   -0.023032
    1    0    5   13   -0.013100
    1    0    6   13   -0.107955
    1    0    7   13   -0.271228
    1    0    8   13   -0.002740
    1    0    9   13   -0.023322
    1    0   10   13   -0.020722
    1    0   11   13    0.053622
    1    0   12   13   -0.194462
    1    0   13   13    0.390405
    1    0   14   13   -0.002497
    1    0   15   13    0.056487
    1    0   16   13    0.079653
    1    0   17   13    0.022203
    1    0   18   13   -0.002750
    1    0    1   14    0.000873
    1    0    2   14    0.032032
    1    0    3   14   -0.001860
    1    0    4   14    0.113903
    1    0    5   14    0.043762
    1    0    6   14   -0.409975
    1    0    7   14    0.208152
    1    0    8   14    0.002387
    1    0    9   14   -0.084340
    1    0   10   14   -0.005947
    1    0   11   14    0.025022
    1    0   12   14   -5.317313
    1    0   13   14    0.360828
    1    0   14   14    0.013577
    1    0   15   14   -0.011160
    1    0   16   14   -0.040125
    1    0   17   14    1.975677
    1    0   18   14    0.022013
    1    0    1   15    0.002500
    1    0    2   15   -0.002618
    1    0    3   15   -0.010915
    1    0    4   15    0.031100
    1    0    5   15   -0.001568
    1    0    6   15   -0.002820
    1    0    7   15   -0.053517
    1    0    8   15    0.000260
    1    0    9   15   -0.001917
    1    0   10   15    0.025020
    1    0   11   15    0.010495
    1    0   12   15    0.018615
    1    0   13   15    0.015997
    1    0   14   15   -0.000473
    1    0   15   15    0.080950
    1    0   16   15   -0.009157
    1    0   17   15   -0.000462
    1    0   18   15   -0.098625
    1    0    1   16   -0.096775
    1    0    2   16   -0.056505
    1    0    3   16    0.000698
    1    0    4   16    0.809255
    1    0    5   16    0.019370
    1    0    6   16   -0.485920
    1    0    7   16   -0.029207
    1    0    8   16    0.004690
    1    0    9   16   -0.104182
    1    0   10   16   -0.176740
    1    0   11   16    0.024325
    1    0   12   16   -0.033850
    1    0   13   16   -0.159682
    1    0   14   16   -0.010155
    1    0   15   16    0.105027
    1    0   16   16   -0.148397
    1    0   17   16   -0.212295
    1    0   18   16    0.275237
    1    0    1   17    0.060010
    1    0    2   17   -2.271640
    1    0    3   17    0.000030
    1    0    4   17   -0.034532
    1    0    5   17   -0.030130
    1    0    6   17   -0.309627
    1    0    7   17   -0.356158
    1    0    8   17   -0.006602
    1    0    9   17   -0.141087
    1    0   10   17   -0.015752
    1    0   11   17   -0.863485
    1    0   12   17    2.201532
    1    0   13   17    4.004175
    1    0   14   17    0.011152
    1    0   15   17   -0.056717
    1    0   16   17    0.029485
    1    0   17   17    0.078553
    1    0   18   17    0.005190
    1    0    1   18   -0.002785
    1    0    2   18    0.266327
    1    0    3   18    0.000350
    1    0    4   18   -0.033232
    1    0    5   18   -0.020323
    1    0    6   18   -1.054768
    1    0    7   18   -0.042915
    1    0    8   18   -0.002392
    1    0    9   18   -0.049450
    1    0   10   18    0.003410
    1    0   11   18    0.009200
    1    0   12   18    5.707192
    1    0   13   18    0.103822
    1    0   14   18    0.001530
    1    0   15   18   -0.003095
    1    0   16   18   -0.037082
    1    0   17   18    3.524367
    1    0   18   18   -0.059748
   -1    1    1    1    0.011933
   -1    1    2    1    0.001057
   -1    1    3    1    0.004092
   -1    1    4    1    0.002402
   -1    1    5    1   -0.000552
   -1    1    6    1   -0.002225
   -1    1    7    1   -0.008182
   -1    1    8    1    0.000742
   -1    1    9    1   -0.000448
   -1    1   10    1   -0.003430
   -1    1   11    1    0.001247
   -1    1   12    1   -0.007490
   -1    1   13    1    0.028037
   -1    1   14    1   -0.000375
   -1    1   15    1   -0.000570
   -1    1   16    1   -0.000320
   -1    1   17    1    0.006735
   -1    1   18    1    0.000935
   -1    1    1    2    0.001225
   -1    1    2    2   -0.000375
   -1    1    3    2   -0.000335
   -1    1    4    2   -0.000435
   -1    1    5    2    0.001915
   -1    1    6    2    0.000362
   -1    1    7    2   -0.001215
   -1    1    8    2    0.008065
   -1    1    9    2   -0.003437
   -1    1   10    2   -0.005875
   -1    1   11    2   -0.000503
   -1    1   12    2    0.001100
   -1    1   13    2   -0.003942
   -1    1   14    2    0.007020
   -1    1   15    2   -0.000297
   -1    1   16    2    0.003185
   -1    1   17    2    0.015062
   -1    1   18    2   -0.004320
   -1    1    1    3    0.008190
   -1    1    2    3   -0.000052
   -1    1    3    3    0.003300
   -1    1    4    3    0.005552
   -1    1    5    3    0.000348
   -1    1    6    3   -0.000005
   -1    1    7    3   -0.001350
   -1    1    8    3    0.000607
   -1    1    9    3    0.001525
   -1    1   10    3   -0.008215
   -1    1   11    3   -0.000165
   -1    1   12    3    0.001150
   -1    1   13    3    0.000943
   -1    1   14    3    0.000412
   -1    1   15    3   -0.000990
   -1    1   16    3   -0.003180
   -1    1   17    3    0.001700
   -1    1   18    3   -0.000662
   -1    1    1    4    0.024775
   -1    1    2    4    0.000990
   -1    1    3    4    0.002780
   -1    1    4    4    0.000640
   -1    1    5    4   -0.000042
   -1    1    6    4   -0.002657
   -1    1    7    4   -0.004428
   -1    1    8    4   -0.003062
   -1    1    9    4   -0.000503
   -1    1   10    4    0.009025
   -1    1   11    4    0.000550
   -1    1   12    4   -0.003678
   -1    1   13    4    0.007715
   -1    1   14    4   -0.000970
   -1    1   15    4    0.003563
   -1    1   16    4    0.000987
   -1    1   17    4   -0.003910
   -1    1   18    4   -0.003112
   -1    1    1    5    0.003047
   -1    1    2    5    0.000670
   -1    1    3    5   -0.000050
   -1    1    4    5    0.000585
   -1    1    5    5    0.000122
   -1    1    6    5    0.001037
   -1    1    7    5   -0.000518
   -1    1    8    5   -0.002875
   -1    1    9    5   -0.001373
   -1    1   10    5    0.000562
   -1    1   11    5    0.000722
   -1    1   12    5   -0.001660
   -1    1   13    5    0.002403
   -1    1   14    5   -0.000645
   -1    1   15    5    0.000020
   -1    1   16    5   -0.001210
   -1    1   17    5    0.003417
   -1    1   18    5    0.000240
   -1    1    1    6    0.038275
   -1    1    2    6    0.002095
   -1    1    3    6   -0.000922
   -1    1    4    6   -0.002190
   -1    1    5    6    0.000052
   -1    1    6    6   -0.004240
   -1    1    7    6   -0.008275
   -1    1    8    6   -0.023320
   -1    1    9    6    0.002010
   -1    1   10    6    0.017185
   -1    1   11    6    0.001807
   -1    1   12    6   -0.005472
   -1    1   13    6    0.019005
   -1    1   14    6   -0.009037
   -1    1   15    6    0.002700
   -1    1   16    6    0.014587
   -1    1   17    6    0.016040
   -1    1   18    6    0.001665
   -1    1    1    7    0.051740
   -1    1    2    7    0.003100
   -1    1    3    7    0.000750
   -1    1    4    7   -0.002515
   -1    1    5    7    0.000635
   -1    1    6    7   -0.006727
   -1    1    7    7   -0.011992
   -1    1    8    7   -0.009910
   -1    1    9    7   -0.006635
   -1    1   10    7   -0.015770
   -1    1   11    7    0.000985
   -1    1   12    7   -0.005887
   -1    1   13    7    0.005980
   -1    1   14    7   -0.001200
   -1    1   15    7    0.003095
   -1    1   16    7   -0.000353
   -1    1   17    7    0.015875
   -1    1   18    7    0.001620
   -1    1    1    8    0.000597
   -1    1    2    8   -0.000147
   -1    1    3    8    0.000012
   -1    1    4    8    0.000032
   -1    1    5    8    0.000172
   -1    1    6    8    0.000050
   -1    1    7    8   -0.000015
   -1    1    8    8   -0.000615
   -1    1    9    8    0.000162
   -1    1   10    8    0.000327
   -1    1   11    8   -0.000032
   -1    1   12    8    0.002142
   -1    1   13    8   -0.001870
   -1    1   14    8   -0.000187
   -1    1   15    8   -0.000122
   -1    1   16    8   -0.000097
   -1    1   17    8    0.000552
   -1    1   18    8    0.000082
   -1    1    1    9   -0.011120
   -1    1    2    9   -0.002457
   -1    1    3    9   -0.001162
   -1    1    4    9    0.001210
   -1    1    5    9    0.000362
   -1    1    6    9    0.001347
   -1    1    7    9    0.001670
   -1    1    8    9    0.001400
   -1    1    9    9    0.019760
   -1    1   10    9    0.006012
   -1    1   11    9   -0.001425
   -1    1   12    9    0.002577
   -1    1   13    9   -0.000692
   -1    1   14    9    0.000305
   -1    1   15    9   -0.001507
   -1    1   16    9   -0.002457
   -1    1   17    9    0.000907
   -1    1   18    9    0.003040
   -1    1    1   10   -0.006307
   -1    1    2   10    0.000240
   -1    1    3   10    0.001220
   -1    1    4   10   -0.002505
   -1    1    5   10    0.000125
   -1    1    6   10   -0.000048
   -1    1    7   10   -0.001980
   -1    1    8   10   -0.000965
   -1    1    9   10   -0.001730
   -1    1   10   10    0.004580
   -1    1   11   10    0.000350
   -1    1   12   10   -0.002142
   -1    1   13   10    0.005940
   -1    1   14   10   -0.000345
   -1    1   15   10    0.001157
   -1    1   16   10    0.006830
   -1    1   17   10    0.004290
   -1    1   18   10    0.001882
   -1    1    1   11   -0.010220
   -1    1    2   11    0.000242
   -1    1    3   11   -0.000055
   -1    1    4   11    0.000005
   -1    1    5   11   -0.002365
   -1    1    6   11    0.002290
   -1    1    7   11    0.001913
   -1    1    8   11    0.005593
   -1    1    9   11    0.001590
   -1    1   10   11    0.006383
   -1    1   11   11    0.000120
   -1    1   12   11    0.002825
   -1    1   13   11   -0.004705
   -1    1   14   11   -0.001182
   -1    1   15   11   -0.000103
   -1    1   16   11   -0.002217
   -1    1   17   11   -0.022020
   -1    1   18   11   -0.001155
   -1    1    1   12    0.076395
   -1    1    2   12    0.003250
   -1    1    3   12   -0.003940
   -1    1    4   12   -0.003322
   -1    1    5   12    0.008578
   -1    1    6   12   -0.007175
   -1    1    7   12   -0.030970
   -1    1    8   12    0.042122
   -1    1    9   12   -0.005732
   -1    1   10   12   -0.005960
   -1    1   11   12   -0.002958
   -1    1   12   12   -0.025997
   -1    1   13   12    0.052850
   -1    1   14   12    0.021173
   -1    1   15   12    0.004185
   -1    1   16   12    0.026670
   -1    1   17   12    0.201247
   -1    1   18   12    0.016300
   -1    1    1   13   -0.178732
   -1    1    2   13   -0.004067
   -1    1    3   13    0.001770
   -1    1    4   13   -0.007417
   -1    1    5   13   -0.019595
   -1    1    6   13    0.022162
   -1    1    7   13    0.037320
   -1    1    8   13    0.058595
   -1    1    9   13    0.022582
   -1    1   10   13    0.011350
   -1    1   11   13   -0.001242
   -1    1   12   13    0.021012
   -1    1   13   13   -0.053402
   -1    1   14   13   -0.010583
   -1    1   15   13   -0.009210
   -1    1   16   13   -0.023440
   -1    1   17   13   -0.181910
   -1    1   18   13   -0.009620
   -1    1    1   14    0.000298
   -1    1    2   14    0.000102
   -1    1    3   14   -0.000220
   -1    1    4   14    0.000333
   -1    1    5   14   -0.000215
   -1    1    6   14    0.001627
   -1    1    7   14    0.000277
   -1    1    8   14   -0.000700
   -1    1    9   14   -0.001243
   -1    1   10   14   -0.000055
   -1    1   11   14    0.000532
   -1    1   12   14   -0.000838
   -1    1   13   14    0.000137
   -1    1   14   14   -0.000450
   -1    1   15   14   -0.000295
   -1    1   16   14   -0.000197
   -1    1   17   14    0.002753
   -1    1   18   14   -0.001177
   -1    1    1   15   -0.040185
   -1    1    2   15    0.000767
   -1    1    3   15    0.013150
   -1    1    4   15    0.004230
   -1    1    5   15   -0.001090
   -1    1    6   15   -0.000287
   -1    1    7   15    0.000370
   -1    1    8   15    0.000015
   -1    1    9   15   -0.001600
   -1    1   10   15   -0.022280
   -1    1   11   15   -0.000495
   -1    1   12   15    0.001195
   -1    1   13   15    0.008263
   -1    1   14   15   -0.002347
   -1    1   15   15    0.006255
   -1    1   16   15   -0.001215
   -1    1   17   15   -0.001245
   -1    1   18   15    0.006282
   -1    1    1   16    0.016830
   -1    1    2   16   -0.000950
   -1    1    3   16   -0.001012
   -1    1    4   16   -0.000225
   -1    1    5   16   -0.000748
   -1    1    6   16   -0.004445
   -1    1    7   16   -0.000260
   -1    1    8   16   -0.000350
   -1    1    9   16   -0.003082
   -1    1   10   16   -0.012538
   -1    1   11   16   -0.001475
   -1    1   12   16    0.000565
   -1    1   13   16   -0.006653
   -1    1   14   16   -0.001345
   -1    1   15   16    0.001877
   -1    1   16   16    0.024220
   -1    1   17   16    0.002270
   -1    1   18   16    0.004477
   -1    1    1   17   -0.002252
   -1    1    2   17   -0.000025
   -1    1    3   17   -0.000500
   -1    1    4   17   -0.001275
   -1    1    5   17   -0.000915
   -1    1    6   17   -0.002223
   -1    1    7   17   -0.007072
   -1    1    8   17    0.025308
   -1    1    9   17    0.004957
   -1    1   10   17    0.002862
   -1    1   11   17    0.000090
   -1    1   12   17   -0.010313
   -1    1   13   17    0.023628
   -1    1   14   17    0.001525
   -1    1   15   17   -0.001050
   -1    1   16   17    0.003107
   -1    1   17   17   -0.003205
   -1    1   18   17   -0.003585
   -1    1    1   18    0.011328
   -1    1    2   18   -0.000817
   -1    1    3   18   -0.003207
   -1    1    4   18   -0.000627
   -1    1    5   18    0.001692
   -1    1    6   18   -0.001712
   -1    1    7   18   -0.004052
   -1    1    8   18   -0.001715
   -1    1    9   18    0.000805
   -1    1   10   18    0.016070
   -1    1   11   18   -0.000752
   -1    1   12   18   -0.000610
   -1    1   13   18    0.005770
   -1    1   14   18    0.001717
   -1    1   15   18    0.002820
   -1    1   16   18    0.018093
   -1    1   17   18    0.010495
   -1    1   18   18   -0.001275
    0    1    1    1   -0.057127
    0    1    2    1    0.000400
    0    1    3    1   -0.008875
    0    1    4    1   -0.021395
    0    1    5    1   -0.005317
    0    1    6    1   -0.000610
    0    1    7    1   -0.010918
    0    1    8    1    0.006845
    0    1    9    1   -0.009160
    0    1   10    1   -0.115070
    0    1   11    1   -0.002035
    0    1   12    1    0.008700
    0    1   13    1   -0.038117
    0    1   14    1   -0.000087
    0    1   15    1   -0.010342
    0    1   16    1    0.003042
    0    1   17    1    0.018450
    0    1   18    1    0.014143
    0    1    1    2    0.006882
    0    1    2    2   -0.020022
    0    1    3    2   -0.002727
    0    1    4    2    0.027977
    0    1    5    2    0.042195
    0    1    6    2    0.015465
    0    1    7    2    0.068895
    0    1    8    2    0.084457
    0    1    9    2    0.046717
    0    1   10    2   -0.009640
    0    1   11    2    0.004755
    0    1   12    2    0.007135
    0    1   13    2   -0.043062
    0    1   14    2    0.008067
    0    1   15    2    0.007420
    0    1   16    2   -0.013925
    0    1   17    2    0.013470
    0    1   18    2   -0.008257
    0    1    1    3    0.062080
    0    1    2    3   -0.000917
    0    1    3    3    0.019290
    0    1    4    3   -0.033695
    0    1    5    3    0.000050
    0    1    6    3    0.006310
    0    1    7    3    0.010567
    0    1    8    3    0.008645
    0    1    9    3   -0.008050
    0    1   10    3   -0.291237
    0    1   11    3    0.000722
    0    1   12    3    0.002813
    0    1   13    3   -0.047192
    0    1   14    3    0.000125
    0    1   15    3   -0.012552
    0    1   16    3   -0.038127
    0    1   17    3   -0.004475
    0    1   18    3   -0.011562
    0    1    1    4   -0.064970
    0    1    2    4   -0.000885
    0    1    3    4    0.000037
    0    1    4    4    0.000467
    0    1    5    4   -0.031620
    0    1    6    4    0.001772
    0    1    7    4   -0.008748
    0    1    8    4    0.001960
    0    1    9    4   -0.043015
    0    1   10    4   -0.110757
    0    1   11    4   -0.002815
    0    1   12    4   -0.019270
    0    1   13    4    0.012035
    0    1   14    4    0.001560
    0    1   15    4   -0.014315
    0    1   16    4    0.139840
    0    1   17    4   -0.013905
    0    1   18    4    0.008908
    0    1    1    5    0.006047
    0    1    2    5   -0.002290
    0    1    3    5   -0.002272
    0    1    4    5    0.004687
    0    1    5    5   -0.002132
    0    1    6    5   -0.002233
    0    1    7    5    0.015015
    0    1    8    5   -0.052990
    0    1    9    5   -0.001715
    0    1   10    5   -0.008730
    0    1   11    5   -0.002035
    0    1   12    5    0.003090
    0    1   13    5   -0.012115
    0    1   14    5   -0.007770
    0    1   15    5    0.000082
    0    1   16    5    0.011607
    0    1   17    5   -0.002855
    0    1   18    5    0.006710
    0    1    1    6    0.123707
    0    1    2    6   -0.011107
    0    1    3    6    0.002288
    0    1    4    6    0.007040
    0    1    5    6    0.018690
    0    1    6    6   -0.058068
    0    1    7    6    0.079938
    0    1    8    6   -0.121947
    0    1    9    6   -0.033717
    0    1   10    6    0.101090
    0    1   11    6    0.003375
    0    1   12    6   -0.004310
    0    1   13    6   -0.052485
    0    1   14    6   -0.004843
    0    1   15    6   -0.014823
    0    1   16    6   -0.225658
    0    1   17    6    0.030082
    0    1   18    6   -0.018832
    0    1    1    7   -0.248255
    0    1    2    7   -0.006665
    0    1    3    7    0.063030
    0    1    4    7    0.054337
    0    1    5    7   -0.061035
    0    1    6    7   -0.000810
    0    1    7    7    0.026885
    0    1    8    7   -0.075077
    0    1    9    7   -0.108485
    0    1   10    7    0.383130
    0    1   11    7   -0.008360
    0    1   12    7   -0.013315
    0    1   13    7   -0.153817
    0    1   14    7    0.007143
    0    1   15    7   -0.007752
    0    1   16    7    0.053523
    0    1   17    7    0.002165
    0    1   18    7   -0.000088
    0    1    1    8   -0.004087
    0    1    2    8   -0.000890
    0    1    3    8   -0.000387
    0    1    4    8    0.000597
    0    1    5    8   -0.000150
    0    1    6    8   -0.001243
    0    1    7    8    0.001630
    0    1    8    8   -0.001090
    0    1    9    8    0.005942
    0    1   10    8    0.000700
    0    1   11    8   -0.001267
    0    1   12    8   -0.000177
    0    1   13    8   -0.000713
    0    1   14    8   -0.000928
    0    1   15    8   -0.000372
    0    1   16    8    0.002697
    0    1   17    8   -0.003535
    0    1   18    8    0.001285
    0    1    1    9    0.014187
    0    1    2    9    0.002633
    0    1    3    9   -0.004200
    0    1    4    9    0.001092
    0    1    5    9    0.000745
    0    1    6    9    0.003702
    0    1    7    9    0.008082
    0    1    8    9   -0.024522
    0    1    9    9   -0.089380
    0    1   10    9   -0.003705
    0    1   11    9    0.005847
    0    1   12    9    0.015942
    0    1   13    9   -0.008360
    0    1   14    9   -0.005555
    0    1   15    9    0.003927
    0    1   16    9   -0.010963
    0    1   17    9    0.006222
    0    1   18    9   -0.001623
    0    1    1   10   -0.129097
    0    1    2   10    0.000967
    0    1    3   10   -0.006467
    0    1    4   10    0.022670
    0    1    5   10   -0.004400
    0    1    6   10   -0.002885
    0    1    7   10   -0.007900
    0    1    8   10    0.005285
    0    1    9   10    0.005507
    0    1   10   10   -0.056232
    0    1   11   10   -0.002142
    0    1   12   10    0.008157
    0    1   13   10    0.006915
    0    1   14   10   -0.000920
    0    1   15   10    0.000800
    0    1   16   10    0.020785
    0    1   17   10   -0.005352
    0    1   18   10    0.009625
    0    1    1   11    0.067310
    0    1    2   11    0.021657
    0    1    3   11   -0.006460
    0    1    4   11   -0.055862
    0    1    5   11   -0.046233
    0    1    6   11   -0.005218
    0    1    7   11   -0.108092
    0    1    8   11   -0.078460
    0    1    9   11   -0.030817
    0    1   10   11   -0.020563
    0    1   11   11    0.000275
    0    1   12   11   -0.009625
    0    1   13   11    0.084945
    0    1   14   11   -0.004708
    0    1   15   11   -0.006765
    0    1   16   11   -0.044612
    0    1   17   11   -0.073990
    0    1   18   11   -0.012030
    0    1    1   12    0.008417
    0    1    2   12   -0.128440
    0    1    3   12   -0.004320
    0    1    4   12    0.276030
    0    1    5   12    0.549403
    0    1    6   12    0.102602
    0    1    7   12    0.695045
    0    1    8   12    0.384118
    0    1    9   12    0.832697
    0    1   10   12   -0.073993
    0    1   11   12    0.058937
    0    1   12   12    0.124417
    0    1   13   12   -0.487082
    0    1   14   12   -0.033735
    0    1   15   12    0.063205
    0    1   16   12   -0.113653
    0    1   17   12    0.093298
    0    1   18   12    0.028173
    0    1    1   13   -0.261470
    0    1    2   13    0.079005
    0    1    3   13    0.005585
    0    1    4   13   -0.073250
    0    1    5   13   -0.002465
    0    1    6   13   -0.058670
    0    1    7   13   -0.442155
    0    1    8   13    0.093363
    0    1    9   13    0.257097
    0    1   10   13    0.472410
    0    1   11   13    0.019122
    0    1   12   13   -0.114010
    0    1   13   13    0.758068
    0    1   14   13    0.011795
    0    1   15   13   -0.000387
    0    1   16   13   -0.064430
    0    1   17   13   -0.138552
    0    1   18   13   -0.031567
    0    1    1   14    0.000022
    0    1    2   14   -0.006562
    0    1    3   14   -0.001530
    0    1    4   14    0.006620
    0    1    5   14    0.012417
    0    1    6   14    0.002775
    0    1    7   14    0.015180
    0    1    8   14   -0.152030
    0    1    9   14    0.011610
    0    1   10   14   -0.001838
    0    1   11   14    0.000730
    0    1   12   14    0.003095
    0    1   13   14   -0.010100
    0    1   14   14   -0.016827
    0    1   15   14    0.001685
    0    1   16   14   -0.002177
    0    1   17   14   -0.000377
    0    1   18   14    0.017053
    0    1    1   15   -0.593365
    0    1    2   15    0.012455
    0    1    3   15    0.650285
    0    1    4   15    0.085260
    0    1    5   15   -0.006753
    0    1    6   15   -0.006565
    0    1    7   15   -0.073082
    0    1    8   15    0.103122
    0    1    9   15    0.012493
    0    1   10   15    0.367407
    0    1   11   15   -0.010990
    0    1   12   15    0.012370
    0    1   13   15   -0.264635
    0    1   14   15   -0.029710
    0    1   15   15    0.013442
    0    1   16   15    0.271290
    0    1   17   15   -0.037773
    0    1   18   15    0.026992
    0    1    1   16   -0.033930
    0    1    2   16    0.007438
    0    1    3   16    0.010032
    0    1    4   16   -0.001493
    0    1    5   16   -0.013790
    0    1    6   16    0.002752
    0    1    7   16   -0.004210
    0    1    8   16   -0.030627
    0    1    9   16    0.004533
    0    1   10   16   -0.030600
    0    1   11   16    0.005390
    0    1   12   16    0.007523
    0    1   13   16   -0.026637
    0    1   14   16   -0.007222
    0    1   15   16   -0.005317
    0    1   16   16   -0.108437
    0    1   17   16   -0.001693
    0    1   18   16    0.026372
    0    1    1   17    0.038522
    0    1    2   17   -0.011742
    0    1    3   17   -0.000417
    0    1    4   17    0.000530
    0    1    5   17   -0.003905
    0    1    6   17    0.029035
    0    1    7   17   -0.008310
    0    1    8   17   -0.044242
    0    1    9   17   -0.016555
    0    1   10   17    0.006727
    0    1   11   17    0.004105
    0    1   12   17   -0.011103
    0    1   13   17    0.015038
    0    1   14   17   -0.002452
    0    1   15   17    0.003745
    0    1   16   17   -0.000225
    0    1   17   17    0.023795
    0    1   18   17    0.003042
    0    1    1   18    0.345647
    0    1    2   18   -0.015397
    0    1    3   18    0.006792
    0    1    4   18   -0.064170
    0    1    5   18    0.042850
    0    1    6   18   -0.008735
    0    1    7   18    0.131977
    0    1    8   18    0.228758
    0    1    9   18    0.057505
    0    1   10   18    0.182482
    0    1   11   18    0.002602
    0    1   12   18   -0.004150
    0    1   13   18   -0.027420
    0    1   14   18    0.034302
    0    1   15   18    0.002477
    0    1   16   18   -0.764380
    0    1   17   18    0.028198
    0    1   18   18   -0.061587
    1    1    1    1   -0.320207
    1    1    2    1    0.017410
    1    1    3    1    0.052770
    1    1    4    1    0.224333
    1    1    5    1    0.023680
    1    1    6    1   -0.053315
    1    1    7    1   -0.157325
    1    1    8    1   -0.006645
    1    1    9    1    0.069665
    1    1   10    1    0.860913
    1    1   11    1   -0.011915
    1    1   12    1    0.057635
    1    1   13    1   -0.010520
    1    1   14    1    0.009717
    1    1   15    1    0.048085
    1    1   16    1   -0.107575
    1    1   17    1    0.037617
    1    1   18    1   -0.025582
    1    1    1    2    0.001493
    1    1    2    2   -0.012242
    1    1    3    2    0.000552
    1    1    4    2    0.001850
    1    1    5    2   -0.007675
    1    1    6    2    0.089252
    1    1    7    2   -0.002215
    1    1    8    2   -0.002407
    1    1    9    2   -0.005857
    1    1   10    2   -0.000492
    1    1   11    2   -0.001597
    1    1   12    2    0.013805
    1    1   13    2   -0.034320
    1    1   14    2   -0.005995
    1    1   15    2   -0.001637
    1    1   16    2    0.009027
    1    1   17    2   -0.011020
    1    1   18    2    0.014143
    1    1    1    3    1.556995
    1    1    2    3    0.077820
    1    1    3    3   -0.012402
    1    1    4    3    0.171145
    1    1    5    3   -0.059975
    1    1    6    3    0.209150
    1    1    7    3   -0.223743
    1    1    8    3   -0.048470
    1    1    9    3   -0.068900
    1    1   10    3   -4.025417
    1    1   11    3   -0.028493
    1    1   12    3    0.017163
    1    1   13    3   -0.045545
    1    1   14    3   -0.030323
    1    1   15    3    0.683287
    1    1   16    3    1.332977
    1    1   17    3   -0.067607
    1    1   18    3   -0.563623
    1    1    1    4   -0.095875
    1    1    2    4   -0.009610
    1    1    3    4    0.145895
    1    1    4    4   -0.027938
    1    1    5    4    0.008537
    1    1    6    4   -0.067530
    1    1    7    4    0.064412
    1    1    8    4    0.000712
    1    1    9    4   -0.055960
    1    1   10    4    0.125500
    1    1   11    4   -0.001310
    1    1   12    4   -0.027932
    1    1   13    4   -0.159272
    1    1   14    4    0.001337
    1    1   15    4    0.010560
    1    1   16    4    0.077125
    1    1   17    4   -0.000545
    1    1   18    4   -0.026418
    1    1    1    5    0.002835
    1    1    2    5    0.024862
    1    1    3    5    0.000192
    1    1    4    5   -0.001652
    1    1    5    5    0.009183
    1    1    6    5   -0.083360
    1    1    7    5    0.002152
    1    1    8    5   -0.004298
    1    1    9    5   -0.007082
    1    1   10    5    0.002180
    1    1   11    5   -0.007497
    1    1   12    5    0.007692
    1    1   13    5   -0.009765
    1    1   14    5    0.014538
    1    1   15    5   -0.000967
    1    1   16    5   -0.002552
    1    1   17    5    0.013927
    1    1   18    5   -0.026057
    1    1    1    6   -0.003527
    1    1    2    6   -0.004367
    1    1    3    6    0.000385
    1    1    4    6    0.063050
    1    1    5    6   -0.000465
    1    1    6    6    0.295532
    1    1    7    6    0.067582
    1    1    8    6   -0.002773
    1    1    9    6   -0.026665
    1    1   10    6    0.001522
    1    1   11    6   -0.004287
    1    1   12    6   -0.022650
    1    1   13    6   -0.145915
    1    1   14    6    0.002810
    1    1   15    6   -0.022432
    1    1   16    6   -0.003328
    1    1   17    6    0.013055
    1    1   18    6    0.016750
    1    1    1    7   -0.006802
    1    1    2    7   -0.022740
    1    1    3    7    0.016305
    1    1    4    7    0.017253
    1    1    5    7    0.001130
    1    1    6    7   -0.059755
    1    1    7    7    0.022410
    1    1    8    7   -0.001312
    1    1    9    7   -0.026560
    1    1   10    7    0.028965
    1    1   11    7    0.013265
    1    1   12    7   -0.022135
    1    1   13    7   -0.014092
    1    1   14    7   -0.002465
    1    1   15    7   -0.018892
    1    1   16    7   -0.009280
    1    1   17    7    0.005800
    1    1   18    7   -0.008560
    1    1    1    8   -0.004107
    1    1    2    8    0.002860
    1    1    3    8   -0.000905
    1    1    4    8    0.012010
    1    1    5    8    0.005550
    1    1    6    8   -0.009150
    1    1    7    8    0.025950
    1    1    8    8   -0.006020
    1    1    9    8    0.010183
    1    1   10    8    0.003017
    1    1   11    8    0.002160
    1    1   12    8   -0.002360
    1    1   13    8    0.017790
    1    1   14    8   -0.003305
    1    1   15    8    0.001560
    1    1   16    8   -0.003740
    1    1   17    8   -0.002570
    1    1   18    8    0.002012
    1    1    1    9    0.001190
    1    1    2    9    0.012473
    1    1    3    9    0.000842
    1    1    4    9    0.004625
    1    1    5    9    0.004967
    1    1    6    9   -0.013270
    1    1    7    9    0.016625
    1    1    8    9    0.001708
    1    1    9    9   -0.084050
    1    1   10    9   -0.002583
    1    1   11    9    0.000935
    1    1   12    9    0.024180
    1    1   13    9   -0.016535
    1    1   14    9    0.003265
    1    1   15    9   -0.001260
    1    1   16    9    0.016255
    1    1   17    9   -0.005278
    1    1   18    9    0.006987
    1    1    1   10   -0.048593
    1    1    2   10    0.014015
    1    1    3   10    0.010788
    1    1    4   10   -0.053097
    1    1    5   10    0.000935
    1    1    6   10   -0.002413
    1    1    7   10   -0.084302
    1    1    8   10    0.000675
    1    1    9   10    0.017235
    1    1   10   10   -0.211858
    1    1   11   10   -0.007585
    1    1   12   10    0.004420
    1    1   13   10   -0.049438
    1    1   14   10    0.001643
    1    1   15   10    0.047627
    1    1   16   10    0.077435
    1    1   17   10   -0.002265
    1    1   18   10    0.061775
    1    1    1   11   -0.001005
    1    1    2   11   -0.011480
    1    1    3   11   -0.003147
    1    1    4   11    0.139855
    1    1    5   11    0.007702
    1    1    6   11   -0.124480
    1    1    7   11    0.306295
    1    1    8   11   -0.000935
    1    1    9   11   -0.061530
    1    1   10   11   -0.001545
    1    1   11   11    0.004130
    1    1   12   11   -0.025042
    1    1   13   11    0.074905
    1    1   14   11   -0.006815
    1    1   15   11    0.000200
    1    1   16   11   -0.015265
    1    1   17   11    0.045387
    1    1   18   11    0.000078
    1    1    1   12   -0.006690
    1    1    2   12    0.007363
    1    1    3   12    0.001310
    1    1    4   12    0.035965
    1    1    5   12    0.013665
    1    1    6   12    0.043355
    1    1    7   12    0.159265
    1    1    8   12   -0.003095
    1    1    9   12   -0.037350
    1    1   10   12    0.004457
    1    1   11   12   -0.031203
    1    1   12   12    0.182212
    1    1   13   12   -0.311730
    1    1   14   12    0.003035
    1    1   15   12   -0.012130
    1    1   16   12    0.000407
    1    1   17   12   -0.004387
    1    1   18   12    0.003045
    1    1    1   13    0.007080
    1    1    2   13    0.008837
    1    1    3   13    0.014370
    1    1    4   13   -0.021900
    1    1    5   13   -0.005370
    1    1    6   13   -0.012825
    1    1    7   13   -0.148285
    1    1    8   13    0.001872
    1    1    9   13    0.044255
    1    1   10   13    0.094007
    1    1   11   13    0.029615
    1    1   12   13   -0.136025
    1    1   13   13    0.611437
    1    1   14   13   -0.003085
    1    1   15   13    0.001560
    1    1   16   13   -0.022405
    1    1   17   13    0.009503
    1    1   18   13   -0.009640
    1    1    1   14   -0.003565
    1    1    2   14    0.024437
    1    1    3   14   -0.001935
    1    1    4   14    0.097515
    1    1    5   14    0.036375
    1    1    6   14   -0.180623
    1    1    7   14    0.237102
    1    1    8   14   -0.007258
    1    1    9   14   -0.094785
    1    1   10   14    0.006608
    1    1   11   14    0.004292
    1    1   12   14   -0.021377
    1    1   13   14   -0.010427
    1    1   14   14    0.028098
    1    1   15   14    0.001005
    1    1   16   14   -0.029867
    1    1   17   14    0.039947
    1    1   18   14   -0.049035
    1    1    1   15    0.002790
    1    1    2   15   -0.157612
    1    1    3   15   -0.060748
    1    1    4   15   -0.177575
    1    1    5   15    0.006405
    1    1    6   15   -0.315322
    1    1    7   15   -0.533892
    1    1    8   15    0.005282
    1    1    9   15   -0.001720
    1    1   10   15    0.056503
    1    1   11   15    0.105115
    1    1   12   15   -0.021462
    1    1   13   15    0.135472
    1    1   14   15    0.012993
    1    1   15   15   -0.016583
    1    1   16   15    0.011822
    1    1   17   15    0.115000
    1    1   18   15   -0.092550
    1    1    1   16    0.003360
    1    1    2   16    0.010233
    1    1    3   16   -0.007040
    1    1    4   16    0.027500
    1    1    5   16    0.009577
    1    1    6   16   -0.027432
    1    1    7   16   -0.052957
    1    1    8   16    0.008937
    1    1    9   16    0.021150
    1    1   10   16   -0.003703
    1    1   11   16    0.011970
    1    1   12   16    0.005080
    1    1   13   16    0.014600
    1    1   14   16    0.002485
    1    1   15   16    0.000990
    1    1   16   16   -0.049228
    1    1   17   16   -0.002017
    1    1   18   16   -0.002512
    1    1    1   17    0.051840
    1    1    2   17   -0.004440
    1    1    3   17   -0.000152
    1    1    4   17    0.014527
    1    1    5   17   -0.057907
    1    1    6   17   -0.002400
    1    1    7   17    0.087582
    1    1    8   17   -0.062632
    1    1    9   17   -0.137683
    1    1   10   17    0.014222
    1    1   11   17   -0.015115
    1    1   12   17    0.021663
    1    1   13   17   -0.105000
    1    1   14   17   -0.000397
    1    1   15   17   -0.003512
    1    1   16   17    0.010985
    1    1   17   17    0.038257
    1    1   18   17    0.004145
    1    1    1   18    0.011765
    1    1    2   18   -0.094662
    1    1    3   18    0.006565
    1    1    4   18    0.233860
    1    1    5   18   -0.067682
    1    1    6   18    0.850550
    1    1    7   18   -0.042185
    1    1    8   18   -0.015595
    1    1    9   18   -0.078857
    1    1   10   18   -0.011095
    1    1   11   18    0.018990
    1    1   12   18   -0.006182
    1    1   13   18   -0.116410
    1    1   14   18   -0.045898
    1    1   15   18   -0.044297
    1    1   16   18    0.026805
    1    1   17   18   -0.037835
    1    1   18   18    0.185252
