 ir1  ir2   m    n          ReH 
   -1   -1    1    1   -0.000678
   -1   -1    2    1   -0.000045
   -1   -1    3    1   -0.000895
   -1   -1    4    1    0.000695
   -1   -1    5    1    0.000597
   -1   -1    6    1    0.000225
   -1   -1    7    1    0.001410
   -1   -1    8    1   -0.000300
   -1   -1    9    1    0.006203
   -1   -1   10    1    0.001228
   -1   -1   11    1    0.000068
   -1   -1   12    1    0.000097
   -1   -1   13    1   -0.000910
   -1   -1   14    1    0.000395
   -1   -1   15    1    0.000120
   -1   -1   16    1    0.000198
   -1   -1   17    1   -0.000510
   -1   -1   18    1   -0.002887
   -1   -1    1    2    0.000197
   -1   -1    2    2    0.000158
   -1   -1    3    2    0.000425
   -1   -1    4    2    0.000108
   -1   -1    5    2   -0.000022
   -1   -1    6    2    0.000003
   -1   -1    7    2   -0.000555
   -1   -1    8    2   -0.000113
   -1   -1    9    2   -0.000552
   -1   -1   10    2   -0.000143
   -1   -1   11    2    0.000177
   -1   -1   12    2    0.000425
   -1   -1   13    2    0.000380
   -1   -1   14    2    0.000160
   -1   -1   15    2   -0.000052
   -1   -1   16    2   -0.000075
   -1   -1   17    2   -0.000213
   -1   -1   18    2   -0.000403
   -1   -1    1    3   -0.000085
   -1   -1    2    3    0.000242
   -1   -1    3    3    0.001445
   -1   -1    4    3   -0.000625
   -1   -1    5    3    0.000165
   -1   -1    6    3   -0.000345
   -1   -1    7    3   -0.001967
   -1   -1    8    3   -0.000125
   -1   -1    9    3   -0.003447
   -1   -1   10    3   -0.005415
   -1   -1   11    3    0.000022
   -1   -1   12    3    0.000405
   -1   -1   13    3    0.000888
   -1   -1   14    3   -0.000135
   -1   -1   15    3    0.000270
   -1   -1   16    3    0.001170
   -1   -1   17    3    0.000005
   -1   -1   18    3    0.000677
   -1   -1    1    4   -0.000058
   -1   -1    2    4    0.000055
   -1   -1    3    4    0.000433
   -1   -1    4    4   -0.000162
   -1   -1    5    4    0.000070
   -1   -1    6    4   -0.000152
   -1   -1    7    4   -0.000305
   -1   -1    8    4   -0.000003
   -1   -1    9    4   -0.000720
   -1   -1   10    4   -0.002317
   -1   -1   11    4    0.000032
   -1   -1   12    4   -0.000033
   -1   -1   13    4   -0.000097
   -1   -1   14    4    0.000183
   -1   -1   15    4    0.000127
   -1   -1   16    4    0.000195
   -1   -1   17    4   -0.000088
   -1   -1   18    4   -0.000028
   -1   -1    1    5   -0.000047
   -1   -1    2    5    0.000045
   -1   -1    3    5   -0.000012
   -1   -1    4    5   -0.000425
   -1   -1    5    5   -0.000110
   -1   -1    6    5    0.000048
   -1   -1    7    5   -0.000447
   -1   -1    8    5    0.000010
   -1   -1    9    5   -0.001307
   -1   -1   10    5   -0.000288
   -1   -1   11    5    0.000050
   -1   -1   12    5    0.000310
   -1   -1   13    5    0.000153
   -1   -1   14    5   -0.000100
   -1   -1   15    5    0.000107
   -1   -1   16    5   -0.000112
   -1   -1   17    5    0.000217
   -1   -1   18    5    0.000330
   -1   -1    1    6    0.001433
   -1   -1    2    6    0.000315
   -1   -1    3    6   -0.000355
   -1   -1    4    6   -0.000100
   -1   -1    5    6   -0.000092
   -1   -1    6    6    0.000465
   -1   -1    7    6   -0.000705
   -1   -1    8    6   -0.000012
   -1   -1    9    6    0.008058
   -1   -1   10    6   -0.000857
   -1   -1   11    6    0.000160
   -1   -1   12    6    0.001400
   -1   -1   13    6   -0.001815
   -1   -1   14    6   -0.000348
   -1   -1   15    6   -0.000412
   -1   -1   16    6    0.000235
   -1   -1   17    6   -0.000032
   -1   -1   18    6   -0.001302
   -1   -1    1    7    0.001445
   -1   -1    2    7   -0.000108
   -1   -1    3    7   -0.001330
   -1   -1    4    7   -0.000263
   -1   -1    5    7   -0.000897
   -1   -1    6    7    0.000475
   -1   -1    7    7   -0.001650
   -1   -1    8    7    0.000242
   -1   -1    9    7   -0.005903
   -1   -1   10    7   -0.004675
   -1   -1   11    7    0.000437
   -1   -1   12    7   -0.002150
   -1   -1   13    7    0.000075
   -1   -1   14    7    0.000103
   -1   -1   15    7    0.000407
   -1   -1   16    7   -0.001563
   -1   -1   17    7    0.000005
   -1   -1   18    7    0.005015
   -1   -1    1    8   -0.000152
   -1   -1    2    8   -0.000110
   -1   -1    3    8   -0.000125
   -1   -1    4    8   -0.000393
   -1   -1    5    8    0.000022
   -1   -1    6    8   -0.000015
   -1   -1    7    8    0.000152
   -1   -1    8    8    0.000048
   -1   -1    9    8    0.000460
   -1   -1   10    8    0.001072
   -1   -1   11    8   -0.000055
   -1   -1   12    8    0.000072
   -1   -1   13    8   -0.000030
   -1   -1   14    8    0.000010
   -1   -1   15    8    0.000048
   -1   -1   16    8    0.000110
   -1   -1   17    8    0.000200
   -1   -1   18    8    0.000080
   -1   -1    1    9   -0.009685
   -1   -1    2    9    0.000087
   -1   -1    3    9    0.003138
   -1   -1    4    9   -0.000593
   -1   -1    5    9    0.002648
   -1   -1    6    9   -0.006765
   -1   -1    7    9    0.001355
   -1   -1    8    9    0.000275
   -1   -1    9    9    0.000755
   -1   -1   10    9    0.000917
   -1   -1   11    9   -0.000395
   -1   -1   12    9    0.000465
   -1   -1   13    9   -0.005445
   -1   -1   14    9    0.001685
   -1   -1   15    9    0.000735
   -1   -1   16    9    0.004227
   -1   -1   17    9    0.000027
   -1   -1   18    9   -0.012775
   -1   -1    1   10   -0.005095
   -1   -1    2   10    0.000192
   -1   -1    3   10    0.001183
   -1   -1    4   10    0.002087
   -1   -1    5   10    0.000383
   -1   -1    6   10   -0.000360
   -1   -1    7   10    0.003660
   -1   -1    8   10   -0.000500
   -1   -1    9   10    0.002077
   -1   -1   10   10    0.000613
   -1   -1   11   10    0.000822
   -1   -1   12   10   -0.000353
   -1   -1   13   10   -0.003865
   -1   -1   14   10    0.001123
   -1   -1   15   10   -0.000720
   -1   -1   16   10   -0.001693
   -1   -1   17   10   -0.000227
   -1   -1   18   10   -0.003745
   -1   -1    1   11   -0.000048
   -1   -1    2   11    0.000080
   -1   -1    3   11    0.000263
   -1   -1    4   11    0.000073
   -1   -1    5   11    0.000035
   -1   -1    6   11   -0.000052
   -1   -1    7   11   -0.000050
   -1   -1    8   11   -0.000058
   -1   -1    9   11    0.001160
   -1   -1   10   11    0.000645
   -1   -1   11   11    0.000050
   -1   -1   12   11    0.000207
   -1   -1   13   11   -0.000120
   -1   -1   14   11    0.000060
   -1   -1   15   11    0.000015
   -1   -1   16   11   -0.000275
   -1   -1   17   11   -0.000155
   -1   -1   18   11   -0.000448
   -1   -1    1   12   -0.002825
   -1   -1    2   12    0.000617
   -1   -1    3   12    0.001760
   -1   -1    4   12    0.000930
   -1   -1    5   12    0.000105
   -1   -1    6   12    0.000690
   -1   -1    7   12    0.004545
   -1   -1    8   12   -0.000460
   -1   -1    9   12   -0.001955
   -1   -1   10   12    0.001400
   -1   -1   11   12   -0.000185
   -1   -1   12   12   -0.002285
   -1   -1   13   12   -0.001315
   -1   -1   14   12    0.000480
   -1   -1   15   12   -0.001060
   -1   -1   16   12   -0.001727
   -1   -1   17   12   -0.000355
   -1   -1   18   12   -0.000782
   -1   -1    1   13    0.001152
   -1   -1    2   13    0.000050
   -1   -1    3   13   -0.001120
   -1   -1    4   13    0.000410
   -1   -1    5   13   -0.000065
   -1   -1    6   13    0.000875
   -1   -1    7   13    0.000935
   -1   -1    8   13    0.000050
   -1   -1    9   13    0.003252
   -1   -1   10   13    0.000538
   -1   -1   11   13   -0.000135
   -1   -1   12   13    0.000685
   -1   -1   13   13    0.000655
   -1   -1   14   13   -0.000088
   -1   -1   15   13   -0.000353
   -1   -1   16   13   -0.001147
   -1   -1   17   13   -0.000170
   -1   -1   18   13    0.000498
   -1   -1    1   14    0.000075
   -1   -1    2   14    0.000010
   -1   -1    3   14    0.000407
   -1   -1    4   14   -0.000118
   -1   -1    5   14   -0.000045
   -1   -1    6   14    0.000075
   -1   -1    7   14   -0.000655
   -1   -1    8   14    0.000028
   -1   -1    9   14   -0.002000
   -1   -1   10   14   -0.000515
   -1   -1   11   14    0.000025
   -1   -1   12   14   -0.000130
   -1   -1   13   14    0.000183
   -1   -1   14   14   -0.000118
   -1   -1   15   14    0.000033
   -1   -1   16   14    0.000215
   -1   -1   17   14    0.000008
   -1   -1   18   14    0.000725
   -1   -1    1   15   -0.000238
   -1   -1    2   15   -0.000010
   -1   -1    3   15   -0.000880
   -1   -1    4   15    0.000418
   -1   -1    5   15   -0.000180
   -1   -1    6   15    0.000197
   -1   -1    7   15    0.001690
   -1   -1    8   15    0.000058
   -1   -1    9   15    0.000440
   -1   -1   10   15    0.001030
   -1   -1   11   15   -0.000383
   -1   -1   12   15   -0.000987
   -1   -1   13   15   -0.000733
   -1   -1   14   15   -0.000460
   -1   -1   15   15   -0.000192
   -1   -1   16   15   -0.000475
   -1   -1   17   15    0.000135
   -1   -1   18   15    0.000620
   -1   -1    1   16   -0.001375
   -1   -1    2   16   -0.000300
   -1   -1    3   16    0.000727
   -1   -1    4   16   -0.000973
   -1   -1    5   16    0.000327
   -1   -1    6   16   -0.000723
   -1   -1    7   16   -0.001150
   -1   -1    8   16    0.000257
   -1   -1    9   16   -0.008963
   -1   -1   10   16   -0.000065
   -1   -1   11   16   -0.000148
   -1   -1   12   16   -0.000108
   -1   -1   13   16   -0.000045
   -1   -1   14   16   -0.000235
   -1   -1   15   16    0.000375
   -1   -1   16   16    0.002120
   -1   -1   17   16    0.000680
   -1   -1   18   16   -0.000132
   -1   -1    1   17   -0.000307
   -1   -1    2   17   -0.000157
   -1   -1    3   17   -0.000175
   -1   -1    4   17   -0.000012
   -1   -1    5   17    0.000010
   -1   -1    6   17   -0.000015
   -1   -1    7   17    0.000167
   -1   -1    8   17    0.000055
   -1   -1    9   17    0.000100
   -1   -1   10   17    0.000360
   -1   -1   11   17   -0.000090
   -1   -1   12   17   -0.000243
   -1   -1   13   17   -0.000180
   -1   -1   14   17    0.000032
   -1   -1   15   17    0.000018
   -1   -1   16   17    0.000260
   -1   -1   17   17    0.000167
   -1   -1   18   17   -0.000020
   -1   -1    1   18    0.002165
   -1   -1    2   18   -0.000068
   -1   -1    3   18   -0.001380
   -1   -1    4   18   -0.000162
   -1   -1    5   18    0.000135
   -1   -1    6   18    0.001192
   -1   -1    7   18    0.002227
   -1   -1    8   18   -0.000032
   -1   -1    9   18    0.010020
   -1   -1   10   18    0.000752
   -1   -1   11   18   -0.000025
   -1   -1   12   18   -0.000610
   -1   -1   13   18    0.000832
   -1   -1   14   18    0.000328
   -1   -1   15   18   -0.000392
   -1   -1   16   18   -0.001207
   -1   -1   17   18   -0.000020
   -1   -1   18   18   -0.001285
    0   -1    1    1   -0.000482
    0   -1    2    1   -0.000063
    0   -1    3    1    0.001647
    0   -1    4    1    0.000490
    0   -1    5    1   -0.000428
    0   -1    6    1    0.000585
    0   -1    7    1    0.000640
    0   -1    8    1   -0.000500
    0   -1    9    1    0.001075
    0   -1   10    1    0.002035
    0   -1   11    1    0.000665
    0   -1   12    1    0.006065
    0   -1   13    1   -0.001133
    0   -1   14    1    0.000710
    0   -1   15    1    0.000505
    0   -1   16    1   -0.001292
    0   -1   17    1   -0.000420
    0   -1   18    1   -0.000385
    0   -1    1    2    0.000245
    0   -1    2    2    0.000155
    0   -1    3    2    0.000402
    0   -1    4    2    0.000065
    0   -1    5    2   -0.000030
    0   -1    6    2   -0.000158
    0   -1    7    2   -0.000180
    0   -1    8    2   -0.000080
    0   -1    9    2    0.000322
    0   -1   10    2   -0.000995
    0   -1   11    2    0.000072
    0   -1   12    2    0.000205
    0   -1   13    2   -0.000002
    0   -1   14    2    0.000058
    0   -1   15    2    0.000047
    0   -1   16    2    0.000042
    0   -1   17    2   -0.000180
    0   -1   18    2   -0.000313
    0   -1    1    3    0.000200
    0   -1    2    3   -0.000300
    0   -1    3    3   -0.000852
    0   -1    4    3   -0.000648
    0   -1    5    3    0.000108
    0   -1    6    3   -0.000905
    0   -1    7    3   -0.000940
    0   -1    8    3    0.000033
    0   -1    9    3    0.000715
    0   -1   10    3   -0.001495
    0   -1   11    3   -0.000088
    0   -1   12    3   -0.001595
    0   -1   13    3    0.000137
    0   -1   14    3   -0.000077
    0   -1   15    3    0.001152
    0   -1   16    3    0.002265
    0   -1   17    3    0.000155
    0   -1   18    3    0.000202
    0   -1    1    4    0.000167
    0   -1    2    4   -0.000355
    0   -1    3    4    0.000758
    0   -1    4    4   -0.000135
    0   -1    5    4    0.000065
    0   -1    6    4   -0.000348
    0   -1    7    4   -0.000965
    0   -1    8    4   -0.000097
    0   -1    9    4   -0.002750
    0   -1   10    4   -0.007342
    0   -1   11    4   -0.000505
    0   -1   12    4    0.000347
    0   -1   13    4   -0.000337
    0   -1   14    4    0.000275
    0   -1   15    4    0.000780
    0   -1   16    4    0.001585
    0   -1   17    4    0.000127
    0   -1   18    4    0.001048
    0   -1    1    5   -0.000095
    0   -1    2    5   -0.000133
    0   -1    3    5   -0.000362
    0   -1    4    5   -0.000005
    0   -1    5    5   -0.000053
    0   -1    6    5   -0.000092
    0   -1    7    5    0.000387
    0   -1    8    5    0.000030
    0   -1    9    5   -0.000612
    0   -1   10    5   -0.000660
    0   -1   11    5   -0.000183
    0   -1   12    5   -0.000158
    0   -1   13    5   -0.000777
    0   -1   14    5   -0.000075
    0   -1   15    5    0.000390
    0   -1   16    5   -0.000015
    0   -1   17    5    0.000035
    0   -1   18    5    0.000302
    0   -1    1    6   -0.000320
    0   -1    2    6   -0.000018
    0   -1    3    6   -0.000212
    0   -1    4    6   -0.000105
    0   -1    5    6    0.000230
    0   -1    6    6    0.000705
    0   -1    7    6   -0.000218
    0   -1    8    6   -0.000003
    0   -1    9    6   -0.001182
    0   -1   10    6    0.002005
    0   -1   11    6   -0.000007
    0   -1   12    6    0.000470
    0   -1   13    6   -0.000365
    0   -1   14    6    0.000187
    0   -1   15    6    0.000015
    0   -1   16    6    0.000545
    0   -1   17    6    0.000060
    0   -1   18    6   -0.000515
    0   -1    1    7    0.003015
    0   -1    2    7    0.000397
    0   -1    3    7   -0.000240
    0   -1    4    7    0.000237
    0   -1    5    7    0.000040
    0   -1    6    7    0.001990
    0   -1    7    7   -0.001425
    0   -1    8    7    0.000165
    0   -1    9    7    0.001335
    0   -1   10    7   -0.002413
    0   -1   11    7    0.000625
    0   -1   12    7   -0.005635
    0   -1   13    7    0.001000
    0   -1   14    7   -0.000267
    0   -1   15    7   -0.002125
    0   -1   16    7   -0.000440
    0   -1   17    7   -0.000292
    0   -1   18    7    0.001160
    0   -1    1    8   -0.000135
    0   -1    2    8   -0.000030
    0   -1    3    8   -0.000350
    0   -1    4    8   -0.000170
    0   -1    5    8    0.000098
    0   -1    6    8   -0.000155
    0   -1    7    8   -0.000275
    0   -1    8    8    0.000085
    0   -1    9    8   -0.000807
    0   -1   10    8    0.001173
    0   -1   11    8    0.000055
    0   -1   12    8    0.000315
    0   -1   13    8    0.000143
    0   -1   14    8   -0.000205
    0   -1   15    8   -0.000443
    0   -1   16    8   -0.000207
    0   -1   17    8    0.000055
    0   -1   18    8    0.000372
    0   -1    1    9    0.000318
    0   -1    2    9    0.001152
    0   -1    3    9   -0.003368
    0   -1    4    9   -0.001033
    0   -1    5    9    0.001575
    0   -1    6    9   -0.007782
    0   -1    7    9   -0.004050
    0   -1    8    9    0.001355
    0   -1    9    9   -0.002182
    0   -1   10    9   -0.000545
    0   -1   11    9   -0.001148
    0   -1   12    9    0.003770
    0   -1   13    9    0.000375
    0   -1   14    9   -0.001073
    0   -1   15    9   -0.001955
    0   -1   16    9    0.002485
    0   -1   17    9    0.000525
    0   -1   18    9   -0.000940
    0   -1    1   10   -0.001845
    0   -1    2   10   -0.000088
    0   -1    3   10    0.001072
    0   -1    4   10    0.000395
    0   -1    5   10   -0.000435
    0   -1    6   10   -0.000918
    0   -1    7   10   -0.000320
    0   -1    8   10    0.000200
    0   -1    9   10   -0.001852
    0   -1   10   10    0.004015
    0   -1   11   10   -0.000428
    0   -1   12   10   -0.001460
    0   -1   13   10   -0.000213
    0   -1   14   10   -0.000415
    0   -1   15   10   -0.000698
    0   -1   16   10    0.001700
    0   -1   17   10   -0.000150
    0   -1   18   10   -0.000035
    0   -1    1   11    0.000300
    0   -1    2   11    0.000115
    0   -1    3   11    0.000210
    0   -1    4   11   -0.000017
    0   -1    5   11    0.000030
    0   -1    6   11   -0.000018
    0   -1    7   11   -0.000373
    0   -1    8   11   -0.000020
    0   -1    9   11    0.000708
    0   -1   10   11   -0.001008
    0   -1   11   11    0.000065
    0   -1   12   11    0.000667
    0   -1   13   11    0.000100
    0   -1   14   11    0.000055
    0   -1   15   11   -0.000132
    0   -1   16   11    0.000165
    0   -1   17   11   -0.000053
    0   -1   18   11   -0.000275
    0   -1    1   12    0.000837
    0   -1    2   12   -0.000073
    0   -1    3   12    0.000520
    0   -1    4   12   -0.000005
    0   -1    5   12   -0.000180
    0   -1    6   12   -0.000088
    0   -1    7   12   -0.000952
    0   -1    8   12   -0.000043
    0   -1    9   12    0.001955
    0   -1   10   12   -0.002368
    0   -1   11   12   -0.000038
    0   -1   12   12    0.000838
    0   -1   13   12   -0.000485
    0   -1   14   12   -0.000105
    0   -1   15   12    0.000202
    0   -1   16   12   -0.000290
    0   -1   17   12   -0.000205
    0   -1   18   12    0.000372
    0   -1    1   13   -0.000970
    0   -1    2   13    0.000075
    0   -1    3   13    0.000360
    0   -1    4   13    0.000218
    0   -1    5   13   -0.000012
    0   -1    6   13    0.000357
    0   -1    7   13    0.000702
    0   -1    8   13   -0.000100
    0   -1    9   13    0.000197
    0   -1   10   13    0.001923
    0   -1   11   13   -0.000075
    0   -1   12   13    0.002300
    0   -1   13   13    0.000365
    0   -1   14   13    0.000157
    0   -1   15   13    0.000098
    0   -1   16   13   -0.000865
    0   -1   17   13   -0.000040
    0   -1   18   13   -0.000325
    0   -1    1   14   -0.000137
    0   -1    2   14   -0.000045
    0   -1    3   14    0.000452
    0   -1    4   14    0.000052
    0   -1    5   14    0.000117
    0   -1    6   14    0.000010
    0   -1    7   14    0.000467
    0   -1    8   14   -0.000110
    0   -1    9   14    0.000687
    0   -1   10   14   -0.001130
    0   -1   11   14    0.000208
    0   -1   12   14   -0.001010
    0   -1   13   14   -0.000583
    0   -1   14   14    0.000127
    0   -1   15   14   -0.000085
    0   -1   16   14   -0.000035
    0   -1   17   14   -0.000048
    0   -1   18   14   -0.000492
    0   -1    1   15   -0.000467
    0   -1    2   15    0.000007
    0   -1    3   15   -0.000095
    0   -1    4   15    0.000105
    0   -1    5   15   -0.000122
    0   -1    6   15    0.000352
    0   -1    7   15    0.000635
    0   -1    8   15    0.000000
    0   -1    9   15   -0.001027
    0   -1   10   15    0.003442
    0   -1   11   15   -0.000165
    0   -1   12   15   -0.000682
    0   -1   13   15   -0.000233
    0   -1   14   15   -0.000070
    0   -1   15   15   -0.000032
    0   -1   16   15   -0.000750
    0   -1   17   15    0.000025
    0   -1   18   15    0.000038
    0   -1    1   16   -0.000710
    0   -1    2   16   -0.000565
    0   -1    3   16   -0.001612
    0   -1    4   16   -0.000117
    0   -1    5   16   -0.000043
    0   -1    6   16   -0.000812
    0   -1    7   16    0.001283
    0   -1    8   16    0.000245
    0   -1    9   16   -0.001945
    0   -1   10   16    0.003890
    0   -1   11   16   -0.000315
    0   -1   12   16   -0.003270
    0   -1   13   16   -0.000783
    0   -1   14   16   -0.000490
    0   -1   15   16    0.000905
    0   -1   16   16   -0.000840
    0   -1   17   16    0.000380
    0   -1   18   16    0.001242
    0   -1    1   17   -0.000117
    0   -1    2   17    0.000018
    0   -1    3   17   -0.000467
    0   -1    4   17    0.000015
    0   -1    5   17   -0.000083
    0   -1    6   17    0.000055
    0   -1    7   17    0.000505
    0   -1    8   17    0.000110
    0   -1    9   17    0.001270
    0   -1   10   17    0.001843
    0   -1   11   17   -0.000030
    0   -1   12   17   -0.000118
    0   -1   13   17    0.000268
    0   -1   14   17   -0.000090
    0   -1   15   17   -0.000315
    0   -1   16   17   -0.000320
    0   -1   17   17    0.000128
    0   -1   18   17   -0.000265
    0   -1    1   18    0.000175
    0   -1    2   18   -0.000077
    0   -1    3   18   -0.000508
    0   -1    4   18   -0.000485
    0   -1    5   18    0.000245
    0   -1    6   18    0.000973
    0   -1    7   18   -0.002148
    0   -1    8   18    0.000222
    0   -1    9   18    0.002290
    0   -1   10   18   -0.000203
    0   -1   11   18   -0.000150
    0   -1   12   18    0.003257
    0   -1   13   18    0.001948
    0   -1   14   18    0.000120
    0   -1   15   18    0.000085
    0   -1   16   18    0.000257
    0   -1   17   18    0.000280
    0   -1   18   18   -0.000475
    1   -1    1    1    0.000345
    1   -1    2    1   -0.000085
    1   -1    3    1   -0.000108
    1   -1    4    1   -0.000060
    1   -1    5    1    0.000050
    1   -1    6    1    0.000575
    1   -1    7    1   -0.000020
    1   -1    8    1   -0.000040
    1   -1    9    1   -0.000183
    1   -1   10    1   -0.002600
    1   -1   11    1   -0.000070
    1   -1   12    1    0.000640
    1   -1   13    1   -0.000215
    1   -1   14    1    0.000052
    1   -1   15    1    0.000295
    1   -1   16    1   -0.000043
    1   -1   17    1   -0.000128
    1   -1   18    1    0.000778
    1   -1    1    2    0.000075
    1   -1    2    2    0.000152
    1   -1    3    2    0.000152
    1   -1    4    2    0.000030
    1   -1    5    2   -0.000003
    1   -1    6    2    0.000065
    1   -1    7    2   -0.000060
    1   -1    8    2   -0.000043
    1   -1    9    2    0.000120
    1   -1   10    2    0.000315
    1   -1   11    2    0.000028
    1   -1   12    2   -0.000475
    1   -1   13    2   -0.000003
    1   -1   14    2    0.000017
    1   -1   15    2    0.000032
    1   -1   16    2   -0.000180
    1   -1   17    2   -0.000158
    1   -1   18    2   -0.000093
    1   -1    1    3   -0.000152
    1   -1    2    3    0.000155
    1   -1    3    3   -0.000495
    1   -1    4    3    0.000010
    1   -1    5    3   -0.000202
    1   -1    6    3   -0.000083
    1   -1    7    3    0.000372
    1   -1    8    3   -0.000020
    1   -1    9    3   -0.001805
    1   -1   10    3    0.003063
    1   -1   11    3    0.000063
    1   -1   12    3   -0.002620
    1   -1   13    3    0.000125
    1   -1   14    3    0.000030
    1   -1   15    3    0.000360
    1   -1   16    3   -0.000290
    1   -1   17    3   -0.000170
    1   -1   18    3   -0.000123
    1   -1    1    4    0.000023
    1   -1    2    4   -0.000107
    1   -1    3    4   -0.000630
    1   -1    4    4   -0.000133
    1   -1    5    4   -0.000070
    1   -1    6    4    0.000292
    1   -1    7    4    0.000267
    1   -1    8    4    0.000095
    1   -1    9    4    0.000327
    1   -1   10    4    0.001285
    1   -1   11    4   -0.000072
    1   -1   12    4   -0.003152
    1   -1   13    4   -0.000020
    1   -1   14    4   -0.000220
    1   -1   15    4    0.000210
    1   -1   16    4    0.000368
    1   -1   17    4    0.000032
    1   -1   18    4    0.000443
    1   -1    1    5    0.000082
    1   -1    2    5    0.000018
    1   -1    3    5   -0.000070
    1   -1    4    5   -0.000045
    1   -1    5    5   -0.000030
    1   -1    6    5   -0.000120
    1   -1    7    5   -0.000290
    1   -1    8    5    0.000027
    1   -1    9    5    0.000412
    1   -1   10    5   -0.000042
    1   -1   11    5    0.000005
    1   -1   12    5   -0.000020
    1   -1   13    5    0.000053
    1   -1   14    5    0.000010
    1   -1   15    5   -0.000062
    1   -1   16    5    0.000198
    1   -1   17    5    0.000032
    1   -1   18    5   -0.000118
    1   -1    1    6    0.000027
    1   -1    2    6   -0.000070
    1   -1    3    6   -0.000375
    1   -1    4    6   -0.000095
    1   -1    5    6    0.000085
    1   -1    6    6    0.000133
    1   -1    7    6    0.000982
    1   -1    8    6   -0.000018
    1   -1    9    6   -0.001590
    1   -1   10    6    0.000650
    1   -1   11    6    0.000018
    1   -1   12    6    0.000135
    1   -1   13    6   -0.000155
    1   -1   14    6    0.000020
    1   -1   15    6    0.000025
    1   -1   16    6    0.000047
    1   -1   17    6    0.000098
    1   -1   18    6    0.000250
    1   -1    1    7   -0.000532
    1   -1    2    7    0.000018
    1   -1    3    7   -0.000847
    1   -1    4    7   -0.000410
    1   -1    5    7    0.000177
    1   -1    6    7    0.000588
    1   -1    7    7   -0.000380
    1   -1    8    7    0.000195
    1   -1    9    7   -0.002110
    1   -1   10    7    0.002815
    1   -1   11    7   -0.000018
    1   -1   12    7   -0.002665
    1   -1   13    7    0.000818
    1   -1   14    7   -0.000083
    1   -1   15    7   -0.000105
    1   -1   16    7    0.000445
    1   -1   17    7    0.000240
    1   -1   18    7   -0.000187
    1   -1    1    8    0.000000
    1   -1    2    8    0.000030
    1   -1    3    8    0.000105
    1   -1    4    8    0.000025
    1   -1    5    8    0.000013
    1   -1    6    8   -0.000235
    1   -1    7    8    0.000000
    1   -1    8    8   -0.000015
    1   -1    9    8    0.000733
    1   -1   10    8   -0.000792
    1   -1   11    8    0.000010
    1   -1   12    8    0.001158
    1   -1   13    8   -0.000002
    1   -1   14    8    0.000023
    1   -1   15    8   -0.000090
    1   -1   16    8    0.000020
    1   -1   17    8    0.000027
    1   -1   18    8   -0.000007
    1   -1    1    9    0.000130
    1   -1    2    9    0.000470
    1   -1    3    9    0.001978
    1   -1    4    9    0.001253
    1   -1    5    9   -0.000830
    1   -1    6    9   -0.002510
    1   -1    7    9    0.003208
    1   -1    8    9   -0.000702
    1   -1    9    9    0.001742
    1   -1   10    9    0.001142
    1   -1   11    9    0.001175
    1   -1   12    9    0.007098
    1   -1   13    9   -0.000130
    1   -1   14    9    0.000105
    1   -1   15    9   -0.001608
    1   -1   16    9   -0.003800
    1   -1   17    9   -0.000198
    1   -1   18    9    0.003172
    1   -1    1   10    0.000050
    1   -1    2   10    0.000045
    1   -1    3   10   -0.000060
    1   -1    4   10   -0.000887
    1   -1    5   10    0.000000
    1   -1    6   10   -0.001005
    1   -1    7   10   -0.000255
    1   -1    8   10    0.000172
    1   -1    9   10    0.000120
    1   -1   10   10   -0.000517
    1   -1   11   10   -0.000455
    1   -1   12   10    0.000935
    1   -1   13   10    0.000787
    1   -1   14   10   -0.000260
    1   -1   15   10    0.001320
    1   -1   16   10    0.000080
    1   -1   17   10    0.000135
    1   -1   18   10   -0.000792
    1   -1    1   11   -0.000068
    1   -1    2   11    0.000030
    1   -1    3   11   -0.000072
    1   -1    4   11   -0.000010
    1   -1    5   11    0.000033
    1   -1    6   11    0.000090
    1   -1    7   11    0.000120
    1   -1    8   11   -0.000003
    1   -1    9   11   -0.000378
    1   -1   10   11    0.000410
    1   -1   11   11    0.000003
    1   -1   12   11   -0.000325
    1   -1   13   11    0.000005
    1   -1   14   11    0.000008
    1   -1   15   11    0.000048
    1   -1   16   11   -0.000045
    1   -1   17   11   -0.000035
    1   -1   18   11   -0.000015
    1   -1    1   12    0.000548
    1   -1    2   12    0.000192
    1   -1    3   12   -0.000067
    1   -1    4   12    0.000227
    1   -1    5   12    0.000087
    1   -1    6   12    0.000040
    1   -1    7   12   -0.001340
    1   -1    8   12    0.000038
    1   -1    9   12    0.001140
    1   -1   10   12   -0.001085
    1   -1   11   12   -0.000062
    1   -1   12   12   -0.000453
    1   -1   13   12    0.000662
    1   -1   14   12   -0.000085
    1   -1   15   12    0.000045
    1   -1   16   12   -0.000210
    1   -1   17   12   -0.000353
    1   -1   18   12    0.000080
    1   -1    1   13    0.000400
    1   -1    2   13   -0.000018
    1   -1    3   13    0.000300
    1   -1    4   13    0.000042
    1   -1    5   13    0.000073
    1   -1    6   13   -0.000185
    1   -1    7   13   -0.000150
    1   -1    8   13   -0.000032
    1   -1    9   13    0.001230
    1   -1   10   13   -0.001713
    1   -1   11   13   -0.000047
    1   -1   12   13    0.001248
    1   -1   13   13   -0.000095
    1   -1   14   13    0.000037
    1   -1   15   13   -0.000060
    1   -1   16   13    0.000145
    1   -1   17   13   -0.000030
    1   -1   18   13    0.000260
    1   -1    1   14    0.000160
    1   -1    2   14   -0.000018
    1   -1    3   14   -0.000118
    1   -1    4   14    0.000000
    1   -1    5   14   -0.000050
    1   -1    6   14    0.000100
    1   -1    7   14   -0.000080
    1   -1    8   14    0.000020
    1   -1    9   14    0.000135
    1   -1   10   14    0.000547
    1   -1   11   14    0.000007
    1   -1   12   14   -0.000333
    1   -1   13   14   -0.000032
    1   -1   14   14   -0.000025
    1   -1   15   14    0.000022
    1   -1   16   14   -0.000085
    1   -1   17   14    0.000005
    1   -1   18   14    0.000010
    1   -1    1   15    0.000140
    1   -1    2   15   -0.000008
    1   -1    3   15    0.000302
    1   -1    4   15    0.000055
    1   -1    5   15   -0.000047
    1   -1    6   15   -0.000080
    1   -1    7   15   -0.000353
    1   -1    8   15   -0.000015
    1   -1    9   15    0.000028
    1   -1   10   15   -0.001205
    1   -1   11   15    0.000013
    1   -1   12   15    0.000905
    1   -1   13   15   -0.000068
    1   -1   14   15   -0.000008
    1   -1   15   15   -0.000088
    1   -1   16   15   -0.000102
    1   -1   17   15   -0.000012
    1   -1   18   15   -0.000123
    1   -1    1   16    0.000053
    1   -1    2   16   -0.000100
    1   -1    3   16    0.000608
    1   -1    4   16    0.000115
    1   -1    5   16   -0.000195
    1   -1    6   16   -0.000265
    1   -1    7   16   -0.000247
    1   -1    8   16    0.000012
    1   -1    9   16    0.001945
    1   -1   10   16   -0.000760
    1   -1   11   16    0.000047
    1   -1   12   16    0.000862
    1   -1   13   16   -0.000163
    1   -1   14   16   -0.000085
    1   -1   15   16   -0.000370
    1   -1   16   16   -0.000245
    1   -1   17   16    0.000210
    1   -1   18   16   -0.000183
    1   -1    1   17   -0.000075
    1   -1    2   17   -0.000120
    1   -1    3   17   -0.000062
    1   -1    4   17   -0.000055
    1   -1    5   17    0.000052
    1   -1    6   17   -0.000015
    1   -1    7   17   -0.000175
    1   -1    8   17    0.000032
    1   -1    9   17    0.000215
    1   -1   10   17   -0.000602
    1   -1   11   17    0.000015
    1   -1   12   17    0.000710
    1   -1   13   17    0.000043
    1   -1   14   17    0.000055
    1   -1   15   17   -0.000078
    1   -1   16   17    0.000298
    1   -1   17   17    0.000177
    1   -1   18   17   -0.000107
    1   -1    1   18   -0.000552
    1   -1    2   18   -0.000120
    1   -1    3   18    0.000228
    1   -1    4   18    0.000188
    1   -1    5   18    0.000325
    1   -1    6   18   -0.000518
    1   -1    7   18    0.001140
    1   -1    8   18   -0.000077
    1   -1    9   18   -0.001432
    1   -1   10   18   -0.001060
    1   -1   11   18   -0.000040
    1   -1   12   18    0.002398
    1   -1   13   18   -0.000425
    1   -1   14   18    0.000192
    1   -1   15   18   -0.000058
    1   -1   16   18    0.000485
    1   -1   17   18    0.000095
    1   -1   18   18   -0.000073
   -1    0    1    1    0.001555
   -1    0    2    1    0.000105
   -1    0    3    1   -0.001343
   -1    0    4    1   -0.000880
   -1    0    5    1   -0.000010
   -1    0    6    1    0.000060
   -1    0    7    1   -0.001980
   -1    0    8    1    0.000395
   -1    0    9    1    0.000882
   -1    0   10    1    0.003692
   -1    0   11    1   -0.000010
   -1    0   12    1   -0.000130
   -1    0   13    1   -0.000085
   -1    0   14    1   -0.000030
   -1    0   15    1    0.000253
   -1    0   16    1    0.000015
   -1    0   17    1   -0.000930
   -1    0   18    1   -0.000410
   -1    0    1    2    0.000232
   -1    0    2    2    0.000407
   -1    0    3    2   -0.000473
   -1    0    4    2    0.000480
   -1    0    5    2   -0.000077
   -1    0    6    2   -0.000018
   -1    0    7    2    0.000042
   -1    0    8    2   -0.000287
   -1    0    9    2   -0.000315
   -1    0   10    2   -0.000195
   -1    0   11    2    0.000242
   -1    0   12    2   -0.000045
   -1    0   13    2   -0.000515
   -1    0   14    2   -0.000092
   -1    0   15    2    0.000100
   -1    0   16    2   -0.000808
   -1    0   17    2   -0.000230
   -1    0   18    2   -0.000825
   -1    0    1    3    0.000010
   -1    0    2    3    0.000290
   -1    0    3    3   -0.000942
   -1    0    4    3    0.001482
   -1    0    5    3   -0.000150
   -1    0    6    3   -0.000400
   -1    0    7    3    0.000025
   -1    0    8    3   -0.000130
   -1    0    9    3    0.001788
   -1    0   10    3   -0.001253
   -1    0   11    3    0.000065
   -1    0   12    3    0.000540
   -1    0   13    3    0.000445
   -1    0   14    3   -0.000383
   -1    0   15    3    0.000400
   -1    0   16    3   -0.000718
   -1    0   17    3   -0.000740
   -1    0   18    3   -0.000325
   -1    0    1    4   -0.000085
   -1    0    2    4    0.000077
   -1    0    3    4    0.000308
   -1    0    4    4   -0.000200
   -1    0    5    4   -0.000020
   -1    0    6    4   -0.000215
   -1    0    7    4   -0.000260
   -1    0    8    4    0.000022
   -1    0    9    4   -0.000310
   -1    0   10    4   -0.000307
   -1    0   11    4   -0.000008
   -1    0   12    4    0.000137
   -1    0   13    4    0.000005
   -1    0   14    4   -0.000120
   -1    0   15    4    0.000088
   -1    0   16    4    0.000130
   -1    0   17    4    0.000045
   -1    0   18    4   -0.000080
   -1    0    1    5   -0.001500
   -1    0    2    5    0.000065
   -1    0    3    5   -0.000018
   -1    0    4    5    0.000372
   -1    0    5    5    0.000142
   -1    0    6    5    0.000105
   -1    0    7    5   -0.000042
   -1    0    8    5    0.000027
   -1    0    9    5   -0.000625
   -1    0   10    5   -0.000970
   -1    0   11    5    0.000120
   -1    0   12    5   -0.000035
   -1    0   13    5   -0.000125
   -1    0   14    5   -0.000032
   -1    0   15    5   -0.000180
   -1    0   16    5   -0.000385
   -1    0   17    5   -0.000062
   -1    0   18    5    0.000203
   -1    0    1    6    0.000258
   -1    0    2    6   -0.000332
   -1    0    3    6    0.000168
   -1    0    4    6    0.002685
   -1    0    5    6   -0.001527
   -1    0    6    6   -0.001248
   -1    0    7    6   -0.000940
   -1    0    8    6    0.000980
   -1    0    9    6    0.003160
   -1    0   10    6    0.000590
   -1    0   11    6   -0.000105
   -1    0   12    6    0.001095
   -1    0   13    6    0.001205
   -1    0   14    6   -0.000377
   -1    0   15    6    0.000595
   -1    0   16    6   -0.000285
   -1    0   17    6   -0.000578
   -1    0   18    6    0.000145
   -1    0    1    7   -0.001815
   -1    0    2    7   -0.000178
   -1    0    3    7    0.003260
   -1    0    4    7   -0.000038
   -1    0    5    7   -0.000630
   -1    0    6    7    0.000300
   -1    0    7    7    0.003133
   -1    0    8    7   -0.001160
   -1    0    9    7   -0.001802
   -1    0   10    7   -0.001210
   -1    0   11    7    0.000062
   -1    0   12    7    0.000097
   -1    0   13    7   -0.000695
   -1    0   14    7    0.000113
   -1    0   15    7   -0.000255
   -1    0   16    7    0.000820
   -1    0   17    7    0.001520
   -1    0   18    7   -0.000030
   -1    0    1    8   -0.000080
   -1    0    2    8   -0.000070
   -1    0    3    8   -0.000133
   -1    0    4    8   -0.000275
   -1    0    5    8    0.000057
   -1    0    6    8    0.000010
   -1    0    7    8    0.000103
   -1    0    8    8    0.000040
   -1    0    9    8   -0.000293
   -1    0   10    8   -0.000075
   -1    0   11    8   -0.000017
   -1    0   12    8   -0.000080
   -1    0   13    8   -0.000027
   -1    0   14    8    0.000108
   -1    0   15    8   -0.000028
   -1    0   16    8    0.000218
   -1    0   17    8    0.000267
   -1    0   18    8    0.000197
   -1    0    1    9   -0.005440
   -1    0    2    9    0.000545
   -1    0    3    9    0.005915
   -1    0    4    9   -0.000755
   -1    0    5    9    0.000513
   -1    0    6    9   -0.003980
   -1    0    7    9    0.003432
   -1    0    8    9   -0.000502
   -1    0    9    9   -0.000985
   -1    0   10    9   -0.003382
   -1    0   11    9   -0.000275
   -1    0   12    9    0.002875
   -1    0   13    9   -0.001872
   -1    0   14    9    0.001250
   -1    0   15    9   -0.000413
   -1    0   16    9    0.003060
   -1    0   17    9   -0.000103
   -1    0   18    9   -0.006368
   -1    0    1   10    0.002527
   -1    0    2   10   -0.000320
   -1    0    3   10    0.001020
   -1    0    4   10    0.000715
   -1    0    5   10   -0.000725
   -1    0    6   10    0.003190
   -1    0    7   10   -0.000115
   -1    0    8   10   -0.000362
   -1    0    9   10   -0.002215
   -1    0   10   10   -0.003703
   -1    0   11   10    0.000532
   -1    0   12   10   -0.002753
   -1    0   13   10   -0.000342
   -1    0   14   10   -0.000605
   -1    0   15   10   -0.000952
   -1    0   16   10   -0.001085
   -1    0   17   10   -0.000555
   -1    0   18   10    0.005165
   -1    0    1   11    0.000015
   -1    0    2   11    0.000095
   -1    0    3   11   -0.000137
   -1    0    4   11    0.000048
   -1    0    5   11    0.000020
   -1    0    6   11   -0.000007
   -1    0    7   11   -0.000240
   -1    0    8   11    0.000362
   -1    0    9   11    0.000242
   -1    0   10   11   -0.000022
   -1    0   11   11    0.000055
   -1    0   12   11    0.000072
   -1    0   13   11    0.000007
   -1    0   14   11    0.000020
   -1    0   15   11    0.000032
   -1    0   16   11   -0.000297
   -1    0   17   11   -0.000335
   -1    0   18   11    0.000175
   -1    0    1   12    0.001277
   -1    0    2   12   -0.001665
   -1    0    3   12    0.002308
   -1    0    4   12   -0.004428
   -1    0    5   12    0.000565
   -1    0    6   12    0.001107
   -1    0    7   12   -0.001950
   -1    0    8   12    0.001770
   -1    0    9   12    0.012160
   -1    0   10   12    0.004288
   -1    0   11   12   -0.001065
   -1    0   12   12    0.000973
   -1    0   13   12    0.000780
   -1    0   14   12    0.000030
   -1    0   15   12   -0.000568
   -1    0   16   12    0.002020
   -1    0   17   12    0.000380
   -1    0   18   12   -0.001837
   -1    0    1   13    0.001918
   -1    0    2   13   -0.000115
   -1    0    3   13   -0.001252
   -1    0    4   13   -0.000133
   -1    0    5   13    0.000162
   -1    0    6   13    0.000502
   -1    0    7   13   -0.000267
   -1    0    8   13   -0.000930
   -1    0    9   13   -0.000240
   -1    0   10   13    0.003135
   -1    0   11   13    0.000115
   -1    0   12   13   -0.000495
   -1    0   13   13   -0.000643
   -1    0   14   13   -0.000455
   -1    0   15   13    0.000595
   -1    0   16   13   -0.000062
   -1    0   17   13   -0.002397
   -1    0   18   13    0.000710
   -1    0    1   14   -0.001095
   -1    0    2   14    0.000000
   -1    0    3   14    0.000110
   -1    0    4   14   -0.000305
   -1    0    5   14    0.000095
   -1    0    6   14    0.000030
   -1    0    7   14    0.000075
   -1    0    8   14    0.000117
   -1    0    9   14   -0.000298
   -1    0   10   14   -0.000678
   -1    0   11   14    0.000003
   -1    0   12   14    0.000000
   -1    0   13   14    0.000063
   -1    0   14   14    0.000000
   -1    0   15   14    0.000037
   -1    0   16   14   -0.000080
   -1    0   17   14   -0.000053
   -1    0   18   14    0.000190
   -1    0    1   15    0.000545
   -1    0    2   15   -0.000465
   -1    0    3   15    0.000440
   -1    0    4   15    0.000583
   -1    0    5   15   -0.000168
   -1    0    6   15    0.000018
   -1    0    7   15   -0.000047
   -1    0    8   15    0.000062
   -1    0    9   15   -0.000218
   -1    0   10   15   -0.001045
   -1    0   11   15   -0.000295
   -1    0   12   15   -0.000020
   -1    0   13   15    0.000490
   -1    0   14   15    0.000398
   -1    0   15   15   -0.000200
   -1    0   16   15    0.001718
   -1    0   17   15    0.000553
   -1    0   18   15   -0.000573
   -1    0    1   16   -0.000843
   -1    0    2   16   -0.000010
   -1    0    3   16   -0.001595
   -1    0    4   16    0.000587
   -1    0    5   16    0.000557
   -1    0    6   16   -0.000210
   -1    0    7   16    0.001235
   -1    0    8   16   -0.000255
   -1    0    9   16   -0.001895
   -1    0   10   16   -0.000423
   -1    0   11   16   -0.000153
   -1    0   12   16   -0.000310
   -1    0   13   16   -0.000220
   -1    0   14   16    0.000082
   -1    0   15   16    0.000157
   -1    0   16   16   -0.000065
   -1    0   17   16   -0.000177
   -1    0   18   16   -0.000825
   -1    0    1   17   -0.000207
   -1    0    2   17   -0.000177
   -1    0    3   17    0.000053
   -1    0    4   17   -0.000418
   -1    0    5   17    0.000020
   -1    0    6   17    0.000083
   -1    0    7   17    0.000205
   -1    0    8   17    0.000073
   -1    0    9   17    0.000122
   -1    0   10   17   -0.000110
   -1    0   11   17   -0.000043
   -1    0   12   17   -0.000190
   -1    0   13   17   -0.000070
   -1    0   14   17    0.000060
   -1    0   15   17    0.000012
   -1    0   16   17    0.000305
   -1    0   17   17    0.000427
   -1    0   18   17    0.000133
   -1    0    1   18    0.006010
   -1    0    2   18   -0.000077
   -1    0    3   18   -0.000265
   -1    0    4   18    0.000370
   -1    0    5   18   -0.001670
   -1    0    6   18    0.000738
   -1    0    7   18   -0.000722
   -1    0    8   18    0.000027
   -1    0    9   18    0.003068
   -1    0   10   18    0.004052
   -1    0   11   18    0.000018
   -1    0   12   18   -0.000315
   -1    0   13   18    0.000655
   -1    0   14   18   -0.001367
   -1    0   15   18   -0.000300
   -1    0   16   18   -0.000612
   -1    0   17   18    0.000027
   -1    0   18   18    0.001250
    0    0    1    1   -0.007853
    0    0    2    1   -0.001652
    0    0    3    1   -0.004148
    0    0    4    1    0.004438
    0    0    5    1   -0.001805
    0    0    6    1   -0.000292
    0    0    7    1   -0.003287
    0    0    8    1    0.000130
    0    0    9    1    0.002422
    0    0   10    1   -0.001633
    0    0   11    1   -0.000400
    0    0   12    1    0.001692
    0    0   13    1    0.000065
    0    0   14    1   -0.002170
    0    0   15    1    0.002890
    0    0   16    1   -0.002505
    0    0   17    1   -0.000917
    0    0   18    1   -0.000098
    0    0    1    2   -0.001652
    0    0    2    2    0.000030
    0    0    3    2   -0.000940
    0    0    4    2    0.000595
    0    0    5    2   -0.000245
    0    0    6    2   -0.002368
    0    0    7    2    0.000102
    0    0    8    2    0.000225
    0    0    9    2    0.001840
    0    0   10    2   -0.001195
    0    0   11    2    0.001535
    0    0   12    2    0.001897
    0    0   13    2   -0.000337
    0    0   14    2   -0.000600
    0    0   15    2   -0.000457
    0    0   16    2   -0.003270
    0    0   17    2    0.000692
    0    0   18    2   -0.000660
    0    0    1    3   -0.004148
    0    0    2    3   -0.000940
    0    0    3    3    0.005720
    0    0    4    3   -0.001418
    0    0    5    3    0.000025
    0    0    6    3   -0.000295
    0    0    7    3    0.002892
    0    0    8    3   -0.001422
    0    0    9    3   -0.000785
    0    0   10    3   -0.003290
    0    0   11    3   -0.001010
    0    0   12    3    0.002413
    0    0   13    3    0.000197
    0    0   14    3   -0.000577
    0    0   15    3   -0.002310
    0    0   16    3   -0.000888
    0    0   17    3   -0.003105
    0    0   18    3   -0.001808
    0    0    1    4    0.004438
    0    0    2    4    0.000595
    0    0    3    4   -0.001418
    0    0    4    4    0.001845
    0    0    5    4    0.000845
    0    0    6    4    0.000413
    0    0    7    4   -0.000613
    0    0    8    4   -0.000735
    0    0    9    4   -0.006640
    0    0   10    4   -0.001953
    0    0   11    4    0.000083
    0    0   12    4    0.000383
    0    0   13    4    0.000565
    0    0   14    4   -0.000708
    0    0   15    4    0.000688
    0    0   16    4   -0.001988
    0    0   17    4   -0.000390
    0    0   18    4    0.003080
    0    0    1    5   -0.001805
    0    0    2    5   -0.000245
    0    0    3    5    0.000025
    0    0    4    5    0.000845
    0    0    5    5    0.000562
    0    0    6    5   -0.000330
    0    0    7    5    0.000053
    0    0    8    5    0.000065
    0    0    9    5    0.000913
    0    0   10    5    0.000710
    0    0   11    5   -0.000465
    0    0   12    5   -0.000078
    0    0   13    5   -0.000218
    0    0   14    5    0.000803
    0    0   15    5   -0.000637
    0    0   16    5   -0.000462
    0    0   17    5   -0.000653
    0    0   18    5   -0.002375
    0    0    1    6   -0.000292
    0    0    2    6   -0.002368
    0    0    3    6   -0.000295
    0    0    4    6    0.000413
    0    0    5    6   -0.000330
    0    0    6    6    0.000602
    0    0    7    6   -0.001400
    0    0    8    6    0.000270
    0    0    9    6   -0.000532
    0    0   10    6    0.001747
    0    0   11    6   -0.001125
    0    0   12    6   -0.003020
    0    0   13    6    0.003610
    0    0   14    6    0.000130
    0    0   15    6    0.000175
    0    0   16    6   -0.000693
    0    0   17    6   -0.000063
    0    0   18    6    0.001622
    0    0    1    7   -0.003287
    0    0    2    7    0.000102
    0    0    3    7    0.002892
    0    0    4    7   -0.000613
    0    0    5    7    0.000053
    0    0    6    7   -0.001400
    0    0    7    7    0.001945
    0    0    8    7   -0.001158
    0    0    9    7   -0.000255
    0    0   10    7    0.005442
    0    0   11    7    0.001350
    0    0   12    7   -0.004887
    0    0   13    7   -0.004420
    0    0   14    7    0.000547
    0    0   15    7   -0.003560
    0    0   16    7    0.004672
    0    0   17    7   -0.001585
    0    0   18    7   -0.000937
    0    0    1    8    0.000130
    0    0    2    8    0.000225
    0    0    3    8   -0.001422
    0    0    4    8   -0.000735
    0    0    5    8    0.000065
    0    0    6    8    0.000270
    0    0    7    8   -0.001158
    0    0    8    8    0.000872
    0    0    9    8   -0.000665
    0    0   10    8    0.000477
    0    0   11    8    0.000087
    0    0   12    8   -0.000515
    0    0   13    8   -0.000065
    0    0   14    8   -0.000407
    0    0   15    8    0.000118
    0    0   16    8   -0.001020
    0    0   17    8    0.001522
    0    0   18    8   -0.000462
    0    0    1    9    0.002422
    0    0    2    9    0.001840
    0    0    3    9   -0.000785
    0    0    4    9   -0.006640
    0    0    5    9    0.000913
    0    0    6    9   -0.000532
    0    0    7    9   -0.000255
    0    0    8    9   -0.000665
    0    0    9    9   -0.005717
    0    0   10    9   -0.003852
    0    0   11    9    0.000010
    0    0   12    9    0.000200
    0    0   13    9    0.000745
    0    0   14    9   -0.000250
    0    0   15    9    0.000058
    0    0   16    9   -0.003452
    0    0   17    9   -0.000037
    0    0   18    9    0.001610
    0    0    1   10   -0.001633
    0    0    2   10   -0.001195
    0    0    3   10   -0.003290
    0    0    4   10   -0.001953
    0    0    5   10    0.000710
    0    0    6   10    0.001747
    0    0    7   10    0.005442
    0    0    8   10    0.000477
    0    0    9   10   -0.003852
    0    0   10   10   -0.004422
    0    0   11   10   -0.001045
    0    0   12   10   -0.004847
    0    0   13   10    0.002108
    0    0   14   10    0.001297
    0    0   15   10   -0.003710
    0    0   16   10    0.003222
    0    0   17   10    0.002350
    0    0   18   10    0.000150
    0    0    1   11   -0.000400
    0    0    2   11    0.001535
    0    0    3   11   -0.001010
    0    0    4   11    0.000083
    0    0    5   11   -0.000465
    0    0    6   11   -0.001125
    0    0    7   11    0.001350
    0    0    8   11    0.000087
    0    0    9   11    0.000010
    0    0   10   11   -0.001045
    0    0   11   11    0.000838
    0    0   12   11   -0.000585
    0    0   13   11    0.001013
    0    0   14   11    0.000035
    0    0   15   11   -0.000682
    0    0   16   11   -0.001353
    0    0   17   11    0.000242
    0    0   18   11    0.000197
    0    0    1   12    0.001692
    0    0    2   12    0.001897
    0    0    3   12    0.002413
    0    0    4   12    0.000383
    0    0    5   12   -0.000078
    0    0    6   12   -0.003020
    0    0    7   12   -0.004887
    0    0    8   12   -0.000515
    0    0    9   12    0.000200
    0    0   10   12   -0.004847
    0    0   11   12   -0.000585
    0    0   12   12    0.002310
    0    0   13   12   -0.000770
    0    0   14   12   -0.000558
    0    0   15   12   -0.001253
    0    0   16   12    0.000742
    0    0   17   12   -0.000430
    0    0   18   12   -0.000298
    0    0    1   13    0.000065
    0    0    2   13   -0.000337
    0    0    3   13    0.000197
    0    0    4   13    0.000565
    0    0    5   13   -0.000218
    0    0    6   13    0.003610
    0    0    7   13   -0.004420
    0    0    8   13   -0.000065
    0    0    9   13    0.000745
    0    0   10   13    0.002108
    0    0   11   13    0.001013
    0    0   12   13   -0.000770
    0    0   13   13    0.001348
    0    0   14   13   -0.001188
    0    0   15   13    0.002510
    0    0   16   13   -0.000723
    0    0   17   13   -0.000505
    0    0   18   13    0.000622
    0    0    1   14   -0.002170
    0    0    2   14   -0.000600
    0    0    3   14   -0.000577
    0    0    4   14   -0.000708
    0    0    5   14    0.000803
    0    0    6   14    0.000130
    0    0    7   14    0.000547
    0    0    8   14   -0.000407
    0    0    9   14   -0.000250
    0    0   10   14    0.001297
    0    0   11   14    0.000035
    0    0   12   14   -0.000558
    0    0   13   14   -0.001188
    0    0   14   14    0.000480
    0    0   15   14    0.000785
    0    0   16   14    0.000070
    0    0   17   14   -0.000228
    0    0   18   14   -0.001783
    0    0    1   15    0.002890
    0    0    2   15   -0.000457
    0    0    3   15   -0.002310
    0    0    4   15    0.000688
    0    0    5   15   -0.000637
    0    0    6   15    0.000175
    0    0    7   15   -0.003560
    0    0    8   15    0.000118
    0    0    9   15    0.000058
    0    0   10   15   -0.003710
    0    0   11   15   -0.000682
    0    0   12   15   -0.001253
    0    0   13   15    0.002510
    0    0   14   15    0.000785
    0    0   15   15    0.001880
    0    0   16   15   -0.001522
    0    0   17   15    0.000620
    0    0   18   15    0.004245
    0    0    1   16   -0.002505
    0    0    2   16   -0.003270
    0    0    3   16   -0.000888
    0    0    4   16   -0.001988
    0    0    5   16   -0.000462
    0    0    6   16   -0.000693
    0    0    7   16    0.004672
    0    0    8   16   -0.001020
    0    0    9   16   -0.003452
    0    0   10   16    0.003222
    0    0   11   16   -0.001353
    0    0   12   16    0.000742
    0    0   13   16   -0.000723
    0    0   14   16    0.000070
    0    0   15   16   -0.001522
    0    0   16   16    0.006177
    0    0   17   16   -0.000988
    0    0   18   16   -0.005325
    0    0    1   17   -0.000917
    0    0    2   17    0.000692
    0    0    3   17   -0.003105
    0    0    4   17   -0.000390
    0    0    5   17   -0.000653
    0    0    6   17   -0.000063
    0    0    7   17   -0.001585
    0    0    8   17    0.001522
    0    0    9   17   -0.000037
    0    0   10   17    0.002350
    0    0   11   17    0.000242
    0    0   12   17   -0.000430
    0    0   13   17   -0.000505
    0    0   14   17   -0.000228
    0    0   15   17    0.000620
    0    0   16   17   -0.000988
    0    0   17   17   -0.000007
    0    0   18   17   -0.001947
    0    0    1   18   -0.000098
    0    0    2   18   -0.000660
    0    0    3   18   -0.001808
    0    0    4   18    0.003080
    0    0    5   18   -0.002375
    0    0    6   18    0.001622
    0    0    7   18   -0.000937
    0    0    8   18   -0.000462
    0    0    9   18    0.001610
    0    0   10   18    0.000150
    0    0   11   18    0.000197
    0    0   12   18   -0.000298
    0    0   13   18    0.000622
    0    0   14   18   -0.001783
    0    0   15   18    0.004245
    0    0   16   18   -0.005325
    0    0   17   18   -0.001947
    0    0   18   18   -0.006658
    1    0    1    1    0.001555
    1    0    2    1    0.000232
    1    0    3    1    0.000010
    1    0    4    1   -0.000085
    1    0    5    1   -0.001500
    1    0    6    1    0.000258
    1    0    7    1   -0.001815
    1    0    8    1   -0.000080
    1    0    9    1   -0.005440
    1    0   10    1    0.002527
    1    0   11    1    0.000015
    1    0   12    1    0.001277
    1    0   13    1    0.001918
    1    0   14    1   -0.001095
    1    0   15    1    0.000545
    1    0   16    1   -0.000843
    1    0   17    1   -0.000207
    1    0   18    1    0.006010
    1    0    1    2    0.000105
    1    0    2    2    0.000407
    1    0    3    2    0.000290
    1    0    4    2    0.000077
    1    0    5    2    0.000065
    1    0    6    2   -0.000332
    1    0    7    2   -0.000178
    1    0    8    2   -0.000070
    1    0    9    2    0.000545
    1    0   10    2   -0.000320
    1    0   11    2    0.000095
    1    0   12    2   -0.001665
    1    0   13    2   -0.000115
    1    0   14    2    0.000000
    1    0   15    2   -0.000465
    1    0   16    2   -0.000010
    1    0   17    2   -0.000177
    1    0   18    2   -0.000077
    1    0    1    3   -0.001343
    1    0    2    3   -0.000473
    1    0    3    3   -0.000942
    1    0    4    3    0.000308
    1    0    5    3   -0.000018
    1    0    6    3    0.000168
    1    0    7    3    0.003260
    1    0    8    3   -0.000133
    1    0    9    3    0.005915
    1    0   10    3    0.001020
    1    0   11    3   -0.000137
    1    0   12    3    0.002308
    1    0   13    3   -0.001252
    1    0   14    3    0.000110
    1    0   15    3    0.000440
    1    0   16    3   -0.001595
    1    0   17    3    0.000053
    1    0   18    3   -0.000265
    1    0    1    4   -0.000880
    1    0    2    4    0.000480
    1    0    3    4    0.001482
    1    0    4    4   -0.000200
    1    0    5    4    0.000372
    1    0    6    4    0.002685
    1    0    7    4   -0.000038
    1    0    8    4   -0.000275
    1    0    9    4   -0.000755
    1    0   10    4    0.000715
    1    0   11    4    0.000048
    1    0   12    4   -0.004428
    1    0   13    4   -0.000133
    1    0   14    4   -0.000305
    1    0   15    4    0.000583
    1    0   16    4    0.000587
    1    0   17    4   -0.000418
    1    0   18    4    0.000370
    1    0    1    5   -0.000010
    1    0    2    5   -0.000077
    1    0    3    5   -0.000150
    1    0    4    5   -0.000020
    1    0    5    5    0.000142
    1    0    6    5   -0.001527
    1    0    7    5   -0.000630
    1    0    8    5    0.000057
    1    0    9    5    0.000513
    1    0   10    5   -0.000725
    1    0   11    5    0.000020
    1    0   12    5    0.000565
    1    0   13    5    0.000162
    1    0   14    5    0.000095
    1    0   15    5   -0.000168
    1    0   16    5    0.000557
    1    0   17    5    0.000020
    1    0   18    5   -0.001670
    1    0    1    6    0.000060
    1    0    2    6   -0.000018
    1    0    3    6   -0.000400
    1    0    4    6   -0.000215
    1    0    5    6    0.000105
    1    0    6    6   -0.001248
    1    0    7    6    0.000300
    1    0    8    6    0.000010
    1    0    9    6   -0.003980
    1    0   10    6    0.003190
    1    0   11    6   -0.000007
    1    0   12    6    0.001107
    1    0   13    6    0.000502
    1    0   14    6    0.000030
    1    0   15    6    0.000018
    1    0   16    6   -0.000210
    1    0   17    6    0.000083
    1    0   18    6    0.000738
    1    0    1    7   -0.001980
    1    0    2    7    0.000042
    1    0    3    7    0.000025
    1    0    4    7   -0.000260
    1    0    5    7   -0.000042
    1    0    6    7   -0.000940
    1    0    7    7    0.003133
    1    0    8    7    0.000103
    1    0    9    7    0.003432
    1    0   10    7   -0.000115
    1    0   11    7   -0.000240
    1    0   12    7   -0.001950
    1    0   13    7   -0.000267
    1    0   14    7    0.000075
    1    0   15    7   -0.000047
    1    0   16    7    0.001235
    1    0   17    7    0.000205
    1    0   18    7   -0.000722
    1    0    1    8    0.000395
    1    0    2    8   -0.000287
    1    0    3    8   -0.000130
    1    0    4    8    0.000022
    1    0    5    8    0.000027
    1    0    6    8    0.000980
    1    0    7    8   -0.001160
    1    0    8    8    0.000040
    1    0    9    8   -0.000502
    1    0   10    8   -0.000362
    1    0   11    8    0.000362
    1    0   12    8    0.001770
    1    0   13    8   -0.000930
    1    0   14    8    0.000117
    1    0   15    8    0.000062
    1    0   16    8   -0.000255
    1    0   17    8    0.000073
    1    0   18    8    0.000027
    1    0    1    9    0.000882
    1    0    2    9   -0.000315
    1    0    3    9    0.001788
    1    0    4    9   -0.000310
    1    0    5    9   -0.000625
    1    0    6    9    0.003160
    1    0    7    9   -0.001802
    1    0    8    9   -0.000293
    1    0    9    9   -0.000985
    1    0   10    9   -0.002215
    1    0   11    9    0.000242
    1    0   12    9    0.012160
    1    0   13    9   -0.000240
    1    0   14    9   -0.000298
    1    0   15    9   -0.000218
    1    0   16    9   -0.001895
    1    0   17    9    0.000122
    1    0   18    9    0.003068
    1    0    1   10    0.003692
    1    0    2   10   -0.000195
    1    0    3   10   -0.001253
    1    0    4   10   -0.000307
    1    0    5   10   -0.000970
    1    0    6   10    0.000590
    1    0    7   10   -0.001210
    1    0    8   10   -0.000075
    1    0    9   10   -0.003382
    1    0   10   10   -0.003703
    1    0   11   10   -0.000022
    1    0   12   10    0.004288
    1    0   13   10    0.003135
    1    0   14   10   -0.000678
    1    0   15   10   -0.001045
    1    0   16   10   -0.000423
    1    0   17   10   -0.000110
    1    0   18   10    0.004052
    1    0    1   11   -0.000010
    1    0    2   11    0.000242
    1    0    3   11    0.000065
    1    0    4   11   -0.000008
    1    0    5   11    0.000120
    1    0    6   11   -0.000105
    1    0    7   11    0.000062
    1    0    8   11   -0.000017
    1    0    9   11   -0.000275
    1    0   10   11    0.000532
    1    0   11   11    0.000055
    1    0   12   11   -0.001065
    1    0   13   11    0.000115
    1    0   14   11    0.000003
    1    0   15   11   -0.000295
    1    0   16   11   -0.000153
    1    0   17   11   -0.000043
    1    0   18   11    0.000018
    1    0    1   12   -0.000130
    1    0    2   12   -0.000045
    1    0    3   12    0.000540
    1    0    4   12    0.000137
    1    0    5   12   -0.000035
    1    0    6   12    0.001095
    1    0    7   12    0.000097
    1    0    8   12   -0.000080
    1    0    9   12    0.002875
    1    0   10   12   -0.002753
    1    0   11   12    0.000072
    1    0   12   12    0.000973
    1    0   13   12   -0.000495
    1    0   14   12    0.000000
    1    0   15   12   -0.000020
    1    0   16   12   -0.000310
    1    0   17   12   -0.000190
    1    0   18   12   -0.000315
    1    0    1   13   -0.000085
    1    0    2   13   -0.000515
    1    0    3   13    0.000445
    1    0    4   13    0.000005
    1    0    5   13   -0.000125
    1    0    6   13    0.001205
    1    0    7   13   -0.000695
    1    0    8   13   -0.000027
    1    0    9   13   -0.001872
    1    0   10   13   -0.000342
    1    0   11   13    0.000007
    1    0   12   13    0.000780
    1    0   13   13   -0.000643
    1    0   14   13    0.000063
    1    0   15   13    0.000490
    1    0   16   13   -0.000220
    1    0   17   13   -0.000070
    1    0   18   13    0.000655
    1    0    1   14   -0.000030
    1    0    2   14   -0.000092
    1    0    3   14   -0.000383
    1    0    4   14   -0.000120
    1    0    5   14   -0.000032
    1    0    6   14   -0.000377
    1    0    7   14    0.000113
    1    0    8   14    0.000108
    1    0    9   14    0.001250
    1    0   10   14   -0.000605
    1    0   11   14    0.000020
    1    0   12   14    0.000030
    1    0   13   14   -0.000455
    1    0   14   14    0.000000
    1    0   15   14    0.000398
    1    0   16   14    0.000082
    1    0   17   14    0.000060
    1    0   18   14   -0.001367
    1    0    1   15    0.000253
    1    0    2   15    0.000100
    1    0    3   15    0.000400
    1    0    4   15    0.000088
    1    0    5   15   -0.000180
    1    0    6   15    0.000595
    1    0    7   15   -0.000255
    1    0    8   15   -0.000028
    1    0    9   15   -0.000413
    1    0   10   15   -0.000952
    1    0   11   15    0.000032
    1    0   12   15   -0.000568
    1    0   13   15    0.000595
    1    0   14   15    0.000037
    1    0   15   15   -0.000200
    1    0   16   15    0.000157
    1    0   17   15    0.000012
    1    0   18   15   -0.000300
    1    0    1   16    0.000015
    1    0    2   16   -0.000808
    1    0    3   16   -0.000718
    1    0    4   16    0.000130
    1    0    5   16   -0.000385
    1    0    6   16   -0.000285
    1    0    7   16    0.000820
    1    0    8   16    0.000218
    1    0    9   16    0.003060
    1    0   10   16   -0.001085
    1    0   11   16   -0.000297
    1    0   12   16    0.002020
    1    0   13   16   -0.000062
    1    0   14   16   -0.000080
    1    0   15   16    0.001718
    1    0   16   16   -0.000065
    1    0   17   16    0.000305
    1    0   18   16   -0.000612
    1    0    1   17   -0.000930
    1    0    2   17   -0.000230
    1    0    3   17   -0.000740
    1    0    4   17    0.000045
    1    0    5   17   -0.000062
    1    0    6   17   -0.000578
    1    0    7   17    0.001520
    1    0    8   17    0.000267
    1    0    9   17   -0.000103
    1    0   10   17   -0.000555
    1    0   11   17   -0.000335
    1    0   12   17    0.000380
    1    0   13   17   -0.002397
    1    0   14   17   -0.000053
    1    0   15   17    0.000553
    1    0   16   17   -0.000177
    1    0   17   17    0.000427
    1    0   18   17    0.000027
    1    0    1   18   -0.000410
    1    0    2   18   -0.000825
    1    0    3   18   -0.000325
    1    0    4   18   -0.000080
    1    0    5   18    0.000203
    1    0    6   18    0.000145
    1    0    7   18   -0.000030
    1    0    8   18    0.000197
    1    0    9   18   -0.006368
    1    0   10   18    0.005165
    1    0   11   18    0.000175
    1    0   12   18   -0.001837
    1    0   13   18    0.000710
    1    0   14   18    0.000190
    1    0   15   18   -0.000573
    1    0   16   18   -0.000825
    1    0   17   18    0.000133
    1    0   18   18    0.001250
   -1    1    1    1    0.000345
   -1    1    2    1    0.000075
   -1    1    3    1   -0.000152
   -1    1    4    1    0.000023
   -1    1    5    1    0.000082
   -1    1    6    1    0.000027
   -1    1    7    1   -0.000532
   -1    1    8    1    0.000000
   -1    1    9    1    0.000130
   -1    1   10    1    0.000050
   -1    1   11    1   -0.000068
   -1    1   12    1    0.000548
   -1    1   13    1    0.000400
   -1    1   14    1    0.000160
   -1    1   15    1    0.000140
   -1    1   16    1    0.000053
   -1    1   17    1   -0.000075
   -1    1   18    1   -0.000552
   -1    1    1    2   -0.000085
   -1    1    2    2    0.000152
   -1    1    3    2    0.000155
   -1    1    4    2   -0.000107
   -1    1    5    2    0.000018
   -1    1    6    2   -0.000070
   -1    1    7    2    0.000018
   -1    1    8    2    0.000030
   -1    1    9    2    0.000470
   -1    1   10    2    0.000045
   -1    1   11    2    0.000030
   -1    1   12    2    0.000192
   -1    1   13    2   -0.000018
   -1    1   14    2   -0.000018
   -1    1   15    2   -0.000008
   -1    1   16    2   -0.000100
   -1    1   17    2   -0.000120
   -1    1   18    2   -0.000120
   -1    1    1    3   -0.000108
   -1    1    2    3    0.000152
   -1    1    3    3   -0.000495
   -1    1    4    3   -0.000630
   -1    1    5    3   -0.000070
   -1    1    6    3   -0.000375
   -1    1    7    3   -0.000847
   -1    1    8    3    0.000105
   -1    1    9    3    0.001978
   -1    1   10    3   -0.000060
   -1    1   11    3   -0.000072
   -1    1   12    3   -0.000067
   -1    1   13    3    0.000300
   -1    1   14    3   -0.000118
   -1    1   15    3    0.000302
   -1    1   16    3    0.000608
   -1    1   17    3   -0.000062
   -1    1   18    3    0.000228
   -1    1    1    4   -0.000060
   -1    1    2    4    0.000030
   -1    1    3    4    0.000010
   -1    1    4    4   -0.000133
   -1    1    5    4   -0.000045
   -1    1    6    4   -0.000095
   -1    1    7    4   -0.000410
   -1    1    8    4    0.000025
   -1    1    9    4    0.001253
   -1    1   10    4   -0.000887
   -1    1   11    4   -0.000010
   -1    1   12    4    0.000227
   -1    1   13    4    0.000042
   -1    1   14    4    0.000000
   -1    1   15    4    0.000055
   -1    1   16    4    0.000115
   -1    1   17    4   -0.000055
   -1    1   18    4    0.000188
   -1    1    1    5    0.000050
   -1    1    2    5   -0.000003
   -1    1    3    5   -0.000202
   -1    1    4    5   -0.000070
   -1    1    5    5   -0.000030
   -1    1    6    5    0.000085
   -1    1    7    5    0.000177
   -1    1    8    5    0.000013
   -1    1    9    5   -0.000830
   -1    1   10    5    0.000000
   -1    1   11    5    0.000033
   -1    1   12    5    0.000087
   -1    1   13    5    0.000073
   -1    1   14    5   -0.000050
   -1    1   15    5   -0.000047
   -1    1   16    5   -0.000195
   -1    1   17    5    0.000052
   -1    1   18    5    0.000325
   -1    1    1    6    0.000575
   -1    1    2    6    0.000065
   -1    1    3    6   -0.000083
   -1    1    4    6    0.000292
   -1    1    5    6   -0.000120
   -1    1    6    6    0.000133
   -1    1    7    6    0.000588
   -1    1    8    6   -0.000235
   -1    1    9    6   -0.002510
   -1    1   10    6   -0.001005
   -1    1   11    6    0.000090
   -1    1   12    6    0.000040
   -1    1   13    6   -0.000185
   -1    1   14    6    0.000100
   -1    1   15    6   -0.000080
   -1    1   16    6   -0.000265
   -1    1   17    6   -0.000015
   -1    1   18    6   -0.000518
   -1    1    1    7   -0.000020
   -1    1    2    7   -0.000060
   -1    1    3    7    0.000372
   -1    1    4    7    0.000267
   -1    1    5    7   -0.000290
   -1    1    6    7    0.000982
   -1    1    7    7   -0.000380
   -1    1    8    7    0.000000
   -1    1    9    7    0.003208
   -1    1   10    7   -0.000255
   -1    1   11    7    0.000120
   -1    1   12    7   -0.001340
   -1    1   13    7   -0.000150
   -1    1   14    7   -0.000080
   -1    1   15    7   -0.000353
   -1    1   16    7   -0.000247
   -1    1   17    7   -0.000175
   -1    1   18    7    0.001140
   -1    1    1    8   -0.000040
   -1    1    2    8   -0.000043
   -1    1    3    8   -0.000020
   -1    1    4    8    0.000095
   -1    1    5    8    0.000027
   -1    1    6    8   -0.000018
   -1    1    7    8    0.000195
   -1    1    8    8   -0.000015
   -1    1    9    8   -0.000702
   -1    1   10    8    0.000172
   -1    1   11    8   -0.000003
   -1    1   12    8    0.000038
   -1    1   13    8   -0.000032
   -1    1   14    8    0.000020
   -1    1   15    8   -0.000015
   -1    1   16    8    0.000012
   -1    1   17    8    0.000032
   -1    1   18    8   -0.000077
   -1    1    1    9   -0.000183
   -1    1    2    9    0.000120
   -1    1    3    9   -0.001805
   -1    1    4    9    0.000327
   -1    1    5    9    0.000412
   -1    1    6    9   -0.001590
   -1    1    7    9   -0.002110
   -1    1    8    9    0.000733
   -1    1    9    9    0.001742
   -1    1   10    9    0.000120
   -1    1   11    9   -0.000378
   -1    1   12    9    0.001140
   -1    1   13    9    0.001230
   -1    1   14    9    0.000135
   -1    1   15    9    0.000028
   -1    1   16    9    0.001945
   -1    1   17    9    0.000215
   -1    1   18    9   -0.001432
   -1    1    1   10   -0.002600
   -1    1    2   10    0.000315
   -1    1    3   10    0.003063
   -1    1    4   10    0.001285
   -1    1    5   10   -0.000042
   -1    1    6   10    0.000650
   -1    1    7   10    0.002815
   -1    1    8   10   -0.000792
   -1    1    9   10    0.001142
   -1    1   10   10   -0.000517
   -1    1   11   10    0.000410
   -1    1   12   10   -0.001085
   -1    1   13   10   -0.001713
   -1    1   14   10    0.000547
   -1    1   15   10   -0.001205
   -1    1   16   10   -0.000760
   -1    1   17   10   -0.000602
   -1    1   18   10   -0.001060
   -1    1    1   11   -0.000070
   -1    1    2   11    0.000028
   -1    1    3   11    0.000063
   -1    1    4   11   -0.000072
   -1    1    5   11    0.000005
   -1    1    6   11    0.000018
   -1    1    7   11   -0.000018
   -1    1    8   11    0.000010
   -1    1    9   11    0.001175
   -1    1   10   11   -0.000455
   -1    1   11   11    0.000003
   -1    1   12   11   -0.000062
   -1    1   13   11   -0.000047
   -1    1   14   11    0.000007
   -1    1   15   11    0.000013
   -1    1   16   11    0.000047
   -1    1   17   11    0.000015
   -1    1   18   11   -0.000040
   -1    1    1   12    0.000640
   -1    1    2   12   -0.000475
   -1    1    3   12   -0.002620
   -1    1    4   12   -0.003152
   -1    1    5   12   -0.000020
   -1    1    6   12    0.000135
   -1    1    7   12   -0.002665
   -1    1    8   12    0.001158
   -1    1    9   12    0.007098
   -1    1   10   12    0.000935
   -1    1   11   12   -0.000325
   -1    1   12   12   -0.000453
   -1    1   13   12    0.001248
   -1    1   14   12   -0.000333
   -1    1   15   12    0.000905
   -1    1   16   12    0.000862
   -1    1   17   12    0.000710
   -1    1   18   12    0.002398
   -1    1    1   13   -0.000215
   -1    1    2   13   -0.000003
   -1    1    3   13    0.000125
   -1    1    4   13   -0.000020
   -1    1    5   13    0.000053
   -1    1    6   13   -0.000155
   -1    1    7   13    0.000818
   -1    1    8   13   -0.000002
   -1    1    9   13   -0.000130
   -1    1   10   13    0.000787
   -1    1   11   13    0.000005
   -1    1   12   13    0.000662
   -1    1   13   13   -0.000095
   -1    1   14   13   -0.000032
   -1    1   15   13   -0.000068
   -1    1   16   13   -0.000163
   -1    1   17   13    0.000043
   -1    1   18   13   -0.000425
   -1    1    1   14    0.000052
   -1    1    2   14    0.000017
   -1    1    3   14    0.000030
   -1    1    4   14   -0.000220
   -1    1    5   14    0.000010
   -1    1    6   14    0.000020
   -1    1    7   14   -0.000083
   -1    1    8   14    0.000023
   -1    1    9   14    0.000105
   -1    1   10   14   -0.000260
   -1    1   11   14    0.000008
   -1    1   12   14   -0.000085
   -1    1   13   14    0.000037
   -1    1   14   14   -0.000025
   -1    1   15   14   -0.000008
   -1    1   16   14   -0.000085
   -1    1   17   14    0.000055
   -1    1   18   14    0.000192
   -1    1    1   15    0.000295
   -1    1    2   15    0.000032
   -1    1    3   15    0.000360
   -1    1    4   15    0.000210
   -1    1    5   15   -0.000062
   -1    1    6   15    0.000025
   -1    1    7   15   -0.000105
   -1    1    8   15   -0.000090
   -1    1    9   15   -0.001608
   -1    1   10   15    0.001320
   -1    1   11   15    0.000048
   -1    1   12   15    0.000045
   -1    1   13   15   -0.000060
   -1    1   14   15    0.000022
   -1    1   15   15   -0.000088
   -1    1   16   15   -0.000370
   -1    1   17   15   -0.000078
   -1    1   18   15   -0.000058
   -1    1    1   16   -0.000043
   -1    1    2   16   -0.000180
   -1    1    3   16   -0.000290
   -1    1    4   16    0.000368
   -1    1    5   16    0.000198
   -1    1    6   16    0.000047
   -1    1    7   16    0.000445
   -1    1    8   16    0.000020
   -1    1    9   16   -0.003800
   -1    1   10   16    0.000080
   -1    1   11   16   -0.000045
   -1    1   12   16   -0.000210
   -1    1   13   16    0.000145
   -1    1   14   16   -0.000085
   -1    1   15   16   -0.000102
   -1    1   16   16   -0.000245
   -1    1   17   16    0.000298
   -1    1   18   16    0.000485
   -1    1    1   17   -0.000128
   -1    1    2   17   -0.000158
   -1    1    3   17   -0.000170
   -1    1    4   17    0.000032
   -1    1    5   17    0.000032
   -1    1    6   17    0.000098
   -1    1    7   17    0.000240
   -1    1    8   17    0.000027
   -1    1    9   17   -0.000198
   -1    1   10   17    0.000135
   -1    1   11   17   -0.000035
   -1    1   12   17   -0.000353
   -1    1   13   17   -0.000030
   -1    1   14   17    0.000005
   -1    1   15   17   -0.000012
   -1    1   16   17    0.000210
   -1    1   17   17    0.000177
   -1    1   18   17    0.000095
   -1    1    1   18    0.000778
   -1    1    2   18   -0.000093
   -1    1    3   18   -0.000123
   -1    1    4   18    0.000443
   -1    1    5   18   -0.000118
   -1    1    6   18    0.000250
   -1    1    7   18   -0.000187
   -1    1    8   18   -0.000007
   -1    1    9   18    0.003172
   -1    1   10   18   -0.000792
   -1    1   11   18   -0.000015
   -1    1   12   18    0.000080
   -1    1   13   18    0.000260
   -1    1   14   18    0.000010
   -1    1   15   18   -0.000123
   -1    1   16   18   -0.000183
   -1    1   17   18   -0.000107
   -1    1   18   18   -0.000073
    0    1    1    1   -0.000482
    0    1    2    1    0.000245
    0    1    3    1    0.000200
    0    1    4    1    0.000167
    0    1    5    1   -0.000095
    0    1    6    1   -0.000320
    0    1    7    1    0.003015
    0    1    8    1   -0.000135
    0    1    9    1    0.000318
    0    1   10    1   -0.001845
    0    1   11    1    0.000300
    0    1   12    1    0.000837
    0    1   13    1   -0.000970
    0    1   14    1   -0.000137
    0    1   15    1   -0.000467
    0    1   16    1   -0.000710
    0    1   17    1   -0.000117
    0    1   18    1    0.000175
    0    1    1    2   -0.000063
    0    1    2    2    0.000155
    0    1    3    2   -0.000300
    0    1    4    2   -0.000355
    0    1    5    2   -0.000133
    0    1    6    2   -0.000018
    0    1    7    2    0.000397
    0    1    8    2   -0.000030
    0    1    9    2    0.001152
    0    1   10    2   -0.000088
    0    1   11    2    0.000115
    0    1   12    2   -0.000073
    0    1   13    2    0.000075
    0    1   14    2   -0.000045
    0    1   15    2    0.000007
    0    1   16    2   -0.000565
    0    1   17    2    0.000018
    0    1   18    2   -0.000077
    0    1    1    3    0.001647
    0    1    2    3    0.000402
    0    1    3    3   -0.000852
    0    1    4    3    0.000758
    0    1    5    3   -0.000362
    0    1    6    3   -0.000212
    0    1    7    3   -0.000240
    0    1    8    3   -0.000350
    0    1    9    3   -0.003368
    0    1   10    3    0.001072
    0    1   11    3    0.000210
    0    1   12    3    0.000520
    0    1   13    3    0.000360
    0    1   14    3    0.000452
    0    1   15    3   -0.000095
    0    1   16    3   -0.001612
    0    1   17    3   -0.000467
    0    1   18    3   -0.000508
    0    1    1    4    0.000490
    0    1    2    4    0.000065
    0    1    3    4   -0.000648
    0    1    4    4   -0.000135
    0    1    5    4   -0.000005
    0    1    6    4   -0.000105
    0    1    7    4    0.000237
    0    1    8    4   -0.000170
    0    1    9    4   -0.001033
    0    1   10    4    0.000395
    0    1   11    4   -0.000017
    0    1   12    4   -0.000005
    0    1   13    4    0.000218
    0    1   14    4    0.000052
    0    1   15    4    0.000105
    0    1   16    4   -0.000117
    0    1   17    4    0.000015
    0    1   18    4   -0.000485
    0    1    1    5   -0.000428
    0    1    2    5   -0.000030
    0    1    3    5    0.000108
    0    1    4    5    0.000065
    0    1    5    5   -0.000053
    0    1    6    5    0.000230
    0    1    7    5    0.000040
    0    1    8    5    0.000098
    0    1    9    5    0.001575
    0    1   10    5   -0.000435
    0    1   11    5    0.000030
    0    1   12    5   -0.000180
    0    1   13    5   -0.000012
    0    1   14    5    0.000117
    0    1   15    5   -0.000122
    0    1   16    5   -0.000043
    0    1   17    5   -0.000083
    0    1   18    5    0.000245
    0    1    1    6    0.000585
    0    1    2    6   -0.000158
    0    1    3    6   -0.000905
    0    1    4    6   -0.000348
    0    1    5    6   -0.000092
    0    1    6    6    0.000705
    0    1    7    6    0.001990
    0    1    8    6   -0.000155
    0    1    9    6   -0.007782
    0    1   10    6   -0.000918
    0    1   11    6   -0.000018
    0    1   12    6   -0.000088
    0    1   13    6    0.000357
    0    1   14    6    0.000010
    0    1   15    6    0.000352
    0    1   16    6   -0.000812
    0    1   17    6    0.000055
    0    1   18    6    0.000973
    0    1    1    7    0.000640
    0    1    2    7   -0.000180
    0    1    3    7   -0.000940
    0    1    4    7   -0.000965
    0    1    5    7    0.000387
    0    1    6    7   -0.000218
    0    1    7    7   -0.001425
    0    1    8    7   -0.000275
    0    1    9    7   -0.004050
    0    1   10    7   -0.000320
    0    1   11    7   -0.000373
    0    1   12    7   -0.000952
    0    1   13    7    0.000702
    0    1   14    7    0.000467
    0    1   15    7    0.000635
    0    1   16    7    0.001283
    0    1   17    7    0.000505
    0    1   18    7   -0.002148
    0    1    1    8   -0.000500
    0    1    2    8   -0.000080
    0    1    3    8    0.000033
    0    1    4    8   -0.000097
    0    1    5    8    0.000030
    0    1    6    8   -0.000003
    0    1    7    8    0.000165
    0    1    8    8    0.000085
    0    1    9    8    0.001355
    0    1   10    8    0.000200
    0    1   11    8   -0.000020
    0    1   12    8   -0.000043
    0    1   13    8   -0.000100
    0    1   14    8   -0.000110
    0    1   15    8    0.000000
    0    1   16    8    0.000245
    0    1   17    8    0.000110
    0    1   18    8    0.000222
    0    1    1    9    0.001075
    0    1    2    9    0.000322
    0    1    3    9    0.000715
    0    1    4    9   -0.002750
    0    1    5    9   -0.000612
    0    1    6    9   -0.001182
    0    1    7    9    0.001335
    0    1    8    9   -0.000807
    0    1    9    9   -0.002182
    0    1   10    9   -0.001852
    0    1   11    9    0.000708
    0    1   12    9    0.001955
    0    1   13    9    0.000197
    0    1   14    9    0.000687
    0    1   15    9   -0.001027
    0    1   16    9   -0.001945
    0    1   17    9    0.001270
    0    1   18    9    0.002290
    0    1    1   10    0.002035
    0    1    2   10   -0.000995
    0    1    3   10   -0.001495
    0    1    4   10   -0.007342
    0    1    5   10   -0.000660
    0    1    6   10    0.002005
    0    1    7   10   -0.002413
    0    1    8   10    0.001173
    0    1    9   10   -0.000545
    0    1   10   10    0.004015
    0    1   11   10   -0.001008
    0    1   12   10   -0.002368
    0    1   13   10    0.001923
    0    1   14   10   -0.001130
    0    1   15   10    0.003442
    0    1   16   10    0.003890
    0    1   17   10    0.001843
    0    1   18   10   -0.000203
    0    1    1   11    0.000665
    0    1    2   11    0.000072
    0    1    3   11   -0.000088
    0    1    4   11   -0.000505
    0    1    5   11   -0.000183
    0    1    6   11   -0.000007
    0    1    7   11    0.000625
    0    1    8   11    0.000055
    0    1    9   11   -0.001148
    0    1   10   11   -0.000428
    0    1   11   11    0.000065
    0    1   12   11   -0.000038
    0    1   13   11   -0.000075
    0    1   14   11    0.000208
    0    1   15   11   -0.000165
    0    1   16   11   -0.000315
    0    1   17   11   -0.000030
    0    1   18   11   -0.000150
    0    1    1   12    0.006065
    0    1    2   12    0.000205
    0    1    3   12   -0.001595
    0    1    4   12    0.000347
    0    1    5   12   -0.000158
    0    1    6   12    0.000470
    0    1    7   12   -0.005635
    0    1    8   12    0.000315
    0    1    9   12    0.003770
    0    1   10   12   -0.001460
    0    1   11   12    0.000667
    0    1   12   12    0.000838
    0    1   13   12    0.002300
    0    1   14   12   -0.001010
    0    1   15   12   -0.000682
    0    1   16   12   -0.003270
    0    1   17   12   -0.000118
    0    1   18   12    0.003257
    0    1    1   13   -0.001133
    0    1    2   13   -0.000002
    0    1    3   13    0.000137
    0    1    4   13   -0.000337
    0    1    5   13   -0.000777
    0    1    6   13   -0.000365
    0    1    7   13    0.001000
    0    1    8   13    0.000143
    0    1    9   13    0.000375
    0    1   10   13   -0.000213
    0    1   11   13    0.000100
    0    1   12   13   -0.000485
    0    1   13   13    0.000365
    0    1   14   13   -0.000583
    0    1   15   13   -0.000233
    0    1   16   13   -0.000783
    0    1   17   13    0.000268
    0    1   18   13    0.001948
    0    1    1   14    0.000710
    0    1    2   14    0.000058
    0    1    3   14   -0.000077
    0    1    4   14    0.000275
    0    1    5   14   -0.000075
    0    1    6   14    0.000187
    0    1    7   14   -0.000267
    0    1    8   14   -0.000205
    0    1    9   14   -0.001073
    0    1   10   14   -0.000415
    0    1   11   14    0.000055
    0    1   12   14   -0.000105
    0    1   13   14    0.000157
    0    1   14   14    0.000127
    0    1   15   14   -0.000070
    0    1   16   14   -0.000490
    0    1   17   14   -0.000090
    0    1   18   14    0.000120
    0    1    1   15    0.000505
    0    1    2   15    0.000047
    0    1    3   15    0.001152
    0    1    4   15    0.000780
    0    1    5   15    0.000390
    0    1    6   15    0.000015
    0    1    7   15   -0.002125
    0    1    8   15   -0.000443
    0    1    9   15   -0.001955
    0    1   10   15   -0.000698
    0    1   11   15   -0.000132
    0    1   12   15    0.000202
    0    1   13   15    0.000098
    0    1   14   15   -0.000085
    0    1   15   15   -0.000032
    0    1   16   15    0.000905
    0    1   17   15   -0.000315
    0    1   18   15    0.000085
    0    1    1   16   -0.001292
    0    1    2   16    0.000042
    0    1    3   16    0.002265
    0    1    4   16    0.001585
    0    1    5   16   -0.000015
    0    1    6   16    0.000545
    0    1    7   16   -0.000440
    0    1    8   16   -0.000207
    0    1    9   16    0.002485
    0    1   10   16    0.001700
    0    1   11   16    0.000165
    0    1   12   16   -0.000290
    0    1   13   16   -0.000865
    0    1   14   16   -0.000035
    0    1   15   16   -0.000750
    0    1   16   16   -0.000840
    0    1   17   16   -0.000320
    0    1   18   16    0.000257
    0    1    1   17   -0.000420
    0    1    2   17   -0.000180
    0    1    3   17    0.000155
    0    1    4   17    0.000127
    0    1    5   17    0.000035
    0    1    6   17    0.000060
    0    1    7   17   -0.000292
    0    1    8   17    0.000055
    0    1    9   17    0.000525
    0    1   10   17   -0.000150
    0    1   11   17   -0.000053
    0    1   12   17   -0.000205
    0    1   13   17   -0.000040
    0    1   14   17   -0.000048
    0    1   15   17    0.000025
    0    1   16   17    0.000380
    0    1   17   17    0.000128
    0    1   18   17    0.000280
    0    1    1   18   -0.000385
    0    1    2   18   -0.000313
    0    1    3   18    0.000202
    0    1    4   18    0.001048
    0    1    5   18    0.000302
    0    1    6   18   -0.000515
    0    1    7   18    0.001160
    0    1    8   18    0.000372
    0    1    9   18   -0.000940
    0    1   10   18   -0.000035
    0    1   11   18   -0.000275
    0    1   12   18    0.000372
    0    1   13   18   -0.000325
    0    1   14   18   -0.000492
    0    1   15   18    0.000038
    0    1   16   18    0.001242
    0    1   17   18   -0.000265
    0    1   18   18   -0.000475
    1    1    1    1   -0.000678
    1    1    2    1    0.000197
    1    1    3    1   -0.000085
    1    1    4    1   -0.000058
    1    1    5    1   -0.000047
    1    1    6    1    0.001433
    1    1    7    1    0.001445
    1    1    8    1   -0.000152
    1    1    9    1   -0.009685
    1    1   10    1   -0.005095
    1    1   11    1   -0.000048
    1    1   12    1   -0.002825
    1    1   13    1    0.001152
    1    1   14    1    0.000075
    1    1   15    1   -0.000238
    1    1   16    1   -0.001375
    1    1   17    1   -0.000307
    1    1   18    1    0.002165
    1    1    1    2   -0.000045
    1    1    2    2    0.000158
    1    1    3    2    0.000242
    1    1    4    2    0.000055
    1    1    5    2    0.000045
    1    1    6    2    0.000315
    1    1    7    2   -0.000108
    1    1    8    2   -0.000110
    1    1    9    2    0.000087
    1    1   10    2    0.000192
    1    1   11    2    0.000080
    1    1   12    2    0.000617
    1    1   13    2    0.000050
    1    1   14    2    0.000010
    1    1   15    2   -0.000010
    1    1   16    2   -0.000300
    1    1   17    2   -0.000157
    1    1   18    2   -0.000068
    1    1    1    3   -0.000895
    1    1    2    3    0.000425
    1    1    3    3    0.001445
    1    1    4    3    0.000433
    1    1    5    3   -0.000012
    1    1    6    3   -0.000355
    1    1    7    3   -0.001330
    1    1    8    3   -0.000125
    1    1    9    3    0.003138
    1    1   10    3    0.001183
    1    1   11    3    0.000263
    1    1   12    3    0.001760
    1    1   13    3   -0.001120
    1    1   14    3    0.000407
    1    1   15    3   -0.000880
    1    1   16    3    0.000727
    1    1   17    3   -0.000175
    1    1   18    3   -0.001380
    1    1    1    4    0.000695
    1    1    2    4    0.000108
    1    1    3    4   -0.000625
    1    1    4    4   -0.000162
    1    1    5    4   -0.000425
    1    1    6    4   -0.000100
    1    1    7    4   -0.000263
    1    1    8    4   -0.000393
    1    1    9    4   -0.000593
    1    1   10    4    0.002087
    1    1   11    4    0.000073
    1    1   12    4    0.000930
    1    1   13    4    0.000410
    1    1   14    4   -0.000118
    1    1   15    4    0.000418
    1    1   16    4   -0.000973
    1    1   17    4   -0.000012
    1    1   18    4   -0.000162
    1    1    1    5    0.000597
    1    1    2    5   -0.000022
    1    1    3    5    0.000165
    1    1    4    5    0.000070
    1    1    5    5   -0.000110
    1    1    6    5   -0.000092
    1    1    7    5   -0.000897
    1    1    8    5    0.000022
    1    1    9    5    0.002648
    1    1   10    5    0.000383
    1    1   11    5    0.000035
    1    1   12    5    0.000105
    1    1   13    5   -0.000065
    1    1   14    5   -0.000045
    1    1   15    5   -0.000180
    1    1   16    5    0.000327
    1    1   17    5    0.000010
    1    1   18    5    0.000135
    1    1    1    6    0.000225
    1    1    2    6    0.000003
    1    1    3    6   -0.000345
    1    1    4    6   -0.000152
    1    1    5    6    0.000048
    1    1    6    6    0.000465
    1    1    7    6    0.000475
    1    1    8    6   -0.000015
    1    1    9    6   -0.006765
    1    1   10    6   -0.000360
    1    1   11    6   -0.000052
    1    1   12    6    0.000690
    1    1   13    6    0.000875
    1    1   14    6    0.000075
    1    1   15    6    0.000197
    1    1   16    6   -0.000723
    1    1   17    6   -0.000015
    1    1   18    6    0.001192
    1    1    1    7    0.001410
    1    1    2    7   -0.000555
    1    1    3    7   -0.001967
    1    1    4    7   -0.000305
    1    1    5    7   -0.000447
    1    1    6    7   -0.000705
    1    1    7    7   -0.001650
    1    1    8    7    0.000152
    1    1    9    7    0.001355
    1    1   10    7    0.003660
    1    1   11    7   -0.000050
    1    1   12    7    0.004545
    1    1   13    7    0.000935
    1    1   14    7   -0.000655
    1    1   15    7    0.001690
    1    1   16    7   -0.001150
    1    1   17    7    0.000167
    1    1   18    7    0.002227
    1    1    1    8   -0.000300
    1    1    2    8   -0.000113
    1    1    3    8   -0.000125
    1    1    4    8   -0.000003
    1    1    5    8    0.000010
    1    1    6    8   -0.000012
    1    1    7    8    0.000242
    1    1    8    8    0.000048
    1    1    9    8    0.000275
    1    1   10    8   -0.000500
    1    1   11    8   -0.000058
    1    1   12    8   -0.000460
    1    1   13    8    0.000050
    1    1   14    8    0.000028
    1    1   15    8    0.000058
    1    1   16    8    0.000257
    1    1   17    8    0.000055
    1    1   18    8   -0.000032
    1    1    1    9    0.006203
    1    1    2    9   -0.000552
    1    1    3    9   -0.003447
    1    1    4    9   -0.000720
    1    1    5    9   -0.001307
    1    1    6    9    0.008058
    1    1    7    9   -0.005903
    1    1    8    9    0.000460
    1    1    9    9    0.000755
    1    1   10    9    0.002077
    1    1   11    9    0.001160
    1    1   12    9   -0.001955
    1    1   13    9    0.003252
    1    1   14    9   -0.002000
    1    1   15    9    0.000440
    1    1   16    9   -0.008963
    1    1   17    9    0.000100
    1    1   18    9    0.010020
    1    1    1   10    0.001228
    1    1    2   10   -0.000143
    1    1    3   10   -0.005415
    1    1    4   10   -0.002317
    1    1    5   10   -0.000288
    1    1    6   10   -0.000857
    1    1    7   10   -0.004675
    1    1    8   10    0.001072
    1    1    9   10    0.000917
    1    1   10   10    0.000613
    1    1   11   10    0.000645
    1    1   12   10    0.001400
    1    1   13   10    0.000538
    1    1   14   10   -0.000515
    1    1   15   10    0.001030
    1    1   16   10   -0.000065
    1    1   17   10    0.000360
    1    1   18   10    0.000752
    1    1    1   11    0.000068
    1    1    2   11    0.000177
    1    1    3   11    0.000022
    1    1    4   11    0.000032
    1    1    5   11    0.000050
    1    1    6   11    0.000160
    1    1    7   11    0.000437
    1    1    8   11   -0.000055
    1    1    9   11   -0.000395
    1    1   10   11    0.000822
    1    1   11   11    0.000050
    1    1   12   11   -0.000185
    1    1   13   11   -0.000135
    1    1   14   11    0.000025
    1    1   15   11   -0.000383
    1    1   16   11   -0.000148
    1    1   17   11   -0.000090
    1    1   18   11   -0.000025
    1    1    1   12    0.000097
    1    1    2   12    0.000425
    1    1    3   12    0.000405
    1    1    4   12   -0.000033
    1    1    5   12    0.000310
    1    1    6   12    0.001400
    1    1    7   12   -0.002150
    1    1    8   12    0.000072
    1    1    9   12    0.000465
    1    1   10   12   -0.000353
    1    1   11   12    0.000207
    1    1   12   12   -0.002285
    1    1   13   12    0.000685
    1    1   14   12   -0.000130
    1    1   15   12   -0.000987
    1    1   16   12   -0.000108
    1    1   17   12   -0.000243
    1    1   18   12   -0.000610
    1    1    1   13   -0.000910
    1    1    2   13    0.000380
    1    1    3   13    0.000888
    1    1    4   13   -0.000097
    1    1    5   13    0.000153
    1    1    6   13   -0.001815
    1    1    7   13    0.000075
    1    1    8   13   -0.000030
    1    1    9   13   -0.005445
    1    1   10   13   -0.003865
    1    1   11   13   -0.000120
    1    1   12   13   -0.001315
    1    1   13   13    0.000655
    1    1   14   13    0.000183
    1    1   15   13   -0.000733
    1    1   16   13   -0.000045
    1    1   17   13   -0.000180
    1    1   18   13    0.000832
    1    1    1   14    0.000395
    1    1    2   14    0.000160
    1    1    3   14   -0.000135
    1    1    4   14    0.000183
    1    1    5   14   -0.000100
    1    1    6   14   -0.000348
    1    1    7   14    0.000103
    1    1    8   14    0.000010
    1    1    9   14    0.001685
    1    1   10   14    0.001123
    1    1   11   14    0.000060
    1    1   12   14    0.000480
    1    1   13   14   -0.000088
    1    1   14   14   -0.000118
    1    1   15   14   -0.000460
    1    1   16   14   -0.000235
    1    1   17   14    0.000032
    1    1   18   14    0.000328
    1    1    1   15    0.000120
    1    1    2   15   -0.000052
    1    1    3   15    0.000270
    1    1    4   15    0.000127
    1    1    5   15    0.000107
    1    1    6   15   -0.000412
    1    1    7   15    0.000407
    1    1    8   15    0.000048
    1    1    9   15    0.000735
    1    1   10   15   -0.000720
    1    1   11   15    0.000015
    1    1   12   15   -0.001060
    1    1   13   15   -0.000353
    1    1   14   15    0.000033
    1    1   15   15   -0.000192
    1    1   16   15    0.000375
    1    1   17   15    0.000018
    1    1   18   15   -0.000392
    1    1    1   16    0.000198
    1    1    2   16   -0.000075
    1    1    3   16    0.001170
    1    1    4   16    0.000195
    1    1    5   16   -0.000112
    1    1    6   16    0.000235
    1    1    7   16   -0.001563
    1    1    8   16    0.000110
    1    1    9   16    0.004227
    1    1   10   16   -0.001693
    1    1   11   16   -0.000275
    1    1   12   16   -0.001727
    1    1   13   16   -0.001147
    1    1   14   16    0.000215
    1    1   15   16   -0.000475
    1    1   16   16    0.002120
    1    1   17   16    0.000260
    1    1   18   16   -0.001207
    1    1    1   17   -0.000510
    1    1    2   17   -0.000213
    1    1    3   17    0.000005
    1    1    4   17   -0.000088
    1    1    5   17    0.000217
    1    1    6   17   -0.000032
    1    1    7   17    0.000005
    1    1    8   17    0.000200
    1    1    9   17    0.000027
    1    1   10   17   -0.000227
    1    1   11   17   -0.000155
    1    1   12   17   -0.000355
    1    1   13   17   -0.000170
    1    1   14   17    0.000008
    1    1   15   17    0.000135
    1    1   16   17    0.000680
    1    1   17   17    0.000167
    1    1   18   17   -0.000020
    1    1    1   18   -0.002887
    1    1    2   18   -0.000403
    1    1    3   18    0.000677
    1    1    4   18   -0.000028
    1    1    5   18    0.000330
    1    1    6   18   -0.001302
    1    1    7   18    0.005015
    1    1    8   18    0.000080
    1    1    9   18   -0.012775
    1    1   10   18   -0.003745
    1    1   11   18   -0.000448
    1    1   12   18   -0.000782
    1    1   13   18    0.000498
    1    1   14   18    0.000725
    1    1   15   18    0.000620
    1    1   16   18   -0.000132
    1    1   17   18   -0.000020
    1    1   18   18   -0.001285
