 ir1  ir2   m    n          ReH 
   -1   -1    1    1   -0.060577
   -1   -1    2    1    0.001012
   -1   -1    3    1   -0.088667
   -1   -1    4    1    0.036777
   -1   -1    5    1    0.009195
   -1   -1    6    1    0.006072
   -1   -1    7    1    0.001645
   -1   -1    8    1    0.005025
   -1   -1    9    1   -0.001662
   -1   -1   10    1    0.031555
   -1   -1   11    1    0.007277
   -1   -1   12    1   -0.005610
   -1   -1   13    1   -0.025670
   -1   -1   14    1   -0.005452
   -1   -1   15    1   -0.123777
   -1   -1   16    1   -0.014468
   -1   -1   17    1    0.003830
   -1   -1   18    1   -0.004337
   -1   -1    1    2   -0.000680
   -1   -1    2    2    0.015508
   -1   -1    3    2   -0.020140
   -1   -1    4    2   -0.076347
   -1   -1    5    2   -0.022480
   -1   -1    6    2   -0.030045
   -1   -1    7    2   -0.001552
   -1   -1    8    2   -0.002935
   -1   -1    9    2   -0.002222
   -1   -1   10    2    0.018982
   -1   -1   11    2   -0.095795
   -1   -1   12    2    0.011128
   -1   -1   13    2   -0.020645
   -1   -1   14    2   -0.053103
   -1   -1   15    2   -0.016390
   -1   -1   16    2    0.015860
   -1   -1   17    2    0.007377
   -1   -1   18    2    0.001120
   -1   -1    1    3   -0.001583
   -1   -1    2    3    0.000212
   -1   -1    3    3    0.035202
   -1   -1    4    3   -0.026593
   -1   -1    5    3   -0.000583
   -1   -1    6    3   -0.005892
   -1   -1    7    3    0.000607
   -1   -1    8    3   -0.004765
   -1   -1    9    3    0.002230
   -1   -1   10    3   -0.120103
   -1   -1   11    3   -0.001378
   -1   -1   12    3   -0.027582
   -1   -1   13    3    0.014477
   -1   -1   14    3   -0.000795
   -1   -1   15    3   -0.006565
   -1   -1   16    3   -0.007350
   -1   -1   17    3    0.020088
   -1   -1   18    3   -0.021998
   -1   -1    1    4    0.043455
   -1   -1    2    4    0.048470
   -1   -1    3    4   -0.012640
   -1   -1    4    4   -0.010165
   -1   -1    5    4   -0.002615
   -1   -1    6    4    0.018572
   -1   -1    7    4   -0.854410
   -1   -1    8    4   -0.011215
   -1   -1    9    4    0.017067
   -1   -1   10    4    0.017270
   -1   -1   11    4    0.018337
   -1   -1   12    4   -0.036502
   -1   -1   13    4   -0.026563
   -1   -1   14    4   -0.008663
   -1   -1   15    4   -0.822757
   -1   -1   16    4   -0.025978
   -1   -1   17    4   -0.007102
   -1   -1   18    4    0.056072
   -1   -1    1    5    0.008920
   -1   -1    2    5   -0.001075
   -1   -1    3    5   -0.061500
   -1   -1    4    5   -0.105772
   -1   -1    5    5   -0.016950
   -1   -1    6    5    0.011105
   -1   -1    7    5   -0.002150
   -1   -1    8    5    0.007415
   -1   -1    9    5   -0.000378
   -1   -1   10    5    0.002748
   -1   -1   11    5    0.005437
   -1   -1   12    5   -0.005657
   -1   -1   13    5    0.010070
   -1   -1   14    5   -0.009828
   -1   -1   15    5   -0.002702
   -1   -1   16    5    0.008290
   -1   -1   17    5   -0.015890
   -1   -1   18    5    0.000053
   -1   -1    1    6    0.132043
   -1   -1    2    6   -0.050690
   -1   -1    3    6    0.120572
   -1   -1    4    6    0.307918
   -1   -1    5    6    0.055125
   -1   -1    6    6   -0.024068
   -1   -1    7    6    0.025090
   -1   -1    8    6   -0.016143
   -1   -1    9    6    0.014752
   -1   -1   10    6    0.026357
   -1   -1   11    6    0.280222
   -1   -1   12    6    0.064030
   -1   -1   13    6    0.149282
   -1   -1   14    6    0.090790
   -1   -1   15    6    0.038327
   -1   -1   16    6   -0.032945
   -1   -1   17    6   -0.112485
   -1   -1   18    6   -0.029877
   -1   -1    1    7   -0.071578
   -1   -1    2    7    0.012365
   -1   -1    3    7   -0.136582
   -1   -1    4    7    0.022965
   -1   -1    5    7   -0.001852
   -1   -1    6    7    0.008540
   -1   -1    7    7   -0.031272
   -1   -1    8    7    0.008650
   -1   -1    9    7   -0.005487
   -1   -1   10    7    0.098687
   -1   -1   11    7   -0.039755
   -1   -1   12    7   -0.012450
   -1   -1   13    7   -0.002702
   -1   -1   14    7    0.002577
   -1   -1   15    7    0.640770
   -1   -1   16    7   -0.019895
   -1   -1   17    7    0.003685
   -1   -1   18    7    0.032625
   -1   -1    1    8    0.042372
   -1   -1    2    8   -0.001417
   -1   -1    3    8   -0.087335
   -1   -1    4    8   -0.121335
   -1   -1    5    8   -0.012202
   -1   -1    6    8    0.001235
   -1   -1    7    8    0.000850
   -1   -1    8    8   -0.001325
   -1   -1    9    8   -0.000702
   -1   -1   10    8   -0.015168
   -1   -1   11    8    0.006337
   -1   -1   12    8    0.000008
   -1   -1   13    8    0.003047
   -1   -1   14    8   -0.010097
   -1   -1   15    8    0.000045
   -1   -1   16    8   -0.000185
   -1   -1   17    8    0.026395
   -1   -1   18    8   -0.001338
   -1   -1    1    9   -0.032212
   -1   -1    2    9    0.033488
   -1   -1    3    9   -0.621592
   -1   -1    4    9   -0.364310
   -1   -1    5    9   -0.217890
   -1   -1    6    9   -0.422253
   -1   -1    7    9   -1.320530
   -1   -1    8    9   -0.107842
   -1   -1    9    9    0.021710
   -1   -1   10    9   -0.538185
   -1   -1   11    9   -0.403965
   -1   -1   12    9   -0.066930
   -1   -1   13    9    0.005885
   -1   -1   14    9    0.057162
   -1   -1   15    9    0.806852
   -1   -1   16    9    0.492013
   -1   -1   17    9    0.598875
   -1   -1   18    9   -0.176398
   -1   -1    1   10   -0.003282
   -1   -1    2   10    0.000790
   -1   -1    3   10   -0.034877
   -1   -1    4   10    0.022485
   -1   -1    5   10    0.001660
   -1   -1    6   10    0.001395
   -1   -1    7   10    0.002427
   -1   -1    8   10   -0.001747
   -1   -1    9   10   -0.002327
   -1   -1   10   10   -0.010845
   -1   -1   11   10   -0.003372
   -1   -1   12   10   -0.007705
   -1   -1   13   10   -0.000150
   -1   -1   14   10   -0.001535
   -1   -1   15   10    0.009772
   -1   -1   16   10   -0.005910
   -1   -1   17   10    0.007085
   -1   -1   18   10   -0.005337
   -1   -1    1   11    0.006822
   -1   -1    2   11   -0.003070
   -1   -1    3   11    0.017147
   -1   -1    4   11    0.024547
   -1   -1    5   11    0.003013
   -1   -1    6   11    0.015637
   -1   -1    7   11    0.003482
   -1   -1    8   11   -0.003102
   -1   -1    9   11   -0.002805
   -1   -1   10   11    0.016203
   -1   -1   11   11    0.013432
   -1   -1   12   11    0.003170
   -1   -1   13   11   -0.010750
   -1   -1   14   11    0.007978
   -1   -1   15   11    0.006460
   -1   -1   16   11   -0.015585
   -1   -1   17   11    0.005392
   -1   -1   18   11   -0.000647
   -1   -1    1   12    0.029515
   -1   -1    2   12   -0.011020
   -1   -1    3   12    0.008840
   -1   -1    4   12    0.003242
   -1   -1    5   12   -0.007005
   -1   -1    6   12    0.003030
   -1   -1    7   12    0.028660
   -1   -1    8   12    0.002170
   -1   -1    9   12    0.001252
   -1   -1   10   12   -0.089298
   -1   -1   11   12    0.017405
   -1   -1   12   12    0.057492
   -1   -1   13   12   -0.055447
   -1   -1   14   12    0.007117
   -1   -1   15   12   -0.069730
   -1   -1   16   12    0.049967
   -1   -1   17   12   -0.003155
   -1   -1   18   12   -0.083678
   -1   -1    1   13   -0.114792
   -1   -1    2   13    0.027070
   -1   -1    3   13   -0.006472
   -1   -1    4   13    0.000772
   -1   -1    5   13    0.001075
   -1   -1    6   13   -0.016647
   -1   -1    7   13   -0.017173
   -1   -1    8   13   -0.001910
   -1   -1    9   13    0.001000
   -1   -1   10   13   -0.017897
   -1   -1   11   13   -0.117963
   -1   -1   12   13   -0.035147
   -1   -1   13   13    0.019138
   -1   -1   14   13   -0.016197
   -1   -1   15   13    0.206915
   -1   -1   16   13   -0.057005
   -1   -1   17   13    0.011390
   -1   -1   18   13    0.015230
   -1   -1    1   14    0.001668
   -1   -1    2   14    0.000507
   -1   -1    3   14   -0.001548
   -1   -1    4   14   -0.013237
   -1   -1    5   14   -0.001500
   -1   -1    6   14    0.003840
   -1   -1    7   14    0.000545
   -1   -1    8   14    0.000807
   -1   -1    9   14    0.001312
   -1   -1   10   14   -0.006075
   -1   -1   11   14   -0.000965
   -1   -1   12   14    0.001280
   -1   -1   13   14    0.003440
   -1   -1   14   14    0.001347
   -1   -1   15   14    0.005745
   -1   -1   16   14   -0.003620
   -1   -1   17   14    0.003895
   -1   -1   18   14    0.002390
   -1   -1    1   15   -0.010250
   -1   -1    2   15    0.001470
   -1   -1    3   15   -0.003295
   -1   -1    4   15   -0.011980
   -1   -1    5   15   -0.001402
   -1   -1    6   15    0.005190
   -1   -1    7   15   -0.000250
   -1   -1    8   15    0.002020
   -1   -1    9   15   -0.000415
   -1   -1   10   15    0.003370
   -1   -1   11   15    0.000273
   -1   -1   12   15   -0.001132
   -1   -1   13   15   -0.004225
   -1   -1   14   15    0.000910
   -1   -1   15   15   -0.011433
   -1   -1   16   15   -0.006935
   -1   -1   17   15    0.003152
   -1   -1   18   15    0.015335
   -1   -1    1   16   -0.149045
   -1   -1    2   16   -0.015357
   -1   -1    3   16   -0.103430
   -1   -1    4   16   -0.062473
   -1   -1    5   16    0.027682
   -1   -1    6   16    0.056050
   -1   -1    7   16   -0.001215
   -1   -1    8   16    0.012710
   -1   -1    9   16   -0.001995
   -1   -1   10   16   -0.100912
   -1   -1   11   16    0.058518
   -1   -1   12   16   -0.015180
   -1   -1   13   16   -0.009902
   -1   -1   14   16    0.025985
   -1   -1   15   16    0.007320
   -1   -1   16   16    0.039195
   -1   -1   17   16    0.041830
   -1   -1   18   16    0.012690
   -1   -1    1   17   -0.002838
   -1   -1    2   17   -0.000425
   -1   -1    3   17    0.000900
   -1   -1    4   17    0.007862
   -1   -1    5   17    0.004557
   -1   -1    6   17   -0.026212
   -1   -1    7   17    0.006130
   -1   -1    8   17    0.004080
   -1   -1    9   17   -0.000917
   -1   -1   10   17    0.006915
   -1   -1   11   17    0.014522
   -1   -1   12   17    0.016890
   -1   -1   13   17    0.014982
   -1   -1   14   17    0.008812
   -1   -1   15   17    0.068950
   -1   -1   16   17    0.000218
   -1   -1   17   17   -0.015152
   -1   -1   18   17   -0.001145
   -1   -1    1   18    0.007875
   -1   -1    2   18    0.000067
   -1   -1    3   18   -0.056100
   -1   -1    4   18    0.016452
   -1   -1    5   18   -0.000388
   -1   -1    6   18   -0.005740
   -1   -1    7   18    0.006210
   -1   -1    8   18   -0.001530
   -1   -1    9   18    0.002053
   -1   -1   10   18   -0.003607
   -1   -1   11   18    0.001690
   -1   -1   12   18   -0.001150
   -1   -1   13   18    0.009717
   -1   -1   14   18    0.001147
   -1   -1   15   18    0.001185
   -1   -1   16   18   -0.003180
   -1   -1   17   18   -0.006632
   -1   -1   18   18   -0.038500
    0   -1    1    1   -0.083075
    0   -1    2    1   -0.016303
    0   -1    3    1    0.010462
    0   -1    4    1   -0.003880
    0   -1    5    1    0.008462
    0   -1    6    1    0.093012
    0   -1    7    1    0.017505
    0   -1    8    1    0.017012
    0   -1    9    1   -0.015203
    0   -1   10    1    0.003820
    0   -1   11    1    0.018182
    0   -1   12    1    0.065210
    0   -1   13    1   -0.076247
    0   -1   14    1   -0.008125
    0   -1   15    1   -0.243180
    0   -1   16    1   -0.069825
    0   -1   17    1   -0.005413
    0   -1   18    1    0.014495
    0   -1    1    2   -0.002345
    0   -1    2    2    0.001640
    0   -1    3    2   -0.004460
    0   -1    4    2   -0.000110
    0   -1    5    2    0.000237
    0   -1    6    2   -0.000647
    0   -1    7    2   -0.008567
    0   -1    8    2   -0.000065
    0   -1    9    2    0.002763
    0   -1   10    2   -0.011777
    0   -1   11    2    0.018658
    0   -1   12    2   -0.125090
    0   -1   13    2   -0.028878
    0   -1   14    2   -0.000607
    0   -1   15    2   -0.008580
    0   -1   16    2   -0.001655
    0   -1   17    2    0.055105
    0   -1   18    2   -0.002715
    0   -1    1    3    0.027103
    0   -1    2    3   -0.006660
    0   -1    3    3   -0.049042
    0   -1    4    3    0.012768
    0   -1    5    3   -0.003602
    0   -1    6    3   -0.019052
    0   -1    7    3    0.115562
    0   -1    8    3   -0.005222
    0   -1    9    3   -0.001165
    0   -1   10    3   -0.003118
    0   -1   11    3   -0.035920
    0   -1   12    3   -0.000470
    0   -1   13    3    0.009730
    0   -1   14    3    0.005608
    0   -1   15    3    0.046667
    0   -1   16    3    0.015752
    0   -1   17    3   -0.020610
    0   -1   18    3   -0.021362
    0   -1    1    4   -0.002533
    0   -1    2    4    0.017707
    0   -1    3    4    0.002282
    0   -1    4    4    0.126195
    0   -1    5    4    0.004730
    0   -1    6    4    0.013250
    0   -1    7    4   -0.023083
    0   -1    8    4   -0.007530
    0   -1    9    4   -0.000188
    0   -1   10    4   -0.012007
    0   -1   11    4   -0.051577
    0   -1   12    4   -0.042997
    0   -1   13    4    0.097952
    0   -1   14    4    0.015435
    0   -1   15    4   -0.226398
    0   -1   16    4   -0.051335
    0   -1   17    4   -0.011570
    0   -1   18    4   -0.012375
    0   -1    1    5    0.006755
    0   -1    2    5   -0.003613
    0   -1    3    5   -0.007357
    0   -1    4    5   -0.011872
    0   -1    5    5   -0.006848
    0   -1    6    5   -0.019490
    0   -1    7    5   -0.002315
    0   -1    8    5   -0.001907
    0   -1    9    5   -0.001910
    0   -1   10    5   -0.002895
    0   -1   11    5   -0.007472
    0   -1   12    5    0.018040
    0   -1   13    5    0.166552
    0   -1   14    5   -0.001855
    0   -1   15    5   -0.011217
    0   -1   16    5    0.011165
    0   -1   17    5    0.003193
    0   -1   18    5   -0.002838
    0   -1    1    6   -0.011710
    0   -1    2    6    0.019482
    0   -1    3    6   -0.008215
    0   -1    4    6   -0.001682
    0   -1    5    6    0.000970
    0   -1    6    6   -0.086417
    0   -1    7    6    0.003317
    0   -1    8    6   -0.007187
    0   -1    9    6    0.009075
    0   -1   10    6   -0.003690
    0   -1   11    6   -0.004972
    0   -1   12    6    0.129352
    0   -1   13    6    0.382020
    0   -1   14    6   -0.003650
    0   -1   15    6    0.009113
    0   -1   16    6    0.026560
    0   -1   17    6   -0.155577
    0   -1   18    6   -0.010030
    0   -1    1    7    0.009080
    0   -1    2    7    0.004595
    0   -1    3    7    0.002252
    0   -1    4    7   -0.008067
    0   -1    5    7   -0.002245
    0   -1    6    7   -0.000060
    0   -1    7    7    0.034417
    0   -1    8    7   -0.000353
    0   -1    9    7    0.004712
    0   -1   10    7    0.005295
    0   -1   11    7    0.001590
    0   -1   12    7   -0.107012
    0   -1   13    7    0.026660
    0   -1   14    7   -0.001600
    0   -1   15    7    0.049170
    0   -1   16    7    0.010847
    0   -1   17    7   -0.002260
    0   -1   18    7    0.000420
    0   -1    1    8   -0.064780
    0   -1    2    8   -0.059892
    0   -1    3    8    0.044785
    0   -1    4    8    0.092428
    0   -1    5    8    0.005678
    0   -1    6    8   -0.018730
    0   -1    7    8    0.024932
    0   -1    8    8    0.001265
    0   -1    9    8    0.008377
    0   -1   10    8    0.009272
    0   -1   11    8    0.074327
    0   -1   12    8    0.133342
    0   -1   13    8   -0.044658
    0   -1   14    8    0.004938
    0   -1   15    8    0.156107
    0   -1   16    8    0.039820
    0   -1   17    8   -0.016145
    0   -1   18    8    0.010497
    0   -1    1    9    0.033700
    0   -1    2    9    0.269815
    0   -1    3    9   -0.005077
    0   -1    4    9   -0.021790
    0   -1    5    9    0.009387
    0   -1    6    9   -0.629950
    0   -1    7    9    0.070020
    0   -1    8    9    0.005742
    0   -1    9    9    0.094462
    0   -1   10    9   -0.093900
    0   -1   11    9   -0.484572
    0   -1   12    9   -0.636460
    0   -1   13    9   -0.346015
    0   -1   14    9    0.085150
    0   -1   15    9   -0.123802
    0   -1   16    9    0.106677
    0   -1   17    9    0.280230
    0   -1   18    9    0.005222
    0   -1    1   10    0.009545
    0   -1    2   10   -0.001618
    0   -1    3   10   -0.002442
    0   -1    4   10   -0.004920
    0   -1    5   10   -0.001647
    0   -1    6   10   -0.002527
    0   -1    7   10   -0.010257
    0   -1    8   10    0.001698
    0   -1    9   10   -0.001648
    0   -1   10   10    0.029472
    0   -1   11   10    0.005050
    0   -1   12   10    0.001632
    0   -1   13   10   -0.032822
    0   -1   14   10    0.002043
    0   -1   15   10   -0.027862
    0   -1   16   10    0.010757
    0   -1   17   10   -0.007857
    0   -1   18   10    0.001850
    0   -1    1   11   -0.004110
    0   -1    2   11    0.003027
    0   -1    3   11   -0.003197
    0   -1    4   11   -0.000690
    0   -1    5   11   -0.000012
    0   -1    6   11   -0.004727
    0   -1    7   11   -0.003067
    0   -1    8   11   -0.000353
    0   -1    9   11   -0.001330
    0   -1   10   11   -0.004713
    0   -1   11   11   -0.005938
    0   -1   12   11   -0.019213
    0   -1   13   11    0.066465
    0   -1   14   11    0.000642
    0   -1   15   11   -0.005638
    0   -1   16   11   -0.002475
    0   -1   17   11   -0.010242
    0   -1   18   11   -0.002247
    0   -1    1   12    0.010537
    0   -1    2   12   -0.001133
    0   -1    3   12   -0.007788
    0   -1    4   12   -0.006255
    0   -1    5   12    0.000850
    0   -1    6   12   -0.000143
    0   -1    7   12   -0.002770
    0   -1    8   12   -0.000248
    0   -1    9   12    0.005313
    0   -1   10   12   -0.002005
    0   -1   11   12    0.007067
    0   -1   12   12    0.021992
    0   -1   13   12   -0.039302
    0   -1   14   12    0.004500
    0   -1   15   12   -0.088272
    0   -1   16   12   -0.001770
    0   -1   17   12    0.000765
    0   -1   18   12    0.005018
    0   -1    1   13   -0.011350
    0   -1    2   13   -0.007165
    0   -1    3   13    0.001060
    0   -1    4   13    0.008205
    0   -1    5   13   -0.000317
    0   -1    6   13   -0.010738
    0   -1    7   13   -0.000225
    0   -1    8   13   -0.000248
    0   -1    9   13   -0.006962
    0   -1   10   13   -0.003005
    0   -1   11   13    0.000485
    0   -1   12   13   -0.031765
    0   -1   13   13    0.086902
    0   -1   14   13   -0.004035
    0   -1   15   13   -0.017830
    0   -1   16   13   -0.000868
    0   -1   17   13   -0.010575
    0   -1   18   13    0.003942
    0   -1    1   14    0.006850
    0   -1    2   14   -0.008977
    0   -1    3   14   -0.001442
    0   -1    4   14   -0.002825
    0   -1    5   14   -0.000248
    0   -1    6   14   -0.004343
    0   -1    7   14   -0.001558
    0   -1    8   14   -0.002292
    0   -1    9   14    0.001547
    0   -1   10   14   -0.003915
    0   -1   11   14    0.022910
    0   -1   12   14   -0.027835
    0   -1   13   14   -0.011857
    0   -1   14   14   -0.003685
    0   -1   15   14   -0.009215
    0   -1   16   14    0.006900
    0   -1   17   14    0.006325
    0   -1   18   14   -0.000333
    0   -1    1   15    0.011092
    0   -1    2   15    0.001365
    0   -1    3   15   -0.002940
    0   -1    4   15   -0.004555
    0   -1    5   15   -0.002455
    0   -1    6   15   -0.014052
    0   -1    7   15    0.000063
    0   -1    8   15    0.000262
    0   -1    9   15    0.001895
    0   -1   10   15   -0.002640
    0   -1   11   15   -0.001175
    0   -1   12   15   -0.007660
    0   -1   13   15    0.030862
    0   -1   14   15   -0.000297
    0   -1   15   15   -0.051772
    0   -1   16   15    0.017760
    0   -1   17   15   -0.004365
    0   -1   18   15    0.001597
    0   -1    1   16    0.033772
    0   -1    2   16   -0.007400
    0   -1    3   16    0.018345
    0   -1    4   16   -0.005930
    0   -1    5   16   -0.004315
    0   -1    6   16    0.003973
    0   -1    7   16    0.019422
    0   -1    8   16    0.005405
    0   -1    9   16   -0.008337
    0   -1   10   16    0.043695
    0   -1   11   16   -0.070407
    0   -1   12   16    0.545200
    0   -1   13   16   -0.281958
    0   -1   14   16   -0.000410
    0   -1   15   16    0.033835
    0   -1   16   16   -0.027285
    0   -1   17   16   -0.094612
    0   -1   18   16    0.015607
    0   -1    1   17    0.033750
    0   -1    2   17   -0.002043
    0   -1    3   17   -0.000225
    0   -1    4   17    0.000665
    0   -1    5   17    0.005132
    0   -1    6   17    0.002515
    0   -1    7   17    0.003257
    0   -1    8   17   -0.007352
    0   -1    9   17    0.002705
    0   -1   10   17    0.001985
    0   -1   11   17    0.100785
    0   -1   12   17   -0.006980
    0   -1   13   17    0.070657
    0   -1   14   17    0.008765
    0   -1   15   17    0.009910
    0   -1   16   17   -0.006163
    0   -1   17   17    0.003580
    0   -1   18   17   -0.007282
    0   -1    1   18   -0.038465
    0   -1    2   18   -0.000035
    0   -1    3   18   -0.022027
    0   -1    4   18    0.010417
    0   -1    5   18   -0.001410
    0   -1    6   18   -0.023558
    0   -1    7   18    0.062612
    0   -1    8   18   -0.002285
    0   -1    9   18    0.000533
    0   -1   10   18    0.709822
    0   -1   11   18   -0.041208
    0   -1   12   18    0.041162
    0   -1   13   18   -0.002285
    0   -1   14   18   -0.002893
    0   -1   15   18    0.708475
    0   -1   16   18    0.026257
    0   -1   17   18   -0.016215
    0   -1   18   18    0.002522
    1   -1    1    1    0.010535
    1   -1    2    1    0.000065
    1   -1    3    1   -0.000655
    1   -1    4    1   -0.000205
    1   -1    5    1    0.001205
    1   -1    6    1   -0.004210
    1   -1    7    1    0.006085
    1   -1    8    1    0.000335
    1   -1    9    1   -0.005905
    1   -1   10    1   -0.001703
    1   -1   11    1    0.007895
    1   -1   12    1    0.010635
    1   -1   13    1    0.018322
    1   -1   14    1   -0.003067
    1   -1   15    1    0.002193
    1   -1   16    1   -0.001730
    1   -1   17    1   -0.000517
    1   -1   18    1   -0.001570
    1   -1    1    2    0.001102
    1   -1    2    2    0.000820
    1   -1    3    2    0.000465
    1   -1    4    2   -0.001132
    1   -1    5    2    0.000182
    1   -1    6    2   -0.001302
    1   -1    7    2    0.000548
    1   -1    8    2    0.000127
    1   -1    9    2    0.000760
    1   -1   10    2    0.000295
    1   -1   11    2   -0.000577
    1   -1   12    2   -0.003033
    1   -1   13    2   -0.005100
    1   -1   14    2    0.000025
    1   -1   15    2    0.001997
    1   -1   16    2   -0.000913
    1   -1   17    2    0.001152
    1   -1   18    2   -0.000380
    1   -1    1    3   -0.004580
    1   -1    2    3    0.002420
    1   -1    3    3   -0.001172
    1   -1    4    3   -0.013643
    1   -1    5    3   -0.000650
    1   -1    6    3   -0.007760
    1   -1    7    3   -0.001180
    1   -1    8    3   -0.001027
    1   -1    9    3    0.002168
    1   -1   10    3    0.011907
    1   -1   11    3    0.003555
    1   -1   12    3    0.013287
    1   -1   13    3    0.043215
    1   -1   14    3   -0.000132
    1   -1   15    3   -0.027172
    1   -1   16    3    0.000005
    1   -1   17    3   -0.006090
    1   -1   18    3    0.000087
    1   -1    1    4   -0.001050
    1   -1    2    4    0.002448
    1   -1    3    4   -0.004005
    1   -1    4    4   -0.008807
    1   -1    5    4   -0.003120
    1   -1    6    4   -0.031997
    1   -1    7    4   -0.001655
    1   -1    8    4   -0.000462
    1   -1    9    4    0.000532
    1   -1   10    4    0.003760
    1   -1   11    4   -0.016902
    1   -1   12    4    0.015110
    1   -1   13    4    0.123127
    1   -1   14    4    0.000063
    1   -1   15    4    0.002572
    1   -1   16    4    0.018440
    1   -1   17    4   -0.022830
    1   -1   18    4    0.000867
    1   -1    1    5    0.000325
    1   -1    2    5   -0.000853
    1   -1    3    5    0.000427
    1   -1    4    5   -0.000782
    1   -1    5    5   -0.000280
    1   -1    6    5    0.001578
    1   -1    7    5   -0.000062
    1   -1    8    5   -0.000162
    1   -1    9    5    0.000565
    1   -1   10    5    0.001660
    1   -1   11    5   -0.002305
    1   -1   12    5   -0.006067
    1   -1   13    5   -0.010542
    1   -1   14    5    0.000280
    1   -1   15    5    0.001077
    1   -1   16    5    0.001380
    1   -1   17    5    0.005173
    1   -1   18    5    0.000895
    1   -1    1    6   -0.008908
    1   -1    2    6    0.000675
    1   -1    3    6   -0.003142
    1   -1    4    6    0.004410
    1   -1    5    6    0.000270
    1   -1    6    6    0.009070
    1   -1    7    6   -0.003422
    1   -1    8    6   -0.000052
    1   -1    9    6    0.003582
    1   -1   10    6   -0.000588
    1   -1   11    6   -0.001243
    1   -1   12    6   -0.013910
    1   -1   13    6   -0.007465
    1   -1   14    6    0.001187
    1   -1   15    6   -0.002490
    1   -1   16    6   -0.009208
    1   -1   17    6    0.000737
    1   -1   18    6    0.000668
    1   -1    1    7   -0.000812
    1   -1    2    7   -0.000595
    1   -1    3    7    0.000503
    1   -1    4    7    0.002667
    1   -1    5    7    0.000085
    1   -1    6    7    0.003618
    1   -1    7    7    0.000160
    1   -1    8    7    0.000117
    1   -1    9    7   -0.000560
    1   -1   10    7   -0.000472
    1   -1   11    7    0.000370
    1   -1   12    7    0.005055
    1   -1   13    7   -0.007985
    1   -1   14    7    0.000142
    1   -1   15    7   -0.000748
    1   -1   16    7   -0.002607
    1   -1   17    7    0.001480
    1   -1   18    7    0.000272
    1   -1    1    8   -0.006130
    1   -1    2    8   -0.001610
    1   -1    3    8    0.000602
    1   -1    4    8    0.002245
    1   -1    5    8    0.000697
    1   -1    6    8    0.013897
    1   -1    7    8    0.001543
    1   -1    8    8   -0.000040
    1   -1    9    8   -0.004092
    1   -1   10    8   -0.000705
    1   -1   11    8    0.005508
    1   -1   12    8    0.059490
    1   -1   13    8    0.073635
    1   -1   14    8   -0.002172
    1   -1   15    8   -0.004960
    1   -1   16    8   -0.009460
    1   -1   17    8   -0.042850
    1   -1   18    8    0.000870
    1   -1    1    9    0.003370
    1   -1    2    9    0.003985
    1   -1    3    9   -0.000697
    1   -1    4    9   -0.002022
    1   -1    5    9   -0.000390
    1   -1    6    9   -0.004693
    1   -1    7    9    0.001402
    1   -1    8    9   -0.000017
    1   -1    9    9    0.003585
    1   -1   10    9   -0.000038
    1   -1   11    9    0.002422
    1   -1   12    9    0.007105
    1   -1   13    9   -0.003730
    1   -1   14    9    0.000670
    1   -1   15    9    0.002500
    1   -1   16    9    0.000282
    1   -1   17    9   -0.001170
    1   -1   18    9   -0.001305
    1   -1    1   10    0.001325
    1   -1    2   10    0.001285
    1   -1    3   10    0.000448
    1   -1    4   10    0.003400
    1   -1    5   10   -0.000507
    1   -1    6   10    0.000908
    1   -1    7   10    0.001507
    1   -1    8   10   -0.000010
    1   -1    9   10   -0.000130
    1   -1   10   10   -0.002750
    1   -1   11   10    0.002500
    1   -1   12   10    0.003912
    1   -1   13   10    0.006692
    1   -1   14   10   -0.000335
    1   -1   15   10   -0.000385
    1   -1   16   10    0.000708
    1   -1   17   10    0.000455
    1   -1   18   10   -0.000213
    1   -1    1   11    0.000882
    1   -1    2   11    0.000302
    1   -1    3   11   -0.000243
    1   -1    4   11    0.000082
    1   -1    5   11    0.000202
    1   -1    6   11    0.000280
    1   -1    7   11   -0.000270
    1   -1    8   11   -0.000107
    1   -1    9   11   -0.000138
    1   -1   10   11    0.000305
    1   -1   11   11   -0.000665
    1   -1   12   11   -0.005540
    1   -1   13   11    0.000900
    1   -1   14   11    0.000122
    1   -1   15   11    0.000325
    1   -1   16   11   -0.001738
    1   -1   17   11    0.000827
    1   -1   18   11   -0.000075
    1   -1    1   12   -0.002873
    1   -1    2   12    0.001727
    1   -1    3   12   -0.003112
    1   -1    4   12    0.001240
    1   -1    5   12   -0.000025
    1   -1    6   12    0.003302
    1   -1    7   12   -0.002005
    1   -1    8   12   -0.000702
    1   -1    9   12   -0.000087
    1   -1   10   12   -0.002385
    1   -1   11   12    0.002838
    1   -1   12   12   -0.004585
    1   -1   13   12    0.008692
    1   -1   14   12    0.000253
    1   -1   15   12   -0.003793
    1   -1   16   12   -0.005080
    1   -1   17   12    0.001075
    1   -1   18   12   -0.002585
    1   -1    1   13    0.006790
    1   -1    2   13   -0.000102
    1   -1    3   13    0.001752
    1   -1    4   13   -0.002205
    1   -1    5   13    0.000140
    1   -1    6   13   -0.006983
    1   -1    7   13    0.002817
    1   -1    8   13    0.000285
    1   -1    9   13   -0.000335
    1   -1   10   13    0.000458
    1   -1   11   13   -0.001673
    1   -1   12   13    0.003000
    1   -1   13   13   -0.003012
    1   -1   14   13    0.000407
    1   -1   15   13    0.003950
    1   -1   16   13    0.006430
    1   -1   17   13   -0.003865
    1   -1   18   13    0.000355
    1   -1    1   14    0.000302
    1   -1    2   14    0.000245
    1   -1    3   14   -0.000040
    1   -1    4   14    0.000000
    1   -1    5   14   -0.000460
    1   -1    6   14   -0.001277
    1   -1    7   14    0.000097
    1   -1    8   14    0.000048
    1   -1    9   14   -0.000215
    1   -1   10   14   -0.000712
    1   -1   11   14    0.000055
    1   -1   12   14    0.000628
    1   -1   13   14   -0.011842
    1   -1   14   14    0.000087
    1   -1   15   14   -0.000463
    1   -1   16   14    0.002015
    1   -1   17   14    0.000292
    1   -1   18   14   -0.000565
    1   -1    1   15    0.001025
    1   -1    2   15   -0.000700
    1   -1    3   15    0.000417
    1   -1    4   15    0.000855
    1   -1    5   15   -0.000438
    1   -1    6   15    0.002660
    1   -1    7   15   -0.000535
    1   -1    8   15    0.000012
    1   -1    9   15    0.000410
    1   -1   10   15    0.000030
    1   -1   11   15    0.000588
    1   -1   12   15    0.001665
    1   -1   13   15   -0.000685
    1   -1   14   15    0.000175
    1   -1   15   15    0.000462
    1   -1   16   15    0.001000
    1   -1   17   15    0.000277
    1   -1   18   15    0.000440
    1   -1    1   16    0.001453
    1   -1    2   16   -0.002445
    1   -1    3   16   -0.001848
    1   -1    4   16    0.001982
    1   -1    5   16   -0.001175
    1   -1    6   16    0.000263
    1   -1    7   16   -0.001953
    1   -1    8   16    0.000300
    1   -1    9   16   -0.005427
    1   -1   10   16   -0.004205
    1   -1   11   16    0.003995
    1   -1   12   16    0.020798
    1   -1   13   16    0.016945
    1   -1   14   16   -0.000937
    1   -1   15   16   -0.008202
    1   -1   16   16    0.008355
    1   -1   17   16   -0.002005
    1   -1   18   16   -0.002385
    1   -1    1   17   -0.003727
    1   -1    2   17    0.000327
    1   -1    3   17    0.000530
    1   -1    4   17   -0.000055
    1   -1    5   17    0.000367
    1   -1    6   17    0.007647
    1   -1    7   17   -0.001220
    1   -1    8   17   -0.000223
    1   -1    9   17    0.001420
    1   -1   10   17    0.000442
    1   -1   11   17   -0.010417
    1   -1   12   17   -0.002940
    1   -1   13   17   -0.029585
    1   -1   14   17    0.002985
    1   -1   15   17   -0.001607
    1   -1   16   17   -0.001592
    1   -1   17   17    0.001400
    1   -1   18   17    0.000980
    1   -1    1   18   -0.005245
    1   -1    2   18    0.001652
    1   -1    3   18    0.000040
    1   -1    4   18   -0.002182
    1   -1    5   18   -0.001145
    1   -1    6   18    0.001313
    1   -1    7   18    0.002292
    1   -1    8   18   -0.000358
    1   -1    9   18    0.002587
    1   -1   10   18    0.009500
    1   -1   11   18    0.002385
    1   -1   12   18   -0.046692
    1   -1   13   18    0.010775
    1   -1   14   18    0.000233
    1   -1   15   18    0.001690
    1   -1   16   18    0.002115
    1   -1   17   18   -0.000223
    1   -1   18   18   -0.000085
   -1    0    1    1    0.068612
   -1    0    2    1   -0.006295
   -1    0    3    1    0.867010
   -1    0    4    1   -0.365012
   -1    0    5    1   -0.011962
   -1    0    6    1   -0.031555
   -1    0    7    1   -0.034795
   -1    0    8    1   -0.000975
   -1    0    9    1    0.004965
   -1    0   10    1    0.014663
   -1    0   11    1   -0.008170
   -1    0   12    1    0.003378
   -1    0   13    1    0.002288
   -1    0   14    1   -0.030955
   -1    0   15    1    0.064837
   -1    0   16    1    0.019782
   -1    0   17    1   -0.016960
   -1    0   18    1    0.228295
   -1    0    1    2   -0.372983
   -1    0    2    2    0.005195
   -1    0    3    2   -0.195900
   -1    0    4    2   -0.856415
   -1    0    5    2   -0.011755
   -1    0    6    2    0.003498
   -1    0    7    2    0.004905
   -1    0    8    2   -0.211273
   -1    0    9    2    0.008640
   -1    0   10    2   -0.014052
   -1    0   11    2    0.009217
   -1    0   12    2   -0.020982
   -1    0   13    2    0.008837
   -1    0   14    2    0.062310
   -1    0   15    2    0.009507
   -1    0   16    2    0.040383
   -1    0   17    2    1.090265
   -1    0   18    2   -0.001693
   -1    0    1    3   -0.007622
   -1    0    2    3    0.000055
   -1    0    3    3    0.045795
   -1    0    4    3    0.046523
   -1    0    5    3    0.009388
   -1    0    6    3    0.002442
   -1    0    7    3   -0.002033
   -1    0    8    3   -0.019795
   -1    0    9    3   -0.001503
   -1    0   10    3    0.048312
   -1    0   11    3    0.001955
   -1    0   12    3   -0.009085
   -1    0   13    3    0.000600
   -1    0   14    3    0.011590
   -1    0   15    3   -0.004350
   -1    0   16    3    0.000462
   -1    0   17    3   -0.003810
   -1    0   18    3   -0.050057
   -1    0    1    4   -0.066000
   -1    0    2    4    0.029630
   -1    0    3    4    0.722790
   -1    0    4    4    0.090340
   -1    0    5    4    0.007672
   -1    0    6    4   -0.025353
   -1    0    7    4   -0.313677
   -1    0    8    4   -0.100987
   -1    0    9    4   -0.001340
   -1    0   10    4   -1.384810
   -1    0   11    4    0.005162
   -1    0   12    4    0.041230
   -1    0   13    4    0.022865
   -1    0   14    4    0.024823
   -1    0   15    4    0.002792
   -1    0   16    4   -0.012060
   -1    0   17    4   -0.024472
   -1    0   18    4   -0.192780
   -1    0    1    5    0.031723
   -1    0    2    5    0.003365
   -1    0    3    5   -0.037430
   -1    0    4    5    0.013920
   -1    0    5    5   -0.001737
   -1    0    6    5    0.001682
   -1    0    7    5   -0.004015
   -1    0    8    5   -0.021670
   -1    0    9    5   -0.001540
   -1    0   10    5   -0.000673
   -1    0   11    5   -0.002125
   -1    0   12    5    0.003683
   -1    0   13    5    0.004132
   -1    0   14    5    0.008740
   -1    0   15    5   -0.001110
   -1    0   16    5    0.012617
   -1    0   17    5   -0.028145
   -1    0   18    5   -0.021010
   -1    0    1    6    0.971460
   -1    0    2    6    0.056130
   -1    0    3    6    0.114838
   -1    0    4    6   -0.545065
   -1    0    5    6    0.283175
   -1    0    6    6   -0.164535
   -1    0    7    6   -0.006027
   -1    0    8    6   -3.269792
   -1    0    9    6   -0.025105
   -1    0   10    6    0.032787
   -1    0   11    6   -0.005687
   -1    0   12    6    0.057558
   -1    0   13    6    0.059940
   -1    0   14    6    0.546765
   -1    0   15    6   -0.003887
   -1    0   16    6   -0.050752
   -1    0   17    6   -1.027690
   -1    0   18    6    0.225050
   -1    0    1    7    0.153608
   -1    0    2    7    0.000722
   -1    0    3    7   -0.078420
   -1    0    4    7    0.205222
   -1    0    5    7   -0.023475
   -1    0    6    7    0.015215
   -1    0    7    7    0.225843
   -1    0    8    7    0.102587
   -1    0    9    7    0.011990
   -1    0   10    7   -0.358552
   -1    0   11    7    0.009430
   -1    0   12    7    0.003310
   -1    0   13    7   -0.009417
   -1    0   14    7   -0.011057
   -1    0   15    7   -0.173187
   -1    0   16    7   -0.019330
   -1    0   17    7    0.122985
   -1    0   18    7   -0.460995
   -1    0    1    8   -0.006315
   -1    0    2    8    0.000137
   -1    0    3    8    0.017855
   -1    0    4    8    0.027432
   -1    0    5    8    0.001290
   -1    0    6    8   -0.000405
   -1    0    7    8   -0.000812
   -1    0    8    8    0.002105
   -1    0    9    8   -0.000985
   -1    0   10    8    0.012508
   -1    0   11    8   -0.000647
   -1    0   12    8    0.000502
   -1    0   13    8   -0.002655
   -1    0   14    8    0.002790
   -1    0   15    8    0.000140
   -1    0   16    8    0.004290
   -1    0   17    8    0.001805
   -1    0   18    8   -0.004365
   -1    0    1    9   -0.173517
   -1    0    2    9    0.018225
   -1    0    3    9   -0.062645
   -1    0    4    9   -0.043467
   -1    0    5    9    0.061695
   -1    0    6    9   -0.027583
   -1    0    7    9   -0.004683
   -1    0    8    9   -0.298370
   -1    0    9    9    0.073915
   -1    0   10    9   -0.039585
   -1    0   11    9    0.011085
   -1    0   12    9   -0.021633
   -1    0   13    9    0.003862
   -1    0   14    9   -0.005865
   -1    0   15    9    0.006630
   -1    0   16    9   -0.013750
   -1    0   17    9    0.225275
   -1    0   18    9    0.035252
   -1    0    1   10   -0.008370
   -1    0    2   10   -0.000748
   -1    0    3   10    0.504032
   -1    0    4   10   -0.209085
   -1    0    5   10   -0.000727
   -1    0    6   10    0.003827
   -1    0    7   10    0.031175
   -1    0    8   10    0.016143
   -1    0    9   10   -0.001012
   -1    0   10   10   -0.166802
   -1    0   11   10    0.001062
   -1    0   12   10    0.008090
   -1    0   13   10   -0.001283
   -1    0   14   10   -0.000735
   -1    0   15   10   -0.028470
   -1    0   16   10   -0.002452
   -1    0   17   10   -0.007100
   -1    0   18   10    0.046645
   -1    0    1   11   -0.352055
   -1    0    2   11    0.003308
   -1    0    3   11   -0.342842
   -1    0    4   11   -0.170025
   -1    0    5   11   -0.014785
   -1    0    6   11   -0.009807
   -1    0    7   11    0.001347
   -1    0    8   11   -0.052707
   -1    0    9   11    0.013127
   -1    0   10   11   -0.048372
   -1    0   11   11    0.015240
   -1    0   12   11   -0.006760
   -1    0   13   11   -0.013032
   -1    0   14   11   -0.039227
   -1    0   15   11   -0.000452
   -1    0   16   11    0.040798
   -1    0   17   11    0.547230
   -1    0   18   11    0.081587
   -1    0    1   12   -0.019540
   -1    0    2   12    0.038408
   -1    0    3   12   -0.388380
   -1    0    4   12   -0.517582
   -1    0    5   12   -0.622457
   -1    0    6   12   -0.212767
   -1    0    7   12   -0.091445
   -1    0    8   12    0.305608
   -1    0    9   12    0.015135
   -1    0   10   12   -0.045877
   -1    0   11   12   -0.102302
   -1    0   12   12   -0.120675
   -1    0   13   12    0.038460
   -1    0   14   12    0.930555
   -1    0   15   12    0.009805
   -1    0   16   12    1.268798
   -1    0   17   12   -0.017392
   -1    0   18   12   -0.278255
   -1    0    1   13   -2.756445
   -1    0    2   13    0.112937
   -1    0    3   13    1.526705
   -1    0    4   13    1.259827
   -1    0    5   13    0.338925
   -1    0    6   13    0.237878
   -1    0    7   13    0.102130
   -1    0    8   13    1.386975
   -1    0    9   13    0.012965
   -1    0   10   13   -0.232865
   -1    0   11   13    0.246945
   -1    0   12   13   -0.017610
   -1    0   13   13    0.025635
   -1    0   14   13    0.941362
   -1    0   15   13    0.025647
   -1    0   16   13   -0.199635
   -1    0   17   13   -5.342115
   -1    0   18   13    0.342205
   -1    0    1   14   -0.057597
   -1    0    2   14   -0.000585
   -1    0    3   14    0.001530
   -1    0    4   14    0.044887
   -1    0    5   14    0.012640
   -1    0    6   14    0.003220
   -1    0    7   14   -0.001830
   -1    0    8   14   -0.025495
   -1    0    9   14    0.002115
   -1    0   10   14    0.007163
   -1    0   11   14   -0.003608
   -1    0   12   14   -0.001235
   -1    0   13   14   -0.001545
   -1    0   14   14    0.005357
   -1    0   15   14   -0.000200
   -1    0   16   14   -0.000587
   -1    0   17   14    0.112940
   -1    0   18   14   -0.018520
   -1    0    1   15    0.160905
   -1    0    2   15   -0.003035
   -1    0    3   15    1.660135
   -1    0    4   15   -0.691807
   -1    0    5   15   -0.030150
   -1    0    6   15   -0.029475
   -1    0    7   15   -0.010268
   -1    0    8   15    0.027557
   -1    0    9   15    0.000080
   -1    0   10   15   -0.084425
   -1    0   11   15   -0.009017
   -1    0   12   15   -0.106880
   -1    0   13   15   -0.002498
   -1    0   14   15   -0.010967
   -1    0   15   15    0.003217
   -1    0   16   15    0.045222
   -1    0   17   15   -0.025852
   -1    0   18   15   -0.261650
   -1    0    1   16   -0.992725
   -1    0    2   16   -0.018735
   -1    0    3   16   -0.393770
   -1    0    4   16   -0.824525
   -1    0    5   16    0.097605
   -1    0    6   16    0.019957
   -1    0    7   16    0.026057
   -1    0    8   16    0.117695
   -1    0    9   16    0.016528
   -1    0   10   16   -0.032102
   -1    0   11   16   -0.012242
   -1    0   12   16   -0.076468
   -1    0   13   16   -0.007840
   -1    0   14   16    0.111505
   -1    0   15   16    0.009400
   -1    0   16   16    0.049655
   -1    0   17   16    0.999997
   -1    0   18   16    0.056007
   -1    0    1   17   -0.072548
   -1    0    2   17   -0.105675
   -1    0    3   17    1.449293
   -1    0    4   17    5.104847
   -1    0    5   17   -0.752147
   -1    0    6   17   -0.033395
   -1    0    7   17    0.016627
   -1    0    8   17   -1.253905
   -1    0    9   17   -0.000870
   -1    0   10   17   -0.044700
   -1    0   11   17    0.059870
   -1    0   12   17    0.015915
   -1    0   13   17   -0.009540
   -1    0   14   17   -2.827965
   -1    0   15   17   -0.002397
   -1    0   16   17   -0.176077
   -1    0   17   17   -0.020960
   -1    0   18   17   -0.201022
   -1    0    1   18   -0.033223
   -1    0    2   18   -0.002840
   -1    0    3   18    0.093285
   -1    0    4   18   -0.023830
   -1    0    5   18    0.000795
   -1    0    6   18   -0.007010
   -1    0    7   18   -0.003915
   -1    0    8   18   -0.012000
   -1    0    9   18    0.000535
   -1    0   10   18   -0.011810
   -1    0   11   18   -0.001953
   -1    0   12   18    0.017590
   -1    0   13   18    0.005925
   -1    0   14   18    0.005497
   -1    0   15   18    0.014412
   -1    0   16   18    0.016855
   -1    0   17   18   -0.001885
   -1    0   18   18    0.022417
    0    0    1    1   11.655295
    0    0    2    1    0.395100
    0    0    3    1   -0.468567
    0    0    4    1    0.324823
    0    0    5    1   -0.890477
    0    0    6    1    0.413305
    0    0    7    1   -0.552355
    0    0    8    1   -2.038452
    0    0    9    1   -0.187810
    0    0   10    1   -0.275297
    0    0   11    1   -0.111287
    0    0   12    1    0.285212
    0    0   13    1    0.055937
    0    0   14    1   -1.618160
    0    0   15    1    0.328652
    0    0   16    1   -2.476160
    0    0   17    1   -1.460480
    0    0   18    1   -1.501025
    0    0    1    2    0.395100
    0    0    2    2    3.232545
    0    0    3    2    0.227755
    0    0    4    2    0.645042
    0    0    5    2   -0.996763
    0    0    6    2    3.542337
    0    0    7    2   -0.615115
    0    0    8    2   -0.059878
    0    0    9    2    0.641865
    0    0   10    2   -0.036820
    0    0   11    2    2.516385
    0    0   12    2   -0.369672
    0    0   13    2    2.099492
    0    0   14    2    0.053118
    0    0   15    2    0.117648
    0    0   16    2   -3.258233
    0    0   17    2   -1.052865
    0    0   18    2   -0.064632
    0    0    1    3   -0.468567
    0    0    2    3    0.227755
    0    0    3    3   -3.213260
    0    0    4    3   -5.257010
    0    0    5    3   -1.035783
    0    0    6    3   -0.066172
    0    0    7    3    0.195958
    0    0    8    3    0.841502
    0    0    9    3    0.063135
    0    0   10    3    0.097920
    0    0   11    3   -0.031068
    0    0   12    3    1.215162
    0    0   13    3    0.080930
    0    0   14    3    0.540597
    0    0   15    3   -0.112085
    0    0   16    3    0.235135
    0    0   17    3   -0.022155
    0    0   18    3   -0.744465
    0    0    1    4    0.324823
    0    0    2    4    0.645042
    0    0    3    4   -5.257010
    0    0    4    4  -11.521888
    0    0    5    4   -2.443450
    0    0    6    4   -0.014217
    0    0    7    4   -1.224170
    0    0    8    4    2.128750
    0    0    9    4    0.017115
    0    0   10    4    0.176900
    0    0   11    4   -0.025162
    0    0   12    4   -0.047815
    0    0   13    4    0.128787
    0    0   14    4    0.492435
    0    0   15    4   -0.244220
    0    0   16    4    0.234575
    0    0   17    4   -0.009028
    0    0   18    4    0.656010
    0    0    1    5   -0.890477
    0    0    2    5   -0.996763
    0    0    3    5   -1.035783
    0    0    4    5   -2.443450
    0    0    5    5   -0.530655
    0    0    6    5   -1.145967
    0    0    7    5    0.139527
    0    0    8    5    0.322935
    0    0    9    5   -0.905070
    0    0   10    5    0.027440
    0    0   11    5    0.414650
    0    0   12    5   -0.055638
    0    0   13    5   -0.111812
    0    0   14    5   -0.700885
    0    0   15    5    0.098212
    0    0   16    5    0.191063
    0    0   17    5    0.978490
    0    0   18    5    0.134775
    0    0    1    6    0.413305
    0    0    2    6    3.542337
    0    0    3    6   -0.066172
    0    0    4    6   -0.014217
    0    0    5    6   -1.145967
    0    0    6    6   -4.696353
    0    0    7    6    0.704665
    0    0    8    6   -0.128768
    0    0    9    6   -1.282668
    0    0   10    6    0.147240
    0    0   11    6   -1.968550
    0    0   12    6    0.283995
    0    0   13    6    2.164920
    0    0   14    6    0.239427
    0    0   15    6   -0.033978
    0    0   16    6    2.140555
    0    0   17    6   -4.193067
    0    0   18    6    0.147367
    0    0    1    7   -0.552355
    0    0    2    7   -0.615115
    0    0    3    7    0.195958
    0    0    4    7   -1.224170
    0    0    5    7    0.139527
    0    0    6    7    0.704665
    0    0    7    7    3.446935
    0    0    8    7   -0.042072
    0    0    9    7    0.466495
    0    0   10    7   -0.388957
    0    0   11    7    0.102318
    0    0   12    7   -0.171997
    0    0   13    7    0.104675
    0    0   14    7    0.090817
    0    0   15    7   -0.859843
    0    0   16    7   -0.292635
    0    0   17    7    0.215400
    0    0   18    7   -0.202935
    0    0    1    8   -2.038452
    0    0    2    8   -0.059878
    0    0    3    8    0.841502
    0    0    4    8    2.128750
    0    0    5    8    0.322935
    0    0    6    8   -0.128768
    0    0    7    8   -0.042072
    0    0    8    8   -0.800650
    0    0    9    8   -0.426098
    0    0   10    8    0.008122
    0    0   11    8   -0.005483
    0    0   12    8   -0.120395
    0    0   13    8    0.037870
    0    0   14    8   -0.578253
    0    0   15    8    0.032350
    0    0   16    8    0.589662
    0    0   17    8   -2.336587
    0    0   18    8    0.201325
    0    0    1    9   -0.187810
    0    0    2    9    0.641865
    0    0    3    9    0.063135
    0    0    4    9    0.017115
    0    0    5    9   -0.905070
    0    0    6    9   -1.282668
    0    0    7    9    0.466495
    0    0    8    9   -0.426098
    0    0    9    9   11.290600
    0    0   10    9    0.056385
    0    0   11    9    0.119720
    0    0   12    9    0.145410
    0    0   13    9   -0.346155
    0    0   14    9   -0.094850
    0    0   15    9    0.043387
    0    0   16    9   -1.241250
    0    0   17    9    0.055633
    0    0   18    9   -0.015093
    0    0    1   10   -0.275297
    0    0    2   10   -0.036820
    0    0    3   10    0.097920
    0    0    4   10    0.176900
    0    0    5   10    0.027440
    0    0    6   10    0.147240
    0    0    7   10   -0.388957
    0    0    8   10    0.008122
    0    0    9   10    0.056385
    0    0   10   10   -3.235340
    0    0   11   10    0.043620
    0    0   12   10    0.503327
    0    0   13   10   -0.040782
    0    0   14   10   -0.022822
    0    0   15   10   -0.788025
    0    0   16   10   -0.163235
    0    0   17   10    0.158605
    0    0   18   10    0.307517
    0    0    1   11   -0.111287
    0    0    2   11    2.516385
    0    0    3   11   -0.031068
    0    0    4   11   -0.025162
    0    0    5   11    0.414650
    0    0    6   11   -1.968550
    0    0    7   11    0.102318
    0    0    8   11   -0.005483
    0    0    9   11    0.119720
    0    0   10   11    0.043620
    0    0   11   11   -0.565092
    0    0   12   11    0.776243
    0    0   13   11    4.242795
    0    0   14   11   -0.115148
    0    0   15   11   -0.029608
    0    0   16   11   -0.494265
    0    0   17   11   -0.913280
    0    0   18   11   -0.014807
    0    0    1   12    0.285212
    0    0    2   12   -0.369672
    0    0    3   12    1.215162
    0    0    4   12   -0.047815
    0    0    5   12   -0.055638
    0    0    6   12    0.283995
    0    0    7   12   -0.171997
    0    0    8   12   -0.120395
    0    0    9   12    0.145410
    0    0   10   12    0.503327
    0    0   11   12    0.776243
    0    0   12   12   -7.278745
    0    0   13   12   -1.092262
    0    0   14   12   -0.166725
    0    0   15   12   -0.075752
    0    0   16   12    1.119607
    0    0   17   12    3.037007
    0    0   18   12    0.470412
    0    0    1   13    0.055937
    0    0    2   13    2.099492
    0    0    3   13    0.080930
    0    0    4   13    0.128787
    0    0    5   13   -0.111812
    0    0    6   13    2.164920
    0    0    7   13    0.104675
    0    0    8   13    0.037870
    0    0    9   13   -0.346155
    0    0   10   13   -0.040782
    0    0   11   13    4.242795
    0    0   12   13   -1.092262
    0    0   13   13    3.764072
    0    0   14   13   -0.665025
    0    0   15   13    0.976073
    0    0   16   13   -2.347917
    0    0   17   13    2.308933
    0    0   18   13   -0.040610
    0    0    1   14   -1.618160
    0    0    2   14    0.053118
    0    0    3   14    0.540597
    0    0    4   14    0.492435
    0    0    5   14   -0.700885
    0    0    6   14    0.239427
    0    0    7   14    0.090817
    0    0    8   14   -0.578253
    0    0    9   14   -0.094850
    0    0   10   14   -0.022822
    0    0   11   14   -0.115148
    0    0   12   14   -0.166725
    0    0   13   14   -0.665025
    0    0   14   14   -1.620397
    0    0   15   14   -0.024100
    0    0   16   14    2.101752
    0    0   17   14    2.462062
    0    0   18   14    0.047577
    0    0    1   15    0.328652
    0    0    2   15    0.117648
    0    0    3   15   -0.112085
    0    0    4   15   -0.244220
    0    0    5   15    0.098212
    0    0    6   15   -0.033978
    0    0    7   15   -0.859843
    0    0    8   15    0.032350
    0    0    9   15    0.043387
    0    0   10   15   -0.788025
    0    0   11   15   -0.029608
    0    0   12   15   -0.075752
    0    0   13   15    0.976073
    0    0   14   15   -0.024100
    0    0   15   15    0.428503
    0    0   16   15   -0.779702
    0    0   17   15    0.216225
    0    0   18   15    0.379162
    0    0    1   16   -2.476160
    0    0    2   16   -3.258233
    0    0    3   16    0.235135
    0    0    4   16    0.234575
    0    0    5   16    0.191063
    0    0    6   16    2.140555
    0    0    7   16   -0.292635
    0    0    8   16    0.589662
    0    0    9   16   -1.241250
    0    0   10   16   -0.163235
    0    0   11   16   -0.494265
    0    0   12   16    1.119607
    0    0   13   16   -2.347917
    0    0   14   16    2.101752
    0    0   15   16   -0.779702
    0    0   16   16    2.414880
    0    0   17   16   -0.071650
    0    0   18   16    0.073815
    0    0    1   17   -1.460480
    0    0    2   17   -1.052865
    0    0    3   17   -0.022155
    0    0    4   17   -0.009028
    0    0    5   17    0.978490
    0    0    6   17   -4.193067
    0    0    7   17    0.215400
    0    0    8   17   -2.336587
    0    0    9   17    0.055633
    0    0   10   17    0.158605
    0    0   11   17   -0.913280
    0    0   12   17    3.037007
    0    0   13   17    2.308933
    0    0   14   17    2.462062
    0    0   15   17    0.216225
    0    0   16   17   -0.071650
    0    0   17   17   -5.421790
    0    0   18   17    0.206985
    0    0    1   18   -1.501025
    0    0    2   18   -0.064632
    0    0    3   18   -0.744465
    0    0    4   18    0.656010
    0    0    5   18    0.134775
    0    0    6   18    0.147367
    0    0    7   18   -0.202935
    0    0    8   18    0.201325
    0    0    9   18   -0.015093
    0    0   10   18    0.307517
    0    0   11   18   -0.014807
    0    0   12   18    0.470412
    0    0   13   18   -0.040610
    0    0   14   18    0.047577
    0    0   15   18    0.379162
    0    0   16   18    0.073815
    0    0   17   18    0.206985
    0    0   18   18    0.703780
    1    0    1    1    0.068612
    1    0    2    1   -0.372983
    1    0    3    1   -0.007622
    1    0    4    1   -0.066000
    1    0    5    1    0.031723
    1    0    6    1    0.971460
    1    0    7    1    0.153608
    1    0    8    1   -0.006315
    1    0    9    1   -0.173517
    1    0   10    1   -0.008370
    1    0   11    1   -0.352055
    1    0   12    1   -0.019540
    1    0   13    1   -2.756445
    1    0   14    1   -0.057597
    1    0   15    1    0.160905
    1    0   16    1   -0.992725
    1    0   17    1   -0.072548
    1    0   18    1   -0.033223
    1    0    1    2   -0.006295
    1    0    2    2    0.005195
    1    0    3    2    0.000055
    1    0    4    2    0.029630
    1    0    5    2    0.003365
    1    0    6    2    0.056130
    1    0    7    2    0.000722
    1    0    8    2    0.000137
    1    0    9    2    0.018225
    1    0   10    2   -0.000748
    1    0   11    2    0.003308
    1    0   12    2    0.038408
    1    0   13    2    0.112937
    1    0   14    2   -0.000585
    1    0   15    2   -0.003035
    1    0   16    2   -0.018735
    1    0   17    2   -0.105675
    1    0   18    2   -0.002840
    1    0    1    3    0.867010
    1    0    2    3   -0.195900
    1    0    3    3    0.045795
    1    0    4    3    0.722790
    1    0    5    3   -0.037430
    1    0    6    3    0.114838
    1    0    7    3   -0.078420
    1    0    8    3    0.017855
    1    0    9    3   -0.062645
    1    0   10    3    0.504032
    1    0   11    3   -0.342842
    1    0   12    3   -0.388380
    1    0   13    3    1.526705
    1    0   14    3    0.001530
    1    0   15    3    1.660135
    1    0   16    3   -0.393770
    1    0   17    3    1.449293
    1    0   18    3    0.093285
    1    0    1    4   -0.365012
    1    0    2    4   -0.856415
    1    0    3    4    0.046523
    1    0    4    4    0.090340
    1    0    5    4    0.013920
    1    0    6    4   -0.545065
    1    0    7    4    0.205222
    1    0    8    4    0.027432
    1    0    9    4   -0.043467
    1    0   10    4   -0.209085
    1    0   11    4   -0.170025
    1    0   12    4   -0.517582
    1    0   13    4    1.259827
    1    0   14    4    0.044887
    1    0   15    4   -0.691807
    1    0   16    4   -0.824525
    1    0   17    4    5.104847
    1    0   18    4   -0.023830
    1    0    1    5   -0.011962
    1    0    2    5   -0.011755
    1    0    3    5    0.009388
    1    0    4    5    0.007672
    1    0    5    5   -0.001737
    1    0    6    5    0.283175
    1    0    7    5   -0.023475
    1    0    8    5    0.001290
    1    0    9    5    0.061695
    1    0   10    5   -0.000727
    1    0   11    5   -0.014785
    1    0   12    5   -0.622457
    1    0   13    5    0.338925
    1    0   14    5    0.012640
    1    0   15    5   -0.030150
    1    0   16    5    0.097605
    1    0   17    5   -0.752147
    1    0   18    5    0.000795
    1    0    1    6   -0.031555
    1    0    2    6    0.003498
    1    0    3    6    0.002442
    1    0    4    6   -0.025353
    1    0    5    6    0.001682
    1    0    6    6   -0.164535
    1    0    7    6    0.015215
    1    0    8    6   -0.000405
    1    0    9    6   -0.027583
    1    0   10    6    0.003827
    1    0   11    6   -0.009807
    1    0   12    6   -0.212767
    1    0   13    6    0.237878
    1    0   14    6    0.003220
    1    0   15    6   -0.029475
    1    0   16    6    0.019957
    1    0   17    6   -0.033395
    1    0   18    6   -0.007010
    1    0    1    7   -0.034795
    1    0    2    7    0.004905
    1    0    3    7   -0.002033
    1    0    4    7   -0.313677
    1    0    5    7   -0.004015
    1    0    6    7   -0.006027
    1    0    7    7    0.225843
    1    0    8    7   -0.000812
    1    0    9    7   -0.004683
    1    0   10    7    0.031175
    1    0   11    7    0.001347
    1    0   12    7   -0.091445
    1    0   13    7    0.102130
    1    0   14    7   -0.001830
    1    0   15    7   -0.010268
    1    0   16    7    0.026057
    1    0   17    7    0.016627
    1    0   18    7   -0.003915
    1    0    1    8   -0.000975
    1    0    2    8   -0.211273
    1    0    3    8   -0.019795
    1    0    4    8   -0.100987
    1    0    5    8   -0.021670
    1    0    6    8   -3.269792
    1    0    7    8    0.102587
    1    0    8    8    0.002105
    1    0    9    8   -0.298370
    1    0   10    8    0.016143
    1    0   11    8   -0.052707
    1    0   12    8    0.305608
    1    0   13    8    1.386975
    1    0   14    8   -0.025495
    1    0   15    8    0.027557
    1    0   16    8    0.117695
    1    0   17    8   -1.253905
    1    0   18    8   -0.012000
    1    0    1    9    0.004965
    1    0    2    9    0.008640
    1    0    3    9   -0.001503
    1    0    4    9   -0.001340
    1    0    5    9   -0.001540
    1    0    6    9   -0.025105
    1    0    7    9    0.011990
    1    0    8    9   -0.000985
    1    0    9    9    0.073915
    1    0   10    9   -0.001012
    1    0   11    9    0.013127
    1    0   12    9    0.015135
    1    0   13    9    0.012965
    1    0   14    9    0.002115
    1    0   15    9    0.000080
    1    0   16    9    0.016528
    1    0   17    9   -0.000870
    1    0   18    9    0.000535
    1    0    1   10    0.014663
    1    0    2   10   -0.014052
    1    0    3   10    0.048312
    1    0    4   10   -1.384810
    1    0    5   10   -0.000673
    1    0    6   10    0.032787
    1    0    7   10   -0.358552
    1    0    8   10    0.012508
    1    0    9   10   -0.039585
    1    0   10   10   -0.166802
    1    0   11   10   -0.048372
    1    0   12   10   -0.045877
    1    0   13   10   -0.232865
    1    0   14   10    0.007163
    1    0   15   10   -0.084425
    1    0   16   10   -0.032102
    1    0   17   10   -0.044700
    1    0   18   10   -0.011810
    1    0    1   11   -0.008170
    1    0    2   11    0.009217
    1    0    3   11    0.001955
    1    0    4   11    0.005162
    1    0    5   11   -0.002125
    1    0    6   11   -0.005687
    1    0    7   11    0.009430
    1    0    8   11   -0.000647
    1    0    9   11    0.011085
    1    0   10   11    0.001062
    1    0   11   11    0.015240
    1    0   12   11   -0.102302
    1    0   13   11    0.246945
    1    0   14   11   -0.003608
    1    0   15   11   -0.009017
    1    0   16   11   -0.012242
    1    0   17   11    0.059870
    1    0   18   11   -0.001953
    1    0    1   12    0.003378
    1    0    2   12   -0.020982
    1    0    3   12   -0.009085
    1    0    4   12    0.041230
    1    0    5   12    0.003683
    1    0    6   12    0.057558
    1    0    7   12    0.003310
    1    0    8   12    0.000502
    1    0    9   12   -0.021633
    1    0   10   12    0.008090
    1    0   11   12   -0.006760
    1    0   12   12   -0.120675
    1    0   13   12   -0.017610
    1    0   14   12   -0.001235
    1    0   15   12   -0.106880
    1    0   16   12   -0.076468
    1    0   17   12    0.015915
    1    0   18   12    0.017590
    1    0    1   13    0.002288
    1    0    2   13    0.008837
    1    0    3   13    0.000600
    1    0    4   13    0.022865
    1    0    5   13    0.004132
    1    0    6   13    0.059940
    1    0    7   13   -0.009417
    1    0    8   13   -0.002655
    1    0    9   13    0.003862
    1    0   10   13   -0.001283
    1    0   11   13   -0.013032
    1    0   12   13    0.038460
    1    0   13   13    0.025635
    1    0   14   13   -0.001545
    1    0   15   13   -0.002498
    1    0   16   13   -0.007840
    1    0   17   13   -0.009540
    1    0   18   13    0.005925
    1    0    1   14   -0.030955
    1    0    2   14    0.062310
    1    0    3   14    0.011590
    1    0    4   14    0.024823
    1    0    5   14    0.008740
    1    0    6   14    0.546765
    1    0    7   14   -0.011057
    1    0    8   14    0.002790
    1    0    9   14   -0.005865
    1    0   10   14   -0.000735
    1    0   11   14   -0.039227
    1    0   12   14    0.930555
    1    0   13   14    0.941362
    1    0   14   14    0.005357
    1    0   15   14   -0.010967
    1    0   16   14    0.111505
    1    0   17   14   -2.827965
    1    0   18   14    0.005497
    1    0    1   15    0.064837
    1    0    2   15    0.009507
    1    0    3   15   -0.004350
    1    0    4   15    0.002792
    1    0    5   15   -0.001110
    1    0    6   15   -0.003887
    1    0    7   15   -0.173187
    1    0    8   15    0.000140
    1    0    9   15    0.006630
    1    0   10   15   -0.028470
    1    0   11   15   -0.000452
    1    0   12   15    0.009805
    1    0   13   15    0.025647
    1    0   14   15   -0.000200
    1    0   15   15    0.003217
    1    0   16   15    0.009400
    1    0   17   15   -0.002397
    1    0   18   15    0.014412
    1    0    1   16    0.019782
    1    0    2   16    0.040383
    1    0    3   16    0.000462
    1    0    4   16   -0.012060
    1    0    5   16    0.012617
    1    0    6   16   -0.050752
    1    0    7   16   -0.019330
    1    0    8   16    0.004290
    1    0    9   16   -0.013750
    1    0   10   16   -0.002452
    1    0   11   16    0.040798
    1    0   12   16    1.268798
    1    0   13   16   -0.199635
    1    0   14   16   -0.000587
    1    0   15   16    0.045222
    1    0   16   16    0.049655
    1    0   17   16   -0.176077
    1    0   18   16    0.016855
    1    0    1   17   -0.016960
    1    0    2   17    1.090265
    1    0    3   17   -0.003810
    1    0    4   17   -0.024472
    1    0    5   17   -0.028145
    1    0    6   17   -1.027690
    1    0    7   17    0.122985
    1    0    8   17    0.001805
    1    0    9   17    0.225275
    1    0   10   17   -0.007100
    1    0   11   17    0.547230
    1    0   12   17   -0.017392
    1    0   13   17   -5.342115
    1    0   14   17    0.112940
    1    0   15   17   -0.025852
    1    0   16   17    0.999997
    1    0   17   17   -0.020960
    1    0   18   17   -0.001885
    1    0    1   18    0.228295
    1    0    2   18   -0.001693
    1    0    3   18   -0.050057
    1    0    4   18   -0.192780
    1    0    5   18   -0.021010
    1    0    6   18    0.225050
    1    0    7   18   -0.460995
    1    0    8   18   -0.004365
    1    0    9   18    0.035252
    1    0   10   18    0.046645
    1    0   11   18    0.081587
    1    0   12   18   -0.278255
    1    0   13   18    0.342205
    1    0   14   18   -0.018520
    1    0   15   18   -0.261650
    1    0   16   18    0.056007
    1    0   17   18   -0.201022
    1    0   18   18    0.022417
   -1    1    1    1    0.010535
   -1    1    2    1    0.001102
   -1    1    3    1   -0.004580
   -1    1    4    1   -0.001050
   -1    1    5    1    0.000325
   -1    1    6    1   -0.008908
   -1    1    7    1   -0.000812
   -1    1    8    1   -0.006130
   -1    1    9    1    0.003370
   -1    1   10    1    0.001325
   -1    1   11    1    0.000882
   -1    1   12    1   -0.002873
   -1    1   13    1    0.006790
   -1    1   14    1    0.000302
   -1    1   15    1    0.001025
   -1    1   16    1    0.001453
   -1    1   17    1   -0.003727
   -1    1   18    1   -0.005245
   -1    1    1    2    0.000065
   -1    1    2    2    0.000820
   -1    1    3    2    0.002420
   -1    1    4    2    0.002448
   -1    1    5    2   -0.000853
   -1    1    6    2    0.000675
   -1    1    7    2   -0.000595
   -1    1    8    2   -0.001610
   -1    1    9    2    0.003985
   -1    1   10    2    0.001285
   -1    1   11    2    0.000302
   -1    1   12    2    0.001727
   -1    1   13    2   -0.000102
   -1    1   14    2    0.000245
   -1    1   15    2   -0.000700
   -1    1   16    2   -0.002445
   -1    1   17    2    0.000327
   -1    1   18    2    0.001652
   -1    1    1    3   -0.000655
   -1    1    2    3    0.000465
   -1    1    3    3   -0.001172
   -1    1    4    3   -0.004005
   -1    1    5    3    0.000427
   -1    1    6    3   -0.003142
   -1    1    7    3    0.000503
   -1    1    8    3    0.000602
   -1    1    9    3   -0.000697
   -1    1   10    3    0.000448
   -1    1   11    3   -0.000243
   -1    1   12    3   -0.003112
   -1    1   13    3    0.001752
   -1    1   14    3   -0.000040
   -1    1   15    3    0.000417
   -1    1   16    3   -0.001848
   -1    1   17    3    0.000530
   -1    1   18    3    0.000040
   -1    1    1    4   -0.000205
   -1    1    2    4   -0.001132
   -1    1    3    4   -0.013643
   -1    1    4    4   -0.008807
   -1    1    5    4   -0.000782
   -1    1    6    4    0.004410
   -1    1    7    4    0.002667
   -1    1    8    4    0.002245
   -1    1    9    4   -0.002022
   -1    1   10    4    0.003400
   -1    1   11    4    0.000082
   -1    1   12    4    0.001240
   -1    1   13    4   -0.002205
   -1    1   14    4    0.000000
   -1    1   15    4    0.000855
   -1    1   16    4    0.001982
   -1    1   17    4   -0.000055
   -1    1   18    4   -0.002182
   -1    1    1    5    0.001205
   -1    1    2    5    0.000182
   -1    1    3    5   -0.000650
   -1    1    4    5   -0.003120
   -1    1    5    5   -0.000280
   -1    1    6    5    0.000270
   -1    1    7    5    0.000085
   -1    1    8    5    0.000697
   -1    1    9    5   -0.000390
   -1    1   10    5   -0.000507
   -1    1   11    5    0.000202
   -1    1   12    5   -0.000025
   -1    1   13    5    0.000140
   -1    1   14    5   -0.000460
   -1    1   15    5   -0.000438
   -1    1   16    5   -0.001175
   -1    1   17    5    0.000367
   -1    1   18    5   -0.001145
   -1    1    1    6   -0.004210
   -1    1    2    6   -0.001302
   -1    1    3    6   -0.007760
   -1    1    4    6   -0.031997
   -1    1    5    6    0.001578
   -1    1    6    6    0.009070
   -1    1    7    6    0.003618
   -1    1    8    6    0.013897
   -1    1    9    6   -0.004693
   -1    1   10    6    0.000908
   -1    1   11    6    0.000280
   -1    1   12    6    0.003302
   -1    1   13    6   -0.006983
   -1    1   14    6   -0.001277
   -1    1   15    6    0.002660
   -1    1   16    6    0.000263
   -1    1   17    6    0.007647
   -1    1   18    6    0.001313
   -1    1    1    7    0.006085
   -1    1    2    7    0.000548
   -1    1    3    7   -0.001180
   -1    1    4    7   -0.001655
   -1    1    5    7   -0.000062
   -1    1    6    7   -0.003422
   -1    1    7    7    0.000160
   -1    1    8    7    0.001543
   -1    1    9    7    0.001402
   -1    1   10    7    0.001507
   -1    1   11    7   -0.000270
   -1    1   12    7   -0.002005
   -1    1   13    7    0.002817
   -1    1   14    7    0.000097
   -1    1   15    7   -0.000535
   -1    1   16    7   -0.001953
   -1    1   17    7   -0.001220
   -1    1   18    7    0.002292
   -1    1    1    8    0.000335
   -1    1    2    8    0.000127
   -1    1    3    8   -0.001027
   -1    1    4    8   -0.000462
   -1    1    5    8   -0.000162
   -1    1    6    8   -0.000052
   -1    1    7    8    0.000117
   -1    1    8    8   -0.000040
   -1    1    9    8   -0.000017
   -1    1   10    8   -0.000010
   -1    1   11    8   -0.000107
   -1    1   12    8   -0.000702
   -1    1   13    8    0.000285
   -1    1   14    8    0.000048
   -1    1   15    8    0.000012
   -1    1   16    8    0.000300
   -1    1   17    8   -0.000223
   -1    1   18    8   -0.000358
   -1    1    1    9   -0.005905
   -1    1    2    9    0.000760
   -1    1    3    9    0.002168
   -1    1    4    9    0.000532
   -1    1    5    9    0.000565
   -1    1    6    9    0.003582
   -1    1    7    9   -0.000560
   -1    1    8    9   -0.004092
   -1    1    9    9    0.003585
   -1    1   10    9   -0.000130
   -1    1   11    9   -0.000138
   -1    1   12    9   -0.000087
   -1    1   13    9   -0.000335
   -1    1   14    9   -0.000215
   -1    1   15    9    0.000410
   -1    1   16    9   -0.005427
   -1    1   17    9    0.001420
   -1    1   18    9    0.002587
   -1    1    1   10   -0.001703
   -1    1    2   10    0.000295
   -1    1    3   10    0.011907
   -1    1    4   10    0.003760
   -1    1    5   10    0.001660
   -1    1    6   10   -0.000588
   -1    1    7   10   -0.000472
   -1    1    8   10   -0.000705
   -1    1    9   10   -0.000038
   -1    1   10   10   -0.002750
   -1    1   11   10    0.000305
   -1    1   12   10   -0.002385
   -1    1   13   10    0.000458
   -1    1   14   10   -0.000712
   -1    1   15   10    0.000030
   -1    1   16   10   -0.004205
   -1    1   17   10    0.000442
   -1    1   18   10    0.009500
   -1    1    1   11    0.007895
   -1    1    2   11   -0.000577
   -1    1    3   11    0.003555
   -1    1    4   11   -0.016902
   -1    1    5   11   -0.002305
   -1    1    6   11   -0.001243
   -1    1    7   11    0.000370
   -1    1    8   11    0.005508
   -1    1    9   11    0.002422
   -1    1   10   11    0.002500
   -1    1   11   11   -0.000665
   -1    1   12   11    0.002838
   -1    1   13   11   -0.001673
   -1    1   14   11    0.000055
   -1    1   15   11    0.000588
   -1    1   16   11    0.003995
   -1    1   17   11   -0.010417
   -1    1   18   11    0.002385
   -1    1    1   12    0.010635
   -1    1    2   12   -0.003033
   -1    1    3   12    0.013287
   -1    1    4   12    0.015110
   -1    1    5   12   -0.006067
   -1    1    6   12   -0.013910
   -1    1    7   12    0.005055
   -1    1    8   12    0.059490
   -1    1    9   12    0.007105
   -1    1   10   12    0.003912
   -1    1   11   12   -0.005540
   -1    1   12   12   -0.004585
   -1    1   13   12    0.003000
   -1    1   14   12    0.000628
   -1    1   15   12    0.001665
   -1    1   16   12    0.020798
   -1    1   17   12   -0.002940
   -1    1   18   12   -0.046692
   -1    1    1   13    0.018322
   -1    1    2   13   -0.005100
   -1    1    3   13    0.043215
   -1    1    4   13    0.123127
   -1    1    5   13   -0.010542
   -1    1    6   13   -0.007465
   -1    1    7   13   -0.007985
   -1    1    8   13    0.073635
   -1    1    9   13   -0.003730
   -1    1   10   13    0.006692
   -1    1   11   13    0.000900
   -1    1   12   13    0.008692
   -1    1   13   13   -0.003012
   -1    1   14   13   -0.011842
   -1    1   15   13   -0.000685
   -1    1   16   13    0.016945
   -1    1   17   13   -0.029585
   -1    1   18   13    0.010775
   -1    1    1   14   -0.003067
   -1    1    2   14    0.000025
   -1    1    3   14   -0.000132
   -1    1    4   14    0.000063
   -1    1    5   14    0.000280
   -1    1    6   14    0.001187
   -1    1    7   14    0.000142
   -1    1    8   14   -0.002172
   -1    1    9   14    0.000670
   -1    1   10   14   -0.000335
   -1    1   11   14    0.000122
   -1    1   12   14    0.000253
   -1    1   13   14    0.000407
   -1    1   14   14    0.000087
   -1    1   15   14    0.000175
   -1    1   16   14   -0.000937
   -1    1   17   14    0.002985
   -1    1   18   14    0.000233
   -1    1    1   15    0.002193
   -1    1    2   15    0.001997
   -1    1    3   15   -0.027172
   -1    1    4   15    0.002572
   -1    1    5   15    0.001077
   -1    1    6   15   -0.002490
   -1    1    7   15   -0.000748
   -1    1    8   15   -0.004960
   -1    1    9   15    0.002500
   -1    1   10   15   -0.000385
   -1    1   11   15    0.000325
   -1    1   12   15   -0.003793
   -1    1   13   15    0.003950
   -1    1   14   15   -0.000463
   -1    1   15   15    0.000462
   -1    1   16   15   -0.008202
   -1    1   17   15   -0.001607
   -1    1   18   15    0.001690
   -1    1    1   16   -0.001730
   -1    1    2   16   -0.000913
   -1    1    3   16    0.000005
   -1    1    4   16    0.018440
   -1    1    5   16    0.001380
   -1    1    6   16   -0.009208
   -1    1    7   16   -0.002607
   -1    1    8   16   -0.009460
   -1    1    9   16    0.000282
   -1    1   10   16    0.000708
   -1    1   11   16   -0.001738
   -1    1   12   16   -0.005080
   -1    1   13   16    0.006430
   -1    1   14   16    0.002015
   -1    1   15   16    0.001000
   -1    1   16   16    0.008355
   -1    1   17   16   -0.001592
   -1    1   18   16    0.002115
   -1    1    1   17   -0.000517
   -1    1    2   17    0.001152
   -1    1    3   17   -0.006090
   -1    1    4   17   -0.022830
   -1    1    5   17    0.005173
   -1    1    6   17    0.000737
   -1    1    7   17    0.001480
   -1    1    8   17   -0.042850
   -1    1    9   17   -0.001170
   -1    1   10   17    0.000455
   -1    1   11   17    0.000827
   -1    1   12   17    0.001075
   -1    1   13   17   -0.003865
   -1    1   14   17    0.000292
   -1    1   15   17    0.000277
   -1    1   16   17   -0.002005
   -1    1   17   17    0.001400
   -1    1   18   17   -0.000223
   -1    1    1   18   -0.001570
   -1    1    2   18   -0.000380
   -1    1    3   18    0.000087
   -1    1    4   18    0.000867
   -1    1    5   18    0.000895
   -1    1    6   18    0.000668
   -1    1    7   18    0.000272
   -1    1    8   18    0.000870
   -1    1    9   18   -0.001305
   -1    1   10   18   -0.000213
   -1    1   11   18   -0.000075
   -1    1   12   18   -0.002585
   -1    1   13   18    0.000355
   -1    1   14   18   -0.000565
   -1    1   15   18    0.000440
   -1    1   16   18   -0.002385
   -1    1   17   18    0.000980
   -1    1   18   18   -0.000085
    0    1    1    1   -0.083075
    0    1    2    1   -0.002345
    0    1    3    1    0.027103
    0    1    4    1   -0.002533
    0    1    5    1    0.006755
    0    1    6    1   -0.011710
    0    1    7    1    0.009080
    0    1    8    1   -0.064780
    0    1    9    1    0.033700
    0    1   10    1    0.009545
    0    1   11    1   -0.004110
    0    1   12    1    0.010537
    0    1   13    1   -0.011350
    0    1   14    1    0.006850
    0    1   15    1    0.011092
    0    1   16    1    0.033772
    0    1   17    1    0.033750
    0    1   18    1   -0.038465
    0    1    1    2   -0.016303
    0    1    2    2    0.001640
    0    1    3    2   -0.006660
    0    1    4    2    0.017707
    0    1    5    2   -0.003613
    0    1    6    2    0.019482
    0    1    7    2    0.004595
    0    1    8    2   -0.059892
    0    1    9    2    0.269815
    0    1   10    2   -0.001618
    0    1   11    2    0.003027
    0    1   12    2   -0.001133
    0    1   13    2   -0.007165
    0    1   14    2   -0.008977
    0    1   15    2    0.001365
    0    1   16    2   -0.007400
    0    1   17    2   -0.002043
    0    1   18    2   -0.000035
    0    1    1    3    0.010462
    0    1    2    3   -0.004460
    0    1    3    3   -0.049042
    0    1    4    3    0.002282
    0    1    5    3   -0.007357
    0    1    6    3   -0.008215
    0    1    7    3    0.002252
    0    1    8    3    0.044785
    0    1    9    3   -0.005077
    0    1   10    3   -0.002442
    0    1   11    3   -0.003197
    0    1   12    3   -0.007788
    0    1   13    3    0.001060
    0    1   14    3   -0.001442
    0    1   15    3   -0.002940
    0    1   16    3    0.018345
    0    1   17    3   -0.000225
    0    1   18    3   -0.022027
    0    1    1    4   -0.003880
    0    1    2    4   -0.000110
    0    1    3    4    0.012768
    0    1    4    4    0.126195
    0    1    5    4   -0.011872
    0    1    6    4   -0.001682
    0    1    7    4   -0.008067
    0    1    8    4    0.092428
    0    1    9    4   -0.021790
    0    1   10    4   -0.004920
    0    1   11    4   -0.000690
    0    1   12    4   -0.006255
    0    1   13    4    0.008205
    0    1   14    4   -0.002825
    0    1   15    4   -0.004555
    0    1   16    4   -0.005930
    0    1   17    4    0.000665
    0    1   18    4    0.010417
    0    1    1    5    0.008462
    0    1    2    5    0.000237
    0    1    3    5   -0.003602
    0    1    4    5    0.004730
    0    1    5    5   -0.006848
    0    1    6    5    0.000970
    0    1    7    5   -0.002245
    0    1    8    5    0.005678
    0    1    9    5    0.009387
    0    1   10    5   -0.001647
    0    1   11    5   -0.000012
    0    1   12    5    0.000850
    0    1   13    5   -0.000317
    0    1   14    5   -0.000248
    0    1   15    5   -0.002455
    0    1   16    5   -0.004315
    0    1   17    5    0.005132
    0    1   18    5   -0.001410
    0    1    1    6    0.093012
    0    1    2    6   -0.000647
    0    1    3    6   -0.019052
    0    1    4    6    0.013250
    0    1    5    6   -0.019490
    0    1    6    6   -0.086417
    0    1    7    6   -0.000060
    0    1    8    6   -0.018730
    0    1    9    6   -0.629950
    0    1   10    6   -0.002527
    0    1   11    6   -0.004727
    0    1   12    6   -0.000143
    0    1   13    6   -0.010738
    0    1   14    6   -0.004343
    0    1   15    6   -0.014052
    0    1   16    6    0.003973
    0    1   17    6    0.002515
    0    1   18    6   -0.023558
    0    1    1    7    0.017505
    0    1    2    7   -0.008567
    0    1    3    7    0.115562
    0    1    4    7   -0.023083
    0    1    5    7   -0.002315
    0    1    6    7    0.003317
    0    1    7    7    0.034417
    0    1    8    7    0.024932
    0    1    9    7    0.070020
    0    1   10    7   -0.010257
    0    1   11    7   -0.003067
    0    1   12    7   -0.002770
    0    1   13    7   -0.000225
    0    1   14    7   -0.001558
    0    1   15    7    0.000063
    0    1   16    7    0.019422
    0    1   17    7    0.003257
    0    1   18    7    0.062612
    0    1    1    8    0.017012
    0    1    2    8   -0.000065
    0    1    3    8   -0.005222
    0    1    4    8   -0.007530
    0    1    5    8   -0.001907
    0    1    6    8   -0.007187
    0    1    7    8   -0.000353
    0    1    8    8    0.001265
    0    1    9    8    0.005742
    0    1   10    8    0.001698
    0    1   11    8   -0.000353
    0    1   12    8   -0.000248
    0    1   13    8   -0.000248
    0    1   14    8   -0.002292
    0    1   15    8    0.000262
    0    1   16    8    0.005405
    0    1   17    8   -0.007352
    0    1   18    8   -0.002285
    0    1    1    9   -0.015203
    0    1    2    9    0.002763
    0    1    3    9   -0.001165
    0    1    4    9   -0.000188
    0    1    5    9   -0.001910
    0    1    6    9    0.009075
    0    1    7    9    0.004712
    0    1    8    9    0.008377
    0    1    9    9    0.094462
    0    1   10    9   -0.001648
    0    1   11    9   -0.001330
    0    1   12    9    0.005313
    0    1   13    9   -0.006962
    0    1   14    9    0.001547
    0    1   15    9    0.001895
    0    1   16    9   -0.008337
    0    1   17    9    0.002705
    0    1   18    9    0.000533
    0    1    1   10    0.003820
    0    1    2   10   -0.011777
    0    1    3   10   -0.003118
    0    1    4   10   -0.012007
    0    1    5   10   -0.002895
    0    1    6   10   -0.003690
    0    1    7   10    0.005295
    0    1    8   10    0.009272
    0    1    9   10   -0.093900
    0    1   10   10    0.029472
    0    1   11   10   -0.004713
    0    1   12   10   -0.002005
    0    1   13   10   -0.003005
    0    1   14   10   -0.003915
    0    1   15   10   -0.002640
    0    1   16   10    0.043695
    0    1   17   10    0.001985
    0    1   18   10    0.709822
    0    1    1   11    0.018182
    0    1    2   11    0.018658
    0    1    3   11   -0.035920
    0    1    4   11   -0.051577
    0    1    5   11   -0.007472
    0    1    6   11   -0.004972
    0    1    7   11    0.001590
    0    1    8   11    0.074327
    0    1    9   11   -0.484572
    0    1   10   11    0.005050
    0    1   11   11   -0.005938
    0    1   12   11    0.007067
    0    1   13   11    0.000485
    0    1   14   11    0.022910
    0    1   15   11   -0.001175
    0    1   16   11   -0.070407
    0    1   17   11    0.100785
    0    1   18   11   -0.041208
    0    1    1   12    0.065210
    0    1    2   12   -0.125090
    0    1    3   12   -0.000470
    0    1    4   12   -0.042997
    0    1    5   12    0.018040
    0    1    6   12    0.129352
    0    1    7   12   -0.107012
    0    1    8   12    0.133342
    0    1    9   12   -0.636460
    0    1   10   12    0.001632
    0    1   11   12   -0.019213
    0    1   12   12    0.021992
    0    1   13   12   -0.031765
    0    1   14   12   -0.027835
    0    1   15   12   -0.007660
    0    1   16   12    0.545200
    0    1   17   12   -0.006980
    0    1   18   12    0.041162
    0    1    1   13   -0.076247
    0    1    2   13   -0.028878
    0    1    3   13    0.009730
    0    1    4   13    0.097952
    0    1    5   13    0.166552
    0    1    6   13    0.382020
    0    1    7   13    0.026660
    0    1    8   13   -0.044658
    0    1    9   13   -0.346015
    0    1   10   13   -0.032822
    0    1   11   13    0.066465
    0    1   12   13   -0.039302
    0    1   13   13    0.086902
    0    1   14   13   -0.011857
    0    1   15   13    0.030862
    0    1   16   13   -0.281958
    0    1   17   13    0.070657
    0    1   18   13   -0.002285
    0    1    1   14   -0.008125
    0    1    2   14   -0.000607
    0    1    3   14    0.005608
    0    1    4   14    0.015435
    0    1    5   14   -0.001855
    0    1    6   14   -0.003650
    0    1    7   14   -0.001600
    0    1    8   14    0.004938
    0    1    9   14    0.085150
    0    1   10   14    0.002043
    0    1   11   14    0.000642
    0    1   12   14    0.004500
    0    1   13   14   -0.004035
    0    1   14   14   -0.003685
    0    1   15   14   -0.000297
    0    1   16   14   -0.000410
    0    1   17   14    0.008765
    0    1   18   14   -0.002893
    0    1    1   15   -0.243180
    0    1    2   15   -0.008580
    0    1    3   15    0.046667
    0    1    4   15   -0.226398
    0    1    5   15   -0.011217
    0    1    6   15    0.009113
    0    1    7   15    0.049170
    0    1    8   15    0.156107
    0    1    9   15   -0.123802
    0    1   10   15   -0.027862
    0    1   11   15   -0.005638
    0    1   12   15   -0.088272
    0    1   13   15   -0.017830
    0    1   14   15   -0.009215
    0    1   15   15   -0.051772
    0    1   16   15    0.033835
    0    1   17   15    0.009910
    0    1   18   15    0.708475
    0    1    1   16   -0.069825
    0    1    2   16   -0.001655
    0    1    3   16    0.015752
    0    1    4   16   -0.051335
    0    1    5   16    0.011165
    0    1    6   16    0.026560
    0    1    7   16    0.010847
    0    1    8   16    0.039820
    0    1    9   16    0.106677
    0    1   10   16    0.010757
    0    1   11   16   -0.002475
    0    1   12   16   -0.001770
    0    1   13   16   -0.000868
    0    1   14   16    0.006900
    0    1   15   16    0.017760
    0    1   16   16   -0.027285
    0    1   17   16   -0.006163
    0    1   18   16    0.026257
    0    1    1   17   -0.005413
    0    1    2   17    0.055105
    0    1    3   17   -0.020610
    0    1    4   17   -0.011570
    0    1    5   17    0.003193
    0    1    6   17   -0.155577
    0    1    7   17   -0.002260
    0    1    8   17   -0.016145
    0    1    9   17    0.280230
    0    1   10   17   -0.007857
    0    1   11   17   -0.010242
    0    1   12   17    0.000765
    0    1   13   17   -0.010575
    0    1   14   17    0.006325
    0    1   15   17   -0.004365
    0    1   16   17   -0.094612
    0    1   17   17    0.003580
    0    1   18   17   -0.016215
    0    1    1   18    0.014495
    0    1    2   18   -0.002715
    0    1    3   18   -0.021362
    0    1    4   18   -0.012375
    0    1    5   18   -0.002838
    0    1    6   18   -0.010030
    0    1    7   18    0.000420
    0    1    8   18    0.010497
    0    1    9   18    0.005222
    0    1   10   18    0.001850
    0    1   11   18   -0.002247
    0    1   12   18    0.005018
    0    1   13   18    0.003942
    0    1   14   18   -0.000333
    0    1   15   18    0.001597
    0    1   16   18    0.015607
    0    1   17   18   -0.007282
    0    1   18   18    0.002522
    1    1    1    1   -0.060577
    1    1    2    1   -0.000680
    1    1    3    1   -0.001583
    1    1    4    1    0.043455
    1    1    5    1    0.008920
    1    1    6    1    0.132043
    1    1    7    1   -0.071578
    1    1    8    1    0.042372
    1    1    9    1   -0.032212
    1    1   10    1   -0.003282
    1    1   11    1    0.006822
    1    1   12    1    0.029515
    1    1   13    1   -0.114792
    1    1   14    1    0.001668
    1    1   15    1   -0.010250
    1    1   16    1   -0.149045
    1    1   17    1   -0.002838
    1    1   18    1    0.007875
    1    1    1    2    0.001012
    1    1    2    2    0.015508
    1    1    3    2    0.000212
    1    1    4    2    0.048470
    1    1    5    2   -0.001075
    1    1    6    2   -0.050690
    1    1    7    2    0.012365
    1    1    8    2   -0.001417
    1    1    9    2    0.033488
    1    1   10    2    0.000790
    1    1   11    2   -0.003070
    1    1   12    2   -0.011020
    1    1   13    2    0.027070
    1    1   14    2    0.000507
    1    1   15    2    0.001470
    1    1   16    2   -0.015357
    1    1   17    2   -0.000425
    1    1   18    2    0.000067
    1    1    1    3   -0.088667
    1    1    2    3   -0.020140
    1    1    3    3    0.035202
    1    1    4    3   -0.012640
    1    1    5    3   -0.061500
    1    1    6    3    0.120572
    1    1    7    3   -0.136582
    1    1    8    3   -0.087335
    1    1    9    3   -0.621592
    1    1   10    3   -0.034877
    1    1   11    3    0.017147
    1    1   12    3    0.008840
    1    1   13    3   -0.006472
    1    1   14    3   -0.001548
    1    1   15    3   -0.003295
    1    1   16    3   -0.103430
    1    1   17    3    0.000900
    1    1   18    3   -0.056100
    1    1    1    4    0.036777
    1    1    2    4   -0.076347
    1    1    3    4   -0.026593
    1    1    4    4   -0.010165
    1    1    5    4   -0.105772
    1    1    6    4    0.307918
    1    1    7    4    0.022965
    1    1    8    4   -0.121335
    1    1    9    4   -0.364310
    1    1   10    4    0.022485
    1    1   11    4    0.024547
    1    1   12    4    0.003242
    1    1   13    4    0.000772
    1    1   14    4   -0.013237
    1    1   15    4   -0.011980
    1    1   16    4   -0.062473
    1    1   17    4    0.007862
    1    1   18    4    0.016452
    1    1    1    5    0.009195
    1    1    2    5   -0.022480
    1    1    3    5   -0.000583
    1    1    4    5   -0.002615
    1    1    5    5   -0.016950
    1    1    6    5    0.055125
    1    1    7    5   -0.001852
    1    1    8    5   -0.012202
    1    1    9    5   -0.217890
    1    1   10    5    0.001660
    1    1   11    5    0.003013
    1    1   12    5   -0.007005
    1    1   13    5    0.001075
    1    1   14    5   -0.001500
    1    1   15    5   -0.001402
    1    1   16    5    0.027682
    1    1   17    5    0.004557
    1    1   18    5   -0.000388
    1    1    1    6    0.006072
    1    1    2    6   -0.030045
    1    1    3    6   -0.005892
    1    1    4    6    0.018572
    1    1    5    6    0.011105
    1    1    6    6   -0.024068
    1    1    7    6    0.008540
    1    1    8    6    0.001235
    1    1    9    6   -0.422253
    1    1   10    6    0.001395
    1    1   11    6    0.015637
    1    1   12    6    0.003030
    1    1   13    6   -0.016647
    1    1   14    6    0.003840
    1    1   15    6    0.005190
    1    1   16    6    0.056050
    1    1   17    6   -0.026212
    1    1   18    6   -0.005740
    1    1    1    7    0.001645
    1    1    2    7   -0.001552
    1    1    3    7    0.000607
    1    1    4    7   -0.854410
    1    1    5    7   -0.002150
    1    1    6    7    0.025090
    1    1    7    7   -0.031272
    1    1    8    7    0.000850
    1    1    9    7   -1.320530
    1    1   10    7    0.002427
    1    1   11    7    0.003482
    1    1   12    7    0.028660
    1    1   13    7   -0.017173
    1    1   14    7    0.000545
    1    1   15    7   -0.000250
    1    1   16    7   -0.001215
    1    1   17    7    0.006130
    1    1   18    7    0.006210
    1    1    1    8    0.005025
    1    1    2    8   -0.002935
    1    1    3    8   -0.004765
    1    1    4    8   -0.011215
    1    1    5    8    0.007415
    1    1    6    8   -0.016143
    1    1    7    8    0.008650
    1    1    8    8   -0.001325
    1    1    9    8   -0.107842
    1    1   10    8   -0.001747
    1    1   11    8   -0.003102
    1    1   12    8    0.002170
    1    1   13    8   -0.001910
    1    1   14    8    0.000807
    1    1   15    8    0.002020
    1    1   16    8    0.012710
    1    1   17    8    0.004080
    1    1   18    8   -0.001530
    1    1    1    9   -0.001662
    1    1    2    9   -0.002222
    1    1    3    9    0.002230
    1    1    4    9    0.017067
    1    1    5    9   -0.000378
    1    1    6    9    0.014752
    1    1    7    9   -0.005487
    1    1    8    9   -0.000702
    1    1    9    9    0.021710
    1    1   10    9   -0.002327
    1    1   11    9   -0.002805
    1    1   12    9    0.001252
    1    1   13    9    0.001000
    1    1   14    9    0.001312
    1    1   15    9   -0.000415
    1    1   16    9   -0.001995
    1    1   17    9   -0.000917
    1    1   18    9    0.002053
    1    1    1   10    0.031555
    1    1    2   10    0.018982
    1    1    3   10   -0.120103
    1    1    4   10    0.017270
    1    1    5   10    0.002748
    1    1    6   10    0.026357
    1    1    7   10    0.098687
    1    1    8   10   -0.015168
    1    1    9   10   -0.538185
    1    1   10   10   -0.010845
    1    1   11   10    0.016203
    1    1   12   10   -0.089298
    1    1   13   10   -0.017897
    1    1   14   10   -0.006075
    1    1   15   10    0.003370
    1    1   16   10   -0.100912
    1    1   17   10    0.006915
    1    1   18   10   -0.003607
    1    1    1   11    0.007277
    1    1    2   11   -0.095795
    1    1    3   11   -0.001378
    1    1    4   11    0.018337
    1    1    5   11    0.005437
    1    1    6   11    0.280222
    1    1    7   11   -0.039755
    1    1    8   11    0.006337
    1    1    9   11   -0.403965
    1    1   10   11   -0.003372
    1    1   11   11    0.013432
    1    1   12   11    0.017405
    1    1   13   11   -0.117963
    1    1   14   11   -0.000965
    1    1   15   11    0.000273
    1    1   16   11    0.058518
    1    1   17   11    0.014522
    1    1   18   11    0.001690
    1    1    1   12   -0.005610
    1    1    2   12    0.011128
    1    1    3   12   -0.027582
    1    1    4   12   -0.036502
    1    1    5   12   -0.005657
    1    1    6   12    0.064030
    1    1    7   12   -0.012450
    1    1    8   12    0.000008
    1    1    9   12   -0.066930
    1    1   10   12   -0.007705
    1    1   11   12    0.003170
    1    1   12   12    0.057492
    1    1   13   12   -0.035147
    1    1   14   12    0.001280
    1    1   15   12   -0.001132
    1    1   16   12   -0.015180
    1    1   17   12    0.016890
    1    1   18   12   -0.001150
    1    1    1   13   -0.025670
    1    1    2   13   -0.020645
    1    1    3   13    0.014477
    1    1    4   13   -0.026563
    1    1    5   13    0.010070
    1    1    6   13    0.149282
    1    1    7   13   -0.002702
    1    1    8   13    0.003047
    1    1    9   13    0.005885
    1    1   10   13   -0.000150
    1    1   11   13   -0.010750
    1    1   12   13   -0.055447
    1    1   13   13    0.019138
    1    1   14   13    0.003440
    1    1   15   13   -0.004225
    1    1   16   13   -0.009902
    1    1   17   13    0.014982
    1    1   18   13    0.009717
    1    1    1   14   -0.005452
    1    1    2   14   -0.053103
    1    1    3   14   -0.000795
    1    1    4   14   -0.008663
    1    1    5   14   -0.009828
    1    1    6   14    0.090790
    1    1    7   14    0.002577
    1    1    8   14   -0.010097
    1    1    9   14    0.057162
    1    1   10   14   -0.001535
    1    1   11   14    0.007978
    1    1   12   14    0.007117
    1    1   13   14   -0.016197
    1    1   14   14    0.001347
    1    1   15   14    0.000910
    1    1   16   14    0.025985
    1    1   17   14    0.008812
    1    1   18   14    0.001147
    1    1    1   15   -0.123777
    1    1    2   15   -0.016390
    1    1    3   15   -0.006565
    1    1    4   15   -0.822757
    1    1    5   15   -0.002702
    1    1    6   15    0.038327
    1    1    7   15    0.640770
    1    1    8   15    0.000045
    1    1    9   15    0.806852
    1    1   10   15    0.009772
    1    1   11   15    0.006460
    1    1   12   15   -0.069730
    1    1   13   15    0.206915
    1    1   14   15    0.005745
    1    1   15   15   -0.011433
    1    1   16   15    0.007320
    1    1   17   15    0.068950
    1    1   18   15    0.001185
    1    1    1   16   -0.014468
    1    1    2   16    0.015860
    1    1    3   16   -0.007350
    1    1    4   16   -0.025978
    1    1    5   16    0.008290
    1    1    6   16   -0.032945
    1    1    7   16   -0.019895
    1    1    8   16   -0.000185
    1    1    9   16    0.492013
    1    1   10   16   -0.005910
    1    1   11   16   -0.015585
    1    1   12   16    0.049967
    1    1   13   16   -0.057005
    1    1   14   16   -0.003620
    1    1   15   16   -0.006935
    1    1   16   16    0.039195
    1    1   17   16    0.000218
    1    1   18   16   -0.003180
    1    1    1   17    0.003830
    1    1    2   17    0.007377
    1    1    3   17    0.020088
    1    1    4   17   -0.007102
    1    1    5   17   -0.015890
    1    1    6   17   -0.112485
    1    1    7   17    0.003685
    1    1    8   17    0.026395
    1    1    9   17    0.598875
    1    1   10   17    0.007085
    1    1   11   17    0.005392
    1    1   12   17   -0.003155
    1    1   13   17    0.011390
    1    1   14   17    0.003895
    1    1   15   17    0.003152
    1    1   16   17    0.041830
    1    1   17   17   -0.015152
    1    1   18   17   -0.006632
    1    1    1   18   -0.004337
    1    1    2   18    0.001120
    1    1    3   18   -0.021998
    1    1    4   18    0.056072
    1    1    5   18    0.000053
    1    1    6   18   -0.029877
    1    1    7   18    0.032625
    1    1    8   18   -0.001338
    1    1    9   18   -0.176398
    1    1   10   18   -0.005337
    1    1   11   18   -0.000647
    1    1   12   18   -0.083678
    1    1   13   18    0.015230
    1    1   14   18    0.002390
    1    1   15   18    0.015335
    1    1   16   18    0.012690
    1    1   17   18   -0.001145
    1    1   18   18   -0.038500
