 ir1  ir2   m    n          ReH 
   -1   -1    1    1   -0.029597
   -1   -1    2    1   -0.004387
   -1   -1    3    1   -0.090857
   -1   -1    4    1    0.013957
   -1   -1    5    1    0.003520
   -1   -1    6    1    0.033752
   -1   -1    7    1   -0.033857
   -1   -1    8    1    0.006297
   -1   -1    9    1    0.053680
   -1   -1   10    1   -0.096227
   -1   -1   11    1    0.007147
   -1   -1   12    1   -0.021335
   -1   -1   13    1    0.003077
   -1   -1   14    1    0.020753
   -1   -1   15    1   -0.021995
   -1   -1   16    1   -0.292007
   -1   -1   17    1   -0.002652
   -1   -1   18    1   -0.046097
   -1   -1    1    2   -0.025965
   -1   -1    2    2   -0.020020
   -1   -1    3    2    0.060870
   -1   -1    4    2   -0.016400
   -1   -1    5    2    0.000200
   -1   -1    6    2   -0.043163
   -1   -1    7    2   -0.042555
   -1   -1    8    2    0.000487
   -1   -1    9    2    0.017792
   -1   -1   10    2    0.015055
   -1   -1   11    2   -0.010448
   -1   -1   12    2   -0.003720
   -1   -1   13    2   -0.012647
   -1   -1   14    2    0.010713
   -1   -1   15    2   -0.018245
   -1   -1   16    2   -0.117303
   -1   -1   17    2   -0.003768
   -1   -1   18    2    0.069362
   -1   -1    1    3   -0.012040
   -1   -1    2    3    0.010932
   -1   -1    3    3   -0.213850
   -1   -1    4    3   -0.008855
   -1   -1    5    3    0.002695
   -1   -1    6    3   -0.011632
   -1   -1    7    3   -0.004885
   -1   -1    8    3   -0.006425
   -1   -1    9    3    0.003303
   -1   -1   10    3   -0.028373
   -1   -1   11    3    0.004740
   -1   -1   12    3    0.004082
   -1   -1   13    3    0.064562
   -1   -1   14    3    0.009505
   -1   -1   15    3   -0.041257
   -1   -1   16    3   -0.022150
   -1   -1   17    3   -0.003500
   -1   -1   18    3   -0.026920
   -1   -1    1    4    0.010065
   -1   -1    2    4   -0.012195
   -1   -1    3    4   -0.025773
   -1   -1    4    4    0.131777
   -1   -1    5    4   -0.003280
   -1   -1    6    4   -0.006595
   -1   -1    7    4    0.270535
   -1   -1    8    4    0.020380
   -1   -1    9    4   -0.000183
   -1   -1   10    4    0.003497
   -1   -1   11    4    0.003095
   -1   -1   12    4   -0.000662
   -1   -1   13    4   -0.001643
   -1   -1   14    4   -0.004712
   -1   -1   15    4   -0.009540
   -1   -1   16    4    0.206845
   -1   -1   17    4   -0.000115
   -1   -1   18    4   -0.035157
   -1   -1    1    5   -0.007877
   -1   -1    2    5   -0.001472
   -1   -1    3    5   -0.026282
   -1   -1    4    5   -0.003875
   -1   -1    5    5   -0.003452
   -1   -1    6    5   -0.012868
   -1   -1    7    5    0.002760
   -1   -1    8    5   -0.001615
   -1   -1    9    5    0.010278
   -1   -1   10    5   -0.000210
   -1   -1   11    5   -0.009855
   -1   -1   12    5   -0.000875
   -1   -1   13    5   -0.006805
   -1   -1   14    5   -0.027262
   -1   -1   15    5    0.005600
   -1   -1   16    5    0.001692
   -1   -1   17    5   -0.028042
   -1   -1   18    5    0.002700
   -1   -1    1    6   -0.080390
   -1   -1    2    6   -0.024172
   -1   -1    3    6   -0.058305
   -1   -1    4    6    0.009492
   -1   -1    5    6   -0.001632
   -1   -1    6    6    0.096617
   -1   -1    7    6    0.028827
   -1   -1    8    6    0.006982
   -1   -1    9    6    0.073285
   -1   -1   10    6    0.111932
   -1   -1   11    6    0.100350
   -1   -1   12    6    0.091885
   -1   -1   13    6    0.045325
   -1   -1   14    6   -0.029540
   -1   -1   15    6   -0.213470
   -1   -1   16    6   -0.126282
   -1   -1   17    6    0.000295
   -1   -1   18    6   -0.129785
   -1   -1    1    7    0.012750
   -1   -1    2    7    0.006230
   -1   -1    3    7   -0.014660
   -1   -1    4    7    0.030545
   -1   -1    5    7    0.001432
   -1   -1    6    7    0.005037
   -1   -1    7    7   -0.057220
   -1   -1    8    7    0.005918
   -1   -1    9    7    0.030467
   -1   -1   10    7    0.001373
   -1   -1   11    7   -0.006250
   -1   -1   12    7   -0.021335
   -1   -1   13    7   -0.022417
   -1   -1   14    7    0.001387
   -1   -1   15    7   -0.016030
   -1   -1   16    7   -0.489882
   -1   -1   17    7    0.001795
   -1   -1   18    7    0.103470
   -1   -1    1    8    0.014180
   -1   -1    2    8   -0.001252
   -1   -1    3    8   -0.020432
   -1   -1    4    8    0.056967
   -1   -1    5    8   -0.004193
   -1   -1    6    8   -0.003355
   -1   -1    7    8   -0.003942
   -1   -1    8    8   -0.009125
   -1   -1    9    8   -0.010185
   -1   -1   10    8    0.005925
   -1   -1   11    8   -0.001985
   -1   -1   12    8   -0.001690
   -1   -1   13    8   -0.005200
   -1   -1   14    8   -0.015182
   -1   -1   15    8    0.000395
   -1   -1   16    8   -0.038137
   -1   -1   17    8   -0.016700
   -1   -1   18    8    0.015172
   -1   -1    1    9   -0.053630
   -1   -1    2    9   -0.004245
   -1   -1    3    9   -0.022832
   -1   -1    4    9    0.073707
   -1   -1    5    9    0.010140
   -1   -1    6    9    0.032835
   -1   -1    7    9    0.004340
   -1   -1    8    9    0.021012
   -1   -1    9    9    0.172285
   -1   -1   10    9   -0.035797
   -1   -1   11    9   -0.007195
   -1   -1   12    9   -0.007772
   -1   -1   13    9   -0.097717
   -1   -1   14    9    0.015905
   -1   -1   15    9    0.048100
   -1   -1   16    9   -0.403720
   -1   -1   17    9    0.004322
   -1   -1   18    9    0.143177
   -1   -1    1   10    0.030472
   -1   -1    2   10   -0.010437
   -1   -1    3   10   -0.065982
   -1   -1    4   10    0.007707
   -1   -1    5   10   -0.001783
   -1   -1    6   10   -0.002093
   -1   -1    7   10    0.025927
   -1   -1    8   10   -0.002608
   -1   -1    9   10   -0.047473
   -1   -1   10   10    0.138882
   -1   -1   11   10   -0.007370
   -1   -1   12   10    0.008125
   -1   -1   13   10    0.013777
   -1   -1   14   10    0.001212
   -1   -1   15   10   -0.044018
   -1   -1   16   10    0.237292
   -1   -1   17   10    0.001185
   -1   -1   18   10    0.014477
   -1   -1    1   11    0.000918
   -1   -1    2   11   -0.002302
   -1   -1    3   11   -0.007425
   -1   -1    4   11   -0.000240
   -1   -1    5   11   -0.000895
   -1   -1    6   11   -0.001480
   -1   -1    7   11   -0.018773
   -1   -1    8   11   -0.000677
   -1   -1    9   11    0.001553
   -1   -1   10   11    0.001382
   -1   -1   11   11   -0.007905
   -1   -1   12   11    0.006662
   -1   -1   13   11    0.007722
   -1   -1   14   11   -0.006762
   -1   -1   15   11   -0.001030
   -1   -1   16   11    0.007498
   -1   -1   17   11   -0.002442
   -1   -1   18   11   -0.000460
   -1   -1    1   12    0.098720
   -1   -1    2   12   -0.016225
   -1   -1    3   12    0.048675
   -1   -1    4   12    0.034687
   -1   -1    5   12   -0.008565
   -1   -1    6   12   -0.007028
   -1   -1    7   12    0.086367
   -1   -1    8   12    0.000985
   -1   -1    9   12   -0.054322
   -1   -1   10   12    0.070072
   -1   -1   11   12    0.010065
   -1   -1   12   12   -0.045380
   -1   -1   13   12   -0.015097
   -1   -1   14   12   -0.017927
   -1   -1   15   12   -0.128487
   -1   -1   16   12   -1.164407
   -1   -1   17   12   -0.004463
   -1   -1   18   12    0.041165
   -1   -1    1   13   -0.007715
   -1   -1    2   13    0.001945
   -1   -1    3   13    0.135427
   -1   -1    4   13   -0.002553
   -1   -1    5   13   -0.014715
   -1   -1    6   13   -0.001408
   -1   -1    7   13    0.562700
   -1   -1    8   13    0.002850
   -1   -1    9   13   -0.006210
   -1   -1   10   13   -0.115152
   -1   -1   11   13   -0.047997
   -1   -1   12   13    0.026038
   -1   -1   13   13   -0.138032
   -1   -1   14   13   -0.017170
   -1   -1   15   13   -0.148945
   -1   -1   16   13   -1.159207
   -1   -1   17   13    0.002675
   -1   -1   18   13   -0.369370
   -1   -1    1   14   -0.005055
   -1   -1    2   14    0.001310
   -1   -1    3   14    0.023880
   -1   -1    4   14   -0.004387
   -1   -1    5   14    0.000155
   -1   -1    6   14    0.001507
   -1   -1    7   14   -0.005302
   -1   -1    8   14    0.000030
   -1   -1    9   14    0.012222
   -1   -1   10   14   -0.002867
   -1   -1   11   14   -0.004500
   -1   -1   12   14   -0.007277
   -1   -1   13   14   -0.010205
   -1   -1   14   14   -0.000548
   -1   -1   15   14    0.006492
   -1   -1   16   14   -0.055262
   -1   -1   17   14   -0.001720
   -1   -1   18   14    0.008547
   -1   -1    1   15   -0.056060
   -1   -1    2   15    0.008267
   -1   -1    3   15   -0.014433
   -1   -1    4   15    0.000360
   -1   -1    5   15    0.007190
   -1   -1    6   15   -0.048127
   -1   -1    7   15    0.149922
   -1   -1    8   15    0.011615
   -1   -1    9   15   -0.009427
   -1   -1   10   15   -0.146525
   -1   -1   11   15    0.129087
   -1   -1   12   15   -0.000692
   -1   -1   13   15   -0.036920
   -1   -1   14   15    0.076957
   -1   -1   15   15    0.115928
   -1   -1   16   15    0.344785
   -1   -1   17   15   -0.024687
   -1   -1   18   15   -0.060950
   -1   -1    1   16    0.000443
   -1   -1    2   16    0.001505
   -1   -1    3   16   -0.000330
   -1   -1    4   16    0.001380
   -1   -1    5   16    0.001180
   -1   -1    6   16    0.003955
   -1   -1    7   16   -0.023238
   -1   -1    8   16   -0.000798
   -1   -1    9   16    0.005707
   -1   -1   10   16   -0.014035
   -1   -1   11   16   -0.002328
   -1   -1   12   16   -0.011712
   -1   -1   13   16    0.004095
   -1   -1   14   16    0.003965
   -1   -1   15   16    0.005302
   -1   -1   16   16   -0.045870
   -1   -1   17   16   -0.000240
   -1   -1   18   16    0.022908
   -1   -1    1   17    0.002382
   -1   -1    2   17   -0.010918
   -1   -1    3   17    0.003865
   -1   -1    4   17    0.008428
   -1   -1    5   17    0.002157
   -1   -1    6   17   -0.001760
   -1   -1    7   17    0.009540
   -1   -1    8   17    0.004330
   -1   -1    9   17    0.001140
   -1   -1   10   17    0.002427
   -1   -1   11   17    0.060020
   -1   -1   12   17   -0.004460
   -1   -1   13   17    0.005157
   -1   -1   14   17    0.008805
   -1   -1   15   17   -0.006333
   -1   -1   16   17    0.079225
   -1   -1   17   17    0.003555
   -1   -1   18   17   -0.002873
   -1   -1    1   18   -0.036788
   -1   -1    2   18    0.005145
   -1   -1    3   18   -0.044643
   -1   -1    4   18    0.002440
   -1   -1    5   18    0.007383
   -1   -1    6   18    0.000922
   -1   -1    7   18   -0.059745
   -1   -1    8   18    0.006842
   -1   -1    9   18    0.084913
   -1   -1   10   18   -0.009040
   -1   -1   11   18    0.002392
   -1   -1   12   18   -0.009130
   -1   -1   13   18   -0.009605
   -1   -1   14   18    0.026108
   -1   -1   15   18    0.065770
   -1   -1   16   18   -0.288590
   -1   -1   17   18    0.000707
   -1   -1   18   18    0.092437
    0   -1    1    1   -0.084867
    0   -1    2    1    0.001780
    0   -1    3    1   -0.055910
    0   -1    4    1    0.001885
    0   -1    5    1    0.003523
    0   -1    6    1    0.139272
    0   -1    7    1    0.153860
    0   -1    8    1    0.002470
    0   -1    9    1    0.010360
    0   -1   10    1   -0.207270
    0   -1   11    1   -0.149803
    0   -1   12    1    0.129460
    0   -1   13    1   -0.016115
    0   -1   14    1    0.025002
    0   -1   15    1    0.871175
    0   -1   16    1    0.424965
    0   -1   17    1    0.007480
    0   -1   18    1   -0.069820
    0   -1    1    2    0.006778
    0   -1    2    2   -0.022992
    0   -1    3    2    0.008430
    0   -1    4    2    0.024610
    0   -1    5    2   -0.003155
    0   -1    6    2   -0.017355
    0   -1    7    2   -0.861167
    0   -1    8    2   -0.000527
    0   -1    9    2    0.007230
    0   -1   10    2   -0.251610
    0   -1   11    2    0.015665
    0   -1   12    2   -0.003658
    0   -1   13    2    0.034415
    0   -1   14    2   -0.005503
    0   -1   15    2    0.017850
    0   -1   16    2    0.017215
    0   -1   17    2   -0.006355
    0   -1   18    2    0.031400
    0   -1    1    3    0.119315
    0   -1    2    3    0.078393
    0   -1    3    3   -0.102990
    0   -1    4    3    0.024915
    0   -1    5    3   -0.000567
    0   -1    6    3    0.050495
    0   -1    7    3    0.030170
    0   -1    8    3   -0.007893
    0   -1    9    3   -0.027032
    0   -1   10    3   -0.142420
    0   -1   11    3   -0.101655
    0   -1   12    3   -0.022455
    0   -1   13    3    0.021570
    0   -1   14    3   -0.048962
    0   -1   15    3    0.053778
    0   -1   16    3   -0.534232
    0   -1   17    3   -0.001587
    0   -1   18    3   -0.078367
    0   -1    1    4    0.028477
    0   -1    2    4   -0.011530
    0   -1    3    4   -0.015285
    0   -1    4    4    0.054042
    0   -1    5    4   -0.001400
    0   -1    6    4    0.022575
    0   -1    7    4    0.113062
    0   -1    8    4   -0.009065
    0   -1    9    4   -0.077897
    0   -1   10    4   -0.015603
    0   -1   11    4    0.066400
    0   -1   12    4    0.010282
    0   -1   13    4    0.123620
    0   -1   14    4   -0.005485
    0   -1   15    4    0.000657
    0   -1   16    4    0.082422
    0   -1   17    4   -0.005790
    0   -1   18    4   -0.980290
    0   -1    1    5    0.000103
    0   -1    2    5    0.016045
    0   -1    3    5    0.003552
    0   -1    4    5    0.000485
    0   -1    5    5   -0.001958
    0   -1    6    5   -0.083675
    0   -1    7    5   -0.085867
    0   -1    8    5   -0.000283
    0   -1    9    5    0.006430
    0   -1   10    5    0.700780
    0   -1   11    5   -0.013637
    0   -1   12    5    0.003643
    0   -1   13    5    0.012270
    0   -1   14    5    0.000518
    0   -1   15    5    0.121965
    0   -1   16    5    0.061060
    0   -1   17    5   -0.008318
    0   -1   18    5   -0.001853
    0   -1    1    6   -0.025315
    0   -1    2    6    0.038390
    0   -1    3    6   -0.030622
    0   -1    4    6   -0.156988
    0   -1    5    6    0.007177
    0   -1    6    6   -0.021692
    0   -1    7    6    3.149065
    0   -1    8    6   -0.002600
    0   -1    9    6    0.006732
    0   -1   10    6    1.366110
    0   -1   11    6   -0.051147
    0   -1   12    6    0.357772
    0   -1   13    6   -0.003105
    0   -1   14    6    0.013835
    0   -1   15    6   -0.138155
    0   -1   16    6   -0.628047
    0   -1   17    6   -0.008805
    0   -1   18    6   -0.061668
    0   -1    1    7   -0.018167
    0   -1    2    7    0.001210
    0   -1    3    7   -0.022487
    0   -1    4    7    0.011330
    0   -1    5    7    0.001117
    0   -1    6    7    0.010987
    0   -1    7    7    0.069995
    0   -1    8    7   -0.004877
    0   -1    9    7    0.008945
    0   -1   10    7   -0.029228
    0   -1   11    7    0.004802
    0   -1   12    7   -0.019992
    0   -1   13    7    0.010732
    0   -1   14    7    0.003460
    0   -1   15    7    0.010985
    0   -1   16    7    0.228082
    0   -1   17    7    0.000795
    0   -1   18    7   -0.065818
    0   -1    1    8    0.008688
    0   -1    2    8   -0.010333
    0   -1    3    8    0.029015
    0   -1    4    8   -0.004802
    0   -1    5    8   -0.007612
    0   -1    6    8    0.042760
    0   -1    7    8    0.088437
    0   -1    8    8   -0.000173
    0   -1    9    8    0.020025
    0   -1   10    8    0.230327
    0   -1   11    8    0.157925
    0   -1   12    8   -0.022427
    0   -1   13    8   -0.009595
    0   -1   14    8    0.001992
    0   -1   15    8    0.047522
    0   -1   16    8   -0.094275
    0   -1   17    8   -0.025380
    0   -1   18    8   -0.064092
    0   -1    1    9   -0.015277
    0   -1    2    9    0.004560
    0   -1    3    9   -0.033900
    0   -1    4    9   -0.004690
    0   -1    5    9    0.006965
    0   -1    6    9    0.013070
    0   -1    7    9    0.992185
    0   -1    8    9   -0.007238
    0   -1    9    9    0.054605
    0   -1   10    9   -0.018182
    0   -1   11    9   -0.004970
    0   -1   12    9   -0.065130
    0   -1   13    9    0.139747
    0   -1   14    9    0.015097
    0   -1   15    9    0.236780
    0   -1   16    9   -0.751662
    0   -1   17    9    0.002053
    0   -1   18    9   -0.450167
    0   -1    1   10   -0.021965
    0   -1    2   10    0.024137
    0   -1    3   10   -0.008240
    0   -1    4   10    0.031910
    0   -1    5   10    0.002352
    0   -1    6   10   -0.000510
    0   -1    7   10   -0.182785
    0   -1    8   10    0.001737
    0   -1    9   10   -0.010475
    0   -1   10   10   -0.026783
    0   -1   11   10   -0.009430
    0   -1   12   10   -0.027195
    0   -1   13   10   -0.081850
    0   -1   14   10    0.009497
    0   -1   15   10    0.064377
    0   -1   16   10    0.275482
    0   -1   17   10    0.005032
    0   -1   18   10    0.015442
    0   -1    1   11    0.000832
    0   -1    2   11    0.003330
    0   -1    3   11   -0.004655
    0   -1    4   11   -0.007383
    0   -1    5   11    0.000437
    0   -1    6   11   -0.004595
    0   -1    7   11    0.149412
    0   -1    8   11    0.000642
    0   -1    9   11    0.003140
    0   -1   10   11    0.150840
    0   -1   11   11   -0.003152
    0   -1   12   11   -0.003905
    0   -1   13   11    0.003402
    0   -1   14   11    0.001480
    0   -1   15   11   -0.009357
    0   -1   16   11   -0.007358
    0   -1   17   11    0.000045
    0   -1   18   11   -0.004690
    0   -1    1   12   -0.016680
    0   -1    2   12   -0.006925
    0   -1    3   12   -0.018970
    0   -1    4   12    0.115027
    0   -1    5   12    0.001540
    0   -1    6   12    0.017360
    0   -1    7   12    0.967333
    0   -1    8   12    0.000760
    0   -1    9   12    0.011870
    0   -1   10   12   -0.035817
    0   -1   11   12   -0.004502
    0   -1   12   12   -0.046560
    0   -1   13   12   -0.016475
    0   -1   14   12    0.004847
    0   -1   15   12    0.049115
    0   -1   16   12    0.073285
    0   -1   17   12   -0.000740
    0   -1   18   12    0.005712
    0   -1    1   13    0.010227
    0   -1    2   13   -0.032677
    0   -1    3   13    0.010745
    0   -1    4   13    0.109698
    0   -1    5   13   -0.002540
    0   -1    6   13    0.016913
    0   -1    7   13    1.062122
    0   -1    8   13   -0.002880
    0   -1    9   13   -0.018835
    0   -1   10   13   -0.063495
    0   -1   11   13   -0.004710
    0   -1   12   13    0.070130
    0   -1   13   13   -0.010475
    0   -1   14   13   -0.006800
    0   -1   15   13   -0.013228
    0   -1   16   13    0.281747
    0   -1   17   13   -0.000190
    0   -1   18   13    0.126697
    0   -1    1   14    0.003167
    0   -1    2   14   -0.005922
    0   -1    3   14    0.009062
    0   -1    4   14   -0.006670
    0   -1    5   14   -0.001460
    0   -1    6   14   -0.001490
    0   -1    7   14   -0.115652
    0   -1    8   14   -0.000612
    0   -1    9   14    0.009092
    0   -1   10   14   -0.021775
    0   -1   11   14   -0.012442
    0   -1   12   14   -0.005600
    0   -1   13   14    0.015180
    0   -1   14   14   -0.003008
    0   -1   15   14   -0.005083
    0   -1   16   14   -0.147137
    0   -1   17   14   -0.001980
    0   -1   18   14    0.011247
    0   -1    1   15    0.034907
    0   -1    2   15   -0.010190
    0   -1    3   15    0.038025
    0   -1    4   15    0.038910
    0   -1    5   15   -0.006825
    0   -1    6   15   -0.035245
    0   -1    7   15   -0.144535
    0   -1    8   15    0.002752
    0   -1    9   15   -0.021565
    0   -1   10   15   -0.206920
    0   -1   11   15    0.020185
    0   -1   12   15    0.088442
    0   -1   13   15   -0.010363
    0   -1   14   15   -0.009740
    0   -1   15   15    0.193730
    0   -1   16   15   -0.038153
    0   -1   17   15    0.001200
    0   -1   18   15   -0.000752
    0   -1    1   16    0.000885
    0   -1    2   16    0.005290
    0   -1    3   16    0.003185
    0   -1    4   16   -0.006083
    0   -1    5   16   -0.000185
    0   -1    6   16   -0.012440
    0   -1    7   16    0.097592
    0   -1    8   16    0.000415
    0   -1    9   16   -0.005853
    0   -1   10   16   -0.011715
    0   -1   11   16    0.002155
    0   -1   12   16   -0.017717
    0   -1   13   16   -0.005125
    0   -1   14   16    0.000277
    0   -1   15   16    0.007585
    0   -1   16   16   -0.019712
    0   -1   17   16    0.000037
    0   -1   18   16   -0.009215
    0   -1    1   17    0.010868
    0   -1    2   17    0.015760
    0   -1    3   17    0.008278
    0   -1    4   17    0.014585
    0   -1    5   17   -0.002045
    0   -1    6   17   -0.016508
    0   -1    7   17   -0.278985
    0   -1    8   17   -0.003155
    0   -1    9   17   -0.001500
    0   -1   10   17    0.043962
    0   -1   11   17   -0.097950
    0   -1   12   17   -0.004180
    0   -1   13   17    0.006857
    0   -1   14   17   -0.018640
    0   -1   15   17   -0.030773
    0   -1   16   17    0.060885
    0   -1   17   17    0.005890
    0   -1   18   17   -0.029742
    0   -1    1   18   -0.035815
    0   -1    2   18    0.025442
    0   -1    3   18   -0.015202
    0   -1    4   18   -0.028150
    0   -1    5   18    0.001830
    0   -1    6   18    0.009312
    0   -1    7   18   -0.392103
    0   -1    8   18   -0.003608
    0   -1    9   18    0.029087
    0   -1   10   18   -0.012733
    0   -1   11   18    0.013335
    0   -1   12   18    0.068400
    0   -1   13   18   -0.055207
    0   -1   14   18    0.007573
    0   -1   15   18   -0.042510
    0   -1   16   18   -0.220497
    0   -1   17   18    0.003713
    0   -1   18   18    0.013632
    1   -1    1    1    0.004488
    1   -1    2    1   -0.001093
    1   -1    3    1    0.000130
    1   -1    4    1   -0.886235
    1   -1    5    1   -0.000168
    1   -1    6    1    0.015715
    1   -1    7    1    2.440955
    1   -1    8    1    0.001995
    1   -1    9    1   -0.000282
    1   -1   10    1    0.037062
    1   -1   11    1   -0.000928
    1   -1   12    1    0.057840
    1   -1   13    1   -0.033150
    1   -1   14    1    0.000255
    1   -1   15    1   -0.007185
    1   -1   16    1    0.044542
    1   -1   17    1    0.002658
    1   -1   18    1    0.015162
    1   -1    1    2    0.003000
    1   -1    2    2   -0.000847
    1   -1    3    2   -0.000332
    1   -1    4    2    0.011217
    1   -1    5    2   -0.000435
    1   -1    6    2   -0.000660
    1   -1    7    2   -0.019717
    1   -1    8    2   -0.000090
    1   -1    9    2    0.001050
    1   -1   10    2   -0.007047
    1   -1   11    2    0.001567
    1   -1   12    2   -0.009517
    1   -1   13    2    0.002585
    1   -1   14    2   -0.000282
    1   -1   15    2   -0.006497
    1   -1   16    2   -0.008090
    1   -1   17    2   -0.000145
    1   -1   18    2    0.003125
    1   -1    1    3    0.018267
    1   -1    2    3    0.057040
    1   -1    3    3    0.001290
    1   -1    4    3   -0.050570
    1   -1    5    3    0.002970
    1   -1    6    3    0.017987
    1   -1    7    3    2.974625
    1   -1    8    3    0.003552
    1   -1    9    3   -0.010782
    1   -1   10    3    0.040705
    1   -1   11    3   -0.011100
    1   -1   12    3   -0.087732
    1   -1   13    3   -0.084852
    1   -1   14    3    0.007545
    1   -1   15    3    0.000290
    1   -1   16    3   -0.158327
    1   -1   17    3   -0.001007
    1   -1   18    3   -0.056292
    1   -1    1    4    0.006675
    1   -1    2    4   -0.007145
    1   -1    3    4   -0.002360
    1   -1    4    4    0.008050
    1   -1    5    4   -0.002535
    1   -1    6    4    0.000920
    1   -1    7    4    0.014565
    1   -1    8    4   -0.000550
    1   -1    9    4   -0.032075
    1   -1   10    4   -0.071910
    1   -1   11    4    0.007772
    1   -1   12    4   -0.002912
    1   -1   13    4   -0.027247
    1   -1   14    4   -0.003805
    1   -1   15    4    0.018363
    1   -1   16    4   -0.089218
    1   -1   17    4    0.000185
    1   -1   18    4   -0.085015
    1   -1    1    5   -0.000472
    1   -1    2    5   -0.001922
    1   -1    3    5    0.000840
    1   -1    4    5   -0.012595
    1   -1    5    5   -0.000030
    1   -1    6    5    0.002885
    1   -1    7    5   -0.056800
    1   -1    8    5   -0.000067
    1   -1    9    5   -0.000055
    1   -1   10    5   -0.031482
    1   -1   11    5    0.001985
    1   -1   12    5   -0.006155
    1   -1   13    5    0.002117
    1   -1   14    5   -0.000548
    1   -1   15    5   -0.005677
    1   -1   16    5   -0.005278
    1   -1   17    5    0.001765
    1   -1   18    5    0.001270
    1   -1    1    6   -0.006605
    1   -1    2    6    0.001745
    1   -1    3    6   -0.006812
    1   -1    4    6   -0.054907
    1   -1    5    6    0.002182
    1   -1    6    6   -0.014858
    1   -1    7    6    0.595040
    1   -1    8    6   -0.000218
    1   -1    9    6   -0.002230
    1   -1   10    6    0.005313
    1   -1   11    6   -0.003732
    1   -1   12    6    0.015642
    1   -1   13    6    0.014350
    1   -1   14    6    0.000923
    1   -1   15    6    0.006897
    1   -1   16    6   -0.030350
    1   -1   17    6   -0.001547
    1   -1   18    6   -0.013152
    1   -1    1    7    0.002152
    1   -1    2    7    0.003770
    1   -1    3    7   -0.009800
    1   -1    4    7   -0.005283
    1   -1    5    7    0.000630
    1   -1    6    7    0.005202
    1   -1    7    7    0.008537
    1   -1    8    7   -0.001360
    1   -1    9    7    0.004082
    1   -1   10    7   -0.025083
    1   -1   11    7    0.001070
    1   -1   12    7    0.018008
    1   -1   13    7   -0.029492
    1   -1   14    7    0.002485
    1   -1   15    7    0.006890
    1   -1   16    7   -0.002635
    1   -1   17    7    0.000485
    1   -1   18    7   -0.009497
    1   -1    1    8   -0.003700
    1   -1    2    8    0.005315
    1   -1    3    8    0.002182
    1   -1    4    8    0.043600
    1   -1    5    8   -0.000550
    1   -1    6    8   -0.018100
    1   -1    7    8   -0.179377
    1   -1    8    8   -0.000237
    1   -1    9    8    0.000857
    1   -1   10    8    0.183152
    1   -1   11    8   -0.008765
    1   -1   12    8   -0.016275
    1   -1   13    8    0.002887
    1   -1   14    8    0.001185
    1   -1   15    8    0.016442
    1   -1   16    8    0.013115
    1   -1   17    8   -0.005127
    1   -1   18    8    0.020940
    1   -1    1    9   -0.001200
    1   -1    2    9    0.000505
    1   -1    3    9   -0.002465
    1   -1    4    9   -0.185612
    1   -1    5    9   -0.000478
    1   -1    6    9   -0.014265
    1   -1    7    9   -0.776408
    1   -1    8    9   -0.000625
    1   -1    9    9   -0.006188
    1   -1   10    9    0.016012
    1   -1   11    9    0.008962
    1   -1   12    9   -0.043120
    1   -1   13    9   -0.006102
    1   -1   14    9   -0.003017
    1   -1   15    9   -0.031030
    1   -1   16    9   -0.074910
    1   -1   17    9    0.000385
    1   -1   18    9   -0.057740
    1   -1    1   10   -0.013285
    1   -1    2   10    0.007320
    1   -1    3   10    0.014205
    1   -1    4   10   -0.024330
    1   -1    5   10    0.001450
    1   -1    6   10   -0.010138
    1   -1    7   10   -1.952890
    1   -1    8   10    0.005905
    1   -1    9   10    0.002115
    1   -1   10   10   -0.019505
    1   -1   11   10   -0.002138
    1   -1   12   10    0.021085
    1   -1   13   10   -0.020387
    1   -1   14   10    0.002272
    1   -1   15   10    0.020520
    1   -1   16   10    0.055152
    1   -1   17   10    0.003065
    1   -1   18   10    0.004343
    1   -1    1   11   -0.000232
    1   -1    2   11    0.001570
    1   -1    3   11   -0.000015
    1   -1    4   11    0.004337
    1   -1    5   11    0.000240
    1   -1    6   11    0.002372
    1   -1    7   11    0.042625
    1   -1    8   11   -0.000163
    1   -1    9   11    0.000130
    1   -1   10   11    0.000018
    1   -1   11   11    0.000335
    1   -1   12   11   -0.004808
    1   -1   13   11    0.000092
    1   -1   14   11    0.000255
    1   -1   15   11   -0.005350
    1   -1   16   11   -0.006088
    1   -1   17   11    0.000617
    1   -1   18   11   -0.001665
    1   -1    1   12   -0.012722
    1   -1    2   12    0.005290
    1   -1    3   12   -0.007748
    1   -1    4   12   -0.015522
    1   -1    5   12    0.001612
    1   -1    6   12    0.005932
    1   -1    7   12    0.055242
    1   -1    8   12    0.001542
    1   -1    9   12    0.015315
    1   -1   10   12   -0.009893
    1   -1   11   12    0.000432
    1   -1   12   12    0.007542
    1   -1   13   12   -0.004915
    1   -1   14   12    0.002600
    1   -1   15   12    0.002043
    1   -1   16   12   -0.009155
    1   -1   17   12    0.000918
    1   -1   18   12   -0.001342
    1   -1    1   13   -0.004177
    1   -1    2   13   -0.003632
    1   -1    3   13    0.008927
    1   -1    4   13    0.037205
    1   -1    5   13    0.000032
    1   -1    6   13    0.001797
    1   -1    7   13   -0.377133
    1   -1    8   13   -0.001543
    1   -1    9   13   -0.006177
    1   -1   10   13   -0.000697
    1   -1   11   13   -0.002227
    1   -1   12   13    0.025365
    1   -1   13   13   -0.010097
    1   -1   14   13   -0.000215
    1   -1   15   13    0.007895
    1   -1   16   13    0.022947
    1   -1   17   13   -0.003115
    1   -1   18   13    0.006915
    1   -1    1   14    0.000635
    1   -1    2   14   -0.001970
    1   -1    3   14   -0.001120
    1   -1    4   14    0.005698
    1   -1    5   14   -0.000207
    1   -1    6   14   -0.002927
    1   -1    7   14    0.338872
    1   -1    8   14   -0.000080
    1   -1    9   14    0.000860
    1   -1   10   14   -0.001882
    1   -1   11   14    0.000535
    1   -1   12   14   -0.013052
    1   -1   13   14    0.007227
    1   -1   14   14   -0.000355
    1   -1   15   14   -0.002897
    1   -1   16   14   -0.011813
    1   -1   17   14   -0.001655
    1   -1   18   14    0.002742
    1   -1    1   15    0.013017
    1   -1    2   15   -0.016810
    1   -1    3   15   -0.002435
    1   -1    4   15   -0.019882
    1   -1    5   15   -0.003415
    1   -1    6   15    0.017060
    1   -1    7   15   -0.208090
    1   -1    8   15    0.000398
    1   -1    9   15   -0.000827
    1   -1   10   15    0.010165
    1   -1   11   15    0.000962
    1   -1   12   15    0.006440
    1   -1   13   15    0.004535
    1   -1   14   15   -0.004125
    1   -1   15   15    0.001375
    1   -1   16   15    0.024735
    1   -1   17   15    0.001997
    1   -1   18   15    0.015587
    1   -1    1   16   -0.002397
    1   -1    2   16   -0.001243
    1   -1    3   16   -0.001578
    1   -1    4   16    0.003620
    1   -1    5   16   -0.000208
    1   -1    6   16   -0.006200
    1   -1    7   16    0.027910
    1   -1    8   16    0.000272
    1   -1    9   16   -0.002020
    1   -1   10   16   -0.011907
    1   -1   11   16   -0.000010
    1   -1   12   16    0.005355
    1   -1   13   16    0.005108
    1   -1   14   16   -0.000475
    1   -1   15   16    0.006588
    1   -1   16   16    0.000072
    1   -1   17   16    0.000045
    1   -1   18   16    0.000095
    1   -1    1   17    0.001135
    1   -1    2   17   -0.002865
    1   -1    3   17    0.001595
    1   -1    4   17   -0.000952
    1   -1    5   17   -0.000262
    1   -1    6   17    0.012185
    1   -1    7   17    0.000173
    1   -1    8   17   -0.000313
    1   -1    9   17   -0.001320
    1   -1   10   17   -0.126452
    1   -1   11   17    0.004217
    1   -1   12   17   -0.016087
    1   -1   13   17   -0.000452
    1   -1   14   17   -0.001065
    1   -1   15   17   -0.027255
    1   -1   16   17    0.005912
    1   -1   17   17    0.000155
    1   -1   18   17    0.002105
    1   -1    1   18   -0.011560
    1   -1    2   18    0.004530
    1   -1    3   18    0.003597
    1   -1    4   18    0.012040
    1   -1    5   18    0.001623
    1   -1    6   18    0.005962
    1   -1    7   18    0.890625
    1   -1    8   18    0.000195
    1   -1    9   18    0.012955
    1   -1   10   18    0.003055
    1   -1   11   18    0.002047
    1   -1   12   18   -0.006365
    1   -1   13   18   -0.048505
    1   -1   14   18    0.003743
    1   -1   15   18   -0.017177
    1   -1   16   18   -0.037282
    1   -1   17   18    0.003830
    1   -1   18   18   -0.016125
   -1    0    1    1   -0.020585
   -1    0    2    1   -0.000818
   -1    0    3    1    0.963155
   -1    0    4    1    0.010570
   -1    0    5    1    0.002615
   -1    0    6    1   -0.027428
   -1    0    7    1   -0.043227
   -1    0    8    1   -0.022355
   -1    0    9    1   -0.012025
   -1    0   10    1   -0.034792
   -1    0   11    1   -0.001200
   -1    0   12    1   -0.002233
   -1    0   13    1    0.043570
   -1    0   14    1    0.003053
   -1    0   15    1    0.044340
   -1    0   16    1    0.000542
   -1    0   17    1    0.034955
   -1    0   18    1   -0.061365
   -1    0    1    2    0.698770
   -1    0    2    2   -0.028568
   -1    0    3    2   -4.145342
   -1    0    4    2   -0.320490
   -1    0    5    2   -0.103440
   -1    0    6    2    0.005445
   -1    0    7    2   -0.005195
   -1    0    8    2    0.443557
   -1    0    9    2    0.095487
   -1    0   10    2    0.027752
   -1    0   11    2    0.004195
   -1    0   12    2    0.037018
   -1    0   13    2   -0.169342
   -1    0   14    2   -0.024823
   -1    0   15    2   -0.023467
   -1    0   16    2    0.015367
   -1    0   17    2   -2.787500
   -1    0   18    2    0.175420
   -1    0    1    3    0.066625
   -1    0    2    3    0.012832
   -1    0    3    3   -0.108578
   -1    0    4    3   -0.020530
   -1    0    5    3    0.003353
   -1    0    6    3    0.054100
   -1    0    7    3   -0.011637
   -1    0    8    3   -0.050850
   -1    0    9    3    0.098542
   -1    0   10    3   -0.024322
   -1    0   11    3   -0.005512
   -1    0   12    3   -0.035630
   -1    0   13    3    0.032160
   -1    0   14    3    0.000463
   -1    0   15    3    0.020505
   -1    0   16    3   -0.010950
   -1    0   17    3    0.001510
   -1    0   18    3   -0.029747
   -1    0    1    4    0.213967
   -1    0    2    4   -0.094410
   -1    0    3    4    0.120052
   -1    0    4    4   -0.190580
   -1    0    5    4   -0.055565
   -1    0    6    4   -0.203518
   -1    0    7    4    0.048402
   -1    0    8    4    0.018915
   -1    0    9    4   -0.076525
   -1    0   10    4   -0.880650
   -1    0   11    4    0.041425
   -1    0   12    4   -0.859915
   -1    0   13    4    1.763587
   -1    0   14    4    0.143247
   -1    0   15    4    0.243728
   -1    0   16    4   -0.357698
   -1    0   17    4   -0.075272
   -1    0   18    4   -1.027005
   -1    0    1    5    0.075605
   -1    0    2    5   -0.006987
   -1    0    3    5    0.505937
   -1    0    4    5   -0.062645
   -1    0    5    5   -0.021435
   -1    0    6    5   -0.007025
   -1    0    7    5    0.001310
   -1    0    8    5    0.006905
   -1    0    9    5   -0.028532
   -1    0   10    5    0.023948
   -1    0   11    5    0.000495
   -1    0   12    5    0.008332
   -1    0   13    5   -0.012597
   -1    0   14    5   -0.036097
   -1    0   15    5   -0.007438
   -1    0   16    5    0.000943
   -1    0   17    5   -0.085905
   -1    0   18    5    0.015747
   -1    0    1    6    2.223078
   -1    0    2    6   -0.040420
   -1    0    3    6    2.800162
   -1    0    4    6    1.095407
   -1    0    5    6    0.177372
   -1    0    6    6    0.094185
   -1    0    7    6    0.056150
   -1    0    8    6   -0.554353
   -1    0    9    6    0.205432
   -1    0   10    6    0.138817
   -1    0   11    6   -0.006183
   -1    0   12    6    0.000195
   -1    0   13    6   -0.006025
   -1    0   14    6    0.034585
   -1    0   15    6   -0.090075
   -1    0   16    6   -0.018372
   -1    0   17    6    1.425097
   -1    0   18    6   -0.021237
   -1    0    1    7    0.109168
   -1    0    2    7   -0.006995
   -1    0    3    7    0.154615
   -1    0    4    7    0.131577
   -1    0    5    7   -0.003950
   -1    0    6    7   -0.030150
   -1    0    7    7   -0.231235
   -1    0    8    7    0.167288
   -1    0    9    7    0.005680
   -1    0   10    7   -0.043885
   -1    0   11    7   -0.031025
   -1    0   12    7    0.008077
   -1    0   13    7    0.158467
   -1    0   14    7   -0.019997
   -1    0   15    7   -0.007472
   -1    0   16    7    1.223282
   -1    0   17    7   -0.013432
   -1    0   18    7   -0.038508
   -1    0    1    8    0.005577
   -1    0    2    8    0.001107
   -1    0    3    8    0.027297
   -1    0    4    8    0.008597
   -1    0    5    8    0.001892
   -1    0    6    8   -0.004023
   -1    0    7    8   -0.008675
   -1    0    8    8   -0.003530
   -1    0    9    8   -0.023377
   -1    0   10    8    0.001123
   -1    0   11    8    0.000477
   -1    0   12    8    0.004280
   -1    0   13    8   -0.000580
   -1    0   14    8    0.000015
   -1    0   15    8    0.001897
   -1    0   16    8   -0.001407
   -1    0   17    8    0.012380
   -1    0   18    8    0.003570
   -1    0    1    9   -0.099535
   -1    0    2    9    0.002320
   -1    0    3    9   -0.061183
   -1    0    4    9   -0.129080
   -1    0    5    9    0.017470
   -1    0    6    9   -0.037245
   -1    0    7    9   -0.020095
   -1    0    8    9    0.064552
   -1    0    9    9   -0.238267
   -1    0   10    9    0.000762
   -1    0   11    9    0.002962
   -1    0   12    9    0.011905
   -1    0   13    9   -0.022280
   -1    0   14    9    0.030307
   -1    0   15    9   -0.034555
   -1    0   16    9    0.004030
   -1    0   17    9    0.019192
   -1    0   18    9    0.039332
   -1    0    1   10    0.368250
   -1    0    2   10   -0.039070
   -1    0    3   10   -0.349172
   -1    0    4   10   -0.036108
   -1    0    5   10    0.011895
   -1    0    6   10    0.122975
   -1    0    7   10    0.021862
   -1    0    8   10    0.100435
   -1    0    9   10   -0.554997
   -1    0   10   10    0.227790
   -1    0   11   10    0.125512
   -1    0   12   10   -0.051295
   -1    0   13   10    0.074675
   -1    0   14   10    0.401785
   -1    0   15   10   -0.049685
   -1    0   16   10    0.178705
   -1    0   17   10    0.366610
   -1    0   18   10   -0.007067
   -1    0    1   11    0.014340
   -1    0    2   11   -0.005130
   -1    0    3   11   -0.087697
   -1    0    4   11    0.016037
   -1    0    5   11    0.008740
   -1    0    6   11    0.038497
   -1    0    7   11   -0.003338
   -1    0    8   11    0.068290
   -1    0    9   11    0.083653
   -1    0   10   11   -0.107467
   -1    0   11   11   -0.004430
   -1    0   12   11    0.000385
   -1    0   13   11   -0.026382
   -1    0   14   11    0.047828
   -1    0   15   11   -0.005592
   -1    0   16   11   -0.004620
   -1    0   17   11   -0.484120
   -1    0   18   11   -0.012250
   -1    0    1   12    2.565053
   -1    0    2   12   -0.059542
   -1    0    3   12    3.812387
   -1    0    4   12   -0.012705
   -1    0    5   12   -0.077667
   -1    0    6   12   -0.481268
   -1    0    7   12   -0.480400
   -1    0    8   12   -0.030165
   -1    0    9   12   -1.025690
   -1    0   10   12   -3.252235
   -1    0   11   12   -0.088125
   -1    0   12   12    0.017830
   -1    0   13   12    0.479453
   -1    0   14   12    0.622440
   -1    0   15   12    0.029572
   -1    0   16   12   -0.065970
   -1    0   17   12   -0.002482
   -1    0   18   12   -0.171245
   -1    0    1   13   -0.606615
   -1    0    2   13    0.003418
   -1    0    3   13   -1.238112
   -1    0    4   13    0.221688
   -1    0    5   13   -0.201160
   -1    0    6   13   -0.397595
   -1    0    7   13    0.077335
   -1    0    8   13    0.387167
   -1    0    9   13   -2.956805
   -1    0   10   13    1.343257
   -1    0   11   13   -0.025063
   -1    0   12   13   -0.035487
   -1    0   13   13    0.395532
   -1    0   14   13   -0.044522
   -1    0   15   13    0.034123
   -1    0   16   13    0.019385
   -1    0   17   13   -0.269822
   -1    0   18   13    0.670565
   -1    0    1   14   -0.064735
   -1    0    2   14    0.004212
   -1    0    3   14    0.176215
   -1    0    4   14   -0.035047
   -1    0    5   14   -0.002442
   -1    0    6   14    0.021805
   -1    0    7   14    0.001955
   -1    0    8   14    0.012090
   -1    0    9   14    0.112587
   -1    0   10   14   -0.017868
   -1    0   11   14    0.004510
   -1    0   12   14    0.009150
   -1    0   13   14   -0.029460
   -1    0   14   14   -0.006120
   -1    0   15   14   -0.025402
   -1    0   16   14    0.003642
   -1    0   17   14   -0.095128
   -1    0   18   14    0.030755
   -1    0    1   15   -0.254390
   -1    0    2   15    0.081385
   -1    0    3   15   -1.863472
   -1    0    4   15    0.535575
   -1    0    5   15    0.132097
   -1    0    6   15   -0.366367
   -1    0    7   15   -0.017737
   -1    0    8   15    0.019815
   -1    0    9   15   -0.556310
   -1    0   10   15    0.602982
   -1    0   11   15   -0.008298
   -1    0   12   15    0.006170
   -1    0   13   15    0.193010
   -1    0   14   15    0.114370
   -1    0   15   15    0.253492
   -1    0   16   15   -0.008712
   -1    0   17   15    2.310598
   -1    0   18   15    0.029597
   -1    0    1   16   -0.148492
   -1    0    2   16    0.005975
   -1    0    3   16   -0.088263
   -1    0    4   16   -0.226552
   -1    0    5   16    0.009472
   -1    0    6   16    0.022420
   -1    0    7   16    0.003652
   -1    0    8   16   -0.004857
   -1    0    9   16    0.101667
   -1    0   10   16   -0.020553
   -1    0   11   16    0.005103
   -1    0   12   16    0.002950
   -1    0   13   16   -0.007610
   -1    0   14   16    0.018175
   -1    0   15   16   -0.018095
   -1    0   16   16    0.019563
   -1    0   17   16   -0.002032
   -1    0   18   16    0.001440
   -1    0    1   17   -0.096187
   -1    0    2   17   -0.024300
   -1    0    3   17    0.098377
   -1    0    4   17   -0.017647
   -1    0    5   17    1.080207
   -1    0    6   17    0.042302
   -1    0    7   17    0.000945
   -1    0    8   17   -1.253505
   -1    0    9   17   -0.083875
   -1    0   10   17    0.594945
   -1    0   11   17   -0.105535
   -1    0   12   17    0.007003
   -1    0   13   17    0.027095
   -1    0   14   17    2.845303
   -1    0   15   17   -0.028265
   -1    0   16   17    0.002648
   -1    0   17   17   -0.005018
   -1    0   18   17   -0.152620
   -1    0    1   18   -0.179790
   -1    0    2   18    0.054732
   -1    0    3   18   -1.102000
   -1    0    4   18    0.758520
   -1    0    5   18    0.022067
   -1    0    6   18    0.025848
   -1    0    7   18    0.052225
   -1    0    8   18    0.326157
   -1    0    9   18    0.671040
   -1    0   10   18   -0.191672
   -1    0   11   18    0.001777
   -1    0   12   18   -0.058310
   -1    0   13   18    0.047525
   -1    0   14   18    0.078725
   -1    0   15   18    0.004805
   -1    0   16   18   -0.038705
   -1    0   17   18   -0.044612
   -1    0   18   18   -0.104277
    0    0    1    1    1.940090
    0    0    2    1   -0.090413
    0    0    3    1   -1.948187
    0    0    4    1   -0.065100
    0    0    5    1   -0.002197
    0    0    6    1   -0.095355
    0    0    7    1   -0.395607
    0    0    8    1   -0.332955
    0    0    9    1   -0.265197
    0    0   10    1    0.861180
    0    0   11    1    0.175152
    0    0   12    1    0.048122
    0    0   13    1    0.292022
    0    0   14    1    0.003515
    0    0   15    1   -0.241897
    0    0   16    1    0.068855
    0    0   17    1   -0.055535
    0    0   18    1    1.437515
    0    0    1    2   -0.090413
    0    0    2    2   -1.229908
    0    0    3    2    0.076207
    0    0    4    2   -0.072047
    0    0    5    2    0.359170
    0    0    6    2    2.859023
    0    0    7    2   -0.042395
    0    0    8    2   -0.003255
    0    0    9    2   -0.040740
    0    0   10    2   -0.236632
    0    0   11    2   -0.210142
    0    0   12    2   -0.141202
    0    0   13    2    0.630387
    0    0   14    2   -0.448842
    0    0   15    2    1.784017
    0    0   16    2    0.023445
    0    0   17    2    1.445862
    0    0   18    2    0.111070
    0    0    1    3   -1.948187
    0    0    2    3    0.076207
    0    0    3    3    7.181818
    0    0    4    3    0.150638
    0    0    5    3   -0.054578
    0    0    6    3    0.062302
    0    0    7    3    0.725495
    0    0    8    3    0.224593
    0    0    9    3    0.051925
    0    0   10    3   -0.343392
    0    0   11    3    0.003080
    0    0   12    3   -0.147680
    0    0   13    3    0.294832
    0    0   14    3   -0.021250
    0    0   15    3    0.051527
    0    0   16    3   -0.101765
    0    0   17    3    0.012453
    0    0   18    3   -0.786120
    0    0    1    4   -0.065100
    0    0    2    4   -0.072047
    0    0    3    4    0.150638
    0    0    4    4    5.210227
    0    0    5    4    0.021807
    0    0    6    4   -0.036843
    0    0    7    4    0.017817
    0    0    8    4   -0.025525
    0    0    9    4   -0.712422
    0    0   10    4   -0.020545
    0    0   11    4   -0.017242
    0    0   12    4   -0.494648
    0    0   13    4    0.439897
    0    0   14    4   -0.020197
    0    0   15    4    0.133782
    0    0   16    4    0.019615
    0    0   17    4   -0.181530
    0    0   18    4    0.145120
    0    0    1    5   -0.002197
    0    0    2    5    0.359170
    0    0    3    5   -0.054578
    0    0    4    5    0.021807
    0    0    5    5    0.055840
    0    0    6    5   -0.014105
    0    0    7    5   -0.023207
    0    0    8    5    0.093228
    0    0    9    5    0.112543
    0    0   10    5   -0.048917
    0    0   11    5    0.227795
    0    0   12    5   -0.008007
    0    0   13    5    0.093835
    0    0   14    5   -0.616135
    0    0   15    5    0.499752
    0    0   16    5    0.011287
    0    0   17    5   -1.302285
    0    0   18    5   -0.020825
    0    0    1    6   -0.095355
    0    0    2    6    2.859023
    0    0    3    6    0.062302
    0    0    4    6   -0.036843
    0    0    5    6   -0.014105
    0    0    6    6  -10.116165
    0    0    7    6    0.144297
    0    0    8    6   -0.019990
    0    0    9    6   -1.390250
    0    0   10    6    1.835710
    0    0   11    6   -0.667182
    0    0   12    6    0.087992
    0    0   13    6    1.070275
    0    0   14    6    0.028010
    0    0   15    6   -0.675747
    0    0   16    6    0.123233
    0    0   17    6   -0.135722
    0    0   18    6   -2.075112
    0    0    1    7   -0.395607
    0    0    2    7   -0.042395
    0    0    3    7    0.725495
    0    0    4    7    0.017817
    0    0    5    7   -0.023207
    0    0    6    7    0.144297
    0    0    7    7    1.951543
    0    0    8    7    0.016555
    0    0    9    7    0.560742
    0    0   10    7   -0.228205
    0    0   11    7   -0.155700
    0    0   12    7    0.098532
    0    0   13    7    0.674120
    0    0   14    7   -0.012013
    0    0   15    7    0.056910
    0    0   16    7    0.473860
    0    0   17    7   -0.005522
    0    0   18    7    2.378702
    0    0    1    8   -0.332955
    0    0    2    8   -0.003255
    0    0    3    8    0.224593
    0    0    4    8   -0.025525
    0    0    5    8    0.093228
    0    0    6    8   -0.019990
    0    0    7    8    0.016555
    0    0    8    8   -0.370245
    0    0    9    8   -0.262590
    0    0   10    8    0.171445
    0    0   11    8   -0.038730
    0    0   12    8   -0.010887
    0    0   13    8    0.014860
    0    0   14    8    0.507788
    0    0   15    8    0.012282
    0    0   16    8    0.009090
    0    0   17    8    1.758375
    0    0   18    8   -0.206530
    0    0    1    9   -0.265197
    0    0    2    9   -0.040740
    0    0    3    9    0.051925
    0    0    4    9   -0.712422
    0    0    5    9    0.112543
    0    0    6    9   -1.390250
    0    0    7    9    0.560742
    0    0    8    9   -0.262590
    0    0    9    9   -0.089653
    0    0   10    9    2.874850
    0    0   11    9    0.062702
    0    0   12    9    0.006103
    0    0   13    9    0.432625
    0    0   14    9   -0.476058
    0    0   15    9   -0.687142
    0    0   16    9    0.076500
    0    0   17    9   -0.042822
    0    0   18    9    0.731230
    0    0    1   10    0.861180
    0    0    2   10   -0.236632
    0    0    3   10   -0.343392
    0    0    4   10   -0.020545
    0    0    5   10   -0.048917
    0    0    6   10    1.835710
    0    0    7   10   -0.228205
    0    0    8   10    0.171445
    0    0    9   10    2.874850
    0    0   10   10  -12.256435
    0    0   11   10    0.434438
    0    0   12   10    0.491273
    0    0   13   10   -0.700667
    0    0   14   10   -0.652507
    0    0   15   10   -1.444767
    0    0   16   10   -0.122173
    0    0   17   10    0.044740
    0    0   18   10    1.161270
    0    0    1   11    0.175152
    0    0    2   11   -0.210142
    0    0    3   11    0.003080
    0    0    4   11   -0.017242
    0    0    5   11    0.227795
    0    0    6   11   -0.667182
    0    0    7   11   -0.155700
    0    0    8   11   -0.038730
    0    0    9   11    0.062702
    0    0   10   11    0.434438
    0    0   11   11   -0.835490
    0    0   12   11    0.251162
    0    0   13   11    0.296340
    0    0   14   11   -0.163155
    0    0   15   11   -1.047895
    0    0   16   11   -0.193420
    0    0   17   11    0.674830
    0    0   18   11   -0.233980
    0    0    1   12    0.048122
    0    0    2   12   -0.141202
    0    0    3   12   -0.147680
    0    0    4   12   -0.494648
    0    0    5   12   -0.008007
    0    0    6   12    0.087992
    0    0    7   12    0.098532
    0    0    8   12   -0.010887
    0    0    9   12    0.006103
    0    0   10   12    0.491273
    0    0   11   12    0.251162
    0    0   12   12    3.659063
    0    0   13   12    1.204487
    0    0   14   12   -0.141558
    0    0   15   12   -1.785480
    0    0   16   12   -0.196110
    0    0   17   12   -0.149732
    0    0   18   12   -0.071595
    0    0    1   13    0.292022
    0    0    2   13    0.630387
    0    0    3   13    0.294832
    0    0    4   13    0.439897
    0    0    5   13    0.093835
    0    0    6   13    1.070275
    0    0    7   13    0.674120
    0    0    8   13    0.014860
    0    0    9   13    0.432625
    0    0   10   13   -0.700667
    0    0   11   13    0.296340
    0    0   12   13    1.204487
    0    0   13   13    3.747187
    0    0   14   13    0.075695
    0    0   15   13   -3.025672
    0    0   16   13   -0.149555
    0    0   17   13   -0.090402
    0    0   18   13   -0.384935
    0    0    1   14    0.003515
    0    0    2   14   -0.448842
    0    0    3   14   -0.021250
    0    0    4   14   -0.020197
    0    0    5   14   -0.616135
    0    0    6   14    0.028010
    0    0    7   14   -0.012013
    0    0    8   14    0.507788
    0    0    9   14   -0.476058
    0    0   10   14   -0.652507
    0    0   11   14   -0.163155
    0    0   12   14   -0.141558
    0    0   13   14    0.075695
    0    0   14   14   -0.606113
    0    0   15   14    0.355950
    0    0   16   14    0.012580
    0    0   17   14   -1.974425
    0    0   18   14    0.001005
    0    0    1   15   -0.241897
    0    0    2   15    1.784017
    0    0    3   15    0.051527
    0    0    4   15    0.133782
    0    0    5   15    0.499752
    0    0    6   15   -0.675747
    0    0    7   15    0.056910
    0    0    8   15    0.012282
    0    0    9   15   -0.687142
    0    0   10   15   -1.444767
    0    0   11   15   -1.047895
    0    0   12   15   -1.785480
    0    0   13   15   -3.025672
    0    0   14   15    0.355950
    0    0   15   15   -5.629787
    0    0   16   15    1.076237
    0    0   17   15    0.347620
    0    0   18   15    0.493405
    0    0    1   16    0.068855
    0    0    2   16    0.023445
    0    0    3   16   -0.101765
    0    0    4   16    0.019615
    0    0    5   16    0.011287
    0    0    6   16    0.123233
    0    0    7   16    0.473860
    0    0    8   16    0.009090
    0    0    9   16    0.076500
    0    0   10   16   -0.122173
    0    0   11   16   -0.193420
    0    0   12   16   -0.196110
    0    0   13   16   -0.149555
    0    0   14   16    0.012580
    0    0   15   16    1.076237
    0    0   16   16    0.028380
    0    0   17   16    0.018072
    0    0   18   16    0.490643
    0    0    1   17   -0.055535
    0    0    2   17    1.445862
    0    0    3   17    0.012453
    0    0    4   17   -0.181530
    0    0    5   17   -1.302285
    0    0    6   17   -0.135722
    0    0    7   17   -0.005522
    0    0    8   17    1.758375
    0    0    9   17   -0.042822
    0    0   10   17    0.044740
    0    0   11   17    0.674830
    0    0   12   17   -0.149732
    0    0   13   17   -0.090402
    0    0   14   17   -1.974425
    0    0   15   17    0.347620
    0    0   16   17    0.018072
    0    0   17   17   -0.094405
    0    0   18   17    0.072612
    0    0    1   18    1.437515
    0    0    2   18    0.111070
    0    0    3   18   -0.786120
    0    0    4   18    0.145120
    0    0    5   18   -0.020825
    0    0    6   18   -2.075112
    0    0    7   18    2.378702
    0    0    8   18   -0.206530
    0    0    9   18    0.731230
    0    0   10   18    1.161270
    0    0   11   18   -0.233980
    0    0   12   18   -0.071595
    0    0   13   18   -0.384935
    0    0   14   18    0.001005
    0    0   15   18    0.493405
    0    0   16   18    0.490643
    0    0   17   18    0.072612
    0    0   18   18    9.028155
    1    0    1    1   -0.020585
    1    0    2    1    0.698770
    1    0    3    1    0.066625
    1    0    4    1    0.213967
    1    0    5    1    0.075605
    1    0    6    1    2.223078
    1    0    7    1    0.109168
    1    0    8    1    0.005577
    1    0    9    1   -0.099535
    1    0   10    1    0.368250
    1    0   11    1    0.014340
    1    0   12    1    2.565053
    1    0   13    1   -0.606615
    1    0   14    1   -0.064735
    1    0   15    1   -0.254390
    1    0   16    1   -0.148492
    1    0   17    1   -0.096187
    1    0   18    1   -0.179790
    1    0    1    2   -0.000818
    1    0    2    2   -0.028568
    1    0    3    2    0.012832
    1    0    4    2   -0.094410
    1    0    5    2   -0.006987
    1    0    6    2   -0.040420
    1    0    7    2   -0.006995
    1    0    8    2    0.001107
    1    0    9    2    0.002320
    1    0   10    2   -0.039070
    1    0   11    2   -0.005130
    1    0   12    2   -0.059542
    1    0   13    2    0.003418
    1    0   14    2    0.004212
    1    0   15    2    0.081385
    1    0   16    2    0.005975
    1    0   17    2   -0.024300
    1    0   18    2    0.054732
    1    0    1    3    0.963155
    1    0    2    3   -4.145342
    1    0    3    3   -0.108578
    1    0    4    3    0.120052
    1    0    5    3    0.505937
    1    0    6    3    2.800162
    1    0    7    3    0.154615
    1    0    8    3    0.027297
    1    0    9    3   -0.061183
    1    0   10    3   -0.349172
    1    0   11    3   -0.087697
    1    0   12    3    3.812387
    1    0   13    3   -1.238112
    1    0   14    3    0.176215
    1    0   15    3   -1.863472
    1    0   16    3   -0.088263
    1    0   17    3    0.098377
    1    0   18    3   -1.102000
    1    0    1    4    0.010570
    1    0    2    4   -0.320490
    1    0    3    4   -0.020530
    1    0    4    4   -0.190580
    1    0    5    4   -0.062645
    1    0    6    4    1.095407
    1    0    7    4    0.131577
    1    0    8    4    0.008597
    1    0    9    4   -0.129080
    1    0   10    4   -0.036108
    1    0   11    4    0.016037
    1    0   12    4   -0.012705
    1    0   13    4    0.221688
    1    0   14    4   -0.035047
    1    0   15    4    0.535575
    1    0   16    4   -0.226552
    1    0   17    4   -0.017647
    1    0   18    4    0.758520
    1    0    1    5    0.002615
    1    0    2    5   -0.103440
    1    0    3    5    0.003353
    1    0    4    5   -0.055565
    1    0    5    5   -0.021435
    1    0    6    5    0.177372
    1    0    7    5   -0.003950
    1    0    8    5    0.001892
    1    0    9    5    0.017470
    1    0   10    5    0.011895
    1    0   11    5    0.008740
    1    0   12    5   -0.077667
    1    0   13    5   -0.201160
    1    0   14    5   -0.002442
    1    0   15    5    0.132097
    1    0   16    5    0.009472
    1    0   17    5    1.080207
    1    0   18    5    0.022067
    1    0    1    6   -0.027428
    1    0    2    6    0.005445
    1    0    3    6    0.054100
    1    0    4    6   -0.203518
    1    0    5    6   -0.007025
    1    0    6    6    0.094185
    1    0    7    6   -0.030150
    1    0    8    6   -0.004023
    1    0    9    6   -0.037245
    1    0   10    6    0.122975
    1    0   11    6    0.038497
    1    0   12    6   -0.481268
    1    0   13    6   -0.397595
    1    0   14    6    0.021805
    1    0   15    6   -0.366367
    1    0   16    6    0.022420
    1    0   17    6    0.042302
    1    0   18    6    0.025848
    1    0    1    7   -0.043227
    1    0    2    7   -0.005195
    1    0    3    7   -0.011637
    1    0    4    7    0.048402
    1    0    5    7    0.001310
    1    0    6    7    0.056150
    1    0    7    7   -0.231235
    1    0    8    7   -0.008675
    1    0    9    7   -0.020095
    1    0   10    7    0.021862
    1    0   11    7   -0.003338
    1    0   12    7   -0.480400
    1    0   13    7    0.077335
    1    0   14    7    0.001955
    1    0   15    7   -0.017737
    1    0   16    7    0.003652
    1    0   17    7    0.000945
    1    0   18    7    0.052225
    1    0    1    8   -0.022355
    1    0    2    8    0.443557
    1    0    3    8   -0.050850
    1    0    4    8    0.018915
    1    0    5    8    0.006905
    1    0    6    8   -0.554353
    1    0    7    8    0.167288
    1    0    8    8   -0.003530
    1    0    9    8    0.064552
    1    0   10    8    0.100435
    1    0   11    8    0.068290
    1    0   12    8   -0.030165
    1    0   13    8    0.387167
    1    0   14    8    0.012090
    1    0   15    8    0.019815
    1    0   16    8   -0.004857
    1    0   17    8   -1.253505
    1    0   18    8    0.326157
    1    0    1    9   -0.012025
    1    0    2    9    0.095487
    1    0    3    9    0.098542
    1    0    4    9   -0.076525
    1    0    5    9   -0.028532
    1    0    6    9    0.205432
    1    0    7    9    0.005680
    1    0    8    9   -0.023377
    1    0    9    9   -0.238267
    1    0   10    9   -0.554997
    1    0   11    9    0.083653
    1    0   12    9   -1.025690
    1    0   13    9   -2.956805
    1    0   14    9    0.112587
    1    0   15    9   -0.556310
    1    0   16    9    0.101667
    1    0   17    9   -0.083875
    1    0   18    9    0.671040
    1    0    1   10   -0.034792
    1    0    2   10    0.027752
    1    0    3   10   -0.024322
    1    0    4   10   -0.880650
    1    0    5   10    0.023948
    1    0    6   10    0.138817
    1    0    7   10   -0.043885
    1    0    8   10    0.001123
    1    0    9   10    0.000762
    1    0   10   10    0.227790
    1    0   11   10   -0.107467
    1    0   12   10   -3.252235
    1    0   13   10    1.343257
    1    0   14   10   -0.017868
    1    0   15   10    0.602982
    1    0   16   10   -0.020553
    1    0   17   10    0.594945
    1    0   18   10   -0.191672
    1    0    1   11   -0.001200
    1    0    2   11    0.004195
    1    0    3   11   -0.005512
    1    0    4   11    0.041425
    1    0    5   11    0.000495
    1    0    6   11   -0.006183
    1    0    7   11   -0.031025
    1    0    8   11    0.000477
    1    0    9   11    0.002962
    1    0   10   11    0.125512
    1    0   11   11   -0.004430
    1    0   12   11   -0.088125
    1    0   13   11   -0.025063
    1    0   14   11    0.004510
    1    0   15   11   -0.008298
    1    0   16   11    0.005103
    1    0   17   11   -0.105535
    1    0   18   11    0.001777
    1    0    1   12   -0.002233
    1    0    2   12    0.037018
    1    0    3   12   -0.035630
    1    0    4   12   -0.859915
    1    0    5   12    0.008332
    1    0    6   12    0.000195
    1    0    7   12    0.008077
    1    0    8   12    0.004280
    1    0    9   12    0.011905
    1    0   10   12   -0.051295
    1    0   11   12    0.000385
    1    0   12   12    0.017830
    1    0   13   12   -0.035487
    1    0   14   12    0.009150
    1    0   15   12    0.006170
    1    0   16   12    0.002950
    1    0   17   12    0.007003
    1    0   18   12   -0.058310
    1    0    1   13    0.043570
    1    0    2   13   -0.169342
    1    0    3   13    0.032160
    1    0    4   13    1.763587
    1    0    5   13   -0.012597
    1    0    6   13   -0.006025
    1    0    7   13    0.158467
    1    0    8   13   -0.000580
    1    0    9   13   -0.022280
    1    0   10   13    0.074675
    1    0   11   13   -0.026382
    1    0   12   13    0.479453
    1    0   13   13    0.395532
    1    0   14   13   -0.029460
    1    0   15   13    0.193010
    1    0   16   13   -0.007610
    1    0   17   13    0.027095
    1    0   18   13    0.047525
    1    0    1   14    0.003053
    1    0    2   14   -0.024823
    1    0    3   14    0.000463
    1    0    4   14    0.143247
    1    0    5   14   -0.036097
    1    0    6   14    0.034585
    1    0    7   14   -0.019997
    1    0    8   14    0.000015
    1    0    9   14    0.030307
    1    0   10   14    0.401785
    1    0   11   14    0.047828
    1    0   12   14    0.622440
    1    0   13   14   -0.044522
    1    0   14   14   -0.006120
    1    0   15   14    0.114370
    1    0   16   14    0.018175
    1    0   17   14    2.845303
    1    0   18   14    0.078725
    1    0    1   15    0.044340
    1    0    2   15   -0.023467
    1    0    3   15    0.020505
    1    0    4   15    0.243728
    1    0    5   15   -0.007438
    1    0    6   15   -0.090075
    1    0    7   15   -0.007472
    1    0    8   15    0.001897
    1    0    9   15   -0.034555
    1    0   10   15   -0.049685
    1    0   11   15   -0.005592
    1    0   12   15    0.029572
    1    0   13   15    0.034123
    1    0   14   15   -0.025402
    1    0   15   15    0.253492
    1    0   16   15   -0.018095
    1    0   17   15   -0.028265
    1    0   18   15    0.004805
    1    0    1   16    0.000542
    1    0    2   16    0.015367
    1    0    3   16   -0.010950
    1    0    4   16   -0.357698
    1    0    5   16    0.000943
    1    0    6   16   -0.018372
    1    0    7   16    1.223282
    1    0    8   16   -0.001407
    1    0    9   16    0.004030
    1    0   10   16    0.178705
    1    0   11   16   -0.004620
    1    0   12   16   -0.065970
    1    0   13   16    0.019385
    1    0   14   16    0.003642
    1    0   15   16   -0.008712
    1    0   16   16    0.019563
    1    0   17   16    0.002648
    1    0   18   16   -0.038705
    1    0    1   17    0.034955
    1    0    2   17   -2.787500
    1    0    3   17    0.001510
    1    0    4   17   -0.075272
    1    0    5   17   -0.085905
    1    0    6   17    1.425097
    1    0    7   17   -0.013432
    1    0    8   17    0.012380
    1    0    9   17    0.019192
    1    0   10   17    0.366610
    1    0   11   17   -0.484120
    1    0   12   17   -0.002482
    1    0   13   17   -0.269822
    1    0   14   17   -0.095128
    1    0   15   17    2.310598
    1    0   16   17   -0.002032
    1    0   17   17   -0.005018
    1    0   18   17   -0.044612
    1    0    1   18   -0.061365
    1    0    2   18    0.175420
    1    0    3   18   -0.029747
    1    0    4   18   -1.027005
    1    0    5   18    0.015747
    1    0    6   18   -0.021237
    1    0    7   18   -0.038508
    1    0    8   18    0.003570
    1    0    9   18    0.039332
    1    0   10   18   -0.007067
    1    0   11   18   -0.012250
    1    0   12   18   -0.171245
    1    0   13   18    0.670565
    1    0   14   18    0.030755
    1    0   15   18    0.029597
    1    0   16   18    0.001440
    1    0   17   18   -0.152620
    1    0   18   18   -0.104277
   -1    1    1    1    0.004488
   -1    1    2    1    0.003000
   -1    1    3    1    0.018267
   -1    1    4    1    0.006675
   -1    1    5    1   -0.000472
   -1    1    6    1   -0.006605
   -1    1    7    1    0.002152
   -1    1    8    1   -0.003700
   -1    1    9    1   -0.001200
   -1    1   10    1   -0.013285
   -1    1   11    1   -0.000232
   -1    1   12    1   -0.012722
   -1    1   13    1   -0.004177
   -1    1   14    1    0.000635
   -1    1   15    1    0.013017
   -1    1   16    1   -0.002397
   -1    1   17    1    0.001135
   -1    1   18    1   -0.011560
   -1    1    1    2   -0.001093
   -1    1    2    2   -0.000847
   -1    1    3    2    0.057040
   -1    1    4    2   -0.007145
   -1    1    5    2   -0.001922
   -1    1    6    2    0.001745
   -1    1    7    2    0.003770
   -1    1    8    2    0.005315
   -1    1    9    2    0.000505
   -1    1   10    2    0.007320
   -1    1   11    2    0.001570
   -1    1   12    2    0.005290
   -1    1   13    2   -0.003632
   -1    1   14    2   -0.001970
   -1    1   15    2   -0.016810
   -1    1   16    2   -0.001243
   -1    1   17    2   -0.002865
   -1    1   18    2    0.004530
   -1    1    1    3    0.000130
   -1    1    2    3   -0.000332
   -1    1    3    3    0.001290
   -1    1    4    3   -0.002360
   -1    1    5    3    0.000840
   -1    1    6    3   -0.006812
   -1    1    7    3   -0.009800
   -1    1    8    3    0.002182
   -1    1    9    3   -0.002465
   -1    1   10    3    0.014205
   -1    1   11    3   -0.000015
   -1    1   12    3   -0.007748
   -1    1   13    3    0.008927
   -1    1   14    3   -0.001120
   -1    1   15    3   -0.002435
   -1    1   16    3   -0.001578
   -1    1   17    3    0.001595
   -1    1   18    3    0.003597
   -1    1    1    4   -0.886235
   -1    1    2    4    0.011217
   -1    1    3    4   -0.050570
   -1    1    4    4    0.008050
   -1    1    5    4   -0.012595
   -1    1    6    4   -0.054907
   -1    1    7    4   -0.005283
   -1    1    8    4    0.043600
   -1    1    9    4   -0.185612
   -1    1   10    4   -0.024330
   -1    1   11    4    0.004337
   -1    1   12    4   -0.015522
   -1    1   13    4    0.037205
   -1    1   14    4    0.005698
   -1    1   15    4   -0.019882
   -1    1   16    4    0.003620
   -1    1   17    4   -0.000952
   -1    1   18    4    0.012040
   -1    1    1    5   -0.000168
   -1    1    2    5   -0.000435
   -1    1    3    5    0.002970
   -1    1    4    5   -0.002535
   -1    1    5    5   -0.000030
   -1    1    6    5    0.002182
   -1    1    7    5    0.000630
   -1    1    8    5   -0.000550
   -1    1    9    5   -0.000478
   -1    1   10    5    0.001450
   -1    1   11    5    0.000240
   -1    1   12    5    0.001612
   -1    1   13    5    0.000032
   -1    1   14    5   -0.000207
   -1    1   15    5   -0.003415
   -1    1   16    5   -0.000208
   -1    1   17    5   -0.000262
   -1    1   18    5    0.001623
   -1    1    1    6    0.015715
   -1    1    2    6   -0.000660
   -1    1    3    6    0.017987
   -1    1    4    6    0.000920
   -1    1    5    6    0.002885
   -1    1    6    6   -0.014858
   -1    1    7    6    0.005202
   -1    1    8    6   -0.018100
   -1    1    9    6   -0.014265
   -1    1   10    6   -0.010138
   -1    1   11    6    0.002372
   -1    1   12    6    0.005932
   -1    1   13    6    0.001797
   -1    1   14    6   -0.002927
   -1    1   15    6    0.017060
   -1    1   16    6   -0.006200
   -1    1   17    6    0.012185
   -1    1   18    6    0.005962
   -1    1    1    7    2.440955
   -1    1    2    7   -0.019717
   -1    1    3    7    2.974625
   -1    1    4    7    0.014565
   -1    1    5    7   -0.056800
   -1    1    6    7    0.595040
   -1    1    7    7    0.008537
   -1    1    8    7   -0.179377
   -1    1    9    7   -0.776408
   -1    1   10    7   -1.952890
   -1    1   11    7    0.042625
   -1    1   12    7    0.055242
   -1    1   13    7   -0.377133
   -1    1   14    7    0.338872
   -1    1   15    7   -0.208090
   -1    1   16    7    0.027910
   -1    1   17    7    0.000173
   -1    1   18    7    0.890625
   -1    1    1    8    0.001995
   -1    1    2    8   -0.000090
   -1    1    3    8    0.003552
   -1    1    4    8   -0.000550
   -1    1    5    8   -0.000067
   -1    1    6    8   -0.000218
   -1    1    7    8   -0.001360
   -1    1    8    8   -0.000237
   -1    1    9    8   -0.000625
   -1    1   10    8    0.005905
   -1    1   11    8   -0.000163
   -1    1   12    8    0.001542
   -1    1   13    8   -0.001543
   -1    1   14    8   -0.000080
   -1    1   15    8    0.000398
   -1    1   16    8    0.000272
   -1    1   17    8   -0.000313
   -1    1   18    8    0.000195
   -1    1    1    9   -0.000282
   -1    1    2    9    0.001050
   -1    1    3    9   -0.010782
   -1    1    4    9   -0.032075
   -1    1    5    9   -0.000055
   -1    1    6    9   -0.002230
   -1    1    7    9    0.004082
   -1    1    8    9    0.000857
   -1    1    9    9   -0.006188
   -1    1   10    9    0.002115
   -1    1   11    9    0.000130
   -1    1   12    9    0.015315
   -1    1   13    9   -0.006177
   -1    1   14    9    0.000860
   -1    1   15    9   -0.000827
   -1    1   16    9   -0.002020
   -1    1   17    9   -0.001320
   -1    1   18    9    0.012955
   -1    1    1   10    0.037062
   -1    1    2   10   -0.007047
   -1    1    3   10    0.040705
   -1    1    4   10   -0.071910
   -1    1    5   10   -0.031482
   -1    1    6   10    0.005313
   -1    1    7   10   -0.025083
   -1    1    8   10    0.183152
   -1    1    9   10    0.016012
   -1    1   10   10   -0.019505
   -1    1   11   10    0.000018
   -1    1   12   10   -0.009893
   -1    1   13   10   -0.000697
   -1    1   14   10   -0.001882
   -1    1   15   10    0.010165
   -1    1   16   10   -0.011907
   -1    1   17   10   -0.126452
   -1    1   18   10    0.003055
   -1    1    1   11   -0.000928
   -1    1    2   11    0.001567
   -1    1    3   11   -0.011100
   -1    1    4   11    0.007772
   -1    1    5   11    0.001985
   -1    1    6   11   -0.003732
   -1    1    7   11    0.001070
   -1    1    8   11   -0.008765
   -1    1    9   11    0.008962
   -1    1   10   11   -0.002138
   -1    1   11   11    0.000335
   -1    1   12   11    0.000432
   -1    1   13   11   -0.002227
   -1    1   14   11    0.000535
   -1    1   15   11    0.000962
   -1    1   16   11   -0.000010
   -1    1   17   11    0.004217
   -1    1   18   11    0.002047
   -1    1    1   12    0.057840
   -1    1    2   12   -0.009517
   -1    1    3   12   -0.087732
   -1    1    4   12   -0.002912
   -1    1    5   12   -0.006155
   -1    1    6   12    0.015642
   -1    1    7   12    0.018008
   -1    1    8   12   -0.016275
   -1    1    9   12   -0.043120
   -1    1   10   12    0.021085
   -1    1   11   12   -0.004808
   -1    1   12   12    0.007542
   -1    1   13   12    0.025365
   -1    1   14   12   -0.013052
   -1    1   15   12    0.006440
   -1    1   16   12    0.005355
   -1    1   17   12   -0.016087
   -1    1   18   12   -0.006365
   -1    1    1   13   -0.033150
   -1    1    2   13    0.002585
   -1    1    3   13   -0.084852
   -1    1    4   13   -0.027247
   -1    1    5   13    0.002117
   -1    1    6   13    0.014350
   -1    1    7   13   -0.029492
   -1    1    8   13    0.002887
   -1    1    9   13   -0.006102
   -1    1   10   13   -0.020387
   -1    1   11   13    0.000092
   -1    1   12   13   -0.004915
   -1    1   13   13   -0.010097
   -1    1   14   13    0.007227
   -1    1   15   13    0.004535
   -1    1   16   13    0.005108
   -1    1   17   13   -0.000452
   -1    1   18   13   -0.048505
   -1    1    1   14    0.000255
   -1    1    2   14   -0.000282
   -1    1    3   14    0.007545
   -1    1    4   14   -0.003805
   -1    1    5   14   -0.000548
   -1    1    6   14    0.000923
   -1    1    7   14    0.002485
   -1    1    8   14    0.001185
   -1    1    9   14   -0.003017
   -1    1   10   14    0.002272
   -1    1   11   14    0.000255
   -1    1   12   14    0.002600
   -1    1   13   14   -0.000215
   -1    1   14   14   -0.000355
   -1    1   15   14   -0.004125
   -1    1   16   14   -0.000475
   -1    1   17   14   -0.001065
   -1    1   18   14    0.003743
   -1    1    1   15   -0.007185
   -1    1    2   15   -0.006497
   -1    1    3   15    0.000290
   -1    1    4   15    0.018363
   -1    1    5   15   -0.005677
   -1    1    6   15    0.006897
   -1    1    7   15    0.006890
   -1    1    8   15    0.016442
   -1    1    9   15   -0.031030
   -1    1   10   15    0.020520
   -1    1   11   15   -0.005350
   -1    1   12   15    0.002043
   -1    1   13   15    0.007895
   -1    1   14   15   -0.002897
   -1    1   15   15    0.001375
   -1    1   16   15    0.006588
   -1    1   17   15   -0.027255
   -1    1   18   15   -0.017177
   -1    1    1   16    0.044542
   -1    1    2   16   -0.008090
   -1    1    3   16   -0.158327
   -1    1    4   16   -0.089218
   -1    1    5   16   -0.005278
   -1    1    6   16   -0.030350
   -1    1    7   16   -0.002635
   -1    1    8   16    0.013115
   -1    1    9   16   -0.074910
   -1    1   10   16    0.055152
   -1    1   11   16   -0.006088
   -1    1   12   16   -0.009155
   -1    1   13   16    0.022947
   -1    1   14   16   -0.011813
   -1    1   15   16    0.024735
   -1    1   16   16    0.000072
   -1    1   17   16    0.005912
   -1    1   18   16   -0.037282
   -1    1    1   17    0.002658
   -1    1    2   17   -0.000145
   -1    1    3   17   -0.001007
   -1    1    4   17    0.000185
   -1    1    5   17    0.001765
   -1    1    6   17   -0.001547
   -1    1    7   17    0.000485
   -1    1    8   17   -0.005127
   -1    1    9   17    0.000385
   -1    1   10   17    0.003065
   -1    1   11   17    0.000617
   -1    1   12   17    0.000918
   -1    1   13   17   -0.003115
   -1    1   14   17   -0.001655
   -1    1   15   17    0.001997
   -1    1   16   17    0.000045
   -1    1   17   17    0.000155
   -1    1   18   17    0.003830
   -1    1    1   18    0.015162
   -1    1    2   18    0.003125
   -1    1    3   18   -0.056292
   -1    1    4   18   -0.085015
   -1    1    5   18    0.001270
   -1    1    6   18   -0.013152
   -1    1    7   18   -0.009497
   -1    1    8   18    0.020940
   -1    1    9   18   -0.057740
   -1    1   10   18    0.004343
   -1    1   11   18   -0.001665
   -1    1   12   18   -0.001342
   -1    1   13   18    0.006915
   -1    1   14   18    0.002742
   -1    1   15   18    0.015587
   -1    1   16   18    0.000095
   -1    1   17   18    0.002105
   -1    1   18   18   -0.016125
    0    1    1    1   -0.084867
    0    1    2    1    0.006778
    0    1    3    1    0.119315
    0    1    4    1    0.028477
    0    1    5    1    0.000103
    0    1    6    1   -0.025315
    0    1    7    1   -0.018167
    0    1    8    1    0.008688
    0    1    9    1   -0.015277
    0    1   10    1   -0.021965
    0    1   11    1    0.000832
    0    1   12    1   -0.016680
    0    1   13    1    0.010227
    0    1   14    1    0.003167
    0    1   15    1    0.034907
    0    1   16    1    0.000885
    0    1   17    1    0.010868
    0    1   18    1   -0.035815
    0    1    1    2    0.001780
    0    1    2    2   -0.022992
    0    1    3    2    0.078393
    0    1    4    2   -0.011530
    0    1    5    2    0.016045
    0    1    6    2    0.038390
    0    1    7    2    0.001210
    0    1    8    2   -0.010333
    0    1    9    2    0.004560
    0    1   10    2    0.024137
    0    1   11    2    0.003330
    0    1   12    2   -0.006925
    0    1   13    2   -0.032677
    0    1   14    2   -0.005922
    0    1   15    2   -0.010190
    0    1   16    2    0.005290
    0    1   17    2    0.015760
    0    1   18    2    0.025442
    0    1    1    3   -0.055910
    0    1    2    3    0.008430
    0    1    3    3   -0.102990
    0    1    4    3   -0.015285
    0    1    5    3    0.003552
    0    1    6    3   -0.030622
    0    1    7    3   -0.022487
    0    1    8    3    0.029015
    0    1    9    3   -0.033900
    0    1   10    3   -0.008240
    0    1   11    3   -0.004655
    0    1   12    3   -0.018970
    0    1   13    3    0.010745
    0    1   14    3    0.009062
    0    1   15    3    0.038025
    0    1   16    3    0.003185
    0    1   17    3    0.008278
    0    1   18    3   -0.015202
    0    1    1    4    0.001885
    0    1    2    4    0.024610
    0    1    3    4    0.024915
    0    1    4    4    0.054042
    0    1    5    4    0.000485
    0    1    6    4   -0.156988
    0    1    7    4    0.011330
    0    1    8    4   -0.004802
    0    1    9    4   -0.004690
    0    1   10    4    0.031910
    0    1   11    4   -0.007383
    0    1   12    4    0.115027
    0    1   13    4    0.109698
    0    1   14    4   -0.006670
    0    1   15    4    0.038910
    0    1   16    4   -0.006083
    0    1   17    4    0.014585
    0    1   18    4   -0.028150
    0    1    1    5    0.003523
    0    1    2    5   -0.003155
    0    1    3    5   -0.000567
    0    1    4    5   -0.001400
    0    1    5    5   -0.001958
    0    1    6    5    0.007177
    0    1    7    5    0.001117
    0    1    8    5   -0.007612
    0    1    9    5    0.006965
    0    1   10    5    0.002352
    0    1   11    5    0.000437
    0    1   12    5    0.001540
    0    1   13    5   -0.002540
    0    1   14    5   -0.001460
    0    1   15    5   -0.006825
    0    1   16    5   -0.000185
    0    1   17    5   -0.002045
    0    1   18    5    0.001830
    0    1    1    6    0.139272
    0    1    2    6   -0.017355
    0    1    3    6    0.050495
    0    1    4    6    0.022575
    0    1    5    6   -0.083675
    0    1    6    6   -0.021692
    0    1    7    6    0.010987
    0    1    8    6    0.042760
    0    1    9    6    0.013070
    0    1   10    6   -0.000510
    0    1   11    6   -0.004595
    0    1   12    6    0.017360
    0    1   13    6    0.016913
    0    1   14    6   -0.001490
    0    1   15    6   -0.035245
    0    1   16    6   -0.012440
    0    1   17    6   -0.016508
    0    1   18    6    0.009312
    0    1    1    7    0.153860
    0    1    2    7   -0.861167
    0    1    3    7    0.030170
    0    1    4    7    0.113062
    0    1    5    7   -0.085867
    0    1    6    7    3.149065
    0    1    7    7    0.069995
    0    1    8    7    0.088437
    0    1    9    7    0.992185
    0    1   10    7   -0.182785
    0    1   11    7    0.149412
    0    1   12    7    0.967333
    0    1   13    7    1.062122
    0    1   14    7   -0.115652
    0    1   15    7   -0.144535
    0    1   16    7    0.097592
    0    1   17    7   -0.278985
    0    1   18    7   -0.392103
    0    1    1    8    0.002470
    0    1    2    8   -0.000527
    0    1    3    8   -0.007893
    0    1    4    8   -0.009065
    0    1    5    8   -0.000283
    0    1    6    8   -0.002600
    0    1    7    8   -0.004877
    0    1    8    8   -0.000173
    0    1    9    8   -0.007238
    0    1   10    8    0.001737
    0    1   11    8    0.000642
    0    1   12    8    0.000760
    0    1   13    8   -0.002880
    0    1   14    8   -0.000612
    0    1   15    8    0.002752
    0    1   16    8    0.000415
    0    1   17    8   -0.003155
    0    1   18    8   -0.003608
    0    1    1    9    0.010360
    0    1    2    9    0.007230
    0    1    3    9   -0.027032
    0    1    4    9   -0.077897
    0    1    5    9    0.006430
    0    1    6    9    0.006732
    0    1    7    9    0.008945
    0    1    8    9    0.020025
    0    1    9    9    0.054605
    0    1   10    9   -0.010475
    0    1   11    9    0.003140
    0    1   12    9    0.011870
    0    1   13    9   -0.018835
    0    1   14    9    0.009092
    0    1   15    9   -0.021565
    0    1   16    9   -0.005853
    0    1   17    9   -0.001500
    0    1   18    9    0.029087
    0    1    1   10   -0.207270
    0    1    2   10   -0.251610
    0    1    3   10   -0.142420
    0    1    4   10   -0.015603
    0    1    5   10    0.700780
    0    1    6   10    1.366110
    0    1    7   10   -0.029228
    0    1    8   10    0.230327
    0    1    9   10   -0.018182
    0    1   10   10   -0.026783
    0    1   11   10    0.150840
    0    1   12   10   -0.035817
    0    1   13   10   -0.063495
    0    1   14   10   -0.021775
    0    1   15   10   -0.206920
    0    1   16   10   -0.011715
    0    1   17   10    0.043962
    0    1   18   10   -0.012733
    0    1    1   11   -0.149803
    0    1    2   11    0.015665
    0    1    3   11   -0.101655
    0    1    4   11    0.066400
    0    1    5   11   -0.013637
    0    1    6   11   -0.051147
    0    1    7   11    0.004802
    0    1    8   11    0.157925
    0    1    9   11   -0.004970
    0    1   10   11   -0.009430
    0    1   11   11   -0.003152
    0    1   12   11   -0.004502
    0    1   13   11   -0.004710
    0    1   14   11   -0.012442
    0    1   15   11    0.020185
    0    1   16   11    0.002155
    0    1   17   11   -0.097950
    0    1   18   11    0.013335
    0    1    1   12    0.129460
    0    1    2   12   -0.003658
    0    1    3   12   -0.022455
    0    1    4   12    0.010282
    0    1    5   12    0.003643
    0    1    6   12    0.357772
    0    1    7   12   -0.019992
    0    1    8   12   -0.022427
    0    1    9   12   -0.065130
    0    1   10   12   -0.027195
    0    1   11   12   -0.003905
    0    1   12   12   -0.046560
    0    1   13   12    0.070130
    0    1   14   12   -0.005600
    0    1   15   12    0.088442
    0    1   16   12   -0.017717
    0    1   17   12   -0.004180
    0    1   18   12    0.068400
    0    1    1   13   -0.016115
    0    1    2   13    0.034415
    0    1    3   13    0.021570
    0    1    4   13    0.123620
    0    1    5   13    0.012270
    0    1    6   13   -0.003105
    0    1    7   13    0.010732
    0    1    8   13   -0.009595
    0    1    9   13    0.139747
    0    1   10   13   -0.081850
    0    1   11   13    0.003402
    0    1   12   13   -0.016475
    0    1   13   13   -0.010475
    0    1   14   13    0.015180
    0    1   15   13   -0.010363
    0    1   16   13   -0.005125
    0    1   17   13    0.006857
    0    1   18   13   -0.055207
    0    1    1   14    0.025002
    0    1    2   14   -0.005503
    0    1    3   14   -0.048962
    0    1    4   14   -0.005485
    0    1    5   14    0.000518
    0    1    6   14    0.013835
    0    1    7   14    0.003460
    0    1    8   14    0.001992
    0    1    9   14    0.015097
    0    1   10   14    0.009497
    0    1   11   14    0.001480
    0    1   12   14    0.004847
    0    1   13   14   -0.006800
    0    1   14   14   -0.003008
    0    1   15   14   -0.009740
    0    1   16   14    0.000277
    0    1   17   14   -0.018640
    0    1   18   14    0.007573
    0    1    1   15    0.871175
    0    1    2   15    0.017850
    0    1    3   15    0.053778
    0    1    4   15    0.000657
    0    1    5   15    0.121965
    0    1    6   15   -0.138155
    0    1    7   15    0.010985
    0    1    8   15    0.047522
    0    1    9   15    0.236780
    0    1   10   15    0.064377
    0    1   11   15   -0.009357
    0    1   12   15    0.049115
    0    1   13   15   -0.013228
    0    1   14   15   -0.005083
    0    1   15   15    0.193730
    0    1   16   15    0.007585
    0    1   17   15   -0.030773
    0    1   18   15   -0.042510
    0    1    1   16    0.424965
    0    1    2   16    0.017215
    0    1    3   16   -0.534232
    0    1    4   16    0.082422
    0    1    5   16    0.061060
    0    1    6   16   -0.628047
    0    1    7   16    0.228082
    0    1    8   16   -0.094275
    0    1    9   16   -0.751662
    0    1   10   16    0.275482
    0    1   11   16   -0.007358
    0    1   12   16    0.073285
    0    1   13   16    0.281747
    0    1   14   16   -0.147137
    0    1   15   16   -0.038153
    0    1   16   16   -0.019712
    0    1   17   16    0.060885
    0    1   18   16   -0.220497
    0    1    1   17    0.007480
    0    1    2   17   -0.006355
    0    1    3   17   -0.001587
    0    1    4   17   -0.005790
    0    1    5   17   -0.008318
    0    1    6   17   -0.008805
    0    1    7   17    0.000795
    0    1    8   17   -0.025380
    0    1    9   17    0.002053
    0    1   10   17    0.005032
    0    1   11   17    0.000045
    0    1   12   17   -0.000740
    0    1   13   17   -0.000190
    0    1   14   17   -0.001980
    0    1   15   17    0.001200
    0    1   16   17    0.000037
    0    1   17   17    0.005890
    0    1   18   17    0.003713
    0    1    1   18   -0.069820
    0    1    2   18    0.031400
    0    1    3   18   -0.078367
    0    1    4   18   -0.980290
    0    1    5   18   -0.001853
    0    1    6   18   -0.061668
    0    1    7   18   -0.065818
    0    1    8   18   -0.064092
    0    1    9   18   -0.450167
    0    1   10   18    0.015442
    0    1   11   18   -0.004690
    0    1   12   18    0.005712
    0    1   13   18    0.126697
    0    1   14   18    0.011247
    0    1   15   18   -0.000752
    0    1   16   18   -0.009215
    0    1   17   18   -0.029742
    0    1   18   18    0.013632
    1    1    1    1   -0.029597
    1    1    2    1   -0.025965
    1    1    3    1   -0.012040
    1    1    4    1    0.010065
    1    1    5    1   -0.007877
    1    1    6    1   -0.080390
    1    1    7    1    0.012750
    1    1    8    1    0.014180
    1    1    9    1   -0.053630
    1    1   10    1    0.030472
    1    1   11    1    0.000918
    1    1   12    1    0.098720
    1    1   13    1   -0.007715
    1    1   14    1   -0.005055
    1    1   15    1   -0.056060
    1    1   16    1    0.000443
    1    1   17    1    0.002382
    1    1   18    1   -0.036788
    1    1    1    2   -0.004387
    1    1    2    2   -0.020020
    1    1    3    2    0.010932
    1    1    4    2   -0.012195
    1    1    5    2   -0.001472
    1    1    6    2   -0.024172
    1    1    7    2    0.006230
    1    1    8    2   -0.001252
    1    1    9    2   -0.004245
    1    1   10    2   -0.010437
    1    1   11    2   -0.002302
    1    1   12    2   -0.016225
    1    1   13    2    0.001945
    1    1   14    2    0.001310
    1    1   15    2    0.008267
    1    1   16    2    0.001505
    1    1   17    2   -0.010918
    1    1   18    2    0.005145
    1    1    1    3   -0.090857
    1    1    2    3    0.060870
    1    1    3    3   -0.213850
    1    1    4    3   -0.025773
    1    1    5    3   -0.026282
    1    1    6    3   -0.058305
    1    1    7    3   -0.014660
    1    1    8    3   -0.020432
    1    1    9    3   -0.022832
    1    1   10    3   -0.065982
    1    1   11    3   -0.007425
    1    1   12    3    0.048675
    1    1   13    3    0.135427
    1    1   14    3    0.023880
    1    1   15    3   -0.014433
    1    1   16    3   -0.000330
    1    1   17    3    0.003865
    1    1   18    3   -0.044643
    1    1    1    4    0.013957
    1    1    2    4   -0.016400
    1    1    3    4   -0.008855
    1    1    4    4    0.131777
    1    1    5    4   -0.003875
    1    1    6    4    0.009492
    1    1    7    4    0.030545
    1    1    8    4    0.056967
    1    1    9    4    0.073707
    1    1   10    4    0.007707
    1    1   11    4   -0.000240
    1    1   12    4    0.034687
    1    1   13    4   -0.002553
    1    1   14    4   -0.004387
    1    1   15    4    0.000360
    1    1   16    4    0.001380
    1    1   17    4    0.008428
    1    1   18    4    0.002440
    1    1    1    5    0.003520
    1    1    2    5    0.000200
    1    1    3    5    0.002695
    1    1    4    5   -0.003280
    1    1    5    5   -0.003452
    1    1    6    5   -0.001632
    1    1    7    5    0.001432
    1    1    8    5   -0.004193
    1    1    9    5    0.010140
    1    1   10    5   -0.001783
    1    1   11    5   -0.000895
    1    1   12    5   -0.008565
    1    1   13    5   -0.014715
    1    1   14    5    0.000155
    1    1   15    5    0.007190
    1    1   16    5    0.001180
    1    1   17    5    0.002157
    1    1   18    5    0.007383
    1    1    1    6    0.033752
    1    1    2    6   -0.043163
    1    1    3    6   -0.011632
    1    1    4    6   -0.006595
    1    1    5    6   -0.012868
    1    1    6    6    0.096617
    1    1    7    6    0.005037
    1    1    8    6   -0.003355
    1    1    9    6    0.032835
    1    1   10    6   -0.002093
    1    1   11    6   -0.001480
    1    1   12    6   -0.007028
    1    1   13    6   -0.001408
    1    1   14    6    0.001507
    1    1   15    6   -0.048127
    1    1   16    6    0.003955
    1    1   17    6   -0.001760
    1    1   18    6    0.000922
    1    1    1    7   -0.033857
    1    1    2    7   -0.042555
    1    1    3    7   -0.004885
    1    1    4    7    0.270535
    1    1    5    7    0.002760
    1    1    6    7    0.028827
    1    1    7    7   -0.057220
    1    1    8    7   -0.003942
    1    1    9    7    0.004340
    1    1   10    7    0.025927
    1    1   11    7   -0.018773
    1    1   12    7    0.086367
    1    1   13    7    0.562700
    1    1   14    7   -0.005302
    1    1   15    7    0.149922
    1    1   16    7   -0.023238
    1    1   17    7    0.009540
    1    1   18    7   -0.059745
    1    1    1    8    0.006297
    1    1    2    8    0.000487
    1    1    3    8   -0.006425
    1    1    4    8    0.020380
    1    1    5    8   -0.001615
    1    1    6    8    0.006982
    1    1    7    8    0.005918
    1    1    8    8   -0.009125
    1    1    9    8    0.021012
    1    1   10    8   -0.002608
    1    1   11    8   -0.000677
    1    1   12    8    0.000985
    1    1   13    8    0.002850
    1    1   14    8    0.000030
    1    1   15    8    0.011615
    1    1   16    8   -0.000798
    1    1   17    8    0.004330
    1    1   18    8    0.006842
    1    1    1    9    0.053680
    1    1    2    9    0.017792
    1    1    3    9    0.003303
    1    1    4    9   -0.000183
    1    1    5    9    0.010278
    1    1    6    9    0.073285
    1    1    7    9    0.030467
    1    1    8    9   -0.010185
    1    1    9    9    0.172285
    1    1   10    9   -0.047473
    1    1   11    9    0.001553
    1    1   12    9   -0.054322
    1    1   13    9   -0.006210
    1    1   14    9    0.012222
    1    1   15    9   -0.009427
    1    1   16    9    0.005707
    1    1   17    9    0.001140
    1    1   18    9    0.084913
    1    1    1   10   -0.096227
    1    1    2   10    0.015055
    1    1    3   10   -0.028373
    1    1    4   10    0.003497
    1    1    5   10   -0.000210
    1    1    6   10    0.111932
    1    1    7   10    0.001373
    1    1    8   10    0.005925
    1    1    9   10   -0.035797
    1    1   10   10    0.138882
    1    1   11   10    0.001382
    1    1   12   10    0.070072
    1    1   13   10   -0.115152
    1    1   14   10   -0.002867
    1    1   15   10   -0.146525
    1    1   16   10   -0.014035
    1    1   17   10    0.002427
    1    1   18   10   -0.009040
    1    1    1   11    0.007147
    1    1    2   11   -0.010448
    1    1    3   11    0.004740
    1    1    4   11    0.003095
    1    1    5   11   -0.009855
    1    1    6   11    0.100350
    1    1    7   11   -0.006250
    1    1    8   11   -0.001985
    1    1    9   11   -0.007195
    1    1   10   11   -0.007370
    1    1   11   11   -0.007905
    1    1   12   11    0.010065
    1    1   13   11   -0.047997
    1    1   14   11   -0.004500
    1    1   15   11    0.129087
    1    1   16   11   -0.002328
    1    1   17   11    0.060020
    1    1   18   11    0.002392
    1    1    1   12   -0.021335
    1    1    2   12   -0.003720
    1    1    3   12    0.004082
    1    1    4   12   -0.000662
    1    1    5   12   -0.000875
    1    1    6   12    0.091885
    1    1    7   12   -0.021335
    1    1    8   12   -0.001690
    1    1    9   12   -0.007772
    1    1   10   12    0.008125
    1    1   11   12    0.006662
    1    1   12   12   -0.045380
    1    1   13   12    0.026038
    1    1   14   12   -0.007277
    1    1   15   12   -0.000692
    1    1   16   12   -0.011712
    1    1   17   12   -0.004460
    1    1   18   12   -0.009130
    1    1    1   13    0.003077
    1    1    2   13   -0.012647
    1    1    3   13    0.064562
    1    1    4   13   -0.001643
    1    1    5   13   -0.006805
    1    1    6   13    0.045325
    1    1    7   13   -0.022417
    1    1    8   13   -0.005200
    1    1    9   13   -0.097717
    1    1   10   13    0.013777
    1    1   11   13    0.007722
    1    1   12   13   -0.015097
    1    1   13   13   -0.138032
    1    1   14   13   -0.010205
    1    1   15   13   -0.036920
    1    1   16   13    0.004095
    1    1   17   13    0.005157
    1    1   18   13   -0.009605
    1    1    1   14    0.020753
    1    1    2   14    0.010713
    1    1    3   14    0.009505
    1    1    4   14   -0.004712
    1    1    5   14   -0.027262
    1    1    6   14   -0.029540
    1    1    7   14    0.001387
    1    1    8   14   -0.015182
    1    1    9   14    0.015905
    1    1   10   14    0.001212
    1    1   11   14   -0.006762
    1    1   12   14   -0.017927
    1    1   13   14   -0.017170
    1    1   14   14   -0.000548
    1    1   15   14    0.076957
    1    1   16   14    0.003965
    1    1   17   14    0.008805
    1    1   18   14    0.026108
    1    1    1   15   -0.021995
    1    1    2   15   -0.018245
    1    1    3   15   -0.041257
    1    1    4   15   -0.009540
    1    1    5   15    0.005600
    1    1    6   15   -0.213470
    1    1    7   15   -0.016030
    1    1    8   15    0.000395
    1    1    9   15    0.048100
    1    1   10   15   -0.044018
    1    1   11   15   -0.001030
    1    1   12   15   -0.128487
    1    1   13   15   -0.148945
    1    1   14   15    0.006492
    1    1   15   15    0.115928
    1    1   16   15    0.005302
    1    1   17   15   -0.006333
    1    1   18   15    0.065770
    1    1    1   16   -0.292007
    1    1    2   16   -0.117303
    1    1    3   16   -0.022150
    1    1    4   16    0.206845
    1    1    5   16    0.001692
    1    1    6   16   -0.126282
    1    1    7   16   -0.489882
    1    1    8   16   -0.038137
    1    1    9   16   -0.403720
    1    1   10   16    0.237292
    1    1   11   16    0.007498
    1    1   12   16   -1.164407
    1    1   13   16   -1.159207
    1    1   14   16   -0.055262
    1    1   15   16    0.344785
    1    1   16   16   -0.045870
    1    1   17   16    0.079225
    1    1   18   16   -0.288590
    1    1    1   17   -0.002652
    1    1    2   17   -0.003768
    1    1    3   17   -0.003500
    1    1    4   17   -0.000115
    1    1    5   17   -0.028042
    1    1    6   17    0.000295
    1    1    7   17    0.001795
    1    1    8   17   -0.016700
    1    1    9   17    0.004322
    1    1   10   17    0.001185
    1    1   11   17   -0.002442
    1    1   12   17   -0.004463
    1    1   13   17    0.002675
    1    1   14   17   -0.001720
    1    1   15   17   -0.024687
    1    1   16   17   -0.000240
    1    1   17   17    0.003555
    1    1   18   17    0.000707
    1    1    1   18   -0.046097
    1    1    2   18    0.069362
    1    1    3   18   -0.026920
    1    1    4   18   -0.035157
    1    1    5   18    0.002700
    1    1    6   18   -0.129785
    1    1    7   18    0.103470
    1    1    8   18    0.015172
    1    1    9   18    0.143177
    1    1   10   18    0.014477
    1    1   11   18   -0.000460
    1    1   12   18    0.041165
    1    1   13   18   -0.369370
    1    1   14   18    0.008547
    1    1   15   18   -0.060950
    1    1   16   18    0.022908
    1    1   17   18   -0.002873
    1    1   18   18    0.092437
