 ir1  ir2   m    n          ReH 
   -1   -1    1    1   -0.225102
   -1   -1    2    1    0.006735
   -1   -1    3    1   -0.053950
   -1   -1    4    1   -0.014427
   -1   -1    5    1   -0.011275
   -1   -1    6    1    0.001645
   -1   -1    7    1   -0.034403
   -1   -1    8    1    0.012892
   -1   -1    9    1   -0.127117
   -1   -1   10    1    0.004005
   -1   -1   11    1    0.004020
   -1   -1   12    1    0.015780
   -1   -1   13    1    0.050160
   -1   -1   14    1    0.014810
   -1   -1   15    1   -0.030302
   -1   -1   16    1    0.085222
   -1   -1   17    1   -0.028270
   -1   -1   18    1   -0.075747
   -1   -1    1    2   -0.000180
   -1   -1    2    2    0.008327
   -1   -1    3    2    0.011057
   -1   -1    4    2   -0.002555
   -1   -1    5    2    0.007847
   -1   -1    6    2    0.006135
   -1   -1    7    2   -0.009650
   -1   -1    8    2   -0.004390
   -1   -1    9    2   -0.007060
   -1   -1   10    2    0.010317
   -1   -1   11    2   -0.038935
   -1   -1   12    2    0.042025
   -1   -1   13    2   -0.044005
   -1   -1   14    2   -0.010767
   -1   -1   15    2    0.002845
   -1   -1   16    2    0.031105
   -1   -1   17    2    0.003705
   -1   -1   18    2   -0.019318
   -1   -1    1    3    0.054347
   -1   -1    2    3    0.002900
   -1   -1    3    3   -0.081830
   -1   -1    4    3   -0.138047
   -1   -1    5    3    0.010520
   -1   -1    6    3    0.040235
   -1   -1    7    3   -0.000003
   -1   -1    8    3    0.002900
   -1   -1    9    3   -0.075192
   -1   -1   10    3    0.029240
   -1   -1   11    3    0.005180
   -1   -1   12    3   -0.033853
   -1   -1   13    3   -0.013805
   -1   -1   14    3   -0.010745
   -1   -1   15    3   -0.000170
   -1   -1   16    3    0.027617
   -1   -1   17    3   -0.000885
   -1   -1   18    3    0.011517
   -1   -1    1    4   -0.072060
   -1   -1    2    4    0.002495
   -1   -1    3    4    0.088550
   -1   -1    4    4    0.090805
   -1   -1    5    4    0.000232
   -1   -1    6    4    1.259400
   -1   -1    7    4    0.031700
   -1   -1    8    4   -0.013927
   -1   -1    9    4   -0.027405
   -1   -1   10    4   -0.018617
   -1   -1   11    4    0.058410
   -1   -1   12    4   -0.447977
   -1   -1   13    4    0.029492
   -1   -1   14    4    0.002305
   -1   -1   15    4   -0.355760
   -1   -1   16    4    0.037248
   -1   -1   17    4   -0.011947
   -1   -1   18    4    0.046530
   -1   -1    1    5   -0.114888
   -1   -1    2    5    0.002690
   -1   -1    3    5   -0.053565
   -1   -1    4    5    0.062472
   -1   -1    5    5    0.007308
   -1   -1    6    5   -0.002760
   -1   -1    7    5    0.001950
   -1   -1    8    5   -0.003440
   -1   -1    9    5   -0.011582
   -1   -1   10    5    0.003938
   -1   -1   11    5   -0.002812
   -1   -1   12    5   -0.008260
   -1   -1   13    5    0.003973
   -1   -1   14    5    0.002048
   -1   -1   15    5   -0.001520
   -1   -1   16    5    0.023942
   -1   -1   17    5    0.049753
   -1   -1   18    5   -0.009687
   -1   -1    1    6   -0.025647
   -1   -1    2    6    0.023905
   -1   -1    3    6    0.041208
   -1   -1    4    6    0.019673
   -1   -1    5    6   -0.040887
   -1   -1    6    6    0.069627
   -1   -1    7    6    0.016698
   -1   -1    8    6   -0.001220
   -1   -1    9    6    0.017492
   -1   -1   10    6   -0.153193
   -1   -1   11    6   -0.033000
   -1   -1   12    6    0.161940
   -1   -1   13    6   -0.129360
   -1   -1   14    6    0.010900
   -1   -1   15    6    0.373315
   -1   -1   16    6   -0.019680
   -1   -1   17    6   -0.013113
   -1   -1   18    6    0.279945
   -1   -1    1    7   -0.047063
   -1   -1    2    7    0.039850
   -1   -1    3    7    0.003750
   -1   -1    4    7    0.014830
   -1   -1    5    7   -0.014737
   -1   -1    6    7    0.349680
   -1   -1    7    7   -0.056427
   -1   -1    8    7   -0.005030
   -1   -1    9    7    0.095943
   -1   -1   10    7   -0.022085
   -1   -1   11    7    0.025667
   -1   -1   12    7   -0.031742
   -1   -1   13    7   -0.113040
   -1   -1   14    7    0.011117
   -1   -1   15    7   -0.018080
   -1   -1   16    7   -0.010705
   -1   -1   17    7    0.007213
   -1   -1   18    7    0.067845
   -1   -1    1    8   -0.075742
   -1   -1    2    8    0.001668
   -1   -1    3    8   -0.038447
   -1   -1    4    8    0.059747
   -1   -1    5    8    0.004085
   -1   -1    6    8   -0.004575
   -1   -1    7    8   -0.000947
   -1   -1    8    8   -0.000947
   -1   -1    9    8   -0.006212
   -1   -1   10    8    0.009980
   -1   -1   11    8    0.001832
   -1   -1   12    8    0.007525
   -1   -1   13    8   -0.002525
   -1   -1   14    8    0.004075
   -1   -1   15    8   -0.001852
   -1   -1   16    8    0.013748
   -1   -1   17    8    0.022557
   -1   -1   18    8   -0.002260
   -1   -1    1    9   -0.130225
   -1   -1    2    9    0.003845
   -1   -1    3    9    0.009132
   -1   -1    4    9    0.059327
   -1   -1    5    9   -0.008207
   -1   -1    6    9   -0.085222
   -1   -1    7    9   -0.019357
   -1   -1    8    9   -0.001287
   -1   -1    9    9    0.115817
   -1   -1   10    9   -0.020348
   -1   -1   11    9   -0.017687
   -1   -1   12    9   -0.149860
   -1   -1   13    9    0.001823
   -1   -1   14    9   -0.000797
   -1   -1   15    9    0.032348
   -1   -1   16    9   -0.050635
   -1   -1   17    9    0.024900
   -1   -1   18    9   -0.018990
   -1   -1    1   10    0.018392
   -1   -1    2   10   -0.008812
   -1   -1    3   10    0.008188
   -1   -1    4   10    0.004240
   -1   -1    5   10    0.008002
   -1   -1    6   10   -0.144010
   -1   -1    7   10    0.047620
   -1   -1    8   10   -0.011370
   -1   -1    9   10    0.055492
   -1   -1   10   10    0.055082
   -1   -1   11   10   -0.020332
   -1   -1   12   10   -0.049200
   -1   -1   13   10    0.118578
   -1   -1   14   10   -0.002093
   -1   -1   15   10   -0.560627
   -1   -1   16   10    0.040715
   -1   -1   17   10   -0.015007
   -1   -1   18   10    0.135547
   -1   -1    1   11   -0.030207
   -1   -1    2   11    0.002405
   -1   -1    3   11   -0.010752
   -1   -1    4   11    0.015603
   -1   -1    5   11    0.001772
   -1   -1    6   11    0.003325
   -1   -1    7   11    0.004850
   -1   -1    8   11   -0.000220
   -1   -1    9   11   -0.002863
   -1   -1   10   11   -0.008430
   -1   -1   11   11    0.004465
   -1   -1   12   11   -0.008743
   -1   -1   13   11    0.016570
   -1   -1   14   11    0.002332
   -1   -1   15   11    0.001125
   -1   -1   16   11    0.004407
   -1   -1   17   11    0.005355
   -1   -1   18   11   -0.006965
   -1   -1    1   12    0.009410
   -1   -1    2   12    0.011325
   -1   -1    3   12    0.010703
   -1   -1    4   12   -0.010010
   -1   -1    5   12    0.000492
   -1   -1    6   12    0.013092
   -1   -1    7   12   -0.018828
   -1   -1    8   12   -0.001913
   -1   -1    9   12    0.003903
   -1   -1   10   12   -0.008748
   -1   -1   11   12    0.008712
   -1   -1   12   12    0.060770
   -1   -1   13   12   -0.045230
   -1   -1   14   12    0.000687
   -1   -1   15   12   -0.025600
   -1   -1   16   12    0.003785
   -1   -1   17   12   -0.002860
   -1   -1   18   12    0.049048
   -1   -1    1   13    0.141965
   -1   -1    2   13   -0.048752
   -1   -1    3   13   -0.005295
   -1   -1    4   13    0.067997
   -1   -1    5   13   -0.005935
   -1   -1    6   13   -0.117197
   -1   -1    7   13    0.006432
   -1   -1    8   13   -0.006757
   -1   -1    9   13    0.063372
   -1   -1   10   13    0.019207
   -1   -1   11   13    0.046547
   -1   -1   12   13    0.377007
   -1   -1   13   13   -0.121617
   -1   -1   14   13    0.021295
   -1   -1   15   13    0.028272
   -1   -1   16   13   -0.025885
   -1   -1   17   13    0.015840
   -1   -1   18   13    0.029187
   -1   -1    1   14    0.025425
   -1   -1    2   14   -0.002060
   -1   -1    3   14    0.002780
   -1   -1    4   14    0.001128
   -1   -1    5   14    0.001285
   -1   -1    6   14    0.011398
   -1   -1    7   14    0.003743
   -1   -1    8   14   -0.002817
   -1   -1    9   14    0.000670
   -1   -1   10   14   -0.011337
   -1   -1   11   14   -0.003817
   -1   -1   12   14   -0.021850
   -1   -1   13   14   -0.000137
   -1   -1   14   14   -0.007377
   -1   -1   15   14    0.006488
   -1   -1   16   14   -0.011965
   -1   -1   17   14   -0.003787
   -1   -1   18   14    0.004367
   -1   -1    1   15    0.108995
   -1   -1    2   15    0.000813
   -1   -1    3   15    0.039037
   -1   -1    4   15    0.036150
   -1   -1    5   15   -0.000765
   -1   -1    6   15   -0.032760
   -1   -1    7   15   -0.012308
   -1   -1    8   15    0.000777
   -1   -1    9   15    0.019720
   -1   -1   10   15    0.004095
   -1   -1   11   15    0.009137
   -1   -1   12   15   -0.074685
   -1   -1   13   15   -0.060505
   -1   -1   14   15    0.004695
   -1   -1   15   15   -0.040997
   -1   -1   16   15   -0.016787
   -1   -1   17   15   -0.001463
   -1   -1   18   15   -0.016430
   -1   -1    1   16   -0.097727
   -1   -1    2   16   -0.011258
   -1   -1    3   16    0.006817
   -1   -1    4   16    0.020495
   -1   -1    5   16   -0.000250
   -1   -1    6   16    0.023813
   -1   -1    7   16    0.019627
   -1   -1    8   16   -0.003138
   -1   -1    9   16    0.000058
   -1   -1   10   16   -0.005667
   -1   -1   11   16   -0.009972
   -1   -1   12   16   -0.070035
   -1   -1   13   16    0.053380
   -1   -1   14   16   -0.010575
   -1   -1   15   16    0.022045
   -1   -1   16   16    0.026130
   -1   -1   17   16   -0.006927
   -1   -1   18   16   -0.011995
   -1   -1    1   17    0.039425
   -1   -1    2   17    0.025208
   -1   -1    3   17    0.005920
   -1   -1    4   17   -0.043722
   -1   -1    5   17    0.000062
   -1   -1    6   17   -0.019995
   -1   -1    7   17   -0.003770
   -1   -1    8   17   -0.003822
   -1   -1    9   17    0.010377
   -1   -1   10   17   -0.004425
   -1   -1   11   17   -0.060495
   -1   -1   12   17    0.036955
   -1   -1   13   17   -0.047487
   -1   -1   14   17   -0.014385
   -1   -1   15   17   -0.028352
   -1   -1   16   17   -0.009870
   -1   -1   17   17   -0.000795
   -1   -1   18   17   -0.002182
   -1   -1    1   18   -0.014275
   -1   -1    2   18   -0.016155
   -1   -1    3   18   -0.035000
   -1   -1    4   18   -0.085242
   -1   -1    5   18   -0.010778
   -1   -1    6   18   -0.038515
   -1   -1    7   18   -0.010690
   -1   -1    8   18   -0.003985
   -1   -1    9   18    0.018570
   -1   -1   10   18    0.076815
   -1   -1   11   18   -0.011177
   -1   -1   12   18   -0.337570
   -1   -1   13   18   -0.035552
   -1   -1   14   18   -0.018337
   -1   -1   15   18    0.030783
   -1   -1   16   18   -0.093700
   -1   -1   17   18    0.022802
   -1   -1   18   18    0.153162
    0   -1    1    1   -0.067712
    0   -1    2    1    0.039030
    0   -1    3    1   -0.024480
    0   -1    4    1   -0.036197
    0   -1    5    1   -0.005895
    0   -1    6    1    0.139972
    0   -1    7    1    0.001735
    0   -1    8    1    0.010253
    0   -1    9    1   -0.086160
    0   -1   10    1   -0.006210
    0   -1   11    1   -0.007222
    0   -1   12    1   -0.069965
    0   -1   13    1    0.176557
    0   -1   14    1    0.017165
    0   -1   15    1   -0.246145
    0   -1   16    1   -0.047633
    0   -1   17    1    0.000503
    0   -1   18    1   -0.031197
    0   -1    1    2    0.012212
    0   -1    2    2   -0.005557
    0   -1    3    2    0.000800
    0   -1    4    2    0.003770
    0   -1    5    2    0.001960
    0   -1    6    2    0.006910
    0   -1    7    2   -0.002735
    0   -1    8    2   -0.000690
    0   -1    9    2    0.002028
    0   -1   10    2    0.003417
    0   -1   11    2    0.009265
    0   -1   12    2   -0.292265
    0   -1   13    2   -0.032545
    0   -1   14    2   -0.001218
    0   -1   15    2    0.017187
    0   -1   16    2   -0.004935
    0   -1   17    2    0.008595
    0   -1   18    2   -0.017292
    0   -1    1    3    0.033090
    0   -1    2    3    0.073230
    0   -1    3    3   -0.122275
    0   -1    4    3    0.006345
    0   -1    5    3    0.031202
    0   -1    6    3    0.000385
    0   -1    7    3   -0.033542
    0   -1    8    3    0.007150
    0   -1    9    3   -0.016120
    0   -1   10    3    0.052580
    0   -1   11    3    0.062457
    0   -1   12    3    0.637355
    0   -1   13    3   -0.262170
    0   -1   14    3    0.025560
    0   -1   15    3   -0.643437
    0   -1   16    3   -0.089718
    0   -1   17    3    0.007452
    0   -1   18    3   -0.250657
    0   -1    1    4   -0.055142
    0   -1    2    4   -0.051485
    0   -1    3    4   -0.004917
    0   -1    4    4    0.162045
    0   -1    5    4   -0.008725
    0   -1    6    4    0.007970
    0   -1    7    4    0.017582
    0   -1    8    4   -0.003523
    0   -1    9    4   -0.015105
    0   -1   10    4   -0.047378
    0   -1   11    4    0.075307
    0   -1   12    4   -0.356152
    0   -1   13    4    0.086925
    0   -1   14    4    0.017382
    0   -1   15    4    0.092338
    0   -1   16    4   -0.018640
    0   -1   17    4   -0.011995
    0   -1   18    4    0.013140
    0   -1    1    5   -0.011620
    0   -1    2    5   -0.009190
    0   -1    3    5    0.003575
    0   -1    4    5    0.000957
    0   -1    5    5    0.003927
    0   -1    6    5    0.009137
    0   -1    7    5   -0.009687
    0   -1    8    5    0.000438
    0   -1    9    5   -0.008265
    0   -1   10    5   -0.001063
    0   -1   11    5    0.018915
    0   -1   12    5    0.163540
    0   -1   13    5   -0.363990
    0   -1   14    5    0.002445
    0   -1   15    5    0.010482
    0   -1   16    5    0.016390
    0   -1   17    5   -0.038090
    0   -1   18    5   -0.008613
    0   -1    1    6   -0.016450
    0   -1    2    6   -0.000075
    0   -1    3    6    0.008460
    0   -1    4    6   -0.009147
    0   -1    5    6   -0.002800
    0   -1    6    6    0.033377
    0   -1    7    6    0.004597
    0   -1    8    6    0.001182
    0   -1    9    6   -0.010875
    0   -1   10    6   -0.011138
    0   -1   11    6    0.002658
    0   -1   12    6   -0.373565
    0   -1   13    6   -0.026572
    0   -1   14    6    0.000522
    0   -1   15    6   -0.019085
    0   -1   16    6   -0.000047
    0   -1   17    6   -0.013948
    0   -1   18    6    0.012130
    0   -1    1    7   -0.041987
    0   -1    2    7   -0.006450
    0   -1    3    7   -0.012067
    0   -1    4    7    0.046430
    0   -1    5    7   -0.000262
    0   -1    6    7   -0.125627
    0   -1    7    7   -0.004228
    0   -1    8    7    0.000385
    0   -1    9    7   -0.005768
    0   -1   10    7    0.042100
    0   -1   11    7    0.012317
    0   -1   12    7    0.486800
    0   -1   13    7   -0.045855
    0   -1   14    7   -0.002505
    0   -1   15    7    0.046803
    0   -1   16    7   -0.009312
    0   -1   17    7   -0.029608
    0   -1   18    7   -0.015662
    0   -1    1    8   -0.055160
    0   -1    2    8    0.002693
    0   -1    3    8   -0.025680
    0   -1    4    8    0.018992
    0   -1    5    8   -0.008278
    0   -1    6    8   -0.012295
    0   -1    7    8    0.001640
    0   -1    8    8    0.003812
    0   -1    9    8   -0.012537
    0   -1   10    8   -0.007057
    0   -1   11    8   -0.053537
    0   -1   12    8    0.141137
    0   -1   13    8   -0.289442
    0   -1   14    8    0.014085
    0   -1   15    8   -0.022590
    0   -1   16    8   -0.000900
    0   -1   17    8    0.004707
    0   -1   18    8    0.029507
    0   -1    1    9    0.038655
    0   -1    2    9    0.046647
    0   -1    3    9    0.198120
    0   -1    4    9    0.023447
    0   -1    5    9   -0.026060
    0   -1    6    9    0.013352
    0   -1    7    9   -0.007410
    0   -1    8    9   -0.010550
    0   -1    9    9    0.001355
    0   -1   10    9   -0.151435
    0   -1   11    9   -0.036600
    0   -1   12    9    0.204395
    0   -1   13    9   -0.263898
    0   -1   14    9   -0.017665
    0   -1   15    9    0.136397
    0   -1   16    9   -0.032695
    0   -1   17    9   -0.021947
    0   -1   18    9    0.197465
    0   -1    1   10    0.012752
    0   -1    2   10   -0.003068
    0   -1    3   10    0.013547
    0   -1    4   10    0.032407
    0   -1    5   10   -0.000662
    0   -1    6   10    0.024532
    0   -1    7   10   -0.025918
    0   -1    8   10   -0.000375
    0   -1    9   10   -0.003840
    0   -1   10   10    0.025743
    0   -1   11   10    0.007542
    0   -1   12   10   -0.274680
    0   -1   13   10   -0.033958
    0   -1   14   10   -0.003298
    0   -1   15   10   -0.007132
    0   -1   16   10    0.021595
    0   -1   17   10    0.016882
    0   -1   18   10   -0.020615
    0   -1    1   11   -0.002117
    0   -1    2   11   -0.003090
    0   -1    3   11   -0.000050
    0   -1    4   11   -0.002540
    0   -1    5   11    0.000635
    0   -1    6   11    0.000578
    0   -1    7   11   -0.003662
    0   -1    8   11   -0.000042
    0   -1    9   11   -0.002520
    0   -1   10   11   -0.000875
    0   -1   11   11    0.003177
    0   -1   12   11    0.055575
    0   -1   13   11   -0.032765
    0   -1   14   11   -0.000125
    0   -1   15   11    0.005122
    0   -1   16   11    0.000973
    0   -1   17   11   -0.007420
    0   -1   18   11   -0.001103
    0   -1    1   12    0.014100
    0   -1    2   12    0.007445
    0   -1    3   12    0.002403
    0   -1    4   12    0.016705
    0   -1    5   12    0.002055
    0   -1    6   12    0.006160
    0   -1    7   12    0.007255
    0   -1    8   12   -0.000127
    0   -1    9   12    0.002135
    0   -1   10   12   -0.019760
    0   -1   11   12    0.001690
    0   -1   12   12   -0.009265
    0   -1   13   12   -0.014110
    0   -1   14   12    0.002775
    0   -1   15   12   -0.008035
    0   -1   16   12   -0.003600
    0   -1   17   12    0.007347
    0   -1   18   12   -0.010310
    0   -1    1   13    0.012680
    0   -1    2   13   -0.000587
    0   -1    3   13   -0.002350
    0   -1    4   13   -0.001203
    0   -1    5   13   -0.000172
    0   -1    6   13   -0.033032
    0   -1    7   13    0.007325
    0   -1    8   13   -0.001442
    0   -1    9   13    0.012700
    0   -1   10   13    0.004780
    0   -1   11   13    0.002147
    0   -1   12   13    0.088477
    0   -1   13   13   -0.238125
    0   -1   14   13   -0.001095
    0   -1   15   13   -0.050057
    0   -1   16   13    0.009895
    0   -1   17   13   -0.017402
    0   -1   18   13    0.002643
    0   -1    1   14    0.008847
    0   -1    2   14   -0.002315
    0   -1    3   14    0.001927
    0   -1    4   14   -0.001075
    0   -1    5   14   -0.000460
    0   -1    6   14   -0.013322
    0   -1    7   14   -0.001960
    0   -1    8   14   -0.001953
    0   -1    9   14    0.003017
    0   -1   10   14   -0.000505
    0   -1   11   14   -0.009698
    0   -1   12   14    0.162815
    0   -1   13   14    0.000030
    0   -1   14   14   -0.005635
    0   -1   15   14    0.017250
    0   -1   16   14   -0.005265
    0   -1   17   14    0.003642
    0   -1   18   14   -0.002382
    0   -1    1   15   -0.000630
    0   -1    2   15   -0.002907
    0   -1    3   15    0.006695
    0   -1    4   15    0.006768
    0   -1    5   15   -0.000515
    0   -1    6   15   -0.034485
    0   -1    7   15    0.003938
    0   -1    8   15    0.001485
    0   -1    9   15    0.002887
    0   -1   10   15    0.007452
    0   -1   11   15   -0.001040
    0   -1   12   15   -1.142535
    0   -1   13   15    0.022930
    0   -1   14   15    0.003032
    0   -1   15   15    0.001275
    0   -1   16   15    0.004537
    0   -1   17   15   -0.000887
    0   -1   18   15   -0.005582
    0   -1    1   16   -0.011355
    0   -1    2   16   -0.003213
    0   -1    3   16   -0.056333
    0   -1    4   16   -0.014010
    0   -1    5   16   -0.000025
    0   -1    6   16    0.090240
    0   -1    7   16   -0.010375
    0   -1    8   16    0.000905
    0   -1    9   16   -0.012760
    0   -1   10   16   -0.017793
    0   -1   11   16   -0.003713
    0   -1   12   16    0.623857
    0   -1   13   16   -0.004135
    0   -1   14   16    0.007228
    0   -1   15   16   -0.009183
    0   -1   16   16   -0.056195
    0   -1   17   16    0.005425
    0   -1   18   16    0.002828
    0   -1    1   17    0.016982
    0   -1    2   17   -0.011970
    0   -1    3   17    0.004370
    0   -1    4   17   -0.002290
    0   -1    5   17    0.004290
    0   -1    6   17   -0.006163
    0   -1    7   17    0.000028
    0   -1    8   17   -0.000835
    0   -1    9   17    0.012762
    0   -1   10   17    0.002492
    0   -1   11   17    0.088318
    0   -1   12   17   -0.100475
    0   -1   13   17   -0.000110
    0   -1   14   17    0.005045
    0   -1   15   17    0.015805
    0   -1   16   17   -0.010148
    0   -1   17   17    0.001065
    0   -1   18   17    0.001605
    0   -1    1   18    0.028632
    0   -1    2   18    0.010672
    0   -1    3   18   -0.042650
    0   -1    4   18   -0.018482
    0   -1    5   18    0.001888
    0   -1    6   18    0.216295
    0   -1    7   18    0.005015
    0   -1    8   18   -0.000607
    0   -1    9   18   -0.002267
    0   -1   10   18    0.004907
    0   -1   11   18    0.035865
    0   -1   12   18    2.792780
    0   -1   13   18   -0.187782
    0   -1   14   18   -0.002145
    0   -1   15   18   -0.064230
    0   -1   16   18    0.018977
    0   -1   17   18   -0.029345
    0   -1   18   18   -0.001863
    1   -1    1    1    0.028483
    1   -1    2    1    0.003847
    1   -1    3    1   -0.004250
    1   -1    4    1   -0.001472
    1   -1    5    1   -0.001370
    1   -1    6    1    0.008790
    1   -1    7    1   -0.009335
    1   -1    8    1    0.000015
    1   -1    9    1    0.009662
    1   -1   10    1   -0.000027
    1   -1   11    1   -0.007405
    1   -1   12    1    0.002705
    1   -1   13    1    0.137787
    1   -1   14    1   -0.003127
    1   -1   15    1   -0.005780
    1   -1   16    1   -0.000700
    1   -1   17    1    0.001525
    1   -1   18    1    0.006848
    1   -1    1    2    0.003077
    1   -1    2    2    0.000210
    1   -1    3    2    0.001762
    1   -1    4    2    0.001285
    1   -1    5    2   -0.000245
    1   -1    6    2   -0.001550
    1   -1    7    2    0.000847
    1   -1    8    2   -0.000178
    1   -1    9    2    0.000213
    1   -1   10    2    0.001035
    1   -1   11    2    0.000142
    1   -1   12    2    0.005557
    1   -1   13    2   -0.008942
    1   -1   14    2    0.000012
    1   -1   15    2    0.002190
    1   -1   16    2   -0.003915
    1   -1   17    2   -0.000370
    1   -1   18    2   -0.002790
    1   -1    1    3    0.003140
    1   -1    2    3    0.002240
    1   -1    3    3   -0.005227
    1   -1    4    3    0.008898
    1   -1    5    3    0.001172
    1   -1    6    3   -0.012355
    1   -1    7    3   -0.008142
    1   -1    8    3    0.001415
    1   -1    9    3    0.015145
    1   -1   10    3    0.009585
    1   -1   11    3    0.004855
    1   -1   12    3    0.048487
    1   -1   13    3   -0.037582
    1   -1   14    3    0.002565
    1   -1   15    3   -0.017042
    1   -1   16    3    0.011790
    1   -1   17    3    0.004990
    1   -1   18    3   -0.013865
    1   -1    1    4   -0.022092
    1   -1    2    4   -0.022595
    1   -1    3    4   -0.017452
    1   -1    4    4    0.009522
    1   -1    5    4   -0.005192
    1   -1    6    4   -0.006377
    1   -1    7    4   -0.011230
    1   -1    8    4   -0.001260
    1   -1    9    4   -0.000732
    1   -1   10    4    0.005340
    1   -1   11    4    0.001220
    1   -1   12    4   -0.085540
    1   -1   13    4    0.014360
    1   -1   14    4   -0.006572
    1   -1   15    4    0.017910
    1   -1   16    4    0.008630
    1   -1   17    4   -0.020822
    1   -1   18    4    0.013570
    1   -1    1    5    0.001120
    1   -1    2    5    0.001027
    1   -1    3    5    0.000430
    1   -1    4    5    0.002040
    1   -1    5    5   -0.000320
    1   -1    6    5    0.002027
    1   -1    7    5   -0.001247
    1   -1    8    5    0.000062
    1   -1    9    5    0.000055
    1   -1   10    5    0.000440
    1   -1   11    5   -0.000732
    1   -1   12    5   -0.014475
    1   -1   13    5    0.021855
    1   -1   14    5   -0.000080
    1   -1   15    5    0.002390
    1   -1   16    5   -0.002250
    1   -1   17    5    0.000910
    1   -1   18    5   -0.000935
    1   -1    1    6   -0.005365
    1   -1    2    6   -0.000295
    1   -1    3    6   -0.001950
    1   -1    4    6   -0.006880
    1   -1    5    6    0.000470
    1   -1    6    6    0.004047
    1   -1    7    6   -0.001940
    1   -1    8    6    0.000220
    1   -1    9    6   -0.001605
    1   -1   10    6   -0.004055
    1   -1   11    6   -0.001085
    1   -1   12    6   -0.026715
    1   -1   13    6    0.014042
    1   -1   14    6   -0.000702
    1   -1   15    6    0.001747
    1   -1   16    6    0.000065
    1   -1   17    6    0.001513
    1   -1   18    6   -0.005380
    1   -1    1    7   -0.022142
    1   -1    2    7   -0.003397
    1   -1    3    7   -0.000055
    1   -1    4    7    0.009510
    1   -1    5    7    0.001497
    1   -1    6    7    0.002220
    1   -1    7    7    0.000087
    1   -1    8    7    0.000460
    1   -1    9    7   -0.010253
    1   -1   10    7   -0.004080
    1   -1   11    7    0.000330
    1   -1   12    7    0.009173
    1   -1   13    7    0.016625
    1   -1   14    7    0.000817
    1   -1   15    7   -0.002100
    1   -1   16    7    0.010327
    1   -1   17    7   -0.001380
    1   -1   18    7    0.005855
    1   -1    1    8    0.000532
    1   -1    2    8   -0.003530
    1   -1    3    8   -0.002030
    1   -1    4    8    0.005443
    1   -1    5    8    0.001288
    1   -1    6    8   -0.001100
    1   -1    7    8   -0.003265
    1   -1    8    8   -0.000195
    1   -1    9    8    0.001043
    1   -1   10    8   -0.000918
    1   -1   11    8    0.005322
    1   -1   12    8   -0.004877
    1   -1   13    8   -0.096247
    1   -1   14    8   -0.000095
    1   -1   15    8   -0.007817
    1   -1   16    8    0.003207
    1   -1   17    8   -0.003502
    1   -1   18    8   -0.002352
    1   -1    1    9   -0.014097
    1   -1    2    9    0.001185
    1   -1    3    9    0.004690
    1   -1    4    9    0.003630
    1   -1    5    9   -0.002087
    1   -1    6    9    0.022607
    1   -1    7    9    0.014303
    1   -1    8    9   -0.000492
    1   -1    9    9   -0.001918
    1   -1   10    9   -0.009152
    1   -1   11    9    0.000113
    1   -1   12    9   -0.213757
    1   -1   13    9    0.030650
    1   -1   14    9    0.000267
    1   -1   15    9    0.000040
    1   -1   16    9    0.005307
    1   -1   17    9    0.003490
    1   -1   18    9    0.001997
    1   -1    1   10    0.009180
    1   -1    2   10    0.006533
    1   -1    3   10    0.003092
    1   -1    4   10    0.006917
    1   -1    5   10    0.000165
    1   -1    6   10   -0.004095
    1   -1    7   10   -0.000502
    1   -1    8   10   -0.001092
    1   -1    9   10   -0.000103
    1   -1   10   10    0.013545
    1   -1   11   10   -0.000285
    1   -1   12   10   -0.063247
    1   -1   13   10   -0.022505
    1   -1   14   10   -0.001285
    1   -1   15   10   -0.000955
    1   -1   16   10   -0.005765
    1   -1   17   10    0.005327
    1   -1   18   10   -0.008127
    1   -1    1   11    0.002020
    1   -1    2   11   -0.000397
    1   -1    3   11   -0.000912
    1   -1    4   11    0.000737
    1   -1    5   11    0.000037
    1   -1    6   11    0.000643
    1   -1    7   11   -0.002047
    1   -1    8   11   -0.000012
    1   -1    9   11    0.001020
    1   -1   10   11    0.000980
    1   -1   11   11   -0.000222
    1   -1   12   11   -0.000050
    1   -1   13   11    0.005060
    1   -1   14   11   -0.000195
    1   -1   15   11    0.001500
    1   -1   16   11    0.000307
    1   -1   17   11    0.000735
    1   -1   18   11   -0.001500
    1   -1    1   12    0.009055
    1   -1    2   12    0.000455
    1   -1    3   12   -0.003472
    1   -1    4   12    0.013095
    1   -1    5   12    0.000492
    1   -1    6   12    0.000310
    1   -1    7   12    0.003977
    1   -1    8   12   -0.000378
    1   -1    9   12   -0.001223
    1   -1   10   12   -0.007725
    1   -1   11   12    0.000918
    1   -1   12   12   -0.014322
    1   -1   13   12   -0.009958
    1   -1   14   12   -0.001155
    1   -1   15   12   -0.004620
    1   -1   16   12   -0.000910
    1   -1   17   12   -0.002090
    1   -1   18   12   -0.014788
    1   -1    1   13   -0.021155
    1   -1    2   13   -0.000385
    1   -1    3   13   -0.000382
    1   -1    4   13   -0.003628
    1   -1    5   13   -0.000307
    1   -1    6   13    0.003640
    1   -1    7   13    0.000232
    1   -1    8   13    0.001400
    1   -1    9   13   -0.007160
    1   -1   10   13    0.000808
    1   -1   11   13    0.001310
    1   -1   12   13    0.041992
    1   -1   13   13    0.004415
    1   -1   14   13    0.002920
    1   -1   15   13   -0.004782
    1   -1   16   13    0.011267
    1   -1   17   13    0.002992
    1   -1   18   13   -0.000635
    1   -1    1   14    0.000353
    1   -1    2   14   -0.001245
    1   -1    3   14   -0.002812
    1   -1    4   14    0.005738
    1   -1    5   14    0.000267
    1   -1    6   14   -0.002225
    1   -1    7   14    0.001480
    1   -1    8   14   -0.000010
    1   -1    9   14    0.005042
    1   -1   10   14    0.000762
    1   -1   11   14    0.001425
    1   -1   12   14   -0.001698
    1   -1   13   14   -0.020540
    1   -1   14   14    0.000570
    1   -1   15   14    0.002457
    1   -1   16   14   -0.000102
    1   -1   17   14    0.001302
    1   -1   18   14   -0.004305
    1   -1    1   15   -0.009162
    1   -1    2   15    0.001272
    1   -1    3   15    0.000073
    1   -1    4   15   -0.009505
    1   -1    5   15    0.000152
    1   -1    6   15    0.002525
    1   -1    7   15    0.005763
    1   -1    8   15    0.000442
    1   -1    9   15   -0.002572
    1   -1   10   15   -0.001700
    1   -1   11   15   -0.000157
    1   -1   12   15   -0.007130
    1   -1   13   15    0.029945
    1   -1   14   15    0.002182
    1   -1   15   15   -0.001265
    1   -1   16   15    0.003302
    1   -1   17   15    0.000535
    1   -1   18   15    0.005222
    1   -1    1   16    0.031320
    1   -1    2   16   -0.006830
    1   -1    3   16   -0.000073
    1   -1    4   16    0.003027
    1   -1    5   16   -0.001968
    1   -1    6   16   -0.044107
    1   -1    7   16   -0.010823
    1   -1    8   16   -0.001072
    1   -1    9   16    0.009510
    1   -1   10   16    0.003133
    1   -1   11   16   -0.006213
    1   -1   12   16   -1.356085
    1   -1   13   16    0.013010
    1   -1   14   16   -0.001805
    1   -1   15   16    0.035355
    1   -1   16   16   -0.010093
    1   -1   17   16   -0.001970
    1   -1   18   16   -0.018710
    1   -1    1   17   -0.006343
    1   -1    2   17    0.000795
    1   -1    3   17   -0.001030
    1   -1    4   17   -0.000060
    1   -1    5   17    0.000190
    1   -1    6   17   -0.000652
    1   -1    7   17    0.002552
    1   -1    8   17    0.000233
    1   -1    9   17    0.003660
    1   -1   10   17   -0.001465
    1   -1   11   17   -0.001288
    1   -1   12   17    0.024330
    1   -1   13   17    0.012492
    1   -1   14   17    0.001842
    1   -1   15   17    0.000495
    1   -1   16   17   -0.001097
    1   -1   17   17    0.001295
    1   -1   18   17    0.001370
    1   -1    1   18   -0.020857
    1   -1    2   18    0.006432
    1   -1    3   18   -0.005145
    1   -1    4   18    0.021830
    1   -1    5   18    0.000660
    1   -1    6   18   -0.004657
    1   -1    7   18   -0.004480
    1   -1    8   18    0.000253
    1   -1    9   18    0.006802
    1   -1   10   18    0.000010
    1   -1   11   18   -0.001805
    1   -1   12   18   -0.026162
    1   -1   13   18    0.010985
    1   -1   14   18    0.002925
    1   -1   15   18   -0.032020
    1   -1   16   18    0.008162
    1   -1   17   18   -0.002613
    1   -1   18   18    0.008492
   -1    0    1    1   -0.339360
   -1    0    2    1    0.008632
   -1    0    3    1   -0.090315
   -1    0    4    1   -0.094162
   -1    0    5    1   -0.012685
   -1    0    6    1   -0.045600
   -1    0    7    1    0.020227
   -1    0    8    1    0.003552
   -1    0    9    1   -0.044342
   -1    0   10    1    0.002170
   -1    0   11    1    0.005100
   -1    0   12    1    0.010752
   -1    0   13    1   -0.004355
   -1    0   14    1    0.033507
   -1    0   15    1   -0.014705
   -1    0   16    1   -0.323573
   -1    0   17    1   -0.002480
   -1    0   18    1   -0.163632
   -1    0    1    2    0.515062
   -1    0    2    2   -0.013775
   -1    0    3    2    0.321530
   -1    0    4    2    0.976597
   -1    0    5    2   -0.036227
   -1    0    6    2   -0.001808
   -1    0    7    2   -0.017907
   -1    0    8    2    0.434085
   -1    0    9    2   -0.199733
   -1    0   10    2   -0.023950
   -1    0   11    2   -0.001687
   -1    0   12    2   -0.009100
   -1    0   13    2    0.016633
   -1    0   14    2   -0.094510
   -1    0   15    2   -0.048622
   -1    0   16    2   -0.114745
   -1    0   17    2    1.985370
   -1    0   18    2   -0.009743
   -1    0    1    3   -0.019543
   -1    0    2    3   -0.002475
   -1    0    3    3    0.007397
   -1    0    4    3    0.230820
   -1    0    5    3   -0.012318
   -1    0    6    3   -0.031197
   -1    0    7    3    0.011817
   -1    0    8    3   -0.006815
   -1    0    9    3   -0.016663
   -1    0   10    3    0.024677
   -1    0   11    3   -0.009675
   -1    0   12    3    0.011677
   -1    0   13    3    0.003830
   -1    0   14    3   -0.038965
   -1    0   15    3   -0.001873
   -1    0   16    3   -0.144393
   -1    0   17    3   -0.016842
   -1    0   18    3    0.021225
   -1    0    1    4    0.762533
   -1    0    2    4    0.034907
   -1    0    3    4    1.049022
   -1    0    4    4    0.449025
   -1    0    5    4    0.002530
   -1    0    6    4    0.382055
   -1    0    7    4   -0.347672
   -1    0    8    4   -0.030840
   -1    0    9    4   -1.154913
   -1    0   10    4    0.008300
   -1    0   11    4    0.031192
   -1    0   12    4    0.012805
   -1    0   13    4    0.006900
   -1    0   14    4   -0.186438
   -1    0   15    4   -0.162818
   -1    0   16    4    3.563372
   -1    0   17    4   -0.108700
   -1    0   18    4    0.208065
   -1    0    1    5    0.029495
   -1    0    2    5    0.001317
   -1    0    3    5    0.006853
   -1    0    4    5    0.243927
   -1    0    5    5   -0.007307
   -1    0    6    5    0.003157
   -1    0    7    5    0.003847
   -1    0    8    5   -0.025285
   -1    0    9    5    0.008975
   -1    0   10    5    0.001490
   -1    0   11    5    0.002127
   -1    0   12    5    0.000835
   -1    0   13    5   -0.000427
   -1    0   14    5   -0.012677
   -1    0   15    5   -0.005592
   -1    0   16    5   -0.052280
   -1    0   17    5   -0.036157
   -1    0   18    5   -0.010018
   -1    0    1    6    0.321745
   -1    0    2    6   -0.024900
   -1    0    3    6    1.273305
   -1    0    4    6   -0.193307
   -1    0    5    6    0.054110
   -1    0    6    6   -0.005620
   -1    0    7    6    0.399320
   -1    0    8    6   -0.054005
   -1    0    9    6    0.635355
   -1    0   10    6   -0.768900
   -1    0   11    6    0.026203
   -1    0   12    6    0.013880
   -1    0   13    6    0.088012
   -1    0   14    6    0.242383
   -1    0   15    6    0.020540
   -1    0   16    6    1.081290
   -1    0   17    6   -0.070127
   -1    0   18    6   -0.117150
   -1    0    1    7   -0.498925
   -1    0    2    7   -0.003225
   -1    0    3    7   -1.131877
   -1    0    4    7   -0.096572
   -1    0    5    7   -0.017075
   -1    0    6    7   -0.134140
   -1    0    7    7    0.187010
   -1    0    8    7   -0.000395
   -1    0    9    7    0.180110
   -1    0   10    7   -0.238090
   -1    0   11    7   -0.016377
   -1    0   12    7    0.042390
   -1    0   13    7    0.057252
   -1    0   14    7    0.167373
   -1    0   15    7    0.078408
   -1    0   16    7    0.598895
   -1    0   17    7    0.066355
   -1    0   18    7   -0.723185
   -1    0    1    8    0.022475
   -1    0    2    8   -0.001770
   -1    0    3    8    0.021657
   -1    0    4    8    0.016267
   -1    0    5    8    0.000045
   -1    0    6    8    0.001970
   -1    0    7    8    0.001090
   -1    0    8    8   -0.001323
   -1    0    9    8    0.012035
   -1    0   10    8   -0.005942
   -1    0   11    8   -0.000857
   -1    0   12    8    0.000735
   -1    0   13    8    0.000960
   -1    0   14    8   -0.004528
   -1    0   15    8    0.000375
   -1    0   16    8   -0.040422
   -1    0   17    8   -0.005930
   -1    0   18    8    0.009545
   -1    0    1    9   -0.081115
   -1    0    2    9    0.001698
   -1    0    3    9   -0.260382
   -1    0    4    9   -0.052905
   -1    0    5    9   -0.017782
   -1    0    6    9   -0.008222
   -1    0    7    9   -0.010210
   -1    0    8    9   -0.015445
   -1    0    9    9    0.015857
   -1    0   10    9    0.012192
   -1    0   11    9   -0.000690
   -1    0   12    9   -0.007715
   -1    0   13    9    0.002645
   -1    0   14    9   -0.011883
   -1    0   15    9   -0.023590
   -1    0   16    9    1.343115
   -1    0   17    9    0.011417
   -1    0   18    9   -0.031060
   -1    0    1   10    0.409655
   -1    0    2   10    0.031662
   -1    0    3   10    0.132115
   -1    0    4   10   -0.310410
   -1    0    5   10    0.088050
   -1    0    6   10   -0.094837
   -1    0    7   10   -0.397112
   -1    0    8   10    0.153475
   -1    0    9   10    0.433837
   -1    0   10   10    0.006915
   -1    0   11   10    0.040880
   -1    0   12   10   -0.042565
   -1    0   13   10   -0.010643
   -1    0   14   10   -0.033200
   -1    0   15   10   -0.363900
   -1    0   16   10    1.022467
   -1    0   17   10    0.115410
   -1    0   18   10    0.472175
   -1    0    1   11   -0.281102
   -1    0    2   11    0.003087
   -1    0    3   11   -0.043575
   -1    0    4   11   -0.029007
   -1    0    5   11   -0.002473
   -1    0    6   11   -0.003912
   -1    0    7   11   -0.023237
   -1    0    8   11    0.046325
   -1    0    9   11    0.020207
   -1    0   10   11    0.018047
   -1    0   11   11    0.003945
   -1    0   12   11    0.000852
   -1    0   13   11    0.000432
   -1    0   14   11   -0.030343
   -1    0   15   11   -0.004077
   -1    0   16   11    0.222707
   -1    0   17   11    0.599440
   -1    0   18   11    0.020437
   -1    0    1   12    2.018838
   -1    0    2   12    0.001665
   -1    0    3   12    0.553175
   -1    0    4   12   -0.166905
   -1    0    5   12    0.056947
   -1    0    6   12   -0.129257
   -1    0    7   12    0.247737
   -1    0    8   12   -0.257830
   -1    0    9   12   -0.282175
   -1    0   10   12   -0.216422
   -1    0   11   12   -0.068742
   -1    0   12   12    0.165077
   -1    0   13   12   -0.091610
   -1    0   14   12   -0.014207
   -1    0   15   12    0.083290
   -1    0   16   12    0.152715
   -1    0   17   12   -0.002880
   -1    0   18   12    0.586842
   -1    0    1   13    0.360052
   -1    0    2   13    0.017352
   -1    0    3   13    0.976777
   -1    0    4   13    0.035845
   -1    0    5   13   -0.117637
   -1    0    6   13    0.232582
   -1    0    7   13   -0.476427
   -1    0    8   13   -0.162482
   -1    0    9   13    0.102560
   -1    0   10   13    0.576222
   -1    0   11   13    0.010278
   -1    0   12   13    0.053802
   -1    0   13   13   -0.403048
   -1    0   14   13    0.126417
   -1    0   15   13    0.075850
   -1    0   16   13    0.222810
   -1    0   17   13   -1.728492
   -1    0   18   13   -0.994650
   -1    0    1   14    0.121552
   -1    0    2   14   -0.002480
   -1    0    3   14    0.041500
   -1    0    4   14    0.257690
   -1    0    5   14   -0.009275
   -1    0    6   14   -0.006270
   -1    0    7   14    0.007238
   -1    0    8   14   -0.007720
   -1    0    9   14    0.014237
   -1    0   10   14   -0.013340
   -1    0   11   14   -0.000860
   -1    0   12   14   -0.006130
   -1    0   13   14    0.005828
   -1    0   14   14   -0.026173
   -1    0   15   14    0.002615
   -1    0   16   14   -0.028135
   -1    0   17   14   -0.025585
   -1    0   18   14   -0.011435
   -1    0    1   15    0.400965
   -1    0    2   15   -0.010650
   -1    0    3   15    0.711117
   -1    0    4   15   -0.239918
   -1    0    5   15   -0.002597
   -1    0    6   15    0.049170
   -1    0    7   15   -0.006325
   -1    0    8   15   -0.023500
   -1    0    9   15    0.153182
   -1    0   10   15    0.027312
   -1    0   11   15   -0.006845
   -1    0   12   15    0.010892
   -1    0   13   15    0.024522
   -1    0   14   15   -0.010305
   -1    0   15   15    0.060280
   -1    0   16   15   -2.998265
   -1    0   17   15    0.063590
   -1    0   18   15    0.202273
   -1    0    1   16   -0.384640
   -1    0    2   16    0.013795
   -1    0    3   16   -0.146575
   -1    0    4   16    0.302333
   -1    0    5   16    0.024310
   -1    0    6   16   -0.000935
   -1    0    7   16    0.020942
   -1    0    8   16   -0.037197
   -1    0    9   16    0.009215
   -1    0   10   16   -0.005085
   -1    0   11   16    0.009547
   -1    0   12   16   -0.001500
   -1    0   13   16   -0.042875
   -1    0   14   16   -0.015405
   -1    0   15   16    0.008757
   -1    0   16   16    0.164345
   -1    0   17   16   -0.018652
   -1    0   18   16   -0.008220
   -1    0    1   17   -0.458055
   -1    0    2   17    0.054532
   -1    0    3   17   -0.086242
   -1    0    4   17    2.582490
   -1    0    5   17   -0.981460
   -1    0    6   17    0.013227
   -1    0    7   17   -0.044325
   -1    0    8   17    0.800267
   -1    0    9   17    0.129135
   -1    0   10   17    0.053830
   -1    0   11   17    0.039977
   -1    0   12   17    0.062110
   -1    0   13   17   -0.081175
   -1    0   14   17   -3.068300
   -1    0   15   17    0.005233
   -1    0   16   17    0.203715
   -1    0   17   17    0.002715
   -1    0   18   17   -0.068735
   -1    0    1   18   -0.196657
   -1    0    2   18    0.011605
   -1    0    3   18   -0.490088
   -1    0    4   18   -0.442402
   -1    0    5   18    0.033712
   -1    0    6   18    0.029670
   -1    0    7   18   -0.049265
   -1    0    8   18    0.124347
   -1    0    9   18   -0.175170
   -1    0   10   18    0.077030
   -1    0   11   18   -0.013938
   -1    0   12   18    0.024727
   -1    0   13   18   -0.093355
   -1    0   14   18    0.041947
   -1    0   15   18    0.063370
   -1    0   16   18   -0.766330
   -1    0   17   18    0.010970
   -1    0   18   18    0.109445
    0    0    1    1    4.199158
    0    0    2    1   -0.079728
    0    0    3    1    0.239615
    0    0    4    1   -0.217805
    0    0    5    1    0.053907
    0    0    6    1    0.142650
    0    0    7    1    1.040435
    0    0    8    1   -0.141742
    0    0    9    1    1.788545
    0    0   10    1    0.194652
    0    0   11    1   -0.201762
    0    0   12    1    0.220708
    0    0   13    1   -0.118562
    0    0   14    1   -0.821497
    0    0   15    1    1.280110
    0    0   16    1    0.264137
    0    0   17    1   -0.818897
    0    0   18    1    0.872022
    0    0    1    2   -0.079728
    0    0    2    2   -0.665178
    0    0    3    2   -0.133045
    0    0    4    2    0.063222
    0    0    5    2   -1.431305
    0    0    6    2    1.260645
    0    0    7    2    0.740875
    0    0    8    2   -0.004175
    0    0    9    2   -0.154287
    0    0   10    2   -0.327682
    0    0   11    2   -0.176280
    0    0   12    2   -1.136922
    0    0   13    2    4.171297
    0    0   14    2   -0.133638
    0    0   15    2    0.283340
    0    0   16    2    0.078345
    0    0   17    2   -1.132185
    0    0   18    2    1.225458
    0    0    1    3    0.239615
    0    0    2    3   -0.133045
    0    0    3    3    0.605098
    0    0    4    3   -0.131428
    0    0    5    3    0.287135
    0    0    6    3   -1.157470
    0    0    7    3    0.612600
    0    0    8    3    0.033362
    0    0    9    3    1.502317
    0    0   10    3   -0.705607
    0    0   11    3    0.167480
    0    0   12    3   -0.021555
    0    0   13    3   -0.239075
    0    0   14    3    0.116920
    0    0   15    3    0.264577
    0    0   16    3    0.255472
    0    0   17    3   -0.533465
    0    0   18    3    0.405372
    0    0    1    4   -0.217805
    0    0    2    4    0.063222
    0    0    3    4   -0.131428
    0    0    4    4  -10.601315
    0    0    5    4    0.186677
    0    0    6    4   -0.606957
    0    0    7    4    0.966270
    0    0    8    4    0.373707
    0    0    9    4    0.704015
    0    0   10    4   -0.944755
    0    0   11    4    0.080030
    0    0   12    4   -0.056680
    0    0   13    4    0.104825
    0    0   14    4    0.244372
    0    0   15    4    0.242250
    0    0   16    4   -0.534880
    0    0   17    4   -0.028477
    0    0   18    4   -0.233900
    0    0    1    5    0.053907
    0    0    2    5   -1.431305
    0    0    3    5    0.287135
    0    0    4    5    0.186677
    0    0    5    5   -0.966615
    0    0    6    5   -0.077122
    0    0    7    5    0.135728
    0    0    8    5   -0.008107
    0    0    9    5   -0.044397
    0    0   10    5   -0.019605
    0    0   11    5   -0.047153
    0    0   12    5    0.024365
    0    0   13    5   -0.679995
    0    0   14    5    0.014742
    0    0   15    5    0.091908
    0    0   16    5   -0.657765
    0    0   17    5    1.271373
    0    0   18    5    1.711242
    0    0    1    6    0.142650
    0    0    2    6    1.260645
    0    0    3    6   -1.157470
    0    0    4    6   -0.606957
    0    0    5    6   -0.077122
    0    0    6    6    0.422608
    0    0    7    6   -1.811262
    0    0    8    6   -0.032358
    0    0    9    6   -0.091595
    0    0   10    6    1.112173
    0    0   11    6   -0.123858
    0    0   12    6    1.433790
    0    0   13    6   -1.191667
    0    0   14    6   -0.024340
    0    0   15    6    0.476550
    0    0   16    6    0.084610
    0    0   17    6   -0.486145
    0    0   18    6   -0.308320
    0    0    1    7    1.040435
    0    0    2    7    0.740875
    0    0    3    7    0.612600
    0    0    4    7    0.966270
    0    0    5    7    0.135728
    0    0    6    7   -1.811262
    0    0    7    7   -1.619760
    0    0    8    7   -0.166703
    0    0    9    7   -2.506415
    0    0   10    7   -0.984292
    0    0   11    7   -0.252287
    0    0   12    7    0.774352
    0    0   13    7   -0.850910
    0    0   14    7   -0.119278
    0    0   15    7   -0.206157
    0    0   16    7    1.216330
    0    0   17    7   -0.420475
    0    0   18    7    1.748430
    0    0    1    8   -0.141742
    0    0    2    8   -0.004175
    0    0    3    8    0.033362
    0    0    4    8    0.373707
    0    0    5    8   -0.008107
    0    0    6    8   -0.032358
    0    0    7    8   -0.166703
    0    0    8    8    0.153650
    0    0    9    8    0.099303
    0    0   10    8    0.029532
    0    0   11    8   -0.071923
    0    0   12    8   -0.063558
    0    0   13    8   -0.052582
    0    0   14    8    0.043468
    0    0   15    8    0.032355
    0    0   16    8   -0.090855
    0    0   17    8   -2.023092
    0    0   18    8    0.337210
    0    0    1    9    1.788545
    0    0    2    9   -0.154287
    0    0    3    9    1.502317
    0    0    4    9    0.704015
    0    0    5    9   -0.044397
    0    0    6    9   -0.091595
    0    0    7    9   -2.506415
    0    0    8    9    0.099303
    0    0    9    9    1.249235
    0    0   10    9    0.388380
    0    0   11    9   -0.054252
    0    0   12    9    0.018777
    0    0   13    9    0.082335
    0    0   14    9    0.237905
    0    0   15    9   -0.862432
    0    0   16    9   -0.147172
    0    0   17    9   -0.210632
    0    0   18    9   -0.662677
    0    0    1   10    0.194652
    0    0    2   10   -0.327682
    0    0    3   10   -0.705607
    0    0    4   10   -0.944755
    0    0    5   10   -0.019605
    0    0    6   10    1.112173
    0    0    7   10   -0.984292
    0    0    8   10    0.029532
    0    0    9   10    0.388380
    0    0   10   10    1.790365
    0    0   11   10    0.198117
    0    0   12   10   -0.674050
    0    0   13   10    1.493522
    0    0   14   10    0.182165
    0    0   15   10    0.106240
    0    0   16   10   -1.298050
    0    0   17   10    0.299725
    0    0   18   10   -0.420112
    0    0    1   11   -0.201762
    0    0    2   11   -0.176280
    0    0    3   11    0.167480
    0    0    4   11    0.080030
    0    0    5   11   -0.047153
    0    0    6   11   -0.123858
    0    0    7   11   -0.252287
    0    0    8   11   -0.071923
    0    0    9   11   -0.054252
    0    0   10   11    0.198117
    0    0   11   11   -0.442465
    0    0   12   11    0.128062
    0    0   13   11   -0.840172
    0    0   14   11   -0.729840
    0    0   15   11    0.069672
    0    0   16   11   -0.159373
    0    0   17   11   -0.887257
    0    0   18   11    1.277865
    0    0    1   12    0.220708
    0    0    2   12   -1.136922
    0    0    3   12   -0.021555
    0    0    4   12   -0.056680
    0    0    5   12    0.024365
    0    0    6   12    1.433790
    0    0    7   12    0.774352
    0    0    8   12   -0.063558
    0    0    9   12    0.018777
    0    0   10   12   -0.674050
    0    0   11   12    0.128062
    0    0   12   12  -10.492828
    0    0   13   12   -0.552285
    0    0   14   12   -0.197590
    0    0   15   12    0.797897
    0    0   16   12   -1.159942
    0    0   17   12    2.813267
    0    0   18   12    1.161607
    0    0    1   13   -0.118562
    0    0    2   13    4.171297
    0    0    3   13   -0.239075
    0    0    4   13    0.104825
    0    0    5   13   -0.679995
    0    0    6   13   -1.191667
    0    0    7   13   -0.850910
    0    0    8   13   -0.052582
    0    0    9   13    0.082335
    0    0   10   13    1.493522
    0    0   11   13   -0.840172
    0    0   12   13   -0.552285
    0    0   13   13    4.354500
    0    0   14   13   -0.204155
    0    0   15   13   -1.056253
    0    0   16   13    0.461213
    0    0   17   13   -0.277635
    0    0   18   13    0.930912
    0    0    1   14   -0.821497
    0    0    2   14   -0.133638
    0    0    3   14    0.116920
    0    0    4   14    0.244372
    0    0    5   14    0.014742
    0    0    6   14   -0.024340
    0    0    7   14   -0.119278
    0    0    8   14    0.043468
    0    0    9   14    0.237905
    0    0   10   14    0.182165
    0    0   11   14   -0.729840
    0    0   12   14   -0.197590
    0    0   13   14   -0.204155
    0    0   14   14    0.607155
    0    0   15   14   -0.044485
    0    0   16   14   -0.405940
    0    0   17   14    1.887720
    0    0   18   14    1.353960
    0    0    1   15    1.280110
    0    0    2   15    0.283340
    0    0    3   15    0.264577
    0    0    4   15    0.242250
    0    0    5   15    0.091908
    0    0    6   15    0.476550
    0    0    7   15   -0.206157
    0    0    8   15    0.032355
    0    0    9   15   -0.862432
    0    0   10   15    0.106240
    0    0   11   15    0.069672
    0    0   12   15    0.797897
    0    0   13   15   -1.056253
    0    0   14   15   -0.044485
    0    0   15   15   -0.608772
    0    0   16   15    0.520207
    0    0   17   15   -0.033375
    0    0   18   15   -1.911153
    0    0    1   16    0.264137
    0    0    2   16    0.078345
    0    0    3   16    0.255472
    0    0    4   16   -0.534880
    0    0    5   16   -0.657765
    0    0    6   16    0.084610
    0    0    7   16    1.216330
    0    0    8   16   -0.090855
    0    0    9   16   -0.147172
    0    0   10   16   -1.298050
    0    0   11   16   -0.159373
    0    0   12   16   -1.159942
    0    0   13   16    0.461213
    0    0   14   16   -0.405940
    0    0   15   16    0.520207
    0    0   16   16   -2.900180
    0    0   17   16   -0.055117
    0    0   18   16    1.739550
    0    0    1   17   -0.818897
    0    0    2   17   -1.132185
    0    0    3   17   -0.533465
    0    0    4   17   -0.028477
    0    0    5   17    1.271373
    0    0    6   17   -0.486145
    0    0    7   17   -0.420475
    0    0    8   17   -2.023092
    0    0    9   17   -0.210632
    0    0   10   17    0.299725
    0    0   11   17   -0.887257
    0    0   12   17    2.813267
    0    0   13   17   -0.277635
    0    0   14   17    1.887720
    0    0   15   17   -0.033375
    0    0   16   17   -0.055117
    0    0   17   17   -0.355318
    0    0   18   17   -0.442748
    0    0    1   18    0.872022
    0    0    2   18    1.225458
    0    0    3   18    0.405372
    0    0    4   18   -0.233900
    0    0    5   18    1.711242
    0    0    6   18   -0.308320
    0    0    7   18    1.748430
    0    0    8   18    0.337210
    0    0    9   18   -0.662677
    0    0   10   18   -0.420112
    0    0   11   18    1.277865
    0    0   12   18    1.161607
    0    0   13   18    0.930912
    0    0   14   18    1.353960
    0    0   15   18   -1.911153
    0    0   16   18    1.739550
    0    0   17   18   -0.442748
    0    0   18   18   -8.012097
    1    0    1    1   -0.339360
    1    0    2    1    0.515062
    1    0    3    1   -0.019543
    1    0    4    1    0.762533
    1    0    5    1    0.029495
    1    0    6    1    0.321745
    1    0    7    1   -0.498925
    1    0    8    1    0.022475
    1    0    9    1   -0.081115
    1    0   10    1    0.409655
    1    0   11    1   -0.281102
    1    0   12    1    2.018838
    1    0   13    1    0.360052
    1    0   14    1    0.121552
    1    0   15    1    0.400965
    1    0   16    1   -0.384640
    1    0   17    1   -0.458055
    1    0   18    1   -0.196657
    1    0    1    2    0.008632
    1    0    2    2   -0.013775
    1    0    3    2   -0.002475
    1    0    4    2    0.034907
    1    0    5    2    0.001317
    1    0    6    2   -0.024900
    1    0    7    2   -0.003225
    1    0    8    2   -0.001770
    1    0    9    2    0.001698
    1    0   10    2    0.031662
    1    0   11    2    0.003087
    1    0   12    2    0.001665
    1    0   13    2    0.017352
    1    0   14    2   -0.002480
    1    0   15    2   -0.010650
    1    0   16    2    0.013795
    1    0   17    2    0.054532
    1    0   18    2    0.011605
    1    0    1    3   -0.090315
    1    0    2    3    0.321530
    1    0    3    3    0.007397
    1    0    4    3    1.049022
    1    0    5    3    0.006853
    1    0    6    3    1.273305
    1    0    7    3   -1.131877
    1    0    8    3    0.021657
    1    0    9    3   -0.260382
    1    0   10    3    0.132115
    1    0   11    3   -0.043575
    1    0   12    3    0.553175
    1    0   13    3    0.976777
    1    0   14    3    0.041500
    1    0   15    3    0.711117
    1    0   16    3   -0.146575
    1    0   17    3   -0.086242
    1    0   18    3   -0.490088
    1    0    1    4   -0.094162
    1    0    2    4    0.976597
    1    0    3    4    0.230820
    1    0    4    4    0.449025
    1    0    5    4    0.243927
    1    0    6    4   -0.193307
    1    0    7    4   -0.096572
    1    0    8    4    0.016267
    1    0    9    4   -0.052905
    1    0   10    4   -0.310410
    1    0   11    4   -0.029007
    1    0   12    4   -0.166905
    1    0   13    4    0.035845
    1    0   14    4    0.257690
    1    0   15    4   -0.239918
    1    0   16    4    0.302333
    1    0   17    4    2.582490
    1    0   18    4   -0.442402
    1    0    1    5   -0.012685
    1    0    2    5   -0.036227
    1    0    3    5   -0.012318
    1    0    4    5    0.002530
    1    0    5    5   -0.007307
    1    0    6    5    0.054110
    1    0    7    5   -0.017075
    1    0    8    5    0.000045
    1    0    9    5   -0.017782
    1    0   10    5    0.088050
    1    0   11    5   -0.002473
    1    0   12    5    0.056947
    1    0   13    5   -0.117637
    1    0   14    5   -0.009275
    1    0   15    5   -0.002597
    1    0   16    5    0.024310
    1    0   17    5   -0.981460
    1    0   18    5    0.033712
    1    0    1    6   -0.045600
    1    0    2    6   -0.001808
    1    0    3    6   -0.031197
    1    0    4    6    0.382055
    1    0    5    6    0.003157
    1    0    6    6   -0.005620
    1    0    7    6   -0.134140
    1    0    8    6    0.001970
    1    0    9    6   -0.008222
    1    0   10    6   -0.094837
    1    0   11    6   -0.003912
    1    0   12    6   -0.129257
    1    0   13    6    0.232582
    1    0   14    6   -0.006270
    1    0   15    6    0.049170
    1    0   16    6   -0.000935
    1    0   17    6    0.013227
    1    0   18    6    0.029670
    1    0    1    7    0.020227
    1    0    2    7   -0.017907
    1    0    3    7    0.011817
    1    0    4    7   -0.347672
    1    0    5    7    0.003847
    1    0    6    7    0.399320
    1    0    7    7    0.187010
    1    0    8    7    0.001090
    1    0    9    7   -0.010210
    1    0   10    7   -0.397112
    1    0   11    7   -0.023237
    1    0   12    7    0.247737
    1    0   13    7   -0.476427
    1    0   14    7    0.007238
    1    0   15    7   -0.006325
    1    0   16    7    0.020942
    1    0   17    7   -0.044325
    1    0   18    7   -0.049265
    1    0    1    8    0.003552
    1    0    2    8    0.434085
    1    0    3    8   -0.006815
    1    0    4    8   -0.030840
    1    0    5    8   -0.025285
    1    0    6    8   -0.054005
    1    0    7    8   -0.000395
    1    0    8    8   -0.001323
    1    0    9    8   -0.015445
    1    0   10    8    0.153475
    1    0   11    8    0.046325
    1    0   12    8   -0.257830
    1    0   13    8   -0.162482
    1    0   14    8   -0.007720
    1    0   15    8   -0.023500
    1    0   16    8   -0.037197
    1    0   17    8    0.800267
    1    0   18    8    0.124347
    1    0    1    9   -0.044342
    1    0    2    9   -0.199733
    1    0    3    9   -0.016663
    1    0    4    9   -1.154913
    1    0    5    9    0.008975
    1    0    6    9    0.635355
    1    0    7    9    0.180110
    1    0    8    9    0.012035
    1    0    9    9    0.015857
    1    0   10    9    0.433837
    1    0   11    9    0.020207
    1    0   12    9   -0.282175
    1    0   13    9    0.102560
    1    0   14    9    0.014237
    1    0   15    9    0.153182
    1    0   16    9    0.009215
    1    0   17    9    0.129135
    1    0   18    9   -0.175170
    1    0    1   10    0.002170
    1    0    2   10   -0.023950
    1    0    3   10    0.024677
    1    0    4   10    0.008300
    1    0    5   10    0.001490
    1    0    6   10   -0.768900
    1    0    7   10   -0.238090
    1    0    8   10   -0.005942
    1    0    9   10    0.012192
    1    0   10   10    0.006915
    1    0   11   10    0.018047
    1    0   12   10   -0.216422
    1    0   13   10    0.576222
    1    0   14   10   -0.013340
    1    0   15   10    0.027312
    1    0   16   10   -0.005085
    1    0   17   10    0.053830
    1    0   18   10    0.077030
    1    0    1   11    0.005100
    1    0    2   11   -0.001687
    1    0    3   11   -0.009675
    1    0    4   11    0.031192
    1    0    5   11    0.002127
    1    0    6   11    0.026203
    1    0    7   11   -0.016377
    1    0    8   11   -0.000857
    1    0    9   11   -0.000690
    1    0   10   11    0.040880
    1    0   11   11    0.003945
    1    0   12   11   -0.068742
    1    0   13   11    0.010278
    1    0   14   11   -0.000860
    1    0   15   11   -0.006845
    1    0   16   11    0.009547
    1    0   17   11    0.039977
    1    0   18   11   -0.013938
    1    0    1   12    0.010752
    1    0    2   12   -0.009100
    1    0    3   12    0.011677
    1    0    4   12    0.012805
    1    0    5   12    0.000835
    1    0    6   12    0.013880
    1    0    7   12    0.042390
    1    0    8   12    0.000735
    1    0    9   12   -0.007715
    1    0   10   12   -0.042565
    1    0   11   12    0.000852
    1    0   12   12    0.165077
    1    0   13   12    0.053802
    1    0   14   12   -0.006130
    1    0   15   12    0.010892
    1    0   16   12   -0.001500
    1    0   17   12    0.062110
    1    0   18   12    0.024727
    1    0    1   13   -0.004355
    1    0    2   13    0.016633
    1    0    3   13    0.003830
    1    0    4   13    0.006900
    1    0    5   13   -0.000427
    1    0    6   13    0.088012
    1    0    7   13    0.057252
    1    0    8   13    0.000960
    1    0    9   13    0.002645
    1    0   10   13   -0.010643
    1    0   11   13    0.000432
    1    0   12   13   -0.091610
    1    0   13   13   -0.403048
    1    0   14   13    0.005828
    1    0   15   13    0.024522
    1    0   16   13   -0.042875
    1    0   17   13   -0.081175
    1    0   18   13   -0.093355
    1    0    1   14    0.033507
    1    0    2   14   -0.094510
    1    0    3   14   -0.038965
    1    0    4   14   -0.186438
    1    0    5   14   -0.012677
    1    0    6   14    0.242383
    1    0    7   14    0.167373
    1    0    8   14   -0.004528
    1    0    9   14   -0.011883
    1    0   10   14   -0.033200
    1    0   11   14   -0.030343
    1    0   12   14   -0.014207
    1    0   13   14    0.126417
    1    0   14   14   -0.026173
    1    0   15   14   -0.010305
    1    0   16   14   -0.015405
    1    0   17   14   -3.068300
    1    0   18   14    0.041947
    1    0    1   15   -0.014705
    1    0    2   15   -0.048622
    1    0    3   15   -0.001873
    1    0    4   15   -0.162818
    1    0    5   15   -0.005592
    1    0    6   15    0.020540
    1    0    7   15    0.078408
    1    0    8   15    0.000375
    1    0    9   15   -0.023590
    1    0   10   15   -0.363900
    1    0   11   15   -0.004077
    1    0   12   15    0.083290
    1    0   13   15    0.075850
    1    0   14   15    0.002615
    1    0   15   15    0.060280
    1    0   16   15    0.008757
    1    0   17   15    0.005233
    1    0   18   15    0.063370
    1    0    1   16   -0.323573
    1    0    2   16   -0.114745
    1    0    3   16   -0.144393
    1    0    4   16    3.563372
    1    0    5   16   -0.052280
    1    0    6   16    1.081290
    1    0    7   16    0.598895
    1    0    8   16   -0.040422
    1    0    9   16    1.343115
    1    0   10   16    1.022467
    1    0   11   16    0.222707
    1    0   12   16    0.152715
    1    0   13   16    0.222810
    1    0   14   16   -0.028135
    1    0   15   16   -2.998265
    1    0   16   16    0.164345
    1    0   17   16    0.203715
    1    0   18   16   -0.766330
    1    0    1   17   -0.002480
    1    0    2   17    1.985370
    1    0    3   17   -0.016842
    1    0    4   17   -0.108700
    1    0    5   17   -0.036157
    1    0    6   17   -0.070127
    1    0    7   17    0.066355
    1    0    8   17   -0.005930
    1    0    9   17    0.011417
    1    0   10   17    0.115410
    1    0   11   17    0.599440
    1    0   12   17   -0.002880
    1    0   13   17   -1.728492
    1    0   14   17   -0.025585
    1    0   15   17    0.063590
    1    0   16   17   -0.018652
    1    0   17   17    0.002715
    1    0   18   17    0.010970
    1    0    1   18   -0.163632
    1    0    2   18   -0.009743
    1    0    3   18    0.021225
    1    0    4   18    0.208065
    1    0    5   18   -0.010018
    1    0    6   18   -0.117150
    1    0    7   18   -0.723185
    1    0    8   18    0.009545
    1    0    9   18   -0.031060
    1    0   10   18    0.472175
    1    0   11   18    0.020437
    1    0   12   18    0.586842
    1    0   13   18   -0.994650
    1    0   14   18   -0.011435
    1    0   15   18    0.202273
    1    0   16   18   -0.008220
    1    0   17   18   -0.068735
    1    0   18   18    0.109445
   -1    1    1    1    0.028483
   -1    1    2    1    0.003077
   -1    1    3    1    0.003140
   -1    1    4    1   -0.022092
   -1    1    5    1    0.001120
   -1    1    6    1   -0.005365
   -1    1    7    1   -0.022142
   -1    1    8    1    0.000532
   -1    1    9    1   -0.014097
   -1    1   10    1    0.009180
   -1    1   11    1    0.002020
   -1    1   12    1    0.009055
   -1    1   13    1   -0.021155
   -1    1   14    1    0.000353
   -1    1   15    1   -0.009162
   -1    1   16    1    0.031320
   -1    1   17    1   -0.006343
   -1    1   18    1   -0.020857
   -1    1    1    2    0.003847
   -1    1    2    2    0.000210
   -1    1    3    2    0.002240
   -1    1    4    2   -0.022595
   -1    1    5    2    0.001027
   -1    1    6    2   -0.000295
   -1    1    7    2   -0.003397
   -1    1    8    2   -0.003530
   -1    1    9    2    0.001185
   -1    1   10    2    0.006533
   -1    1   11    2   -0.000397
   -1    1   12    2    0.000455
   -1    1   13    2   -0.000385
   -1    1   14    2   -0.001245
   -1    1   15    2    0.001272
   -1    1   16    2   -0.006830
   -1    1   17    2    0.000795
   -1    1   18    2    0.006432
   -1    1    1    3   -0.004250
   -1    1    2    3    0.001762
   -1    1    3    3   -0.005227
   -1    1    4    3   -0.017452
   -1    1    5    3    0.000430
   -1    1    6    3   -0.001950
   -1    1    7    3   -0.000055
   -1    1    8    3   -0.002030
   -1    1    9    3    0.004690
   -1    1   10    3    0.003092
   -1    1   11    3   -0.000912
   -1    1   12    3   -0.003472
   -1    1   13    3   -0.000382
   -1    1   14    3   -0.002812
   -1    1   15    3    0.000073
   -1    1   16    3   -0.000073
   -1    1   17    3   -0.001030
   -1    1   18    3   -0.005145
   -1    1    1    4   -0.001472
   -1    1    2    4    0.001285
   -1    1    3    4    0.008898
   -1    1    4    4    0.009522
   -1    1    5    4    0.002040
   -1    1    6    4   -0.006880
   -1    1    7    4    0.009510
   -1    1    8    4    0.005443
   -1    1    9    4    0.003630
   -1    1   10    4    0.006917
   -1    1   11    4    0.000737
   -1    1   12    4    0.013095
   -1    1   13    4   -0.003628
   -1    1   14    4    0.005738
   -1    1   15    4   -0.009505
   -1    1   16    4    0.003027
   -1    1   17    4   -0.000060
   -1    1   18    4    0.021830
   -1    1    1    5   -0.001370
   -1    1    2    5   -0.000245
   -1    1    3    5    0.001172
   -1    1    4    5   -0.005192
   -1    1    5    5   -0.000320
   -1    1    6    5    0.000470
   -1    1    7    5    0.001497
   -1    1    8    5    0.001288
   -1    1    9    5   -0.002087
   -1    1   10    5    0.000165
   -1    1   11    5    0.000037
   -1    1   12    5    0.000492
   -1    1   13    5   -0.000307
   -1    1   14    5    0.000267
   -1    1   15    5    0.000152
   -1    1   16    5   -0.001968
   -1    1   17    5    0.000190
   -1    1   18    5    0.000660
   -1    1    1    6    0.008790
   -1    1    2    6   -0.001550
   -1    1    3    6   -0.012355
   -1    1    4    6   -0.006377
   -1    1    5    6    0.002027
   -1    1    6    6    0.004047
   -1    1    7    6    0.002220
   -1    1    8    6   -0.001100
   -1    1    9    6    0.022607
   -1    1   10    6   -0.004095
   -1    1   11    6    0.000643
   -1    1   12    6    0.000310
   -1    1   13    6    0.003640
   -1    1   14    6   -0.002225
   -1    1   15    6    0.002525
   -1    1   16    6   -0.044107
   -1    1   17    6   -0.000652
   -1    1   18    6   -0.004657
   -1    1    1    7   -0.009335
   -1    1    2    7    0.000847
   -1    1    3    7   -0.008142
   -1    1    4    7   -0.011230
   -1    1    5    7   -0.001247
   -1    1    6    7   -0.001940
   -1    1    7    7    0.000087
   -1    1    8    7   -0.003265
   -1    1    9    7    0.014303
   -1    1   10    7   -0.000502
   -1    1   11    7   -0.002047
   -1    1   12    7    0.003977
   -1    1   13    7    0.000232
   -1    1   14    7    0.001480
   -1    1   15    7    0.005763
   -1    1   16    7   -0.010823
   -1    1   17    7    0.002552
   -1    1   18    7   -0.004480
   -1    1    1    8    0.000015
   -1    1    2    8   -0.000178
   -1    1    3    8    0.001415
   -1    1    4    8   -0.001260
   -1    1    5    8    0.000062
   -1    1    6    8    0.000220
   -1    1    7    8    0.000460
   -1    1    8    8   -0.000195
   -1    1    9    8   -0.000492
   -1    1   10    8   -0.001092
   -1    1   11    8   -0.000012
   -1    1   12    8   -0.000378
   -1    1   13    8    0.001400
   -1    1   14    8   -0.000010
   -1    1   15    8    0.000442
   -1    1   16    8   -0.001072
   -1    1   17    8    0.000233
   -1    1   18    8    0.000253
   -1    1    1    9    0.009662
   -1    1    2    9    0.000213
   -1    1    3    9    0.015145
   -1    1    4    9   -0.000732
   -1    1    5    9    0.000055
   -1    1    6    9   -0.001605
   -1    1    7    9   -0.010253
   -1    1    8    9    0.001043
   -1    1    9    9   -0.001918
   -1    1   10    9   -0.000103
   -1    1   11    9    0.001020
   -1    1   12    9   -0.001223
   -1    1   13    9   -0.007160
   -1    1   14    9    0.005042
   -1    1   15    9   -0.002572
   -1    1   16    9    0.009510
   -1    1   17    9    0.003660
   -1    1   18    9    0.006802
   -1    1    1   10   -0.000027
   -1    1    2   10    0.001035
   -1    1    3   10    0.009585
   -1    1    4   10    0.005340
   -1    1    5   10    0.000440
   -1    1    6   10   -0.004055
   -1    1    7   10   -0.004080
   -1    1    8   10   -0.000918
   -1    1    9   10   -0.009152
   -1    1   10   10    0.013545
   -1    1   11   10    0.000980
   -1    1   12   10   -0.007725
   -1    1   13   10    0.000808
   -1    1   14   10    0.000762
   -1    1   15   10   -0.001700
   -1    1   16   10    0.003133
   -1    1   17   10   -0.001465
   -1    1   18   10    0.000010
   -1    1    1   11   -0.007405
   -1    1    2   11    0.000142
   -1    1    3   11    0.004855
   -1    1    4   11    0.001220
   -1    1    5   11   -0.000732
   -1    1    6   11   -0.001085
   -1    1    7   11    0.000330
   -1    1    8   11    0.005322
   -1    1    9   11    0.000113
   -1    1   10   11   -0.000285
   -1    1   11   11   -0.000222
   -1    1   12   11    0.000918
   -1    1   13   11    0.001310
   -1    1   14   11    0.001425
   -1    1   15   11   -0.000157
   -1    1   16   11   -0.006213
   -1    1   17   11   -0.001288
   -1    1   18   11   -0.001805
   -1    1    1   12    0.002705
   -1    1    2   12    0.005557
   -1    1    3   12    0.048487
   -1    1    4   12   -0.085540
   -1    1    5   12   -0.014475
   -1    1    6   12   -0.026715
   -1    1    7   12    0.009173
   -1    1    8   12   -0.004877
   -1    1    9   12   -0.213757
   -1    1   10   12   -0.063247
   -1    1   11   12   -0.000050
   -1    1   12   12   -0.014322
   -1    1   13   12    0.041992
   -1    1   14   12   -0.001698
   -1    1   15   12   -0.007130
   -1    1   16   12   -1.356085
   -1    1   17   12    0.024330
   -1    1   18   12   -0.026162
   -1    1    1   13    0.137787
   -1    1    2   13   -0.008942
   -1    1    3   13   -0.037582
   -1    1    4   13    0.014360
   -1    1    5   13    0.021855
   -1    1    6   13    0.014042
   -1    1    7   13    0.016625
   -1    1    8   13   -0.096247
   -1    1    9   13    0.030650
   -1    1   10   13   -0.022505
   -1    1   11   13    0.005060
   -1    1   12   13   -0.009958
   -1    1   13   13    0.004415
   -1    1   14   13   -0.020540
   -1    1   15   13    0.029945
   -1    1   16   13    0.013010
   -1    1   17   13    0.012492
   -1    1   18   13    0.010985
   -1    1    1   14   -0.003127
   -1    1    2   14    0.000012
   -1    1    3   14    0.002565
   -1    1    4   14   -0.006572
   -1    1    5   14   -0.000080
   -1    1    6   14   -0.000702
   -1    1    7   14    0.000817
   -1    1    8   14   -0.000095
   -1    1    9   14    0.000267
   -1    1   10   14   -0.001285
   -1    1   11   14   -0.000195
   -1    1   12   14   -0.001155
   -1    1   13   14    0.002920
   -1    1   14   14    0.000570
   -1    1   15   14    0.002182
   -1    1   16   14   -0.001805
   -1    1   17   14    0.001842
   -1    1   18   14    0.002925
   -1    1    1   15   -0.005780
   -1    1    2   15    0.002190
   -1    1    3   15   -0.017042
   -1    1    4   15    0.017910
   -1    1    5   15    0.002390
   -1    1    6   15    0.001747
   -1    1    7   15   -0.002100
   -1    1    8   15   -0.007817
   -1    1    9   15    0.000040
   -1    1   10   15   -0.000955
   -1    1   11   15    0.001500
   -1    1   12   15   -0.004620
   -1    1   13   15   -0.004782
   -1    1   14   15    0.002457
   -1    1   15   15   -0.001265
   -1    1   16   15    0.035355
   -1    1   17   15    0.000495
   -1    1   18   15   -0.032020
   -1    1    1   16   -0.000700
   -1    1    2   16   -0.003915
   -1    1    3   16    0.011790
   -1    1    4   16    0.008630
   -1    1    5   16   -0.002250
   -1    1    6   16    0.000065
   -1    1    7   16    0.010327
   -1    1    8   16    0.003207
   -1    1    9   16    0.005307
   -1    1   10   16   -0.005765
   -1    1   11   16    0.000307
   -1    1   12   16   -0.000910
   -1    1   13   16    0.011267
   -1    1   14   16   -0.000102
   -1    1   15   16    0.003302
   -1    1   16   16   -0.010093
   -1    1   17   16   -0.001097
   -1    1   18   16    0.008162
   -1    1    1   17    0.001525
   -1    1    2   17   -0.000370
   -1    1    3   17    0.004990
   -1    1    4   17   -0.020822
   -1    1    5   17    0.000910
   -1    1    6   17    0.001513
   -1    1    7   17   -0.001380
   -1    1    8   17   -0.003502
   -1    1    9   17    0.003490
   -1    1   10   17    0.005327
   -1    1   11   17    0.000735
   -1    1   12   17   -0.002090
   -1    1   13   17    0.002992
   -1    1   14   17    0.001302
   -1    1   15   17    0.000535
   -1    1   16   17   -0.001970
   -1    1   17   17    0.001295
   -1    1   18   17   -0.002613
   -1    1    1   18    0.006848
   -1    1    2   18   -0.002790
   -1    1    3   18   -0.013865
   -1    1    4   18    0.013570
   -1    1    5   18   -0.000935
   -1    1    6   18   -0.005380
   -1    1    7   18    0.005855
   -1    1    8   18   -0.002352
   -1    1    9   18    0.001997
   -1    1   10   18   -0.008127
   -1    1   11   18   -0.001500
   -1    1   12   18   -0.014788
   -1    1   13   18   -0.000635
   -1    1   14   18   -0.004305
   -1    1   15   18    0.005222
   -1    1   16   18   -0.018710
   -1    1   17   18    0.001370
   -1    1   18   18    0.008492
    0    1    1    1   -0.067712
    0    1    2    1    0.012212
    0    1    3    1    0.033090
    0    1    4    1   -0.055142
    0    1    5    1   -0.011620
    0    1    6    1   -0.016450
    0    1    7    1   -0.041987
    0    1    8    1   -0.055160
    0    1    9    1    0.038655
    0    1   10    1    0.012752
    0    1   11    1   -0.002117
    0    1   12    1    0.014100
    0    1   13    1    0.012680
    0    1   14    1    0.008847
    0    1   15    1   -0.000630
    0    1   16    1   -0.011355
    0    1   17    1    0.016982
    0    1   18    1    0.028632
    0    1    1    2    0.039030
    0    1    2    2   -0.005557
    0    1    3    2    0.073230
    0    1    4    2   -0.051485
    0    1    5    2   -0.009190
    0    1    6    2   -0.000075
    0    1    7    2   -0.006450
    0    1    8    2    0.002693
    0    1    9    2    0.046647
    0    1   10    2   -0.003068
    0    1   11    2   -0.003090
    0    1   12    2    0.007445
    0    1   13    2   -0.000587
    0    1   14    2   -0.002315
    0    1   15    2   -0.002907
    0    1   16    2   -0.003213
    0    1   17    2   -0.011970
    0    1   18    2    0.010672
    0    1    1    3   -0.024480
    0    1    2    3    0.000800
    0    1    3    3   -0.122275
    0    1    4    3   -0.004917
    0    1    5    3    0.003575
    0    1    6    3    0.008460
    0    1    7    3   -0.012067
    0    1    8    3   -0.025680
    0    1    9    3    0.198120
    0    1   10    3    0.013547
    0    1   11    3   -0.000050
    0    1   12    3    0.002403
    0    1   13    3   -0.002350
    0    1   14    3    0.001927
    0    1   15    3    0.006695
    0    1   16    3   -0.056333
    0    1   17    3    0.004370
    0    1   18    3   -0.042650
    0    1    1    4   -0.036197
    0    1    2    4    0.003770
    0    1    3    4    0.006345
    0    1    4    4    0.162045
    0    1    5    4    0.000957
    0    1    6    4   -0.009147
    0    1    7    4    0.046430
    0    1    8    4    0.018992
    0    1    9    4    0.023447
    0    1   10    4    0.032407
    0    1   11    4   -0.002540
    0    1   12    4    0.016705
    0    1   13    4   -0.001203
    0    1   14    4   -0.001075
    0    1   15    4    0.006768
    0    1   16    4   -0.014010
    0    1   17    4   -0.002290
    0    1   18    4   -0.018482
    0    1    1    5   -0.005895
    0    1    2    5    0.001960
    0    1    3    5    0.031202
    0    1    4    5   -0.008725
    0    1    5    5    0.003927
    0    1    6    5   -0.002800
    0    1    7    5   -0.000262
    0    1    8    5   -0.008278
    0    1    9    5   -0.026060
    0    1   10    5   -0.000662
    0    1   11    5    0.000635
    0    1   12    5    0.002055
    0    1   13    5   -0.000172
    0    1   14    5   -0.000460
    0    1   15    5   -0.000515
    0    1   16    5   -0.000025
    0    1   17    5    0.004290
    0    1   18    5    0.001888
    0    1    1    6    0.139972
    0    1    2    6    0.006910
    0    1    3    6    0.000385
    0    1    4    6    0.007970
    0    1    5    6    0.009137
    0    1    6    6    0.033377
    0    1    7    6   -0.125627
    0    1    8    6   -0.012295
    0    1    9    6    0.013352
    0    1   10    6    0.024532
    0    1   11    6    0.000578
    0    1   12    6    0.006160
    0    1   13    6   -0.033032
    0    1   14    6   -0.013322
    0    1   15    6   -0.034485
    0    1   16    6    0.090240
    0    1   17    6   -0.006163
    0    1   18    6    0.216295
    0    1    1    7    0.001735
    0    1    2    7   -0.002735
    0    1    3    7   -0.033542
    0    1    4    7    0.017582
    0    1    5    7   -0.009687
    0    1    6    7    0.004597
    0    1    7    7   -0.004228
    0    1    8    7    0.001640
    0    1    9    7   -0.007410
    0    1   10    7   -0.025918
    0    1   11    7   -0.003662
    0    1   12    7    0.007255
    0    1   13    7    0.007325
    0    1   14    7   -0.001960
    0    1   15    7    0.003938
    0    1   16    7   -0.010375
    0    1   17    7    0.000028
    0    1   18    7    0.005015
    0    1    1    8    0.010253
    0    1    2    8   -0.000690
    0    1    3    8    0.007150
    0    1    4    8   -0.003523
    0    1    5    8    0.000438
    0    1    6    8    0.001182
    0    1    7    8    0.000385
    0    1    8    8    0.003812
    0    1    9    8   -0.010550
    0    1   10    8   -0.000375
    0    1   11    8   -0.000042
    0    1   12    8   -0.000127
    0    1   13    8   -0.001442
    0    1   14    8   -0.001953
    0    1   15    8    0.001485
    0    1   16    8    0.000905
    0    1   17    8   -0.000835
    0    1   18    8   -0.000607
    0    1    1    9   -0.086160
    0    1    2    9    0.002028
    0    1    3    9   -0.016120
    0    1    4    9   -0.015105
    0    1    5    9   -0.008265
    0    1    6    9   -0.010875
    0    1    7    9   -0.005768
    0    1    8    9   -0.012537
    0    1    9    9    0.001355
    0    1   10    9   -0.003840
    0    1   11    9   -0.002520
    0    1   12    9    0.002135
    0    1   13    9    0.012700
    0    1   14    9    0.003017
    0    1   15    9    0.002887
    0    1   16    9   -0.012760
    0    1   17    9    0.012762
    0    1   18    9   -0.002267
    0    1    1   10   -0.006210
    0    1    2   10    0.003417
    0    1    3   10    0.052580
    0    1    4   10   -0.047378
    0    1    5   10   -0.001063
    0    1    6   10   -0.011138
    0    1    7   10    0.042100
    0    1    8   10   -0.007057
    0    1    9   10   -0.151435
    0    1   10   10    0.025743
    0    1   11   10   -0.000875
    0    1   12   10   -0.019760
    0    1   13   10    0.004780
    0    1   14   10   -0.000505
    0    1   15   10    0.007452
    0    1   16   10   -0.017793
    0    1   17   10    0.002492
    0    1   18   10    0.004907
    0    1    1   11   -0.007222
    0    1    2   11    0.009265
    0    1    3   11    0.062457
    0    1    4   11    0.075307
    0    1    5   11    0.018915
    0    1    6   11    0.002658
    0    1    7   11    0.012317
    0    1    8   11   -0.053537
    0    1    9   11   -0.036600
    0    1   10   11    0.007542
    0    1   11   11    0.003177
    0    1   12   11    0.001690
    0    1   13   11    0.002147
    0    1   14   11   -0.009698
    0    1   15   11   -0.001040
    0    1   16   11   -0.003713
    0    1   17   11    0.088318
    0    1   18   11    0.035865
    0    1    1   12   -0.069965
    0    1    2   12   -0.292265
    0    1    3   12    0.637355
    0    1    4   12   -0.356152
    0    1    5   12    0.163540
    0    1    6   12   -0.373565
    0    1    7   12    0.486800
    0    1    8   12    0.141137
    0    1    9   12    0.204395
    0    1   10   12   -0.274680
    0    1   11   12    0.055575
    0    1   12   12   -0.009265
    0    1   13   12    0.088477
    0    1   14   12    0.162815
    0    1   15   12   -1.142535
    0    1   16   12    0.623857
    0    1   17   12   -0.100475
    0    1   18   12    2.792780
    0    1    1   13    0.176557
    0    1    2   13   -0.032545
    0    1    3   13   -0.262170
    0    1    4   13    0.086925
    0    1    5   13   -0.363990
    0    1    6   13   -0.026572
    0    1    7   13   -0.045855
    0    1    8   13   -0.289442
    0    1    9   13   -0.263898
    0    1   10   13   -0.033958
    0    1   11   13   -0.032765
    0    1   12   13   -0.014110
    0    1   13   13   -0.238125
    0    1   14   13    0.000030
    0    1   15   13    0.022930
    0    1   16   13   -0.004135
    0    1   17   13   -0.000110
    0    1   18   13   -0.187782
    0    1    1   14    0.017165
    0    1    2   14   -0.001218
    0    1    3   14    0.025560
    0    1    4   14    0.017382
    0    1    5   14    0.002445
    0    1    6   14    0.000522
    0    1    7   14   -0.002505
    0    1    8   14    0.014085
    0    1    9   14   -0.017665
    0    1   10   14   -0.003298
    0    1   11   14   -0.000125
    0    1   12   14    0.002775
    0    1   13   14   -0.001095
    0    1   14   14   -0.005635
    0    1   15   14    0.003032
    0    1   16   14    0.007228
    0    1   17   14    0.005045
    0    1   18   14   -0.002145
    0    1    1   15   -0.246145
    0    1    2   15    0.017187
    0    1    3   15   -0.643437
    0    1    4   15    0.092338
    0    1    5   15    0.010482
    0    1    6   15   -0.019085
    0    1    7   15    0.046803
    0    1    8   15   -0.022590
    0    1    9   15    0.136397
    0    1   10   15   -0.007132
    0    1   11   15    0.005122
    0    1   12   15   -0.008035
    0    1   13   15   -0.050057
    0    1   14   15    0.017250
    0    1   15   15    0.001275
    0    1   16   15   -0.009183
    0    1   17   15    0.015805
    0    1   18   15   -0.064230
    0    1    1   16   -0.047633
    0    1    2   16   -0.004935
    0    1    3   16   -0.089718
    0    1    4   16   -0.018640
    0    1    5   16    0.016390
    0    1    6   16   -0.000047
    0    1    7   16   -0.009312
    0    1    8   16   -0.000900
    0    1    9   16   -0.032695
    0    1   10   16    0.021595
    0    1   11   16    0.000973
    0    1   12   16   -0.003600
    0    1   13   16    0.009895
    0    1   14   16   -0.005265
    0    1   15   16    0.004537
    0    1   16   16   -0.056195
    0    1   17   16   -0.010148
    0    1   18   16    0.018977
    0    1    1   17    0.000503
    0    1    2   17    0.008595
    0    1    3   17    0.007452
    0    1    4   17   -0.011995
    0    1    5   17   -0.038090
    0    1    6   17   -0.013948
    0    1    7   17   -0.029608
    0    1    8   17    0.004707
    0    1    9   17   -0.021947
    0    1   10   17    0.016882
    0    1   11   17   -0.007420
    0    1   12   17    0.007347
    0    1   13   17   -0.017402
    0    1   14   17    0.003642
    0    1   15   17   -0.000887
    0    1   16   17    0.005425
    0    1   17   17    0.001065
    0    1   18   17   -0.029345
    0    1    1   18   -0.031197
    0    1    2   18   -0.017292
    0    1    3   18   -0.250657
    0    1    4   18    0.013140
    0    1    5   18   -0.008613
    0    1    6   18    0.012130
    0    1    7   18   -0.015662
    0    1    8   18    0.029507
    0    1    9   18    0.197465
    0    1   10   18   -0.020615
    0    1   11   18   -0.001103
    0    1   12   18   -0.010310
    0    1   13   18    0.002643
    0    1   14   18   -0.002382
    0    1   15   18   -0.005582
    0    1   16   18    0.002828
    0    1   17   18    0.001605
    0    1   18   18   -0.001863
    1    1    1    1   -0.225102
    1    1    2    1   -0.000180
    1    1    3    1    0.054347
    1    1    4    1   -0.072060
    1    1    5    1   -0.114888
    1    1    6    1   -0.025647
    1    1    7    1   -0.047063
    1    1    8    1   -0.075742
    1    1    9    1   -0.130225
    1    1   10    1    0.018392
    1    1   11    1   -0.030207
    1    1   12    1    0.009410
    1    1   13    1    0.141965
    1    1   14    1    0.025425
    1    1   15    1    0.108995
    1    1   16    1   -0.097727
    1    1   17    1    0.039425
    1    1   18    1   -0.014275
    1    1    1    2    0.006735
    1    1    2    2    0.008327
    1    1    3    2    0.002900
    1    1    4    2    0.002495
    1    1    5    2    0.002690
    1    1    6    2    0.023905
    1    1    7    2    0.039850
    1    1    8    2    0.001668
    1    1    9    2    0.003845
    1    1   10    2   -0.008812
    1    1   11    2    0.002405
    1    1   12    2    0.011325
    1    1   13    2   -0.048752
    1    1   14    2   -0.002060
    1    1   15    2    0.000813
    1    1   16    2   -0.011258
    1    1   17    2    0.025208
    1    1   18    2   -0.016155
    1    1    1    3   -0.053950
    1    1    2    3    0.011057
    1    1    3    3   -0.081830
    1    1    4    3    0.088550
    1    1    5    3   -0.053565
    1    1    6    3    0.041208
    1    1    7    3    0.003750
    1    1    8    3   -0.038447
    1    1    9    3    0.009132
    1    1   10    3    0.008188
    1    1   11    3   -0.010752
    1    1   12    3    0.010703
    1    1   13    3   -0.005295
    1    1   14    3    0.002780
    1    1   15    3    0.039037
    1    1   16    3    0.006817
    1    1   17    3    0.005920
    1    1   18    3   -0.035000
    1    1    1    4   -0.014427
    1    1    2    4   -0.002555
    1    1    3    4   -0.138047
    1    1    4    4    0.090805
    1    1    5    4    0.062472
    1    1    6    4    0.019673
    1    1    7    4    0.014830
    1    1    8    4    0.059747
    1    1    9    4    0.059327
    1    1   10    4    0.004240
    1    1   11    4    0.015603
    1    1   12    4   -0.010010
    1    1   13    4    0.067997
    1    1   14    4    0.001128
    1    1   15    4    0.036150
    1    1   16    4    0.020495
    1    1   17    4   -0.043722
    1    1   18    4   -0.085242
    1    1    1    5   -0.011275
    1    1    2    5    0.007847
    1    1    3    5    0.010520
    1    1    4    5    0.000232
    1    1    5    5    0.007308
    1    1    6    5   -0.040887
    1    1    7    5   -0.014737
    1    1    8    5    0.004085
    1    1    9    5   -0.008207
    1    1   10    5    0.008002
    1    1   11    5    0.001772
    1    1   12    5    0.000492
    1    1   13    5   -0.005935
    1    1   14    5    0.001285
    1    1   15    5   -0.000765
    1    1   16    5   -0.000250
    1    1   17    5    0.000062
    1    1   18    5   -0.010778
    1    1    1    6    0.001645
    1    1    2    6    0.006135
    1    1    3    6    0.040235
    1    1    4    6    1.259400
    1    1    5    6   -0.002760
    1    1    6    6    0.069627
    1    1    7    6    0.349680
    1    1    8    6   -0.004575
    1    1    9    6   -0.085222
    1    1   10    6   -0.144010
    1    1   11    6    0.003325
    1    1   12    6    0.013092
    1    1   13    6   -0.117197
    1    1   14    6    0.011398
    1    1   15    6   -0.032760
    1    1   16    6    0.023813
    1    1   17    6   -0.019995
    1    1   18    6   -0.038515
    1    1    1    7   -0.034403
    1    1    2    7   -0.009650
    1    1    3    7   -0.000003
    1    1    4    7    0.031700
    1    1    5    7    0.001950
    1    1    6    7    0.016698
    1    1    7    7   -0.056427
    1    1    8    7   -0.000947
    1    1    9    7   -0.019357
    1    1   10    7    0.047620
    1    1   11    7    0.004850
    1    1   12    7   -0.018828
    1    1   13    7    0.006432
    1    1   14    7    0.003743
    1    1   15    7   -0.012308
    1    1   16    7    0.019627
    1    1   17    7   -0.003770
    1    1   18    7   -0.010690
    1    1    1    8    0.012892
    1    1    2    8   -0.004390
    1    1    3    8    0.002900
    1    1    4    8   -0.013927
    1    1    5    8   -0.003440
    1    1    6    8   -0.001220
    1    1    7    8   -0.005030
    1    1    8    8   -0.000947
    1    1    9    8   -0.001287
    1    1   10    8   -0.011370
    1    1   11    8   -0.000220
    1    1   12    8   -0.001913
    1    1   13    8   -0.006757
    1    1   14    8   -0.002817
    1    1   15    8    0.000777
    1    1   16    8   -0.003138
    1    1   17    8   -0.003822
    1    1   18    8   -0.003985
    1    1    1    9   -0.127117
    1    1    2    9   -0.007060
    1    1    3    9   -0.075192
    1    1    4    9   -0.027405
    1    1    5    9   -0.011582
    1    1    6    9    0.017492
    1    1    7    9    0.095943
    1    1    8    9   -0.006212
    1    1    9    9    0.115817
    1    1   10    9    0.055492
    1    1   11    9   -0.002863
    1    1   12    9    0.003903
    1    1   13    9    0.063372
    1    1   14    9    0.000670
    1    1   15    9    0.019720
    1    1   16    9    0.000058
    1    1   17    9    0.010377
    1    1   18    9    0.018570
    1    1    1   10    0.004005
    1    1    2   10    0.010317
    1    1    3   10    0.029240
    1    1    4   10   -0.018617
    1    1    5   10    0.003938
    1    1    6   10   -0.153193
    1    1    7   10   -0.022085
    1    1    8   10    0.009980
    1    1    9   10   -0.020348
    1    1   10   10    0.055082
    1    1   11   10   -0.008430
    1    1   12   10   -0.008748
    1    1   13   10    0.019207
    1    1   14   10   -0.011337
    1    1   15   10    0.004095
    1    1   16   10   -0.005667
    1    1   17   10   -0.004425
    1    1   18   10    0.076815
    1    1    1   11    0.004020
    1    1    2   11   -0.038935
    1    1    3   11    0.005180
    1    1    4   11    0.058410
    1    1    5   11   -0.002812
    1    1    6   11   -0.033000
    1    1    7   11    0.025667
    1    1    8   11    0.001832
    1    1    9   11   -0.017687
    1    1   10   11   -0.020332
    1    1   11   11    0.004465
    1    1   12   11    0.008712
    1    1   13   11    0.046547
    1    1   14   11   -0.003817
    1    1   15   11    0.009137
    1    1   16   11   -0.009972
    1    1   17   11   -0.060495
    1    1   18   11   -0.011177
    1    1    1   12    0.015780
    1    1    2   12    0.042025
    1    1    3   12   -0.033853
    1    1    4   12   -0.447977
    1    1    5   12   -0.008260
    1    1    6   12    0.161940
    1    1    7   12   -0.031742
    1    1    8   12    0.007525
    1    1    9   12   -0.149860
    1    1   10   12   -0.049200
    1    1   11   12   -0.008743
    1    1   12   12    0.060770
    1    1   13   12    0.377007
    1    1   14   12   -0.021850
    1    1   15   12   -0.074685
    1    1   16   12   -0.070035
    1    1   17   12    0.036955
    1    1   18   12   -0.337570
    1    1    1   13    0.050160
    1    1    2   13   -0.044005
    1    1    3   13   -0.013805
    1    1    4   13    0.029492
    1    1    5   13    0.003973
    1    1    6   13   -0.129360
    1    1    7   13   -0.113040
    1    1    8   13   -0.002525
    1    1    9   13    0.001823
    1    1   10   13    0.118578
    1    1   11   13    0.016570
    1    1   12   13   -0.045230
    1    1   13   13   -0.121617
    1    1   14   13   -0.000137
    1    1   15   13   -0.060505
    1    1   16   13    0.053380
    1    1   17   13   -0.047487
    1    1   18   13   -0.035552
    1    1    1   14    0.014810
    1    1    2   14   -0.010767
    1    1    3   14   -0.010745
    1    1    4   14    0.002305
    1    1    5   14    0.002048
    1    1    6   14    0.010900
    1    1    7   14    0.011117
    1    1    8   14    0.004075
    1    1    9   14   -0.000797
    1    1   10   14   -0.002093
    1    1   11   14    0.002332
    1    1   12   14    0.000687
    1    1   13   14    0.021295
    1    1   14   14   -0.007377
    1    1   15   14    0.004695
    1    1   16   14   -0.010575
    1    1   17   14   -0.014385
    1    1   18   14   -0.018337
    1    1    1   15   -0.030302
    1    1    2   15    0.002845
    1    1    3   15   -0.000170
    1    1    4   15   -0.355760
    1    1    5   15   -0.001520
    1    1    6   15    0.373315
    1    1    7   15   -0.018080
    1    1    8   15   -0.001852
    1    1    9   15    0.032348
    1    1   10   15   -0.560627
    1    1   11   15    0.001125
    1    1   12   15   -0.025600
    1    1   13   15    0.028272
    1    1   14   15    0.006488
    1    1   15   15   -0.040997
    1    1   16   15    0.022045
    1    1   17   15   -0.028352
    1    1   18   15    0.030783
    1    1    1   16    0.085222
    1    1    2   16    0.031105
    1    1    3   16    0.027617
    1    1    4   16    0.037248
    1    1    5   16    0.023942
    1    1    6   16   -0.019680
    1    1    7   16   -0.010705
    1    1    8   16    0.013748
    1    1    9   16   -0.050635
    1    1   10   16    0.040715
    1    1   11   16    0.004407
    1    1   12   16    0.003785
    1    1   13   16   -0.025885
    1    1   14   16   -0.011965
    1    1   15   16   -0.016787
    1    1   16   16    0.026130
    1    1   17   16   -0.009870
    1    1   18   16   -0.093700
    1    1    1   17   -0.028270
    1    1    2   17    0.003705
    1    1    3   17   -0.000885
    1    1    4   17   -0.011947
    1    1    5   17    0.049753
    1    1    6   17   -0.013113
    1    1    7   17    0.007213
    1    1    8   17    0.022557
    1    1    9   17    0.024900
    1    1   10   17   -0.015007
    1    1   11   17    0.005355
    1    1   12   17   -0.002860
    1    1   13   17    0.015840
    1    1   14   17   -0.003787
    1    1   15   17   -0.001463
    1    1   16   17   -0.006927
    1    1   17   17   -0.000795
    1    1   18   17    0.022802
    1    1    1   18   -0.075747
    1    1    2   18   -0.019318
    1    1    3   18    0.011517
    1    1    4   18    0.046530
    1    1    5   18   -0.009687
    1    1    6   18    0.279945
    1    1    7   18    0.067845
    1    1    8   18   -0.002260
    1    1    9   18   -0.018990
    1    1   10   18    0.135547
    1    1   11   18   -0.006965
    1    1   12   18    0.049048
    1    1   13   18    0.029187
    1    1   14   18    0.004367
    1    1   15   18   -0.016430
    1    1   16   18   -0.011995
    1    1   17   18   -0.002182
    1    1   18   18    0.153162
