 ir1  ir2   m    n          ReH 
   -1   -1    1    1   -0.007607
   -1   -1    2    1   -0.001807
   -1   -1    3    1   -0.022927
   -1   -1    4    1    0.012282
   -1   -1    5    1   -0.004925
   -1   -1    6    1   -0.002110
   -1   -1    7    1   -0.001547
   -1   -1    8    1    0.001590
   -1   -1    9    1   -0.008607
   -1   -1   10    1    0.001525
   -1   -1   11    1   -0.003372
   -1   -1   12    1   -0.006377
   -1   -1   13    1   -0.002750
   -1   -1   14    1   -0.007153
   -1   -1   15    1    0.012352
   -1   -1   16    1    0.007940
   -1   -1   17    1   -0.002283
   -1   -1   18    1    0.011055
   -1   -1    1    2   -0.002595
   -1   -1    2    2   -0.004432
   -1   -1    3    2    0.063695
   -1   -1    4    2   -0.021847
   -1   -1    5    2    0.008403
   -1   -1    6    2    0.004762
   -1   -1    7    2   -0.005747
   -1   -1    8    2    0.003310
   -1   -1    9    2    0.011300
   -1   -1   10    2    0.004595
   -1   -1   11    2    0.042188
   -1   -1   12    2   -0.053262
   -1   -1   13    2    0.009117
   -1   -1   14    2    0.035215
   -1   -1   15    2    0.028612
   -1   -1   16    2   -0.000965
   -1   -1   17    2    0.000818
   -1   -1   18    2    0.086532
   -1   -1    1    3   -0.096612
   -1   -1    2    3    0.007170
   -1   -1    3    3    0.011747
   -1   -1    4    3    0.061875
   -1   -1    5    3   -0.007262
   -1   -1    6    3   -0.021490
   -1   -1    7    3    0.004618
   -1   -1    8    3    0.028767
   -1   -1    9    3   -0.019477
   -1   -1   10    3   -0.026207
   -1   -1   11    3    0.004567
   -1   -1   12    3    0.131942
   -1   -1   13    3   -0.028582
   -1   -1   14    3    0.005057
   -1   -1   15    3    0.022793
   -1   -1   16    3   -0.031980
   -1   -1   17    3   -0.098517
   -1   -1   18    3    0.011712
   -1   -1    1    4   -0.184535
   -1   -1    2    4    0.000065
   -1   -1    3    4    0.047122
   -1   -1    4    4   -0.030490
   -1   -1    5    4   -0.001247
   -1   -1    6    4   -0.000972
   -1   -1    7    4   -0.003565
   -1   -1    8    4    0.003170
   -1   -1    9    4   -0.001292
   -1   -1   10    4    0.000333
   -1   -1   11    4    0.000433
   -1   -1   12    4    0.015350
   -1   -1   13    4   -0.009350
   -1   -1   14    4   -0.002587
   -1   -1   15    4   -0.001553
   -1   -1   16    4   -0.004827
   -1   -1   17    4    0.003455
   -1   -1   18    4    0.011952
   -1   -1    1    5    0.052812
   -1   -1    2    5    0.008762
   -1   -1    3    5    0.125080
   -1   -1    4    5   -0.012655
   -1   -1    5    5    0.021620
   -1   -1    6    5   -0.000152
   -1   -1    7    5    0.003517
   -1   -1    8    5   -0.011923
   -1   -1    9    5   -0.022525
   -1   -1   10    5   -0.077855
   -1   -1   11    5    0.013500
   -1   -1   12    5   -0.028465
   -1   -1   13    5    0.010450
   -1   -1   14    5    0.036998
   -1   -1   15    5   -0.000917
   -1   -1   16    5   -0.046225
   -1   -1   17    5    0.004872
   -1   -1   18    5   -0.100683
   -1   -1    1    6    0.333602
   -1   -1    2    6    0.022558
   -1   -1    3    6   -0.129315
   -1   -1    4    6    0.598590
   -1   -1    5    6   -0.092835
   -1   -1    6    6   -0.084645
   -1   -1    7    6    1.465962
   -1   -1    8    6    0.021770
   -1   -1    9    6   -0.423862
   -1   -1   10    6    0.077555
   -1   -1   11    6    0.275490
   -1   -1   12    6    1.149435
   -1   -1   13    6   -0.525600
   -1   -1   14    6    0.028207
   -1   -1   15    6   -0.390062
   -1   -1   16    6   -0.355618
   -1   -1   17    6   -0.134157
   -1   -1   18    6   -0.414162
   -1   -1    1    7   -0.248050
   -1   -1    2    7   -0.054660
   -1   -1    3    7   -0.300505
   -1   -1    4    7    0.053160
   -1   -1    5    7    0.056095
   -1   -1    6    7   -0.021220
   -1   -1    7    7   -0.089975
   -1   -1    8    7    0.095012
   -1   -1    9    7    0.124930
   -1   -1   10    7   -0.492875
   -1   -1   11    7    0.073370
   -1   -1   12    7   -0.106480
   -1   -1   13    7   -0.012070
   -1   -1   14    7   -0.305710
   -1   -1   15    7    0.187548
   -1   -1   16    7    0.165100
   -1   -1   17    7   -0.078287
   -1   -1   18    7    0.413472
   -1   -1    1    8    0.023975
   -1   -1    2    8    0.000210
   -1   -1    3    8    0.172592
   -1   -1    4    8   -0.022365
   -1   -1    5    8    0.026042
   -1   -1    6    8    0.003362
   -1   -1    7    8    0.003307
   -1   -1    8    8   -0.019428
   -1   -1    9    8   -0.006502
   -1   -1   10    8   -0.002732
   -1   -1   11    8   -0.001002
   -1   -1   12    8   -0.025755
   -1   -1   13    8    0.009165
   -1   -1   14    8    0.023797
   -1   -1   15    8   -0.006845
   -1   -1   16    8   -0.011677
   -1   -1   17    8   -0.006585
   -1   -1   18    8   -0.007087
   -1   -1    1    9    0.234690
   -1   -1    2    9    0.009965
   -1   -1    3    9   -0.151133
   -1   -1    4    9    0.032610
   -1   -1    5    9   -0.053362
   -1   -1    6    9   -0.044385
   -1   -1    7    9    0.020860
   -1   -1    8    9    0.006975
   -1   -1    9    9   -0.073120
   -1   -1   10    9   -0.582475
   -1   -1   11    9    0.079270
   -1   -1   12    9   -0.093530
   -1   -1   13    9   -0.025683
   -1   -1   14    9   -0.129440
   -1   -1   15    9   -0.008658
   -1   -1   16    9   -0.014680
   -1   -1   17    9   -0.069070
   -1   -1   18    9   -0.576097
   -1   -1    1   10    0.231560
   -1   -1    2   10    0.005385
   -1   -1    3   10    0.003728
   -1   -1    4   10   -0.126232
   -1   -1    5   10   -0.009905
   -1   -1    6   10   -0.004902
   -1   -1    7   10    0.187640
   -1   -1    8   10    0.007568
   -1   -1    9   10    0.131962
   -1   -1   10   10    0.027845
   -1   -1   11   10    0.051560
   -1   -1   12   10   -0.283270
   -1   -1   13   10    0.116395
   -1   -1   14   10   -0.011775
   -1   -1   15   10   -0.577692
   -1   -1   16   10    0.767220
   -1   -1   17   10   -0.010927
   -1   -1   18   10    0.134302
   -1   -1    1   11   -0.036068
   -1   -1    2   11    0.005915
   -1   -1    3   11    0.007757
   -1   -1    4   11    0.029250
   -1   -1    5   11    0.005617
   -1   -1    6   11   -0.002087
   -1   -1    7   11    0.003530
   -1   -1    8   11    0.000465
   -1   -1    9   11    0.025980
   -1   -1   10   11   -0.017480
   -1   -1   11   11   -0.004548
   -1   -1   12   11    0.028673
   -1   -1   13   11   -0.002090
   -1   -1   14   11   -0.001135
   -1   -1   15   11   -0.011435
   -1   -1   16   11   -0.015895
   -1   -1   17   11   -0.005737
   -1   -1   18   11   -0.035972
   -1   -1    1   12   -0.421495
   -1   -1    2   12   -0.003740
   -1   -1    3   12    0.103987
   -1   -1    4   12    0.195433
   -1   -1    5   12    0.013307
   -1   -1    6   12    0.000042
   -1   -1    7   12    0.004390
   -1   -1    8   12    0.008260
   -1   -1    9   12    0.039495
   -1   -1   10   12    0.155975
   -1   -1   11   12    0.011525
   -1   -1   12   12    0.162220
   -1   -1   13   12   -0.051125
   -1   -1   14   12    0.086777
   -1   -1   15   12    0.026570
   -1   -1   16   12    0.049845
   -1   -1   17   12    0.008295
   -1   -1   18   12    0.129452
   -1   -1    1   13   -1.166935
   -1   -1    2   13    0.005817
   -1   -1    3   13   -0.154167
   -1   -1    4   13   -0.068492
   -1   -1    5   13   -0.016765
   -1   -1    6   13   -0.004940
   -1   -1    7   13   -0.042122
   -1   -1    8   13    0.017387
   -1   -1    9   13   -0.259845
   -1   -1   10   13    0.001048
   -1   -1   11   13   -0.096778
   -1   -1   12   13    0.001417
   -1   -1   13   13   -0.034923
   -1   -1   14   13   -0.027137
   -1   -1   15   13    0.041257
   -1   -1   16   13   -0.076527
   -1   -1   17   13   -0.037220
   -1   -1   18   13    0.031813
   -1   -1    1   14    0.051012
   -1   -1    2   14   -0.000657
   -1   -1    3   14    0.024543
   -1   -1    4   14   -0.040432
   -1   -1    5   14    0.005107
   -1   -1    6   14    0.004860
   -1   -1    7   14    0.005077
   -1   -1    8   14   -0.000070
   -1   -1    9   14   -0.003990
   -1   -1   10   14    0.013620
   -1   -1   11   14   -0.003483
   -1   -1   12   14   -0.083055
   -1   -1   13   14    0.010493
   -1   -1   14   14    0.001863
   -1   -1   15   14   -0.007200
   -1   -1   16   14   -0.001653
   -1   -1   17   14    0.000957
   -1   -1   18   14    0.048730
   -1   -1    1   15    0.281795
   -1   -1    2   15   -0.022040
   -1   -1    3   15    0.106525
   -1   -1    4   15   -0.167615
   -1   -1    5   15    0.003580
   -1   -1    6   15    0.010942
   -1   -1    7   15    0.023240
   -1   -1    8   15   -0.002917
   -1   -1    9   15   -0.034935
   -1   -1   10   15    0.119232
   -1   -1   11   15    0.095198
   -1   -1   12   15   -0.147817
   -1   -1   13   15    0.035735
   -1   -1   14   15    0.053317
   -1   -1   15   15    0.053288
   -1   -1   16   15    0.076727
   -1   -1   17   15    0.005700
   -1   -1   18   15    0.039067
   -1   -1    1   16    0.067900
   -1   -1    2   16   -0.013875
   -1   -1    3   16    0.054762
   -1   -1    4   16   -0.083885
   -1   -1    5   16   -0.016480
   -1   -1    6   16    0.007842
   -1   -1    7   16    0.001605
   -1   -1    8   16   -0.024162
   -1   -1    9   16   -0.088572
   -1   -1   10   16    0.112600
   -1   -1   11   16   -0.004715
   -1   -1   12   16   -0.050520
   -1   -1   13   16    0.017620
   -1   -1   14   16    0.042330
   -1   -1   15   16   -0.078285
   -1   -1   16   16    0.078645
   -1   -1   17   16    0.058707
   -1   -1   18   16    0.091085
   -1   -1    1   17    0.013077
   -1   -1    2   17    0.000120
   -1   -1    3   17    0.065057
   -1   -1    4   17    0.010622
   -1   -1    5   17    0.004387
   -1   -1    6   17    0.002772
   -1   -1    7   17    0.000312
   -1   -1    8   17   -0.003970
   -1   -1    9   17    0.046383
   -1   -1   10   17    0.006805
   -1   -1   11   17    0.042675
   -1   -1   12   17   -0.003325
   -1   -1   13   17    0.012930
   -1   -1   14   17    0.022712
   -1   -1   15   17   -0.003138
   -1   -1   16   17    0.009782
   -1   -1   17   17    0.021665
   -1   -1   18   17    0.006497
   -1   -1    1   18   -0.012478
   -1   -1    2   18   -0.003465
   -1   -1    3   18    0.091690
   -1   -1    4   18   -0.002445
   -1   -1    5   18    0.010690
   -1   -1    6   18   -0.003520
   -1   -1    7   18   -0.012777
   -1   -1    8   18   -0.009185
   -1   -1    9   18    0.017475
   -1   -1   10   18    0.024842
   -1   -1   11   18    0.024812
   -1   -1   12   18    0.009352
   -1   -1   13   18    0.006962
   -1   -1   14   18    0.023818
   -1   -1   15   18    0.030530
   -1   -1   16   18    0.045415
   -1   -1   17   18    0.008937
   -1   -1   18   18   -0.019678
    0   -1    1    1   -0.016297
    0   -1    2    1    0.006152
    0   -1    3    1    0.012100
    0   -1    4    1    0.010437
    0   -1    5    1    0.009897
    0   -1    6    1    0.000980
    0   -1    7    1    0.085812
    0   -1    8    1   -0.000890
    0   -1    9    1   -0.013902
    0   -1   10    1    0.011298
    0   -1   11    1    0.016385
    0   -1   12    1    0.003065
    0   -1   13    1   -0.030435
    0   -1   14    1    0.002397
    0   -1   15    1   -0.038543
    0   -1   16    1    0.215740
    0   -1   17    1    0.013000
    0   -1   18    1   -0.062410
    0   -1    1    2    0.061495
    0   -1    2    2   -0.007555
    0   -1    3    2   -0.011357
    0   -1    4    2    0.002472
    0   -1    5    2    0.000515
    0   -1    6    2   -0.000035
    0   -1    7    2    0.003213
    0   -1    8    2    0.001050
    0   -1    9    2   -0.109725
    0   -1   10    2    0.003903
    0   -1   11    2    0.007975
    0   -1   12    2    0.085992
    0   -1   13    2    0.006847
    0   -1   14    2   -0.004235
    0   -1   15    2    0.059393
    0   -1   16    2    0.000325
    0   -1   17    2   -0.023495
    0   -1   18    2    0.014487
    0   -1    1    3   -0.202562
    0   -1    2    3   -0.025477
    0   -1    3    3   -0.014920
    0   -1    4    3   -0.002945
    0   -1    5    3    0.021468
    0   -1    6    3    0.074103
    0   -1    7    3    0.012868
    0   -1    8    3   -0.001757
    0   -1    9    3   -0.306607
    0   -1   10    3    0.055065
    0   -1   11    3    0.113355
    0   -1   12    3    0.184583
    0   -1   13    3    0.084805
    0   -1   14    3   -0.022793
    0   -1   15    3    0.429740
    0   -1   16    3   -0.161722
    0   -1   17    3   -0.021495
    0   -1   18    3   -0.087138
    0   -1    1    4   -0.163935
    0   -1    2    4    0.025670
    0   -1    3    4   -0.388687
    0   -1    4    4    0.099663
    0   -1    5    4    0.002752
    0   -1    6    4   -0.002287
    0   -1    7    4    0.089255
    0   -1    8    4   -0.001618
    0   -1    9    4    0.099882
    0   -1   10    4    0.021835
    0   -1   11    4   -0.178550
    0   -1   12    4   -0.098080
    0   -1   13    4    0.007355
    0   -1   14    4   -0.205697
    0   -1   15    4   -0.286420
    0   -1   16    4    0.134002
    0   -1   17    4   -0.025075
    0   -1   18    4   -0.506628
    0   -1    1    5   -0.068250
    0   -1    2    5   -0.021335
    0   -1    3    5   -0.011268
    0   -1    4    5   -0.006225
    0   -1    5    5    0.004497
    0   -1    6    5   -0.004463
    0   -1    7    5    0.024580
    0   -1    8    5    0.001080
    0   -1    9    5   -1.080035
    0   -1   10    5   -0.008457
    0   -1   11    5   -0.001025
    0   -1   12    5   -0.023427
    0   -1   13    5    0.018543
    0   -1   14    5   -0.000040
    0   -1   15    5    0.064645
    0   -1   16    5   -0.031682
    0   -1   17    5   -0.038640
    0   -1   18    5   -0.007553
    0   -1    1    6   -0.308972
    0   -1    2    6    0.032462
    0   -1    3    6    0.050822
    0   -1    4    6    0.047067
    0   -1    5    6    0.003995
    0   -1    6    6   -0.006238
    0   -1    7    6   -0.314095
    0   -1    8    6   -0.006692
    0   -1    9    6    0.110315
    0   -1   10    6   -0.213010
    0   -1   11    6   -0.024803
    0   -1   12    6   -0.072850
    0   -1   13    6   -0.371190
    0   -1   14    6    0.005325
    0   -1   15    6   -0.182968
    0   -1   16    6   -0.045700
    0   -1   17    6    0.015402
    0   -1   18    6   -0.022320
    0   -1    1    7    0.267980
    0   -1    2    7   -0.233560
    0   -1    3    7   -0.114372
    0   -1    4    7    0.362965
    0   -1    5    7   -0.004932
    0   -1    6    7    0.186700
    0   -1    7    7    0.004053
    0   -1    8    7   -0.000432
    0   -1    9    7   -0.235265
    0   -1   10    7    0.068792
    0   -1   11    7    0.620308
    0   -1   12    7    0.391727
    0   -1   13    7   -0.995552
    0   -1   14    7   -0.098412
    0   -1   15    7    0.426577
    0   -1   16    7    0.801995
    0   -1   17    7    0.005378
    0   -1   18    7   -0.015460
    0   -1    1    8    0.048220
    0   -1    2    8   -0.055090
    0   -1    3    8   -0.008820
    0   -1    4    8   -0.035275
    0   -1    5    8   -0.000738
    0   -1    6    8    0.001567
    0   -1    7    8   -0.006772
    0   -1    8    8    0.007468
    0   -1    9    8   -0.502257
    0   -1   10    8    0.065512
    0   -1   11    8    0.154933
    0   -1   12    8   -0.161435
    0   -1   13    8   -0.037762
    0   -1   14    8    0.030093
    0   -1   15    8    0.112290
    0   -1   16    8    0.073282
    0   -1   17    8   -0.055822
    0   -1   18    8   -0.000568
    0   -1    1    9    0.137263
    0   -1    2    9    0.016758
    0   -1    3    9    0.010300
    0   -1    4    9   -0.001340
    0   -1    5    9    0.001817
    0   -1    6    9    0.045068
    0   -1    7    9   -0.016715
    0   -1    8    9   -0.002157
    0   -1    9    9    0.025835
    0   -1   10    9   -0.003613
    0   -1   11    9   -0.016295
    0   -1   12    9   -0.204352
    0   -1   13    9   -0.499910
    0   -1   14    9   -0.011145
    0   -1   15    9    0.049732
    0   -1   16    9   -0.071200
    0   -1   17    9   -0.003100
    0   -1   18    9    0.014875
    0   -1    1   10   -0.793635
    0   -1    2   10    0.006640
    0   -1    3   10   -0.003865
    0   -1    4   10    0.054123
    0   -1    5   10    0.006120
    0   -1    6   10    0.024612
    0   -1    7   10   -0.003315
    0   -1    8   10   -0.000057
    0   -1    9   10    0.174042
    0   -1   10   10   -0.067625
    0   -1   11   10    0.004635
    0   -1   12   10    0.285345
    0   -1   13   10   -0.045317
    0   -1   14   10    0.016862
    0   -1   15   10    0.131860
    0   -1   16   10   -0.056772
    0   -1   17   10    0.011647
    0   -1   18   10   -0.038220
    0   -1    1   11    0.009222
    0   -1    2   11   -0.007302
    0   -1    3   11   -0.003142
    0   -1    4   11    0.005070
    0   -1    5   11    0.000997
    0   -1    6   11    0.003697
    0   -1    7   11    0.014223
    0   -1    8   11    0.000175
    0   -1    9   11   -0.237952
    0   -1   10   11   -0.003345
    0   -1   11   11    0.010520
    0   -1   12   11    0.007037
    0   -1   13   11   -0.019013
    0   -1   14   11   -0.002077
    0   -1   15   11    0.018455
    0   -1   16   11   -0.012302
    0   -1   17   11   -0.001155
    0   -1   18   11    0.004955
    0   -1    1   12    0.382607
    0   -1    2   12   -0.001933
    0   -1    3   12    0.019180
    0   -1    4   12   -0.026277
    0   -1    5   12    0.002490
    0   -1    6   12    0.011687
    0   -1    7   12   -0.003075
    0   -1    8   12   -0.004230
    0   -1    9   12    0.108695
    0   -1   10   12    0.000333
    0   -1   11   12   -0.012397
    0   -1   12   12   -0.040655
    0   -1   13   12    0.095658
    0   -1   14   12   -0.005210
    0   -1   15   12    0.006065
    0   -1   16   12   -0.039707
    0   -1   17   12    0.008263
    0   -1   18   12    0.024450
    0   -1    1   13    0.051608
    0   -1    2   13   -0.002505
    0   -1    3   13   -0.024190
    0   -1    4   13   -0.007933
    0   -1    5   13   -0.013222
    0   -1    6   13    0.016325
    0   -1    7   13    0.027615
    0   -1    8   13    0.001097
    0   -1    9   13   -1.579767
    0   -1   10   13   -0.022113
    0   -1   11   13    0.045800
    0   -1   12   13    0.249787
    0   -1   13   13    0.112900
    0   -1   14   13   -0.013190
    0   -1   15   13    0.066720
    0   -1   16   13    0.044885
    0   -1   17   13   -0.027455
    0   -1   18   13    0.001207
    0   -1    1   14   -0.258560
    0   -1    2   14   -0.003683
    0   -1    3   14   -0.012462
    0   -1    4   14    0.011187
    0   -1    5   14    0.000198
    0   -1    6   14    0.001470
    0   -1    7   14    0.003873
    0   -1    8   14    0.001133
    0   -1    9   14   -0.058015
    0   -1   10   14    0.007825
    0   -1   11   14   -0.005488
    0   -1   12   14    0.085750
    0   -1   13   14   -0.026745
    0   -1   14   14    0.002708
    0   -1   15   14    0.000895
    0   -1   16   14   -0.010938
    0   -1   17   14   -0.001737
    0   -1   18   14   -0.001745
    0   -1    1   15    0.001980
    0   -1    2   15    0.004972
    0   -1    3   15   -0.003910
    0   -1    4   15   -0.011077
    0   -1    5   15   -0.001553
    0   -1    6   15    0.022570
    0   -1    7   15   -0.012077
    0   -1    8   15    0.001907
    0   -1    9   15   -0.199192
    0   -1   10   15    0.025353
    0   -1   11   15   -0.003240
    0   -1   12   15    0.083660
    0   -1   13   15    0.026803
    0   -1   14   15    0.007537
    0   -1   15   15   -0.035707
    0   -1   16   15    0.011680
    0   -1   17   15   -0.025335
    0   -1   18   15    0.008057
    0   -1    1   16   -0.099825
    0   -1    2   16    0.030075
    0   -1    3   16    0.047750
    0   -1    4   16   -0.061107
    0   -1    5   16   -0.006533
    0   -1    6   16   -0.045683
    0   -1    7   16   -0.005665
    0   -1    8   16   -0.005235
    0   -1    9   16   -0.027095
    0   -1   10   16   -0.028452
    0   -1   11   16   -0.055050
    0   -1   12   16    0.017965
    0   -1   13   16    0.178287
    0   -1   14   16    0.011758
    0   -1   15   16   -0.259288
    0   -1   16   16    0.016257
    0   -1   17   16   -0.006947
    0   -1   18   16   -0.014317
    0   -1    1   17   -0.114360
    0   -1    2   17    0.014167
    0   -1    3   17   -0.052262
    0   -1    4   17    0.080687
    0   -1    5   17   -0.007590
    0   -1    6   17   -0.019295
    0   -1    7   17    0.000522
    0   -1    8   17    0.001860
    0   -1    9   17    0.248190
    0   -1   10   17   -0.121155
    0   -1   11   17   -0.075340
    0   -1   12   17    0.072135
    0   -1   13   17   -0.047260
    0   -1   14   17   -0.034827
    0   -1   15   17   -0.053440
    0   -1   16   17   -0.009492
    0   -1   17   17   -0.008157
    0   -1   18   17   -0.069770
    0   -1    1   18   -0.753210
    0   -1    2   18    0.015330
    0   -1    3   18   -0.025635
    0   -1    4   18   -0.288405
    0   -1    5   18   -0.002172
    0   -1    6   18   -0.007207
    0   -1    7   18   -0.052200
    0   -1    8   18   -0.002387
    0   -1    9   18    0.389692
    0   -1   10   18   -0.250635
    0   -1   11   18   -0.059932
    0   -1   12   18   -0.822780
    0   -1   13   18    0.155452
    0   -1   14   18   -0.063195
    0   -1   15   18    0.051515
    0   -1   16   18    0.036622
    0   -1   17   18   -0.018697
    0   -1   18   18   -0.168525
    1   -1    1    1    0.004300
    1   -1    2    1   -0.001490
    1   -1    3    1   -0.002065
    1   -1    4    1   -0.000460
    1   -1    5    1    0.001690
    1   -1    6    1   -0.001335
    1   -1    7    1    0.006330
    1   -1    8    1    0.000492
    1   -1    9    1    0.085240
    1   -1   10    1   -0.045135
    1   -1   11    1   -0.003252
    1   -1   12    1   -0.029120
    1   -1   13    1   -0.011307
    1   -1   14    1    0.001400
    1   -1   15    1    0.009220
    1   -1   16    1    0.003500
    1   -1   17    1    0.002812
    1   -1   18    1    0.000645
    1   -1    1    2    0.004123
    1   -1    2    2   -0.000665
    1   -1    3    2   -0.001145
    1   -1    4    2    0.000220
    1   -1    5    2    0.000085
    1   -1    6    2    0.003390
    1   -1    7    2    0.000325
    1   -1    8    2    0.000115
    1   -1    9    2    0.012905
    1   -1   10    2    0.003837
    1   -1   11    2    0.000237
    1   -1   12    2   -0.000417
    1   -1   13    2   -0.009807
    1   -1   14    2   -0.000445
    1   -1   15    2    0.002810
    1   -1   16    2    0.001572
    1   -1   17    2    0.000330
    1   -1   18    2    0.001800
    1   -1    1    3   -0.031037
    1   -1    2    3    0.006520
    1   -1    3    3   -0.004475
    1   -1    4    3   -0.011027
    1   -1    5    3    0.001860
    1   -1    6    3   -0.008647
    1   -1    7    3    0.011417
    1   -1    8    3    0.001470
    1   -1    9    3   -0.088922
    1   -1   10    3    0.018400
    1   -1   11    3    0.003853
    1   -1   12    3   -0.032897
    1   -1   13    3   -0.000047
    1   -1   14    3    0.005100
    1   -1   15    3    0.028720
    1   -1   16    3   -0.002565
    1   -1   17    3   -0.000685
    1   -1   18    3   -0.014715
    1   -1    1    4   -0.006405
    1   -1    2    4   -0.040057
    1   -1    3    4    0.032005
    1   -1    4    4    0.006350
    1   -1    5    4    0.005337
    1   -1    6    4   -0.009725
    1   -1    7    4    0.060143
    1   -1    8    4   -0.001365
    1   -1    9    4   -0.445055
    1   -1   10    4   -0.057665
    1   -1   11    4    0.016800
    1   -1   12    4   -0.599895
    1   -1   13    4    0.032485
    1   -1   14    4    0.002565
    1   -1   15    4    0.085187
    1   -1   16    4   -0.021665
    1   -1   17    4    0.187335
    1   -1   18    4   -0.048352
    1   -1    1    5   -0.006240
    1   -1    2    5    0.001780
    1   -1    3    5   -0.001935
    1   -1    4    5   -0.001175
    1   -1    5    5    0.000625
    1   -1    6    5   -0.001125
    1   -1    7    5   -0.000110
    1   -1    8    5   -0.000005
    1   -1    9    5    0.013140
    1   -1   10    5    0.002197
    1   -1   11    5    0.000327
    1   -1   12    5   -0.003268
    1   -1   13    5    0.009010
    1   -1   14    5    0.000285
    1   -1   15    5   -0.014755
    1   -1   16    5    0.003772
    1   -1   17    5   -0.002420
    1   -1   18    5   -0.003180
    1   -1    1    6   -0.014432
    1   -1    2    6    0.001760
    1   -1    3    6   -0.018170
    1   -1    4    6    0.002375
    1   -1    5    6   -0.002420
    1   -1    6    6   -0.030237
    1   -1    7    6    0.014812
    1   -1    8    6    0.001455
    1   -1    9    6   -0.014615
    1   -1   10    6    0.014497
    1   -1   11    6   -0.003797
    1   -1   12    6   -0.008452
    1   -1   13    6    0.013475
    1   -1   14    6   -0.001010
    1   -1   15    6   -0.017615
    1   -1   16    6    0.008402
    1   -1   17    6    0.002103
    1   -1   18    6    0.006480
    1   -1    1    7    0.002935
    1   -1    2    7   -0.006337
    1   -1    3    7    0.001450
    1   -1    4    7    0.002360
    1   -1    5    7    0.001942
    1   -1    6    7    0.010417
    1   -1    7    7   -0.006647
    1   -1    8    7    0.000620
    1   -1    9    7    0.013700
    1   -1   10    7    0.010970
    1   -1   11    7   -0.001757
    1   -1   12    7   -0.013177
    1   -1   13    7    0.011827
    1   -1   14    7    0.001660
    1   -1   15    7   -0.006042
    1   -1   16    7    0.016862
    1   -1   17    7   -0.001988
    1   -1   18    7    0.000330
    1   -1    1    8   -0.003790
    1   -1    2    8    0.005270
    1   -1    3    8    0.002770
    1   -1    4    8   -0.005868
    1   -1    5    8   -0.000947
    1   -1    6    8    0.003768
    1   -1    7    8   -0.005570
    1   -1    8    8   -0.000360
    1   -1    9    8   -0.029317
    1   -1   10    8    0.003075
    1   -1   11    8   -0.004660
    1   -1   12    8    0.037640
    1   -1   13    8    0.022275
    1   -1   14    8   -0.000097
    1   -1   15    8   -0.048970
    1   -1   16    8   -0.010352
    1   -1   17    8    0.001315
    1   -1   18    8    0.005380
    1   -1    1    9    0.009775
    1   -1    2    9   -0.000005
    1   -1    3    9   -0.001285
    1   -1    4    9    0.001582
    1   -1    5    9   -0.002540
    1   -1    6    9   -0.013117
    1   -1    7    9    0.000500
    1   -1    8    9   -0.000853
    1   -1    9    9   -0.010327
    1   -1   10    9   -0.010880
    1   -1   11    9    0.001492
    1   -1   12    9   -0.003973
    1   -1   13    9    0.009000
    1   -1   14    9   -0.003125
    1   -1   15    9    0.028042
    1   -1   16    9    0.005032
    1   -1   17    9    0.001612
    1   -1   18    9   -0.006978
    1   -1    1   10   -0.054130
    1   -1    2   10    0.002667
    1   -1    3   10   -0.008842
    1   -1    4   10   -0.004017
    1   -1    5   10    0.004460
    1   -1    6   10   -0.000815
    1   -1    7   10    0.017410
    1   -1    8   10    0.001788
    1   -1    9   10    0.007525
    1   -1   10   10    0.012267
    1   -1   11   10   -0.008562
    1   -1   12   10   -0.028105
    1   -1   13   10   -0.003055
    1   -1   14   10    0.005475
    1   -1   15   10   -0.070852
    1   -1   16   10   -0.003575
    1   -1   17   10    0.004000
    1   -1   18   10    0.000632
    1   -1    1   11   -0.000445
    1   -1    2   11    0.000665
    1   -1    3   11   -0.002267
    1   -1    4   11    0.000110
    1   -1    5   11    0.000020
    1   -1    6   11   -0.000385
    1   -1    7   11    0.000253
    1   -1    8   11    0.000187
    1   -1    9   11   -0.000203
    1   -1   10   11    0.005148
    1   -1   11   11   -0.000048
    1   -1   12   11    0.003345
    1   -1   13   11   -0.004525
    1   -1   14   11   -0.000120
    1   -1   15   11   -0.003717
    1   -1   16   11    0.001275
    1   -1   17   11   -0.000867
    1   -1   18   11    0.001382
    1   -1    1   12    0.004168
    1   -1    2   12   -0.002130
    1   -1    3   12   -0.010065
    1   -1    4   12    0.001135
    1   -1    5   12    0.000507
    1   -1    6   12   -0.005300
    1   -1    7   12    0.012283
    1   -1    8   12    0.001220
    1   -1    9   12   -0.009993
    1   -1   10   12    0.008950
    1   -1   11   12   -0.001283
    1   -1   12   12   -0.003685
    1   -1   13   12   -0.022815
    1   -1   14   12    0.000067
    1   -1   15   12   -0.006647
    1   -1   16   12    0.001230
    1   -1   17   12    0.001373
    1   -1   18   12    0.010905
    1   -1    1   13    0.001325
    1   -1    2   13    0.003033
    1   -1    3   13    0.000692
    1   -1    4   13    0.002450
    1   -1    5   13   -0.000215
    1   -1    6   13    0.001880
    1   -1    7   13   -0.001665
    1   -1    8   13   -0.000013
    1   -1    9   13    0.005245
    1   -1   10   13   -0.013332
    1   -1   11   13    0.001725
    1   -1   12   13    0.005977
    1   -1   13   13    0.000360
    1   -1   14   13    0.001075
    1   -1   15   13   -0.005107
    1   -1   16   13    0.000175
    1   -1   17   13    0.002455
    1   -1   18   13   -0.000287
    1   -1    1   14   -0.010687
    1   -1    2   14    0.001480
    1   -1    3   14   -0.003335
    1   -1    4   14   -0.001938
    1   -1    5   14    0.001488
    1   -1    6   14    0.001830
    1   -1    7   14    0.002007
    1   -1    8   14    0.000577
    1   -1    9   14    0.030025
    1   -1   10   14    0.013307
    1   -1   11   14   -0.001495
    1   -1   12   14    0.002070
    1   -1   13   14    0.005420
    1   -1   14   14    0.001510
    1   -1   15   14   -0.022060
    1   -1   16   14   -0.001717
    1   -1   17   14   -0.000965
    1   -1   18   14   -0.000415
    1   -1    1   15   -0.000237
    1   -1    2   15   -0.000362
    1   -1    3   15   -0.007997
    1   -1    4   15    0.001830
    1   -1    5   15    0.000137
    1   -1    6   15   -0.003247
    1   -1    7   15    0.005803
    1   -1    8   15    0.000075
    1   -1    9   15   -0.013370
    1   -1   10   15   -0.029595
    1   -1   11   15    0.001985
    1   -1   12   15    0.005218
    1   -1   13   15   -0.004175
    1   -1   14   15   -0.002270
    1   -1   15   15    0.010672
    1   -1   16   15    0.000900
    1   -1   17   15    0.004565
    1   -1   18   15   -0.001295
    1   -1    1   16   -0.001465
    1   -1    2   16    0.003775
    1   -1    3   16    0.013365
    1   -1    4   16   -0.003663
    1   -1    5   16   -0.001505
    1   -1    6   16   -0.007752
    1   -1    7   16   -0.009687
    1   -1    8   16   -0.001165
    1   -1    9   16   -0.004987
    1   -1   10   16    0.039150
    1   -1   11   16   -0.000757
    1   -1   12   16    0.020197
    1   -1   13   16    0.030795
    1   -1   14   16    0.001070
    1   -1   15   16   -0.009157
    1   -1   16   16   -0.005070
    1   -1   17   16   -0.008648
    1   -1   18   16   -0.005918
    1   -1    1   17   -0.016217
    1   -1    2   17    0.000290
    1   -1    3   17    0.004205
    1   -1    4   17    0.007657
    1   -1    5   17   -0.000912
    1   -1    6   17    0.006978
    1   -1    7   17   -0.004467
    1   -1    8   17   -0.000910
    1   -1    9   17    0.006620
    1   -1   10   17   -0.002210
    1   -1   11   17    0.001640
    1   -1   12   17   -0.016270
    1   -1   13   17   -0.074635
    1   -1   14   17   -0.002810
    1   -1   15   17    0.012935
    1   -1   16   17   -0.001720
    1   -1   17   17   -0.000472
    1   -1   18   17    0.002625
    1   -1    1   18    0.106273
    1   -1    2   18   -0.018065
    1   -1    3   18   -0.007785
    1   -1    4   18    0.015755
    1   -1    5   18    0.006410
    1   -1    6   18    0.033627
    1   -1    7   18   -0.000583
    1   -1    8   18    0.002242
    1   -1    9   18    0.030335
    1   -1   10   18   -0.038162
    1   -1   11   18    0.015772
    1   -1   12   18   -0.005443
    1   -1   13   18   -0.124243
    1   -1   14   18    0.003947
    1   -1   15   18    0.100480
    1   -1   16   18    0.012985
    1   -1   17   18    0.004695
    1   -1   18   18   -0.006762
   -1    0    1    1   -0.041400
   -1    0    2    1    0.004650
   -1    0    3    1    0.072392
   -1    0    4    1    0.138670
   -1    0    5    1    0.008082
   -1    0    6    1   -0.000833
   -1    0    7    1    0.003103
   -1    0    8    1   -0.036505
   -1    0    9    1    0.010482
   -1    0   10    1    0.024722
   -1    0   11    1    0.005105
   -1    0   12    1    0.021865
   -1    0   13    1   -0.006167
   -1    0   14    1    0.004253
   -1    0   15    1   -0.017335
   -1    0   16    1   -0.062717
   -1    0   17    1   -0.000525
   -1    0   18    1   -0.180575
   -1    0    1    2    0.009527
   -1    0    2    2    0.025817
   -1    0    3    2    0.152440
   -1    0    4    2   -2.220935
   -1    0    5    2   -0.011097
   -1    0    6    2    0.006697
   -1    0    7    2    0.031880
   -1    0    8    2   -0.639590
   -1    0    9    2   -0.000432
   -1    0   10    2    0.010912
   -1    0   11    2    0.007987
   -1    0   12    2   -0.007585
   -1    0   13    2    0.015775
   -1    0   14    2    0.082133
   -1    0   15    2   -0.001740
   -1    0   16    2    0.037550
   -1    0   17    2   -2.068190
   -1    0   18    2   -0.129667
   -1    0    1    3   -0.009660
   -1    0    2    3   -0.005582
   -1    0    3    3   -0.027108
   -1    0    4    3    0.247368
   -1    0    5    3   -0.027235
   -1    0    6    3   -0.004580
   -1    0    7    3    0.002830
   -1    0    8    3    0.032447
   -1    0    9    3   -0.071825
   -1    0   10    3    0.012432
   -1    0   11    3   -0.002778
   -1    0   12    3    0.033240
   -1    0   13    3   -0.012108
   -1    0   14    3    0.003943
   -1    0   15    3    0.002700
   -1    0   16    3    0.007752
   -1    0   17    3   -0.021020
   -1    0   18    3    0.659020
   -1    0    1    4    0.000120
   -1    0    2    4    0.019882
   -1    0    3    4    0.050715
   -1    0    4    4   -0.015950
   -1    0    5    4   -0.030700
   -1    0    6    4   -0.042235
   -1    0    7    4   -0.006005
   -1    0    8    4   -0.028535
   -1    0    9    4    0.097450
   -1    0   10    4   -0.154210
   -1    0   11    4   -0.002650
   -1    0   12    4    0.042830
   -1    0   13    4    0.006980
   -1    0   14    4   -0.045313
   -1    0   15    4   -0.004720
   -1    0   16    4   -0.061495
   -1    0   17    4    0.030272
   -1    0   18    4   -0.144478
   -1    0    1    5   -0.006998
   -1    0    2    5    0.000217
   -1    0    3    5    0.330042
   -1    0    4    5   -0.022203
   -1    0    5    5    0.040807
   -1    0    6    5   -0.009412
   -1    0    7    5    0.002797
   -1    0    8    5    0.040942
   -1    0    9    5    0.024190
   -1    0   10    5    0.005305
   -1    0   11    5    0.002162
   -1    0   12    5   -0.009552
   -1    0   13    5   -0.003393
   -1    0   14    5    0.035963
   -1    0   15    5   -0.002662
   -1    0   16    5   -0.007302
   -1    0   17    5    0.053920
   -1    0   18    5   -0.239485
   -1    0    1    6    0.069090
   -1    0    2    6    0.086038
   -1    0    3    6   -0.449980
   -1    0    4    6    0.240117
   -1    0    5    6   -0.078460
   -1    0    6    6   -0.363775
   -1    0    7    6    0.319790
   -1    0    8    6   -0.234602
   -1    0    9    6    0.187955
   -1    0   10    6   -0.880005
   -1    0   11    6   -0.001125
   -1    0   12    6    0.126030
   -1    0   13    6    0.104162
   -1    0   14    6   -0.005960
   -1    0   15    6    0.035290
   -1    0   16    6   -0.032137
   -1    0   17    6   -1.081880
   -1    0   18    6    2.285662
   -1    0    1    7   -1.332005
   -1    0    2    7   -0.015568
   -1    0    3    7    0.039872
   -1    0    4    7    1.151690
   -1    0    5    7   -0.015405
   -1    0    6    7    0.048655
   -1    0    7    7    0.066125
   -1    0    8    7    0.148708
   -1    0    9    7   -0.029565
   -1    0   10    7    0.183358
   -1    0   11    7    0.001692
   -1    0   12    7   -0.006027
   -1    0   13    7   -0.015597
   -1    0   14    7   -0.039122
   -1    0   15    7   -0.409570
   -1    0   16    7    0.087747
   -1    0   17    7   -0.068362
   -1    0   18    7   -0.375060
   -1    0    1    8   -0.002690
   -1    0    2    8    0.000525
   -1    0    3    8   -0.028150
   -1    0    4    8    0.102225
   -1    0    5    8    0.001297
   -1    0    6    8   -0.001150
   -1    0    7    8   -0.001160
   -1    0    8    8   -0.014632
   -1    0    9    8    0.012085
   -1    0   10    8    0.009475
   -1    0   11    8    0.001468
   -1    0   12    8   -0.006378
   -1    0   13    8    0.002207
   -1    0   14    8   -0.006960
   -1    0   15    8    0.001485
   -1    0   16    8   -0.002943
   -1    0   17    8    0.008537
   -1    0   18    8   -0.139937
   -1    0    1    9    0.123187
   -1    0    2    9   -0.037292
   -1    0    3    9   -0.791120
   -1    0    4    9    0.082525
   -1    0    5    9   -0.190173
   -1    0    6    9   -0.018930
   -1    0    7    9   -0.020695
   -1    0    8    9    0.000777
   -1    0    9    9   -0.011240
   -1    0   10    9    0.026222
   -1    0   11    9   -0.198747
   -1    0   12    9   -0.030140
   -1    0   13    9   -0.163572
   -1    0   14    9   -0.452640
   -1    0   15    9    0.041665
   -1    0   16    9    0.059743
   -1    0   17    9   -0.653325
   -1    0   18    9    0.067917
   -1    0    1   10    0.992350
   -1    0    2   10    0.050582
   -1    0    3   10   -0.118305
   -1    0    4   10   -0.757497
   -1    0    5   10    0.038067
   -1    0    6   10   -0.055620
   -1    0    7   10   -0.318785
   -1    0    8   10    0.207425
   -1    0    9   10    0.127640
   -1    0   10   10    0.025520
   -1    0   11   10    0.170765
   -1    0   12   10   -0.009300
   -1    0   13   10   -0.293957
   -1    0   14   10    0.019235
   -1    0   15   10   -1.148135
   -1    0   16   10    2.529850
   -1    0   17   10    0.080362
   -1    0   18   10   -1.835442
   -1    0    1   11   -0.015470
   -1    0    2   11    0.046310
   -1    0    3   11   -1.170582
   -1    0    4   11    0.624770
   -1    0    5   11   -0.071640
   -1    0    6   11   -0.009295
   -1    0    7   11   -0.004837
   -1    0    8   11    0.007410
   -1    0    9   11    0.003623
   -1    0   10   11   -0.089625
   -1    0   11   11   -0.009458
   -1    0   12   11   -0.005942
   -1    0   13   11    0.009300
   -1    0   14   11    0.076538
   -1    0   15   11    0.014755
   -1    0   16   11   -0.051702
   -1    0   17   11   -0.249600
   -1    0   18   11    0.066527
   -1    0    1   12   -0.097403
   -1    0    2   12    0.008975
   -1    0    3   12   -1.132043
   -1    0    4   12   -1.997475
   -1    0    5   12    0.255920
   -1    0    6   12   -0.082415
   -1    0    7   12    0.091142
   -1    0    8   12    0.419912
   -1    0    9   12    0.123750
   -1    0   10   12   -0.087997
   -1    0   11   12    0.219657
   -1    0   12   12    0.199428
   -1    0   13   12    0.043510
   -1    0   14   12   -0.473165
   -1    0   15   12    0.042985
   -1    0   16   12   -0.317682
   -1    0   17   12    0.084052
   -1    0   18   12   -2.077163
   -1    0    1   13   -0.505535
   -1    0    2   13   -0.055802
   -1    0    3   13   -1.299233
   -1    0    4   13    1.332497
   -1    0    5   13    0.014777
   -1    0    6   13   -0.283573
   -1    0    7   13   -0.048125
   -1    0    8   13   -0.459867
   -1    0    9   13    0.877718
   -1    0   10   13    0.395187
   -1    0   11   13    0.006413
   -1    0   12   13    0.142882
   -1    0   13   13    0.036010
   -1    0   14   13   -0.104985
   -1    0   15   13   -0.031130
   -1    0   16   13    0.259557
   -1    0   17   13   -0.233990
   -1    0   18   13   -2.640718
   -1    0    1   14   -0.011792
   -1    0    2   14   -0.005803
   -1    0    3   14    0.196475
   -1    0    4   14    0.132382
   -1    0    5   14    0.028458
   -1    0    6   14    0.000200
   -1    0    7   14   -0.002970
   -1    0    8   14   -0.005080
   -1    0    9   14    0.016532
   -1    0   10   14    0.071875
   -1    0   11   14    0.004322
   -1    0   12   14   -0.014497
   -1    0   13   14    0.000425
   -1    0   14   14    0.011123
   -1    0   15   14   -0.004320
   -1    0   16   14    0.010530
   -1    0   17   14   -0.042560
   -1    0   18   14   -0.426623
   -1    0    1   15    0.478000
   -1    0    2   15   -0.015735
   -1    0    3   15    2.402422
   -1    0    4   15   -0.903152
   -1    0    5   15   -0.435937
   -1    0    6   15    0.068530
   -1    0    7   15   -0.215542
   -1    0    8   15   -0.896055
   -1    0    9   15    0.208175
   -1    0   10   15    1.065408
   -1    0   11   15   -0.162005
   -1    0   12   15    0.256978
   -1    0   13   15    0.020820
   -1    0   14   15   -0.419380
   -1    0   15   15   -0.012542
   -1    0   16   15   -0.293212
   -1    0   17   15    2.604423
   -1    0   18   15    0.245125
   -1    0    1   16    0.093253
   -1    0    2   16    0.007767
   -1    0    3   16   -0.296312
   -1    0    4   16   -0.651675
   -1    0    5   16   -0.006092
   -1    0    6   16   -0.032360
   -1    0    7   16    0.065498
   -1    0    8   16   -0.045547
   -1    0    9   16    0.169758
   -1    0   10   16   -0.605015
   -1    0   11   16   -0.012757
   -1    0   12   16   -0.070820
   -1    0   13   16   -0.024322
   -1    0   14   16   -0.160085
   -1    0   15   16   -0.008427
   -1    0   16   16    0.072375
   -1    0   17   16    0.099427
   -1    0   18   16   -0.618590
   -1    0    1   17    0.045760
   -1    0    2   17    0.096857
   -1    0    3   17   -7.505562
   -1    0    4   17    0.089440
   -1    0    5   17    0.847313
   -1    0    6   17    0.001802
   -1    0    7   17    0.001043
   -1    0    8   17   -0.490920
   -1    0    9   17    0.045995
   -1    0   10   17    0.012902
   -1    0   11   17   -0.175847
   -1    0   12   17   -0.028880
   -1    0   13   17    0.039630
   -1    0   14   17    3.104352
   -1    0   15   17    0.048758
   -1    0   16   17   -0.017537
   -1    0   17   17   -0.000525
   -1    0   18   17    0.480230
   -1    0    1   18    0.048422
   -1    0    2   18    0.000700
   -1    0    3   18    0.407065
   -1    0    4   18   -1.754690
   -1    0    5   18   -0.009235
   -1    0    6   18   -0.002025
   -1    0    7   18   -0.006917
   -1    0    8   18    0.038712
   -1    0    9   18   -0.012802
   -1    0   10   18   -0.021687
   -1    0   11   18   -0.003688
   -1    0   12   18    0.009527
   -1    0   13   18   -0.004410
   -1    0   14   18   -0.004980
   -1    0   15   18   -0.007220
   -1    0   16   18    0.041420
   -1    0   17   18   -0.008137
   -1    0   18   18    0.060073
    0    0    1    1   -2.761360
    0    0    2    1   -0.049967
    0    0    3    1   -0.080845
    0    0    4    1    0.239490
    0    0    5    1   -0.126247
    0    0    6    1   -0.089275
    0    0    7    1    0.598738
    0    0    8    1   -0.032960
    0    0    9    1    0.099330
    0    0   10    1   -0.414225
    0    0   11    1   -0.083622
    0    0   12    1   -1.760338
    0    0   13    1    0.137843
    0    0   14    1   -0.146672
    0    0   15    1   -0.216887
    0    0   16    1   -2.207512
    0    0   17    1   -0.055495
    0    0   18    1    0.469362
    0    0    1    2   -0.049967
    0    0    2    2    2.340848
    0    0    3    2   -0.920505
    0    0    4    2   -0.137115
    0    0    5    2    0.099410
    0    0    6    2    0.873230
    0    0    7    2   -0.472293
    0    0    8    2    0.061548
    0    0    9    2    0.389467
    0    0   10    2    1.432352
    0    0   11    2    1.337135
    0    0   12    2    1.311837
    0    0   13    2   -1.278388
    0    0   14    2    0.042968
    0    0   15    2    0.348545
    0    0   16    2    2.495340
    0    0   17    2    2.544567
    0    0   18    2   -0.752005
    0    0    1    3   -0.080845
    0    0    2    3   -0.920505
    0    0    3    3    4.274895
    0    0    4    3    0.034447
    0    0    5    3    6.583372
    0    0    6    3    0.482662
    0    0    7    3    0.229965
    0    0    8    3   -0.161480
    0    0    9    3   -1.793447
    0    0   10    3    0.851085
    0    0   11    3    0.510455
    0    0   12    3   -0.499502
    0    0   13    3   -0.505783
    0    0   14    3    3.730612
    0    0   15    3    0.394760
    0    0   16    3   -0.730087
    0    0   17    3    0.672947
    0    0   18    3   -0.927893
    0    0    1    4    0.239490
    0    0    2    4   -0.137115
    0    0    3    4    0.034447
    0    0    4    4   12.251492
    0    0    5    4    0.215858
    0    0    6    4   -0.062732
    0    0    7    4    0.081012
    0    0    8    4   -1.316200
    0    0    9    4   -0.068970
    0    0   10    4    0.786125
    0    0   11    4   -0.084920
    0    0   12    4    0.258060
    0    0   13    4    0.610572
    0    0   14    4    0.148122
    0    0   15    4   -0.138872
    0    0   16    4    0.118535
    0    0   17    4    0.021657
    0    0   18    4   -0.786760
    0    0    1    5   -0.126247
    0    0    2    5    0.099410
    0    0    3    5    6.583372
    0    0    4    5    0.215858
    0    0    5    5   -0.725760
    0    0    6    5   -0.847325
    0    0    7    5    0.616833
    0    0    8    5   -0.742073
    0    0    9    5    0.495790
    0    0   10    5   -2.016485
    0    0   11    5   -0.038605
    0    0   12    5   -0.075595
    0    0   13    5   -0.307695
    0    0   14    5   -0.140600
    0    0   15    5    0.058777
    0    0   16    5    1.006525
    0    0   17    5   -0.933045
    0    0   18    5   -1.444707
    0    0    1    6   -0.089275
    0    0    2    6    0.873230
    0    0    3    6    0.482662
    0    0    4    6   -0.062732
    0    0    5    6   -0.847325
    0    0    6    6   -6.190562
    0    0    7    6   -0.268180
    0    0    8    6   -0.055065
    0    0    9    6   -5.117635
    0    0   10    6    0.762742
    0    0   11    6   -0.147450
    0    0   12    6   -0.458392
    0    0   13    6    0.180002
    0    0   14    6    0.139697
    0    0   15    6   -0.853565
    0    0   16    6    0.220977
    0    0   17    6   -0.118837
    0    0   18    6    0.014710
    0    0    1    7    0.598738
    0    0    2    7   -0.472293
    0    0    3    7    0.229965
    0    0    4    7    0.081012
    0    0    5    7    0.616833
    0    0    6    7   -0.268180
    0    0    7    7  -13.774605
    0    0    8    7    0.461050
    0    0    9    7   -0.183077
    0    0   10    7    0.150988
    0    0   11    7    0.053565
    0    0   12    7    0.006187
    0    0   13    7    0.688155
    0    0   14    7   -0.401540
    0    0   15    7   -0.314215
    0    0   16    7    1.879075
    0    0   17    7   -0.004568
    0    0   18    7   -0.108885
    0    0    1    8   -0.032960
    0    0    2    8    0.061548
    0    0    3    8   -0.161480
    0    0    4    8   -1.316200
    0    0    5    8   -0.742073
    0    0    6    8   -0.055065
    0    0    7    8    0.461050
    0    0    8    8    0.715165
    0    0    9    8    0.377520
    0    0   10    8   -0.788595
    0    0   11    8   -0.099315
    0    0   12    8    0.108205
    0    0   13    8    0.094690
    0    0   14    8    0.792190
    0    0   15    8   -0.077793
    0    0   16    8    0.209330
    0    0   17    8    0.782965
    0    0   18    8   -0.195812
    0    0    1    9    0.099330
    0    0    2    9    0.389467
    0    0    3    9   -1.793447
    0    0    4    9   -0.068970
    0    0    5    9    0.495790
    0    0    6    9   -5.117635
    0    0    7    9   -0.183077
    0    0    8    9    0.377520
    0    0    9    9   12.377297
    0    0   10    9    3.586747
    0    0   11    9   -0.400595
    0    0   12    9   -0.701873
    0    0   13    9   -1.132565
    0    0   14    9    1.348812
    0    0   15    9   -0.078035
    0    0   16    9    1.234680
    0    0   17    9    0.424807
    0    0   18    9   -0.470953
    0    0    1   10   -0.414225
    0    0    2   10    1.432352
    0    0    3   10    0.851085
    0    0    4   10    0.786125
    0    0    5   10   -2.016485
    0    0    6   10    0.762742
    0    0    7   10    0.150988
    0    0    8   10   -0.788595
    0    0    9   10    3.586747
    0    0   10   10   -9.111125
    0    0   11   10   -0.044475
    0    0   12   10    0.496687
    0    0   13   10    0.090840
    0    0   14   10   -4.271197
    0    0   15   10    0.265825
    0    0   16   10   -1.265230
    0    0   17   10    0.332632
    0    0   18   10    1.306515
    0    0    1   11   -0.083622
    0    0    2   11    1.337135
    0    0    3   11    0.510455
    0    0    4   11   -0.084920
    0    0    5   11   -0.038605
    0    0    6   11   -0.147450
    0    0    7   11    0.053565
    0    0    8   11   -0.099315
    0    0    9   11   -0.400595
    0    0   10   11   -0.044475
    0    0   11   11    2.034122
    0    0   12   11    0.248105
    0    0   13   11    0.388815
    0    0   14   11   -0.065905
    0    0   15   11    0.464395
    0    0   16   11    1.362935
    0    0   17   11    2.087007
    0    0   18   11   -1.567470
    0    0    1   12   -1.760338
    0    0    2   12    1.311837
    0    0    3   12   -0.499502
    0    0    4   12    0.258060
    0    0    5   12   -0.075595
    0    0    6   12   -0.458392
    0    0    7   12    0.006187
    0    0    8   12    0.108205
    0    0    9   12   -0.701873
    0    0   10   12    0.496687
    0    0   11   12    0.248105
    0    0   12   12   11.093557
    0    0   13   12   -0.087108
    0    0   14   12    0.091935
    0    0   15   12   -1.309725
    0    0   16   12    0.934165
    0    0   17   12   -2.103207
    0    0   18   12   -0.549840
    0    0    1   13    0.137843
    0    0    2   13   -1.278388
    0    0    3   13   -0.505783
    0    0    4   13    0.610572
    0    0    5   13   -0.307695
    0    0    6   13    0.180002
    0    0    7   13    0.688155
    0    0    8   13    0.094690
    0    0    9   13   -1.132565
    0    0   10   13    0.090840
    0    0   11   13    0.388815
    0    0   12   13   -0.087108
    0    0   13   13    8.410255
    0    0   14   13   -0.322855
    0    0   15   13    1.287845
    0    0   16   13    1.215270
    0    0   17   13   -1.382858
    0    0   18   13    0.685305
    0    0    1   14   -0.146672
    0    0    2   14    0.042968
    0    0    3   14    3.730612
    0    0    4   14    0.148122
    0    0    5   14   -0.140600
    0    0    6   14    0.139697
    0    0    7   14   -0.401540
    0    0    8   14    0.792190
    0    0    9   14    1.348812
    0    0   10   14   -4.271197
    0    0   11   14   -0.065905
    0    0   12   14    0.091935
    0    0   13   14   -0.322855
    0    0   14   14    0.679593
    0    0   15   14   -0.031285
    0    0   16   14    0.488447
    0    0   17   14   -2.161260
    0    0   18   14   -1.371837
    0    0    1   15   -0.216887
    0    0    2   15    0.348545
    0    0    3   15    0.394760
    0    0    4   15   -0.138872
    0    0    5   15    0.058777
    0    0    6   15   -0.853565
    0    0    7   15   -0.314215
    0    0    8   15   -0.077793
    0    0    9   15   -0.078035
    0    0   10   15    0.265825
    0    0   11   15    0.464395
    0    0   12   15   -1.309725
    0    0   13   15    1.287845
    0    0   14   15   -0.031285
    0    0   15   15  -10.315983
    0    0   16   15   -1.626460
    0    0   17   15   -0.145162
    0    0   18   15    0.431287
    0    0    1   16   -2.207512
    0    0    2   16    2.495340
    0    0    3   16   -0.730087
    0    0    4   16    0.118535
    0    0    5   16    1.006525
    0    0    6   16    0.220977
    0    0    7   16    1.879075
    0    0    8   16    0.209330
    0    0    9   16    1.234680
    0    0   10   16   -1.265230
    0    0   11   16    1.362935
    0    0   12   16    0.934165
    0    0   13   16    1.215270
    0    0   14   16    0.488447
    0    0   15   16   -1.626460
    0    0   16   16  -16.008467
    0    0   17   16    0.085420
    0    0   18   16   -0.128393
    0    0    1   17   -0.055495
    0    0    2   17    2.544567
    0    0    3   17    0.672947
    0    0    4   17    0.021657
    0    0    5   17   -0.933045
    0    0    6   17   -0.118837
    0    0    7   17   -0.004568
    0    0    8   17    0.782965
    0    0    9   17    0.424807
    0    0   10   17    0.332632
    0    0   11   17    2.087007
    0    0   12   17   -2.103207
    0    0   13   17   -1.382858
    0    0   14   17   -2.161260
    0    0   15   17   -0.145162
    0    0   16   17    0.085420
    0    0   17   17    1.355135
    0    0   18   17   -0.033902
    0    0    1   18    0.469362
    0    0    2   18   -0.752005
    0    0    3   18   -0.927893
    0    0    4   18   -0.786760
    0    0    5   18   -1.444707
    0    0    6   18    0.014710
    0    0    7   18   -0.108885
    0    0    8   18   -0.195812
    0    0    9   18   -0.470953
    0    0   10   18    1.306515
    0    0   11   18   -1.567470
    0    0   12   18   -0.549840
    0    0   13   18    0.685305
    0    0   14   18   -1.371837
    0    0   15   18    0.431287
    0    0   16   18   -0.128393
    0    0   17   18   -0.033902
    0    0   18   18   12.674915
    1    0    1    1   -0.041400
    1    0    2    1    0.009527
    1    0    3    1   -0.009660
    1    0    4    1    0.000120
    1    0    5    1   -0.006998
    1    0    6    1    0.069090
    1    0    7    1   -1.332005
    1    0    8    1   -0.002690
    1    0    9    1    0.123187
    1    0   10    1    0.992350
    1    0   11    1   -0.015470
    1    0   12    1   -0.097403
    1    0   13    1   -0.505535
    1    0   14    1   -0.011792
    1    0   15    1    0.478000
    1    0   16    1    0.093253
    1    0   17    1    0.045760
    1    0   18    1    0.048422
    1    0    1    2    0.004650
    1    0    2    2    0.025817
    1    0    3    2   -0.005582
    1    0    4    2    0.019882
    1    0    5    2    0.000217
    1    0    6    2    0.086038
    1    0    7    2   -0.015568
    1    0    8    2    0.000525
    1    0    9    2   -0.037292
    1    0   10    2    0.050582
    1    0   11    2    0.046310
    1    0   12    2    0.008975
    1    0   13    2   -0.055802
    1    0   14    2   -0.005803
    1    0   15    2   -0.015735
    1    0   16    2    0.007767
    1    0   17    2    0.096857
    1    0   18    2    0.000700
    1    0    1    3    0.072392
    1    0    2    3    0.152440
    1    0    3    3   -0.027108
    1    0    4    3    0.050715
    1    0    5    3    0.330042
    1    0    6    3   -0.449980
    1    0    7    3    0.039872
    1    0    8    3   -0.028150
    1    0    9    3   -0.791120
    1    0   10    3   -0.118305
    1    0   11    3   -1.170582
    1    0   12    3   -1.132043
    1    0   13    3   -1.299233
    1    0   14    3    0.196475
    1    0   15    3    2.402422
    1    0   16    3   -0.296312
    1    0   17    3   -7.505562
    1    0   18    3    0.407065
    1    0    1    4    0.138670
    1    0    2    4   -2.220935
    1    0    3    4    0.247368
    1    0    4    4   -0.015950
    1    0    5    4   -0.022203
    1    0    6    4    0.240117
    1    0    7    4    1.151690
    1    0    8    4    0.102225
    1    0    9    4    0.082525
    1    0   10    4   -0.757497
    1    0   11    4    0.624770
    1    0   12    4   -1.997475
    1    0   13    4    1.332497
    1    0   14    4    0.132382
    1    0   15    4   -0.903152
    1    0   16    4   -0.651675
    1    0   17    4    0.089440
    1    0   18    4   -1.754690
    1    0    1    5    0.008082
    1    0    2    5   -0.011097
    1    0    3    5   -0.027235
    1    0    4    5   -0.030700
    1    0    5    5    0.040807
    1    0    6    5   -0.078460
    1    0    7    5   -0.015405
    1    0    8    5    0.001297
    1    0    9    5   -0.190173
    1    0   10    5    0.038067
    1    0   11    5   -0.071640
    1    0   12    5    0.255920
    1    0   13    5    0.014777
    1    0   14    5    0.028458
    1    0   15    5   -0.435937
    1    0   16    5   -0.006092
    1    0   17    5    0.847313
    1    0   18    5   -0.009235
    1    0    1    6   -0.000833
    1    0    2    6    0.006697
    1    0    3    6   -0.004580
    1    0    4    6   -0.042235
    1    0    5    6   -0.009412
    1    0    6    6   -0.363775
    1    0    7    6    0.048655
    1    0    8    6   -0.001150
    1    0    9    6   -0.018930
    1    0   10    6   -0.055620
    1    0   11    6   -0.009295
    1    0   12    6   -0.082415
    1    0   13    6   -0.283573
    1    0   14    6    0.000200
    1    0   15    6    0.068530
    1    0   16    6   -0.032360
    1    0   17    6    0.001802
    1    0   18    6   -0.002025
    1    0    1    7    0.003103
    1    0    2    7    0.031880
    1    0    3    7    0.002830
    1    0    4    7   -0.006005
    1    0    5    7    0.002797
    1    0    6    7    0.319790
    1    0    7    7    0.066125
    1    0    8    7   -0.001160
    1    0    9    7   -0.020695
    1    0   10    7   -0.318785
    1    0   11    7   -0.004837
    1    0   12    7    0.091142
    1    0   13    7   -0.048125
    1    0   14    7   -0.002970
    1    0   15    7   -0.215542
    1    0   16    7    0.065498
    1    0   17    7    0.001043
    1    0   18    7   -0.006917
    1    0    1    8   -0.036505
    1    0    2    8   -0.639590
    1    0    3    8    0.032447
    1    0    4    8   -0.028535
    1    0    5    8    0.040942
    1    0    6    8   -0.234602
    1    0    7    8    0.148708
    1    0    8    8   -0.014632
    1    0    9    8    0.000777
    1    0   10    8    0.207425
    1    0   11    8    0.007410
    1    0   12    8    0.419912
    1    0   13    8   -0.459867
    1    0   14    8   -0.005080
    1    0   15    8   -0.896055
    1    0   16    8   -0.045547
    1    0   17    8   -0.490920
    1    0   18    8    0.038712
    1    0    1    9    0.010482
    1    0    2    9   -0.000432
    1    0    3    9   -0.071825
    1    0    4    9    0.097450
    1    0    5    9    0.024190
    1    0    6    9    0.187955
    1    0    7    9   -0.029565
    1    0    8    9    0.012085
    1    0    9    9   -0.011240
    1    0   10    9    0.127640
    1    0   11    9    0.003623
    1    0   12    9    0.123750
    1    0   13    9    0.877718
    1    0   14    9    0.016532
    1    0   15    9    0.208175
    1    0   16    9    0.169758
    1    0   17    9    0.045995
    1    0   18    9   -0.012802
    1    0    1   10    0.024722
    1    0    2   10    0.010912
    1    0    3   10    0.012432
    1    0    4   10   -0.154210
    1    0    5   10    0.005305
    1    0    6   10   -0.880005
    1    0    7   10    0.183358
    1    0    8   10    0.009475
    1    0    9   10    0.026222
    1    0   10   10    0.025520
    1    0   11   10   -0.089625
    1    0   12   10   -0.087997
    1    0   13   10    0.395187
    1    0   14   10    0.071875
    1    0   15   10    1.065408
    1    0   16   10   -0.605015
    1    0   17   10    0.012902
    1    0   18   10   -0.021687
    1    0    1   11    0.005105
    1    0    2   11    0.007987
    1    0    3   11   -0.002778
    1    0    4   11   -0.002650
    1    0    5   11    0.002162
    1    0    6   11   -0.001125
    1    0    7   11    0.001692
    1    0    8   11    0.001468
    1    0    9   11   -0.198747
    1    0   10   11    0.170765
    1    0   11   11   -0.009458
    1    0   12   11    0.219657
    1    0   13   11    0.006413
    1    0   14   11    0.004322
    1    0   15   11   -0.162005
    1    0   16   11   -0.012757
    1    0   17   11   -0.175847
    1    0   18   11   -0.003688
    1    0    1   12    0.021865
    1    0    2   12   -0.007585
    1    0    3   12    0.033240
    1    0    4   12    0.042830
    1    0    5   12   -0.009552
    1    0    6   12    0.126030
    1    0    7   12   -0.006027
    1    0    8   12   -0.006378
    1    0    9   12   -0.030140
    1    0   10   12   -0.009300
    1    0   11   12   -0.005942
    1    0   12   12    0.199428
    1    0   13   12    0.142882
    1    0   14   12   -0.014497
    1    0   15   12    0.256978
    1    0   16   12   -0.070820
    1    0   17   12   -0.028880
    1    0   18   12    0.009527
    1    0    1   13   -0.006167
    1    0    2   13    0.015775
    1    0    3   13   -0.012108
    1    0    4   13    0.006980
    1    0    5   13   -0.003393
    1    0    6   13    0.104162
    1    0    7   13   -0.015597
    1    0    8   13    0.002207
    1    0    9   13   -0.163572
    1    0   10   13   -0.293957
    1    0   11   13    0.009300
    1    0   12   13    0.043510
    1    0   13   13    0.036010
    1    0   14   13    0.000425
    1    0   15   13    0.020820
    1    0   16   13   -0.024322
    1    0   17   13    0.039630
    1    0   18   13   -0.004410
    1    0    1   14    0.004253
    1    0    2   14    0.082133
    1    0    3   14    0.003943
    1    0    4   14   -0.045313
    1    0    5   14    0.035963
    1    0    6   14   -0.005960
    1    0    7   14   -0.039122
    1    0    8   14   -0.006960
    1    0    9   14   -0.452640
    1    0   10   14    0.019235
    1    0   11   14    0.076538
    1    0   12   14   -0.473165
    1    0   13   14   -0.104985
    1    0   14   14    0.011123
    1    0   15   14   -0.419380
    1    0   16   14   -0.160085
    1    0   17   14    3.104352
    1    0   18   14   -0.004980
    1    0    1   15   -0.017335
    1    0    2   15   -0.001740
    1    0    3   15    0.002700
    1    0    4   15   -0.004720
    1    0    5   15   -0.002662
    1    0    6   15    0.035290
    1    0    7   15   -0.409570
    1    0    8   15    0.001485
    1    0    9   15    0.041665
    1    0   10   15   -1.148135
    1    0   11   15    0.014755
    1    0   12   15    0.042985
    1    0   13   15   -0.031130
    1    0   14   15   -0.004320
    1    0   15   15   -0.012542
    1    0   16   15   -0.008427
    1    0   17   15    0.048758
    1    0   18   15   -0.007220
    1    0    1   16   -0.062717
    1    0    2   16    0.037550
    1    0    3   16    0.007752
    1    0    4   16   -0.061495
    1    0    5   16   -0.007302
    1    0    6   16   -0.032137
    1    0    7   16    0.087747
    1    0    8   16   -0.002943
    1    0    9   16    0.059743
    1    0   10   16    2.529850
    1    0   11   16   -0.051702
    1    0   12   16   -0.317682
    1    0   13   16    0.259557
    1    0   14   16    0.010530
    1    0   15   16   -0.293212
    1    0   16   16    0.072375
    1    0   17   16   -0.017537
    1    0   18   16    0.041420
    1    0    1   17   -0.000525
    1    0    2   17   -2.068190
    1    0    3   17   -0.021020
    1    0    4   17    0.030272
    1    0    5   17    0.053920
    1    0    6   17   -1.081880
    1    0    7   17   -0.068362
    1    0    8   17    0.008537
    1    0    9   17   -0.653325
    1    0   10   17    0.080362
    1    0   11   17   -0.249600
    1    0   12   17    0.084052
    1    0   13   17   -0.233990
    1    0   14   17   -0.042560
    1    0   15   17    2.604423
    1    0   16   17    0.099427
    1    0   17   17   -0.000525
    1    0   18   17   -0.008137
    1    0    1   18   -0.180575
    1    0    2   18   -0.129667
    1    0    3   18    0.659020
    1    0    4   18   -0.144478
    1    0    5   18   -0.239485
    1    0    6   18    2.285662
    1    0    7   18   -0.375060
    1    0    8   18   -0.139937
    1    0    9   18    0.067917
    1    0   10   18   -1.835442
    1    0   11   18    0.066527
    1    0   12   18   -2.077163
    1    0   13   18   -2.640718
    1    0   14   18   -0.426623
    1    0   15   18    0.245125
    1    0   16   18   -0.618590
    1    0   17   18    0.480230
    1    0   18   18    0.060073
   -1    1    1    1    0.004300
   -1    1    2    1    0.004123
   -1    1    3    1   -0.031037
   -1    1    4    1   -0.006405
   -1    1    5    1   -0.006240
   -1    1    6    1   -0.014432
   -1    1    7    1    0.002935
   -1    1    8    1   -0.003790
   -1    1    9    1    0.009775
   -1    1   10    1   -0.054130
   -1    1   11    1   -0.000445
   -1    1   12    1    0.004168
   -1    1   13    1    0.001325
   -1    1   14    1   -0.010687
   -1    1   15    1   -0.000237
   -1    1   16    1   -0.001465
   -1    1   17    1   -0.016217
   -1    1   18    1    0.106273
   -1    1    1    2   -0.001490
   -1    1    2    2   -0.000665
   -1    1    3    2    0.006520
   -1    1    4    2   -0.040057
   -1    1    5    2    0.001780
   -1    1    6    2    0.001760
   -1    1    7    2   -0.006337
   -1    1    8    2    0.005270
   -1    1    9    2   -0.000005
   -1    1   10    2    0.002667
   -1    1   11    2    0.000665
   -1    1   12    2   -0.002130
   -1    1   13    2    0.003033
   -1    1   14    2    0.001480
   -1    1   15    2   -0.000362
   -1    1   16    2    0.003775
   -1    1   17    2    0.000290
   -1    1   18    2   -0.018065
   -1    1    1    3   -0.002065
   -1    1    2    3   -0.001145
   -1    1    3    3   -0.004475
   -1    1    4    3    0.032005
   -1    1    5    3   -0.001935
   -1    1    6    3   -0.018170
   -1    1    7    3    0.001450
   -1    1    8    3    0.002770
   -1    1    9    3   -0.001285
   -1    1   10    3   -0.008842
   -1    1   11    3   -0.002267
   -1    1   12    3   -0.010065
   -1    1   13    3    0.000692
   -1    1   14    3   -0.003335
   -1    1   15    3   -0.007997
   -1    1   16    3    0.013365
   -1    1   17    3    0.004205
   -1    1   18    3   -0.007785
   -1    1    1    4   -0.000460
   -1    1    2    4    0.000220
   -1    1    3    4   -0.011027
   -1    1    4    4    0.006350
   -1    1    5    4   -0.001175
   -1    1    6    4    0.002375
   -1    1    7    4    0.002360
   -1    1    8    4   -0.005868
   -1    1    9    4    0.001582
   -1    1   10    4   -0.004017
   -1    1   11    4    0.000110
   -1    1   12    4    0.001135
   -1    1   13    4    0.002450
   -1    1   14    4   -0.001938
   -1    1   15    4    0.001830
   -1    1   16    4   -0.003663
   -1    1   17    4    0.007657
   -1    1   18    4    0.015755
   -1    1    1    5    0.001690
   -1    1    2    5    0.000085
   -1    1    3    5    0.001860
   -1    1    4    5    0.005337
   -1    1    5    5    0.000625
   -1    1    6    5   -0.002420
   -1    1    7    5    0.001942
   -1    1    8    5   -0.000947
   -1    1    9    5   -0.002540
   -1    1   10    5    0.004460
   -1    1   11    5    0.000020
   -1    1   12    5    0.000507
   -1    1   13    5   -0.000215
   -1    1   14    5    0.001488
   -1    1   15    5    0.000137
   -1    1   16    5   -0.001505
   -1    1   17    5   -0.000912
   -1    1   18    5    0.006410
   -1    1    1    6   -0.001335
   -1    1    2    6    0.003390
   -1    1    3    6   -0.008647
   -1    1    4    6   -0.009725
   -1    1    5    6   -0.001125
   -1    1    6    6   -0.030237
   -1    1    7    6    0.010417
   -1    1    8    6    0.003768
   -1    1    9    6   -0.013117
   -1    1   10    6   -0.000815
   -1    1   11    6   -0.000385
   -1    1   12    6   -0.005300
   -1    1   13    6    0.001880
   -1    1   14    6    0.001830
   -1    1   15    6   -0.003247
   -1    1   16    6   -0.007752
   -1    1   17    6    0.006978
   -1    1   18    6    0.033627
   -1    1    1    7    0.006330
   -1    1    2    7    0.000325
   -1    1    3    7    0.011417
   -1    1    4    7    0.060143
   -1    1    5    7   -0.000110
   -1    1    6    7    0.014812
   -1    1    7    7   -0.006647
   -1    1    8    7   -0.005570
   -1    1    9    7    0.000500
   -1    1   10    7    0.017410
   -1    1   11    7    0.000253
   -1    1   12    7    0.012283
   -1    1   13    7   -0.001665
   -1    1   14    7    0.002007
   -1    1   15    7    0.005803
   -1    1   16    7   -0.009687
   -1    1   17    7   -0.004467
   -1    1   18    7   -0.000583
   -1    1    1    8    0.000492
   -1    1    2    8    0.000115
   -1    1    3    8    0.001470
   -1    1    4    8   -0.001365
   -1    1    5    8   -0.000005
   -1    1    6    8    0.001455
   -1    1    7    8    0.000620
   -1    1    8    8   -0.000360
   -1    1    9    8   -0.000853
   -1    1   10    8    0.001788
   -1    1   11    8    0.000187
   -1    1   12    8    0.001220
   -1    1   13    8   -0.000013
   -1    1   14    8    0.000577
   -1    1   15    8    0.000075
   -1    1   16    8   -0.001165
   -1    1   17    8   -0.000910
   -1    1   18    8    0.002242
   -1    1    1    9    0.085240
   -1    1    2    9    0.012905
   -1    1    3    9   -0.088922
   -1    1    4    9   -0.445055
   -1    1    5    9    0.013140
   -1    1    6    9   -0.014615
   -1    1    7    9    0.013700
   -1    1    8    9   -0.029317
   -1    1    9    9   -0.010327
   -1    1   10    9    0.007525
   -1    1   11    9   -0.000203
   -1    1   12    9   -0.009993
   -1    1   13    9    0.005245
   -1    1   14    9    0.030025
   -1    1   15    9   -0.013370
   -1    1   16    9   -0.004987
   -1    1   17    9    0.006620
   -1    1   18    9    0.030335
   -1    1    1   10   -0.045135
   -1    1    2   10    0.003837
   -1    1    3   10    0.018400
   -1    1    4   10   -0.057665
   -1    1    5   10    0.002197
   -1    1    6   10    0.014497
   -1    1    7   10    0.010970
   -1    1    8   10    0.003075
   -1    1    9   10   -0.010880
   -1    1   10   10    0.012267
   -1    1   11   10    0.005148
   -1    1   12   10    0.008950
   -1    1   13   10   -0.013332
   -1    1   14   10    0.013307
   -1    1   15   10   -0.029595
   -1    1   16   10    0.039150
   -1    1   17   10   -0.002210
   -1    1   18   10   -0.038162
   -1    1    1   11   -0.003252
   -1    1    2   11    0.000237
   -1    1    3   11    0.003853
   -1    1    4   11    0.016800
   -1    1    5   11    0.000327
   -1    1    6   11   -0.003797
   -1    1    7   11   -0.001757
   -1    1    8   11   -0.004660
   -1    1    9   11    0.001492
   -1    1   10   11   -0.008562
   -1    1   11   11   -0.000048
   -1    1   12   11   -0.001283
   -1    1   13   11    0.001725
   -1    1   14   11   -0.001495
   -1    1   15   11    0.001985
   -1    1   16   11   -0.000757
   -1    1   17   11    0.001640
   -1    1   18   11    0.015772
   -1    1    1   12   -0.029120
   -1    1    2   12   -0.000417
   -1    1    3   12   -0.032897
   -1    1    4   12   -0.599895
   -1    1    5   12   -0.003268
   -1    1    6   12   -0.008452
   -1    1    7   12   -0.013177
   -1    1    8   12    0.037640
   -1    1    9   12   -0.003973
   -1    1   10   12   -0.028105
   -1    1   11   12    0.003345
   -1    1   12   12   -0.003685
   -1    1   13   12    0.005977
   -1    1   14   12    0.002070
   -1    1   15   12    0.005218
   -1    1   16   12    0.020197
   -1    1   17   12   -0.016270
   -1    1   18   12   -0.005443
   -1    1    1   13   -0.011307
   -1    1    2   13   -0.009807
   -1    1    3   13   -0.000047
   -1    1    4   13    0.032485
   -1    1    5   13    0.009010
   -1    1    6   13    0.013475
   -1    1    7   13    0.011827
   -1    1    8   13    0.022275
   -1    1    9   13    0.009000
   -1    1   10   13   -0.003055
   -1    1   11   13   -0.004525
   -1    1   12   13   -0.022815
   -1    1   13   13    0.000360
   -1    1   14   13    0.005420
   -1    1   15   13   -0.004175
   -1    1   16   13    0.030795
   -1    1   17   13   -0.074635
   -1    1   18   13   -0.124243
   -1    1    1   14    0.001400
   -1    1    2   14   -0.000445
   -1    1    3   14    0.005100
   -1    1    4   14    0.002565
   -1    1    5   14    0.000285
   -1    1    6   14   -0.001010
   -1    1    7   14    0.001660
   -1    1    8   14   -0.000097
   -1    1    9   14   -0.003125
   -1    1   10   14    0.005475
   -1    1   11   14   -0.000120
   -1    1   12   14    0.000067
   -1    1   13   14    0.001075
   -1    1   14   14    0.001510
   -1    1   15   14   -0.002270
   -1    1   16   14    0.001070
   -1    1   17   14   -0.002810
   -1    1   18   14    0.003947
   -1    1    1   15    0.009220
   -1    1    2   15    0.002810
   -1    1    3   15    0.028720
   -1    1    4   15    0.085187
   -1    1    5   15   -0.014755
   -1    1    6   15   -0.017615
   -1    1    7   15   -0.006042
   -1    1    8   15   -0.048970
   -1    1    9   15    0.028042
   -1    1   10   15   -0.070852
   -1    1   11   15   -0.003717
   -1    1   12   15   -0.006647
   -1    1   13   15   -0.005107
   -1    1   14   15   -0.022060
   -1    1   15   15    0.010672
   -1    1   16   15   -0.009157
   -1    1   17   15    0.012935
   -1    1   18   15    0.100480
   -1    1    1   16    0.003500
   -1    1    2   16    0.001572
   -1    1    3   16   -0.002565
   -1    1    4   16   -0.021665
   -1    1    5   16    0.003772
   -1    1    6   16    0.008402
   -1    1    7   16    0.016862
   -1    1    8   16   -0.010352
   -1    1    9   16    0.005032
   -1    1   10   16   -0.003575
   -1    1   11   16    0.001275
   -1    1   12   16    0.001230
   -1    1   13   16    0.000175
   -1    1   14   16   -0.001717
   -1    1   15   16    0.000900
   -1    1   16   16   -0.005070
   -1    1   17   16   -0.001720
   -1    1   18   16    0.012985
   -1    1    1   17    0.002812
   -1    1    2   17    0.000330
   -1    1    3   17   -0.000685
   -1    1    4   17    0.187335
   -1    1    5   17   -0.002420
   -1    1    6   17    0.002103
   -1    1    7   17   -0.001988
   -1    1    8   17    0.001315
   -1    1    9   17    0.001612
   -1    1   10   17    0.004000
   -1    1   11   17   -0.000867
   -1    1   12   17    0.001373
   -1    1   13   17    0.002455
   -1    1   14   17   -0.000965
   -1    1   15   17    0.004565
   -1    1   16   17   -0.008648
   -1    1   17   17   -0.000472
   -1    1   18   17    0.004695
   -1    1    1   18    0.000645
   -1    1    2   18    0.001800
   -1    1    3   18   -0.014715
   -1    1    4   18   -0.048352
   -1    1    5   18   -0.003180
   -1    1    6   18    0.006480
   -1    1    7   18    0.000330
   -1    1    8   18    0.005380
   -1    1    9   18   -0.006978
   -1    1   10   18    0.000632
   -1    1   11   18    0.001382
   -1    1   12   18    0.010905
   -1    1   13   18   -0.000287
   -1    1   14   18   -0.000415
   -1    1   15   18   -0.001295
   -1    1   16   18   -0.005918
   -1    1   17   18    0.002625
   -1    1   18   18   -0.006762
    0    1    1    1   -0.016297
    0    1    2    1    0.061495
    0    1    3    1   -0.202562
    0    1    4    1   -0.163935
    0    1    5    1   -0.068250
    0    1    6    1   -0.308972
    0    1    7    1    0.267980
    0    1    8    1    0.048220
    0    1    9    1    0.137263
    0    1   10    1   -0.793635
    0    1   11    1    0.009222
    0    1   12    1    0.382607
    0    1   13    1    0.051608
    0    1   14    1   -0.258560
    0    1   15    1    0.001980
    0    1   16    1   -0.099825
    0    1   17    1   -0.114360
    0    1   18    1   -0.753210
    0    1    1    2    0.006152
    0    1    2    2   -0.007555
    0    1    3    2   -0.025477
    0    1    4    2    0.025670
    0    1    5    2   -0.021335
    0    1    6    2    0.032462
    0    1    7    2   -0.233560
    0    1    8    2   -0.055090
    0    1    9    2    0.016758
    0    1   10    2    0.006640
    0    1   11    2   -0.007302
    0    1   12    2   -0.001933
    0    1   13    2   -0.002505
    0    1   14    2   -0.003683
    0    1   15    2    0.004972
    0    1   16    2    0.030075
    0    1   17    2    0.014167
    0    1   18    2    0.015330
    0    1    1    3    0.012100
    0    1    2    3   -0.011357
    0    1    3    3   -0.014920
    0    1    4    3   -0.388687
    0    1    5    3   -0.011268
    0    1    6    3    0.050822
    0    1    7    3   -0.114372
    0    1    8    3   -0.008820
    0    1    9    3    0.010300
    0    1   10    3   -0.003865
    0    1   11    3   -0.003142
    0    1   12    3    0.019180
    0    1   13    3   -0.024190
    0    1   14    3   -0.012462
    0    1   15    3   -0.003910
    0    1   16    3    0.047750
    0    1   17    3   -0.052262
    0    1   18    3   -0.025635
    0    1    1    4    0.010437
    0    1    2    4    0.002472
    0    1    3    4   -0.002945
    0    1    4    4    0.099663
    0    1    5    4   -0.006225
    0    1    6    4    0.047067
    0    1    7    4    0.362965
    0    1    8    4   -0.035275
    0    1    9    4   -0.001340
    0    1   10    4    0.054123
    0    1   11    4    0.005070
    0    1   12    4   -0.026277
    0    1   13    4   -0.007933
    0    1   14    4    0.011187
    0    1   15    4   -0.011077
    0    1   16    4   -0.061107
    0    1   17    4    0.080687
    0    1   18    4   -0.288405
    0    1    1    5    0.009897
    0    1    2    5    0.000515
    0    1    3    5    0.021468
    0    1    4    5    0.002752
    0    1    5    5    0.004497
    0    1    6    5    0.003995
    0    1    7    5   -0.004932
    0    1    8    5   -0.000738
    0    1    9    5    0.001817
    0    1   10    5    0.006120
    0    1   11    5    0.000997
    0    1   12    5    0.002490
    0    1   13    5   -0.013222
    0    1   14    5    0.000198
    0    1   15    5   -0.001553
    0    1   16    5   -0.006533
    0    1   17    5   -0.007590
    0    1   18    5   -0.002172
    0    1    1    6    0.000980
    0    1    2    6   -0.000035
    0    1    3    6    0.074103
    0    1    4    6   -0.002287
    0    1    5    6   -0.004463
    0    1    6    6   -0.006238
    0    1    7    6    0.186700
    0    1    8    6    0.001567
    0    1    9    6    0.045068
    0    1   10    6    0.024612
    0    1   11    6    0.003697
    0    1   12    6    0.011687
    0    1   13    6    0.016325
    0    1   14    6    0.001470
    0    1   15    6    0.022570
    0    1   16    6   -0.045683
    0    1   17    6   -0.019295
    0    1   18    6   -0.007207
    0    1    1    7    0.085812
    0    1    2    7    0.003213
    0    1    3    7    0.012868
    0    1    4    7    0.089255
    0    1    5    7    0.024580
    0    1    6    7   -0.314095
    0    1    7    7    0.004053
    0    1    8    7   -0.006772
    0    1    9    7   -0.016715
    0    1   10    7   -0.003315
    0    1   11    7    0.014223
    0    1   12    7   -0.003075
    0    1   13    7    0.027615
    0    1   14    7    0.003873
    0    1   15    7   -0.012077
    0    1   16    7   -0.005665
    0    1   17    7    0.000522
    0    1   18    7   -0.052200
    0    1    1    8   -0.000890
    0    1    2    8    0.001050
    0    1    3    8   -0.001757
    0    1    4    8   -0.001618
    0    1    5    8    0.001080
    0    1    6    8   -0.006692
    0    1    7    8   -0.000432
    0    1    8    8    0.007468
    0    1    9    8   -0.002157
    0    1   10    8   -0.000057
    0    1   11    8    0.000175
    0    1   12    8   -0.004230
    0    1   13    8    0.001097
    0    1   14    8    0.001133
    0    1   15    8    0.001907
    0    1   16    8   -0.005235
    0    1   17    8    0.001860
    0    1   18    8   -0.002387
    0    1    1    9   -0.013902
    0    1    2    9   -0.109725
    0    1    3    9   -0.306607
    0    1    4    9    0.099882
    0    1    5    9   -1.080035
    0    1    6    9    0.110315
    0    1    7    9   -0.235265
    0    1    8    9   -0.502257
    0    1    9    9    0.025835
    0    1   10    9    0.174042
    0    1   11    9   -0.237952
    0    1   12    9    0.108695
    0    1   13    9   -1.579767
    0    1   14    9   -0.058015
    0    1   15    9   -0.199192
    0    1   16    9   -0.027095
    0    1   17    9    0.248190
    0    1   18    9    0.389692
    0    1    1   10    0.011298
    0    1    2   10    0.003903
    0    1    3   10    0.055065
    0    1    4   10    0.021835
    0    1    5   10   -0.008457
    0    1    6   10   -0.213010
    0    1    7   10    0.068792
    0    1    8   10    0.065512
    0    1    9   10   -0.003613
    0    1   10   10   -0.067625
    0    1   11   10   -0.003345
    0    1   12   10    0.000333
    0    1   13   10   -0.022113
    0    1   14   10    0.007825
    0    1   15   10    0.025353
    0    1   16   10   -0.028452
    0    1   17   10   -0.121155
    0    1   18   10   -0.250635
    0    1    1   11    0.016385
    0    1    2   11    0.007975
    0    1    3   11    0.113355
    0    1    4   11   -0.178550
    0    1    5   11   -0.001025
    0    1    6   11   -0.024803
    0    1    7   11    0.620308
    0    1    8   11    0.154933
    0    1    9   11   -0.016295
    0    1   10   11    0.004635
    0    1   11   11    0.010520
    0    1   12   11   -0.012397
    0    1   13   11    0.045800
    0    1   14   11   -0.005488
    0    1   15   11   -0.003240
    0    1   16   11   -0.055050
    0    1   17   11   -0.075340
    0    1   18   11   -0.059932
    0    1    1   12    0.003065
    0    1    2   12    0.085992
    0    1    3   12    0.184583
    0    1    4   12   -0.098080
    0    1    5   12   -0.023427
    0    1    6   12   -0.072850
    0    1    7   12    0.391727
    0    1    8   12   -0.161435
    0    1    9   12   -0.204352
    0    1   10   12    0.285345
    0    1   11   12    0.007037
    0    1   12   12   -0.040655
    0    1   13   12    0.249787
    0    1   14   12    0.085750
    0    1   15   12    0.083660
    0    1   16   12    0.017965
    0    1   17   12    0.072135
    0    1   18   12   -0.822780
    0    1    1   13   -0.030435
    0    1    2   13    0.006847
    0    1    3   13    0.084805
    0    1    4   13    0.007355
    0    1    5   13    0.018543
    0    1    6   13   -0.371190
    0    1    7   13   -0.995552
    0    1    8   13   -0.037762
    0    1    9   13   -0.499910
    0    1   10   13   -0.045317
    0    1   11   13   -0.019013
    0    1   12   13    0.095658
    0    1   13   13    0.112900
    0    1   14   13   -0.026745
    0    1   15   13    0.026803
    0    1   16   13    0.178287
    0    1   17   13   -0.047260
    0    1   18   13    0.155452
    0    1    1   14    0.002397
    0    1    2   14   -0.004235
    0    1    3   14   -0.022793
    0    1    4   14   -0.205697
    0    1    5   14   -0.000040
    0    1    6   14    0.005325
    0    1    7   14   -0.098412
    0    1    8   14    0.030093
    0    1    9   14   -0.011145
    0    1   10   14    0.016862
    0    1   11   14   -0.002077
    0    1   12   14   -0.005210
    0    1   13   14   -0.013190
    0    1   14   14    0.002708
    0    1   15   14    0.007537
    0    1   16   14    0.011758
    0    1   17   14   -0.034827
    0    1   18   14   -0.063195
    0    1    1   15   -0.038543
    0    1    2   15    0.059393
    0    1    3   15    0.429740
    0    1    4   15   -0.286420
    0    1    5   15    0.064645
    0    1    6   15   -0.182968
    0    1    7   15    0.426577
    0    1    8   15    0.112290
    0    1    9   15    0.049732
    0    1   10   15    0.131860
    0    1   11   15    0.018455
    0    1   12   15    0.006065
    0    1   13   15    0.066720
    0    1   14   15    0.000895
    0    1   15   15   -0.035707
    0    1   16   15   -0.259288
    0    1   17   15   -0.053440
    0    1   18   15    0.051515
    0    1    1   16    0.215740
    0    1    2   16    0.000325
    0    1    3   16   -0.161722
    0    1    4   16    0.134002
    0    1    5   16   -0.031682
    0    1    6   16   -0.045700
    0    1    7   16    0.801995
    0    1    8   16    0.073282
    0    1    9   16   -0.071200
    0    1   10   16   -0.056772
    0    1   11   16   -0.012302
    0    1   12   16   -0.039707
    0    1   13   16    0.044885
    0    1   14   16   -0.010938
    0    1   15   16    0.011680
    0    1   16   16    0.016257
    0    1   17   16   -0.009492
    0    1   18   16    0.036622
    0    1    1   17    0.013000
    0    1    2   17   -0.023495
    0    1    3   17   -0.021495
    0    1    4   17   -0.025075
    0    1    5   17   -0.038640
    0    1    6   17    0.015402
    0    1    7   17    0.005378
    0    1    8   17   -0.055822
    0    1    9   17   -0.003100
    0    1   10   17    0.011647
    0    1   11   17   -0.001155
    0    1   12   17    0.008263
    0    1   13   17   -0.027455
    0    1   14   17   -0.001737
    0    1   15   17   -0.025335
    0    1   16   17   -0.006947
    0    1   17   17   -0.008157
    0    1   18   17   -0.018697
    0    1    1   18   -0.062410
    0    1    2   18    0.014487
    0    1    3   18   -0.087138
    0    1    4   18   -0.506628
    0    1    5   18   -0.007553
    0    1    6   18   -0.022320
    0    1    7   18   -0.015460
    0    1    8   18   -0.000568
    0    1    9   18    0.014875
    0    1   10   18   -0.038220
    0    1   11   18    0.004955
    0    1   12   18    0.024450
    0    1   13   18    0.001207
    0    1   14   18   -0.001745
    0    1   15   18    0.008057
    0    1   16   18   -0.014317
    0    1   17   18   -0.069770
    0    1   18   18   -0.168525
    1    1    1    1   -0.007607
    1    1    2    1   -0.002595
    1    1    3    1   -0.096612
    1    1    4    1   -0.184535
    1    1    5    1    0.052812
    1    1    6    1    0.333602
    1    1    7    1   -0.248050
    1    1    8    1    0.023975
    1    1    9    1    0.234690
    1    1   10    1    0.231560
    1    1   11    1   -0.036068
    1    1   12    1   -0.421495
    1    1   13    1   -1.166935
    1    1   14    1    0.051012
    1    1   15    1    0.281795
    1    1   16    1    0.067900
    1    1   17    1    0.013077
    1    1   18    1   -0.012478
    1    1    1    2   -0.001807
    1    1    2    2   -0.004432
    1    1    3    2    0.007170
    1    1    4    2    0.000065
    1    1    5    2    0.008762
    1    1    6    2    0.022558
    1    1    7    2   -0.054660
    1    1    8    2    0.000210
    1    1    9    2    0.009965
    1    1   10    2    0.005385
    1    1   11    2    0.005915
    1    1   12    2   -0.003740
    1    1   13    2    0.005817
    1    1   14    2   -0.000657
    1    1   15    2   -0.022040
    1    1   16    2   -0.013875
    1    1   17    2    0.000120
    1    1   18    2   -0.003465
    1    1    1    3   -0.022927
    1    1    2    3    0.063695
    1    1    3    3    0.011747
    1    1    4    3    0.047122
    1    1    5    3    0.125080
    1    1    6    3   -0.129315
    1    1    7    3   -0.300505
    1    1    8    3    0.172592
    1    1    9    3   -0.151133
    1    1   10    3    0.003728
    1    1   11    3    0.007757
    1    1   12    3    0.103987
    1    1   13    3   -0.154167
    1    1   14    3    0.024543
    1    1   15    3    0.106525
    1    1   16    3    0.054762
    1    1   17    3    0.065057
    1    1   18    3    0.091690
    1    1    1    4    0.012282
    1    1    2    4   -0.021847
    1    1    3    4    0.061875
    1    1    4    4   -0.030490
    1    1    5    4   -0.012655
    1    1    6    4    0.598590
    1    1    7    4    0.053160
    1    1    8    4   -0.022365
    1    1    9    4    0.032610
    1    1   10    4   -0.126232
    1    1   11    4    0.029250
    1    1   12    4    0.195433
    1    1   13    4   -0.068492
    1    1   14    4   -0.040432
    1    1   15    4   -0.167615
    1    1   16    4   -0.083885
    1    1   17    4    0.010622
    1    1   18    4   -0.002445
    1    1    1    5   -0.004925
    1    1    2    5    0.008403
    1    1    3    5   -0.007262
    1    1    4    5   -0.001247
    1    1    5    5    0.021620
    1    1    6    5   -0.092835
    1    1    7    5    0.056095
    1    1    8    5    0.026042
    1    1    9    5   -0.053362
    1    1   10    5   -0.009905
    1    1   11    5    0.005617
    1    1   12    5    0.013307
    1    1   13    5   -0.016765
    1    1   14    5    0.005107
    1    1   15    5    0.003580
    1    1   16    5   -0.016480
    1    1   17    5    0.004387
    1    1   18    5    0.010690
    1    1    1    6   -0.002110
    1    1    2    6    0.004762
    1    1    3    6   -0.021490
    1    1    4    6   -0.000972
    1    1    5    6   -0.000152
    1    1    6    6   -0.084645
    1    1    7    6   -0.021220
    1    1    8    6    0.003362
    1    1    9    6   -0.044385
    1    1   10    6   -0.004902
    1    1   11    6   -0.002087
    1    1   12    6    0.000042
    1    1   13    6   -0.004940
    1    1   14    6    0.004860
    1    1   15    6    0.010942
    1    1   16    6    0.007842
    1    1   17    6    0.002772
    1    1   18    6   -0.003520
    1    1    1    7   -0.001547
    1    1    2    7   -0.005747
    1    1    3    7    0.004618
    1    1    4    7   -0.003565
    1    1    5    7    0.003517
    1    1    6    7    1.465962
    1    1    7    7   -0.089975
    1    1    8    7    0.003307
    1    1    9    7    0.020860
    1    1   10    7    0.187640
    1    1   11    7    0.003530
    1    1   12    7    0.004390
    1    1   13    7   -0.042122
    1    1   14    7    0.005077
    1    1   15    7    0.023240
    1    1   16    7    0.001605
    1    1   17    7    0.000312
    1    1   18    7   -0.012777
    1    1    1    8    0.001590
    1    1    2    8    0.003310
    1    1    3    8    0.028767
    1    1    4    8    0.003170
    1    1    5    8   -0.011923
    1    1    6    8    0.021770
    1    1    7    8    0.095012
    1    1    8    8   -0.019428
    1    1    9    8    0.006975
    1    1   10    8    0.007568
    1    1   11    8    0.000465
    1    1   12    8    0.008260
    1    1   13    8    0.017387
    1    1   14    8   -0.000070
    1    1   15    8   -0.002917
    1    1   16    8   -0.024162
    1    1   17    8   -0.003970
    1    1   18    8   -0.009185
    1    1    1    9   -0.008607
    1    1    2    9    0.011300
    1    1    3    9   -0.019477
    1    1    4    9   -0.001292
    1    1    5    9   -0.022525
    1    1    6    9   -0.423862
    1    1    7    9    0.124930
    1    1    8    9   -0.006502
    1    1    9    9   -0.073120
    1    1   10    9    0.131962
    1    1   11    9    0.025980
    1    1   12    9    0.039495
    1    1   13    9   -0.259845
    1    1   14    9   -0.003990
    1    1   15    9   -0.034935
    1    1   16    9   -0.088572
    1    1   17    9    0.046383
    1    1   18    9    0.017475
    1    1    1   10    0.001525
    1    1    2   10    0.004595
    1    1    3   10   -0.026207
    1    1    4   10    0.000333
    1    1    5   10   -0.077855
    1    1    6   10    0.077555
    1    1    7   10   -0.492875
    1    1    8   10   -0.002732
    1    1    9   10   -0.582475
    1    1   10   10    0.027845
    1    1   11   10   -0.017480
    1    1   12   10    0.155975
    1    1   13   10    0.001048
    1    1   14   10    0.013620
    1    1   15   10    0.119232
    1    1   16   10    0.112600
    1    1   17   10    0.006805
    1    1   18   10    0.024842
    1    1    1   11   -0.003372
    1    1    2   11    0.042188
    1    1    3   11    0.004567
    1    1    4   11    0.000433
    1    1    5   11    0.013500
    1    1    6   11    0.275490
    1    1    7   11    0.073370
    1    1    8   11   -0.001002
    1    1    9   11    0.079270
    1    1   10   11    0.051560
    1    1   11   11   -0.004548
    1    1   12   11    0.011525
    1    1   13   11   -0.096778
    1    1   14   11   -0.003483
    1    1   15   11    0.095198
    1    1   16   11   -0.004715
    1    1   17   11    0.042675
    1    1   18   11    0.024812
    1    1    1   12   -0.006377
    1    1    2   12   -0.053262
    1    1    3   12    0.131942
    1    1    4   12    0.015350
    1    1    5   12   -0.028465
    1    1    6   12    1.149435
    1    1    7   12   -0.106480
    1    1    8   12   -0.025755
    1    1    9   12   -0.093530
    1    1   10   12   -0.283270
    1    1   11   12    0.028673
    1    1   12   12    0.162220
    1    1   13   12    0.001417
    1    1   14   12   -0.083055
    1    1   15   12   -0.147817
    1    1   16   12   -0.050520
    1    1   17   12   -0.003325
    1    1   18   12    0.009352
    1    1    1   13   -0.002750
    1    1    2   13    0.009117
    1    1    3   13   -0.028582
    1    1    4   13   -0.009350
    1    1    5   13    0.010450
    1    1    6   13   -0.525600
    1    1    7   13   -0.012070
    1    1    8   13    0.009165
    1    1    9   13   -0.025683
    1    1   10   13    0.116395
    1    1   11   13   -0.002090
    1    1   12   13   -0.051125
    1    1   13   13   -0.034923
    1    1   14   13    0.010493
    1    1   15   13    0.035735
    1    1   16   13    0.017620
    1    1   17   13    0.012930
    1    1   18   13    0.006962
    1    1    1   14   -0.007153
    1    1    2   14    0.035215
    1    1    3   14    0.005057
    1    1    4   14   -0.002587
    1    1    5   14    0.036998
    1    1    6   14    0.028207
    1    1    7   14   -0.305710
    1    1    8   14    0.023797
    1    1    9   14   -0.129440
    1    1   10   14   -0.011775
    1    1   11   14   -0.001135
    1    1   12   14    0.086777
    1    1   13   14   -0.027137
    1    1   14   14    0.001863
    1    1   15   14    0.053317
    1    1   16   14    0.042330
    1    1   17   14    0.022712
    1    1   18   14    0.023818
    1    1    1   15    0.012352
    1    1    2   15    0.028612
    1    1    3   15    0.022793
    1    1    4   15   -0.001553
    1    1    5   15   -0.000917
    1    1    6   15   -0.390062
    1    1    7   15    0.187548
    1    1    8   15   -0.006845
    1    1    9   15   -0.008658
    1    1   10   15   -0.577692
    1    1   11   15   -0.011435
    1    1   12   15    0.026570
    1    1   13   15    0.041257
    1    1   14   15   -0.007200
    1    1   15   15    0.053288
    1    1   16   15   -0.078285
    1    1   17   15   -0.003138
    1    1   18   15    0.030530
    1    1    1   16    0.007940
    1    1    2   16   -0.000965
    1    1    3   16   -0.031980
    1    1    4   16   -0.004827
    1    1    5   16   -0.046225
    1    1    6   16   -0.355618
    1    1    7   16    0.165100
    1    1    8   16   -0.011677
    1    1    9   16   -0.014680
    1    1   10   16    0.767220
    1    1   11   16   -0.015895
    1    1   12   16    0.049845
    1    1   13   16   -0.076527
    1    1   14   16   -0.001653
    1    1   15   16    0.076727
    1    1   16   16    0.078645
    1    1   17   16    0.009782
    1    1   18   16    0.045415
    1    1    1   17   -0.002283
    1    1    2   17    0.000818
    1    1    3   17   -0.098517
    1    1    4   17    0.003455
    1    1    5   17    0.004872
    1    1    6   17   -0.134157
    1    1    7   17   -0.078287
    1    1    8   17   -0.006585
    1    1    9   17   -0.069070
    1    1   10   17   -0.010927
    1    1   11   17   -0.005737
    1    1   12   17    0.008295
    1    1   13   17   -0.037220
    1    1   14   17    0.000957
    1    1   15   17    0.005700
    1    1   16   17    0.058707
    1    1   17   17    0.021665
    1    1   18   17    0.008937
    1    1    1   18    0.011055
    1    1    2   18    0.086532
    1    1    3   18    0.011712
    1    1    4   18    0.011952
    1    1    5   18   -0.100683
    1    1    6   18   -0.414162
    1    1    7   18    0.413472
    1    1    8   18   -0.007087
    1    1    9   18   -0.576097
    1    1   10   18    0.134302
    1    1   11   18   -0.035972
    1    1   12   18    0.129452
    1    1   13   18    0.031813
    1    1   14   18    0.048730
    1    1   15   18    0.039067
    1    1   16   18    0.091085
    1    1   17   18    0.006497
    1    1   18   18   -0.019678
