 ir1  ir2   m    n          ReH 
   -1   -1    1    1    0.116595
   -1   -1    2    1    0.007907
   -1   -1    3    1    0.086788
   -1   -1    4    1   -0.124502
   -1   -1    5    1   -0.012360
   -1   -1    6    1   -0.059215
   -1   -1    7    1   -0.094147
   -1   -1    8    1   -0.044547
   -1   -1    9    1    0.003307
   -1   -1   10    1    0.123282
   -1   -1   11    1   -0.002645
   -1   -1   12    1    0.006352
   -1   -1   13    1   -0.006658
   -1   -1   14    1   -0.007697
   -1   -1   15    1    0.059697
   -1   -1   16    1    0.072937
   -1   -1   17    1   -0.015283
   -1   -1   18    1   -0.047235
   -1   -1    1    2    0.015397
   -1   -1    2    2   -0.003225
   -1   -1    3    2   -0.035320
   -1   -1    4    2   -0.008455
   -1   -1    5    2    0.005327
   -1   -1    6    2    0.003712
   -1   -1    7    2   -0.027220
   -1   -1    8    2    0.356695
   -1   -1    9    2   -0.033165
   -1   -1   10    2    0.762625
   -1   -1   11    2    0.016403
   -1   -1   12    2   -0.001090
   -1   -1   13    2    0.010040
   -1   -1   14    2   -0.027067
   -1   -1   15    2    0.007685
   -1   -1   16    2    0.035185
   -1   -1   17    2    0.003640
   -1   -1   18    2   -0.018665
   -1   -1    1    3   -0.045765
   -1   -1    2    3    0.001750
   -1   -1    3    3   -0.075137
   -1   -1    4    3    0.274575
   -1   -1    5    3    0.006380
   -1   -1    6    3   -0.013012
   -1   -1    7    3    0.038420
   -1   -1    8    3   -0.059975
   -1   -1    9    3    0.008005
   -1   -1   10    3    0.650010
   -1   -1   11    3   -0.008358
   -1   -1   12    3   -0.025183
   -1   -1   13    3   -0.026947
   -1   -1   14    3   -0.010960
   -1   -1   15    3   -0.033430
   -1   -1   16    3   -0.005227
   -1   -1   17    3    0.078927
   -1   -1   18    3   -0.075645
   -1   -1    1    4   -0.146862
   -1   -1    2    4   -0.028987
   -1   -1    3    4   -0.044507
   -1   -1    4    4    0.046480
   -1   -1    5    4    0.006748
   -1   -1    6    4    0.065030
   -1   -1    7    4   -1.125840
   -1   -1    8    4   -0.225975
   -1   -1    9    4    0.170630
   -1   -1   10    4   -0.165895
   -1   -1   11    4   -0.078327
   -1   -1   12    4   -0.124480
   -1   -1   13    4    0.055963
   -1   -1   14    4   -0.010110
   -1   -1   15    4    0.000430
   -1   -1   16    4   -1.492442
   -1   -1   17    4    0.004000
   -1   -1   18    4    0.183892
   -1   -1    1    5   -0.000685
   -1   -1    2    5    0.002252
   -1   -1    3    5   -0.066005
   -1   -1    4    5   -0.011962
   -1   -1    5    5    0.008007
   -1   -1    6    5   -0.002178
   -1   -1    7    5    0.018427
   -1   -1    8    5    0.045852
   -1   -1    9    5   -0.020772
   -1   -1   10    5    0.842252
   -1   -1   11    5   -0.002435
   -1   -1   12    5    0.003045
   -1   -1   13    5   -0.002555
   -1   -1   14    5   -0.012350
   -1   -1   15    5    0.003905
   -1   -1   16    5   -0.009705
   -1   -1   17    5    0.049417
   -1   -1   18    5   -0.062140
   -1   -1    1    6   -0.055280
   -1   -1    2    6    0.017087
   -1   -1    3    6    0.123360
   -1   -1    4    6    0.021038
   -1   -1    5    6    0.012478
   -1   -1    6    6    0.131752
   -1   -1    7    6    0.074417
   -1   -1    8    6    0.060695
   -1   -1    9    6    0.116895
   -1   -1   10    6   -0.341430
   -1   -1   11    6   -0.093725
   -1   -1   12    6   -0.003597
   -1   -1   13    6    0.065025
   -1   -1   14    6   -0.009505
   -1   -1   15    6   -0.068675
   -1   -1   16    6   -0.069638
   -1   -1   17    6   -0.000805
   -1   -1   18    6   -0.125060
   -1   -1    1    7   -0.005765
   -1   -1    2    7   -0.003395
   -1   -1    3    7    0.067947
   -1   -1    4    7    0.098740
   -1   -1    5    7    0.008695
   -1   -1    6    7    0.034662
   -1   -1    7    7   -0.089935
   -1   -1    8    7   -0.008783
   -1   -1    9    7    0.031987
   -1   -1   10    7   -0.104515
   -1   -1   11    7    0.000027
   -1   -1   12    7   -0.009827
   -1   -1   13    7    0.068070
   -1   -1   14    7    0.002930
   -1   -1   15    7   -0.004335
   -1   -1   16    7    0.044670
   -1   -1   17    7   -0.022680
   -1   -1   18    7   -0.038462
   -1   -1    1    8    0.002977
   -1   -1    2    8   -0.000755
   -1   -1    3    8    0.013992
   -1   -1    4    8   -0.021880
   -1   -1    5    8    0.003257
   -1   -1    6    8   -0.000280
   -1   -1    7    8   -0.003075
   -1   -1    8    8    0.005835
   -1   -1    9    8   -0.001142
   -1   -1   10    8    0.157635
   -1   -1   11    8   -0.001875
   -1   -1   12    8    0.001320
   -1   -1   13    8    0.003827
   -1   -1   14    8   -0.006695
   -1   -1   15    8    0.004592
   -1   -1   16    8    0.003480
   -1   -1   17    8    0.009205
   -1   -1   18    8    0.001388
   -1   -1    1    9    0.041587
   -1   -1    2    9   -0.003950
   -1   -1    3    9   -0.008275
   -1   -1    4    9   -0.299702
   -1   -1    5    9   -0.007995
   -1   -1    6    9   -0.065602
   -1   -1    7    9   -0.040555
   -1   -1    8    9   -0.010520
   -1   -1    9    9   -0.046975
   -1   -1   10    9    0.039462
   -1   -1   11    9   -0.001958
   -1   -1   12    9   -0.015717
   -1   -1   13    9   -0.011760
   -1   -1   14    9   -0.001468
   -1   -1   15    9    0.038207
   -1   -1   16    9    0.022207
   -1   -1   17    9   -0.002340
   -1   -1   18    9    0.052792
   -1   -1    1   10    0.022280
   -1   -1    2   10   -0.006715
   -1   -1    3   10   -0.009525
   -1   -1    4   10   -0.031507
   -1   -1    5   10   -0.004247
   -1   -1    6   10   -0.007043
   -1   -1    7   10   -0.085510
   -1   -1    8   10   -0.248917
   -1   -1    9   10   -0.023195
   -1   -1   10   10   -0.020840
   -1   -1   11   10    0.027998
   -1   -1   12   10    0.010080
   -1   -1   13   10    0.023982
   -1   -1   14   10   -0.001553
   -1   -1   15   10    0.014325
   -1   -1   16   10    0.066050
   -1   -1   17   10    0.003157
   -1   -1   18   10   -0.005515
   -1   -1    1   11    0.002182
   -1   -1    2   11    0.004462
   -1   -1    3   11    0.026923
   -1   -1    4   11   -0.001043
   -1   -1    5   11    0.001435
   -1   -1    6   11   -0.003563
   -1   -1    7   11   -0.002455
   -1   -1    8   11   -0.222320
   -1   -1    9   11   -0.002290
   -1   -1   10   11    0.100062
   -1   -1   11   11    0.001875
   -1   -1   12   11   -0.005472
   -1   -1   13   11    0.006905
   -1   -1   14   11   -0.006910
   -1   -1   15   11   -0.000205
   -1   -1   16   11   -0.001780
   -1   -1   17   11   -0.005175
   -1   -1   18   11   -0.024467
   -1   -1    1   12   -0.052817
   -1   -1    2   12    0.000053
   -1   -1    3   12   -0.019155
   -1   -1    4   12   -0.011035
   -1   -1    5   12    0.007375
   -1   -1    6   12    0.046930
   -1   -1    7   12   -0.604110
   -1   -1    8   12    0.292012
   -1   -1    9   12    0.046772
   -1   -1   10   12    0.153342
   -1   -1   11   12   -0.006830
   -1   -1   12   12   -0.044697
   -1   -1   13   12    0.015190
   -1   -1   14   12   -0.006755
   -1   -1   15   12   -0.049980
   -1   -1   16   12   -0.046160
   -1   -1   17   12    0.003795
   -1   -1   18   12   -0.011632
   -1   -1    1   13   -0.004842
   -1   -1    2   13    0.030180
   -1   -1    3   13   -0.044055
   -1   -1    4   13    0.032773
   -1   -1    5   13    0.015125
   -1   -1    6   13   -0.529690
   -1   -1    7   13    0.558933
   -1   -1    8   13    0.216647
   -1   -1    9   13   -0.195885
   -1   -1   10   13   -0.730227
   -1   -1   11   13   -0.044885
   -1   -1   12   13   -0.270312
   -1   -1   13   13   -0.052553
   -1   -1   14   13    0.015170
   -1   -1   15   13   -0.065998
   -1   -1   16   13    0.142113
   -1   -1   17   13    0.006840
   -1   -1   18   13    0.046410
   -1   -1    1   14    0.008417
   -1   -1    2   14    0.001252
   -1   -1    3   14   -0.001342
   -1   -1    4   14   -0.014542
   -1   -1    5   14   -0.000185
   -1   -1    6   14   -0.002457
   -1   -1    7   14   -0.008775
   -1   -1    8   14    0.022690
   -1   -1    9   14   -0.004505
   -1   -1   10   14    0.091475
   -1   -1   11   14    0.001702
   -1   -1   12   14    0.002667
   -1   -1   13   14    0.001038
   -1   -1   14   14   -0.004627
   -1   -1   15   14    0.002735
   -1   -1   16   14    0.001572
   -1   -1   17   14   -0.008862
   -1   -1   18   14   -0.003910
   -1   -1    1   15   -0.215000
   -1   -1    2   15   -0.015220
   -1   -1    3   15   -0.014178
   -1   -1    4   15   -0.075825
   -1   -1    5   15    0.003705
   -1   -1    6   15    0.139790
   -1   -1    7   15    0.982382
   -1   -1    8   15   -0.157945
   -1   -1    9   15    1.332810
   -1   -1   10   15    0.474425
   -1   -1   11   15    0.004235
   -1   -1   12   15   -0.010035
   -1   -1   13   15   -0.024622
   -1   -1   14   15   -0.029077
   -1   -1   15   15   -0.126950
   -1   -1   16   15   -1.672473
   -1   -1   17   15    0.020292
   -1   -1   18   15    0.070907
   -1   -1    1   16   -0.021132
   -1   -1    2   16   -0.002650
   -1   -1    3   16   -0.086642
   -1   -1    4   16    0.132005
   -1   -1    5   16   -0.004790
   -1   -1    6   16   -0.065668
   -1   -1    7   16    0.045433
   -1   -1    8   16    0.054897
   -1   -1    9   16   -0.081365
   -1   -1   10   16    0.016637
   -1   -1   11   16   -0.003730
   -1   -1   12   16   -0.027240
   -1   -1   13   16   -0.044920
   -1   -1   14   16    0.005590
   -1   -1   15   16   -0.012365
   -1   -1   16   16   -0.096125
   -1   -1   17   16    0.023645
   -1   -1   18   16    0.160355
   -1   -1    1   17    0.008390
   -1   -1    2   17    0.000587
   -1   -1    3   17    0.007898
   -1   -1    4   17   -0.073420
   -1   -1    5   17    0.000757
   -1   -1    6   17    0.004157
   -1   -1    7   17   -0.001267
   -1   -1    8   17    0.007610
   -1   -1    9   17    0.001020
   -1   -1   10   17   -0.074222
   -1   -1   11   17    0.001215
   -1   -1   12   17    0.001465
   -1   -1   13   17    0.005232
   -1   -1   14   17   -0.000752
   -1   -1   15   17    0.005077
   -1   -1   16   17    0.010460
   -1   -1   17   17   -0.013730
   -1   -1   18   17   -0.006837
   -1   -1    1   18   -0.021263
   -1   -1    2   18   -0.040942
   -1   -1    3   18   -0.113145
   -1   -1    4   18   -0.019297
   -1   -1    5   18   -0.019435
   -1   -1    6   18    0.052902
   -1   -1    7   18    0.050495
   -1   -1    8   18    0.040333
   -1   -1    9   18    0.015907
   -1   -1   10   18   -0.507202
   -1   -1   11   18    0.024110
   -1   -1   12   18    0.030972
   -1   -1   13   18    0.016927
   -1   -1   14   18    0.080485
   -1   -1   15   18   -0.005870
   -1   -1   16   18    0.006982
   -1   -1   17   18    0.037200
   -1   -1   18   18    0.224495
    0   -1    1    1    0.054907
    0   -1    2    1    0.012802
    0   -1    3    1   -0.050307
    0   -1    4    1   -0.001518
    0   -1    5    1   -0.011578
    0   -1    6    1   -0.510472
    0   -1    7    1    2.546765
    0   -1    8    1   -0.132600
    0   -1    9    1   -0.303042
    0   -1   10    1    0.022340
    0   -1   11    1   -0.002855
    0   -1   12    1    0.012018
    0   -1   13    1   -0.146905
    0   -1   14    1    0.013145
    0   -1   15    1    0.084510
    0   -1   16    1    0.365135
    0   -1   17    1    0.002542
    0   -1   18    1    0.097353
    0   -1    1    2    0.000133
    0   -1    2    2    0.012340
    0   -1    3    2    0.000945
    0   -1    4    2    0.004065
    0   -1    5    2    0.004227
    0   -1    6    2   -0.025320
    0   -1    7    2   -0.229992
    0   -1    8    2   -0.048910
    0   -1    9    2   -0.009645
    0   -1   10    2    0.137367
    0   -1   11    2   -0.025880
    0   -1   12    2   -0.019020
    0   -1   13    2   -0.019712
    0   -1   14    2    0.007533
    0   -1   15    2    0.012970
    0   -1   16    2   -0.009175
    0   -1   17    2    0.000885
    0   -1   18    2   -0.030275
    0   -1    1    3   -0.003955
    0   -1    2    3    0.023632
    0   -1    3    3   -0.083880
    0   -1    4    3    0.000805
    0   -1    5    3    0.020545
    0   -1    6    3    0.166227
    0   -1    7    3    1.300475
    0   -1    8    3   -0.868822
    0   -1    9    3    0.016050
    0   -1   10    3    0.841785
    0   -1   11    3    0.036655
    0   -1   12    3    0.066580
    0   -1   13    3   -0.375342
    0   -1   14    3    0.005707
    0   -1   15    3    0.007805
    0   -1   16    3   -0.070200
    0   -1   17    3    0.026652
    0   -1   18    3   -0.100032
    0   -1    1    4    0.021285
    0   -1    2    4    0.009145
    0   -1    3    4   -0.024540
    0   -1    4    4    0.027530
    0   -1    5    4   -0.004253
    0   -1    6    4    0.001472
    0   -1    7    4    0.209145
    0   -1    8    4   -0.000815
    0   -1    9    4    0.012925
    0   -1   10    4    0.108420
    0   -1   11    4   -0.012777
    0   -1   12    4    0.022467
    0   -1   13    4   -0.032645
    0   -1   14    4    0.002788
    0   -1   15    4    0.023825
    0   -1   16    4   -0.047297
    0   -1   17    4    0.007013
    0   -1   18    4    0.029752
    0   -1    1    5   -0.009507
    0   -1    2    5   -0.022077
    0   -1    3    5    0.018648
    0   -1    4    5   -0.004907
    0   -1    5    5   -0.002190
    0   -1    6    5    0.053860
    0   -1    7    5   -0.253240
    0   -1    8    5   -0.784262
    0   -1    9    5    0.018398
    0   -1   10    5   -0.536292
    0   -1   11    5    0.007617
    0   -1   12    5   -0.017218
    0   -1   13    5   -0.046610
    0   -1   14    5   -0.005252
    0   -1   15    5   -0.013785
    0   -1   16    5   -0.030070
    0   -1   17    5   -0.002585
    0   -1   18    5    0.013537
    0   -1    1    6   -0.003058
    0   -1    2    6   -0.036167
    0   -1    3    6    0.005505
    0   -1    4    6   -0.005160
    0   -1    5    6   -0.016047
    0   -1    6    6    0.094570
    0   -1    7    6    0.217958
    0   -1    8    6   -0.007827
    0   -1    9    6    0.022275
    0   -1   10    6   -0.924060
    0   -1   11    6    0.068593
    0   -1   12    6   -0.020275
    0   -1   13    6    0.086692
    0   -1   14    6   -0.017777
    0   -1   15    6   -0.048857
    0   -1   16    6   -0.102047
    0   -1   17    6   -0.000855
    0   -1   18    6   -0.015813
    0   -1    1    7   -0.004743
    0   -1    2    7   -0.000150
    0   -1    3    7   -0.007870
    0   -1    4    7    0.021637
    0   -1    5    7   -0.001467
    0   -1    6    7    0.062217
    0   -1    7    7   -0.037787
    0   -1    8    7   -0.001978
    0   -1    9    7    0.006448
    0   -1   10    7   -0.083625
    0   -1   11    7   -0.004210
    0   -1   12    7   -0.010120
    0   -1   13    7   -0.031918
    0   -1   14    7    0.003772
    0   -1   15    7    0.005023
    0   -1   16    7   -0.041637
    0   -1   17    7   -0.000385
    0   -1   18    7   -0.009212
    0   -1    1    8    0.000855
    0   -1    2    8   -0.064892
    0   -1    3    8   -0.007282
    0   -1    4    8    0.000040
    0   -1    5    8    0.015440
    0   -1    6    8   -0.036530
    0   -1    7    8    0.010322
    0   -1    8    8    0.002642
    0   -1    9    8   -0.003582
    0   -1   10    8    0.108205
    0   -1   11    8    0.385845
    0   -1   12    8   -0.013560
    0   -1   13    8    0.005370
    0   -1   14    8    0.019730
    0   -1   15    8   -0.002107
    0   -1   16    8    0.025177
    0   -1   17    8    0.002938
    0   -1   18    8    0.073295
    0   -1    1    9    0.001275
    0   -1    2    9    0.000692
    0   -1    3    9   -0.027482
    0   -1    4    9   -0.012398
    0   -1    5    9   -0.005102
    0   -1    6    9   -0.309630
    0   -1    7    9    0.269737
    0   -1    8    9    0.012892
    0   -1    9    9   -0.052838
    0   -1   10    9    0.094097
    0   -1   11    9    0.010835
    0   -1   12    9   -0.053495
    0   -1   13    9   -0.072790
    0   -1   14    9    0.000228
    0   -1   15    9   -0.001440
    0   -1   16    9    0.108485
    0   -1   17    9    0.004848
    0   -1   18    9    0.060935
    0   -1    1   10    0.003195
    0   -1    2   10   -0.007810
    0   -1    3   10   -0.030152
    0   -1    4   10   -0.011202
    0   -1    5   10    0.001470
    0   -1    6   10    0.028293
    0   -1    7   10   -0.025382
    0   -1    8   10   -0.013320
    0   -1    9   10   -0.004327
    0   -1   10   10    0.040930
    0   -1   11   10   -0.005095
    0   -1   12   10   -0.017085
    0   -1   13   10    0.008240
    0   -1   14   10    0.000995
    0   -1   15   10   -0.005345
    0   -1   16   10   -0.002170
    0   -1   17   10    0.006697
    0   -1   18   10   -0.004207
    0   -1    1   11   -0.001767
    0   -1    2   11   -0.001610
    0   -1    3   11    0.007157
    0   -1    4   11    0.000150
    0   -1    5   11    0.000340
    0   -1    6   11    0.005322
    0   -1    7   11   -0.124217
    0   -1    8   11   -0.027240
    0   -1    9   11   -0.006007
    0   -1   10   11   -0.095273
    0   -1   11   11    0.000783
    0   -1   12   11   -0.008607
    0   -1   13   11    0.020390
    0   -1   14   11   -0.000275
    0   -1   15   11    0.001417
    0   -1   16   11   -0.009610
    0   -1   17   11   -0.001507
    0   -1   18   11   -0.019292
    0   -1    1   12   -0.028612
    0   -1    2   12   -0.008835
    0   -1    3   12    0.008045
    0   -1    4   12   -0.003880
    0   -1    5   12    0.000018
    0   -1    6   12   -0.002557
    0   -1    7   12   -0.924277
    0   -1    8   12    0.034498
    0   -1    9   12    0.014322
    0   -1   10   12   -0.131985
    0   -1   11   12   -0.000777
    0   -1   12   12   -0.056173
    0   -1   13   12    0.038492
    0   -1   14   12   -0.002100
    0   -1   15   12   -0.023562
    0   -1   16   12   -0.008523
    0   -1   17   12   -0.002282
    0   -1   18   12    0.018592
    0   -1    1   13   -0.002832
    0   -1    2   13    0.027570
    0   -1    3   13    0.000168
    0   -1    4   13    0.000170
    0   -1    5   13    0.000523
    0   -1    6   13    0.054703
    0   -1    7   13   -0.148587
    0   -1    8   13    0.103837
    0   -1    9   13   -0.010605
    0   -1   10   13    0.023885
    0   -1   11   13    0.005317
    0   -1   12   13    0.112450
    0   -1   13   13   -0.128360
    0   -1   14   13   -0.003575
    0   -1   15   13   -0.007755
    0   -1   16   13   -0.042188
    0   -1   17   13    0.002200
    0   -1   18   13   -0.008948
    0   -1    1   14    0.001405
    0   -1    2   14    0.000345
    0   -1    3   14    0.002020
    0   -1    4   14   -0.001172
    0   -1    5   14   -0.000662
    0   -1    6   14   -0.021405
    0   -1    7   14   -0.045230
    0   -1    8   14    0.936327
    0   -1    9   14   -0.012940
    0   -1   10   14    0.002157
    0   -1   11   14   -0.009900
    0   -1   12   14   -0.003990
    0   -1   13   14    0.051712
    0   -1   14   14    0.000475
    0   -1   15   14    0.002583
    0   -1   16   14    0.012372
    0   -1   17   14   -0.000850
    0   -1   18   14   -0.001917
    0   -1    1   15    0.016102
    0   -1    2   15    0.015670
    0   -1    3   15   -0.002898
    0   -1    4   15   -0.020335
    0   -1    5   15    0.001747
    0   -1    6   15   -0.057462
    0   -1    7   15    1.256547
    0   -1    8   15   -0.007435
    0   -1    9   15    0.066687
    0   -1   10   15    0.136605
    0   -1   11   15    0.001222
    0   -1   12   15    0.016060
    0   -1   13   15    0.033790
    0   -1   14   15    0.000615
    0   -1   15   15   -0.061950
    0   -1   16   15   -0.099137
    0   -1   17   15    0.002093
    0   -1   18   15   -0.029677
    0   -1    1   16    0.013957
    0   -1    2   16   -0.001220
    0   -1    3   16   -0.003080
    0   -1    4   16    0.026295
    0   -1    5   16   -0.002097
    0   -1    6   16    0.074557
    0   -1    7   16    0.202620
    0   -1    8   16   -0.018787
    0   -1    9   16   -0.008620
    0   -1   10   16   -0.060095
    0   -1   11   16   -0.011567
    0   -1   12   16    0.056778
    0   -1   13   16   -0.003800
    0   -1   14   16    0.004448
    0   -1   15   16    0.050180
    0   -1   16   16    0.018185
    0   -1   17   16    0.001055
    0   -1   18   16    0.034917
    0   -1    1   17    0.012543
    0   -1    2   17   -0.006525
    0   -1    3   17    0.061580
    0   -1    4   17    0.007335
    0   -1    5   17   -0.012703
    0   -1    6   17   -0.018652
    0   -1    7   17   -0.171105
    0   -1    8   17   -1.273527
    0   -1    9   17   -0.005187
    0   -1   10   17   -0.448957
    0   -1   11   17    0.034720
    0   -1   12   17   -0.016425
    0   -1   13   17    0.058255
    0   -1   14   17    0.003500
    0   -1   15   17   -0.003870
    0   -1   16   17    0.026030
    0   -1   17   17   -0.017930
    0   -1   18   17    0.010230
    0   -1    1   18    0.007698
    0   -1    2   18   -0.044307
    0   -1    3   18    0.030800
    0   -1    4   18   -0.003418
    0   -1    5   18   -0.022005
    0   -1    6   18   -0.041135
    0   -1    7   18   -0.455677
    0   -1    8   18    0.023735
    0   -1    9   18    0.066832
    0   -1   10   18    0.002035
    0   -1   11   18    0.047285
    0   -1   12   18    0.001243
    0   -1   13   18    0.004305
    0   -1   14   18   -0.022755
    0   -1   15   18   -0.031207
    0   -1   16   18    0.027582
    0   -1   17   18   -0.011707
    0   -1   18   18    0.209290
    1   -1    1    1   -0.005062
    1   -1    2    1   -0.003782
    1   -1    3    1   -0.005190
    1   -1    4    1   -0.006800
    1   -1    5    1    0.001545
    1   -1    6    1    0.010112
    1   -1    7    1   -0.011355
    1   -1    8    1    0.002778
    1   -1    9    1   -0.005220
    1   -1   10    1    0.000660
    1   -1   11    1    0.000852
    1   -1   12    1    0.033657
    1   -1   13    1   -0.017155
    1   -1   14    1   -0.000100
    1   -1   15    1   -0.004520
    1   -1   16    1    0.038113
    1   -1   17    1   -0.000712
    1   -1   18    1    0.011012
    1   -1    1    2   -0.001610
    1   -1    2    2    0.000618
    1   -1    3    2   -0.001180
    1   -1    4    2    0.000757
    1   -1    5    2    0.000757
    1   -1    6    2   -0.004400
    1   -1    7    2    0.006297
    1   -1    8    2   -0.000748
    1   -1    9    2    0.001038
    1   -1   10    2    0.009277
    1   -1   11    2   -0.000755
    1   -1   12    2    0.000530
    1   -1   13    2   -0.007472
    1   -1   14    2    0.000390
    1   -1   15    2   -0.001430
    1   -1   16    2   -0.001330
    1   -1   17    2    0.000023
    1   -1   18    2    0.003822
    1   -1    1    3    0.008590
    1   -1    2    3    0.005072
    1   -1    3    3   -0.011907
    1   -1    4    3   -0.005250
    1   -1    5    3    0.001065
    1   -1    6    3   -0.015940
    1   -1    7    3   -0.009600
    1   -1    8    3    0.004720
    1   -1    9    3   -0.000562
    1   -1   10    3    0.051723
    1   -1   11    3   -0.011182
    1   -1   12    3    0.068535
    1   -1   13    3   -0.011215
    1   -1   14    3    0.002065
    1   -1   15    3    0.011832
    1   -1   16    3    0.010355
    1   -1   17    3    0.002595
    1   -1   18    3    0.000525
    1   -1    1    4    0.000153
    1   -1    2    4   -0.000153
    1   -1    3    4   -0.002090
    1   -1    4    4   -0.001137
    1   -1    5    4    0.001545
    1   -1    6    4    0.012200
    1   -1    7    4    0.031252
    1   -1    8    4   -0.001092
    1   -1    9    4    0.012685
    1   -1   10    4    0.046855
    1   -1   11    4    0.000152
    1   -1   12    4    0.053260
    1   -1   13    4   -0.017230
    1   -1   14    4   -0.001827
    1   -1   15    4   -0.005343
    1   -1   16    4    0.002422
    1   -1   17    4   -0.000107
    1   -1   18    4    0.001393
    1   -1    1    5   -0.000730
    1   -1    2    5    0.002448
    1   -1    3    5   -0.000203
    1   -1    4    5    0.000480
    1   -1    5    5    0.000307
    1   -1    6    5   -0.003613
    1   -1    7    5    0.001330
    1   -1    8    5   -0.001120
    1   -1    9    5    0.001997
    1   -1   10    5    0.021388
    1   -1   11    5   -0.001187
    1   -1   12    5   -0.008892
    1   -1   13    5    0.004737
    1   -1   14    5    0.000365
    1   -1   15    5   -0.000107
    1   -1   16    5   -0.003335
    1   -1   17    5    0.000768
    1   -1   18    5    0.001315
    1   -1    1    6    0.010970
    1   -1    2    6   -0.003640
    1   -1    3    6   -0.002007
    1   -1    4    6    0.005305
    1   -1    5    6   -0.002752
    1   -1    6    6   -0.003395
    1   -1    7    6   -0.007917
    1   -1    8    6    0.002168
    1   -1    9    6   -0.006535
    1   -1   10    6   -0.013435
    1   -1   11    6   -0.000275
    1   -1   12    6    0.031468
    1   -1   13    6   -0.003380
    1   -1   14    6   -0.000077
    1   -1   15    6   -0.001640
    1   -1   16    6    0.010520
    1   -1   17    6    0.000145
    1   -1   18    6   -0.003165
    1   -1    1    7   -0.002432
    1   -1    2    7    0.000907
    1   -1    3    7    0.001582
    1   -1    4    7    0.001440
    1   -1    5    7   -0.000997
    1   -1    6    7   -0.034120
    1   -1    7    7   -0.004707
    1   -1    8    7   -0.000192
    1   -1    9    7    0.003328
    1   -1   10    7   -0.004225
    1   -1   11    7   -0.001252
    1   -1   12    7    0.019742
    1   -1   13    7   -0.052365
    1   -1   14    7    0.000335
    1   -1   15    7    0.000085
    1   -1   16    7    0.017900
    1   -1   17    7   -0.002470
    1   -1   18    7    0.015187
    1   -1    1    8    0.000385
    1   -1    2    8    0.001632
    1   -1    3    8   -0.000915
    1   -1    4    8    0.000370
    1   -1    5    8   -0.000168
    1   -1    6    8   -0.003300
    1   -1    7    8    0.000917
    1   -1    8    8   -0.000157
    1   -1    9    8    0.000277
    1   -1   10    8    0.000292
    1   -1   11    8    0.000015
    1   -1   12    8   -0.004237
    1   -1   13    8   -0.004803
    1   -1   14    8    0.000073
    1   -1   15    8   -0.000658
    1   -1   16    8   -0.000595
    1   -1   17    8    0.000055
    1   -1   18    8    0.001240
    1   -1    1    9    0.000083
    1   -1    2    9    0.000797
    1   -1    3    9    0.008412
    1   -1    4    9   -0.000043
    1   -1    5    9   -0.000680
    1   -1    6    9    0.015545
    1   -1    7    9   -0.041000
    1   -1    8    9   -0.000570
    1   -1    9    9    0.006575
    1   -1   10    9    0.000910
    1   -1   11    9    0.001242
    1   -1   12    9   -0.047800
    1   -1   13    9    0.042673
    1   -1   14    9   -0.000712
    1   -1   15    9    0.000870
    1   -1   16    9   -0.005025
    1   -1   17    9   -0.001550
    1   -1   18    9   -0.000162
    1   -1    1   10   -0.000925
    1   -1    2   10   -0.003180
    1   -1    3   10   -0.006125
    1   -1    4   10    0.001025
    1   -1    5   10    0.000410
    1   -1    6   10    0.011090
    1   -1    7   10    0.005995
    1   -1    8   10    0.000087
    1   -1    9   10    0.000380
    1   -1   10   10   -0.002990
    1   -1   11   10    0.000697
    1   -1   12   10   -0.011460
    1   -1   13   10   -0.009853
    1   -1   14   10    0.000050
    1   -1   15   10   -0.005237
    1   -1   16   10   -0.003360
    1   -1   17   10    0.001550
    1   -1   18   10    0.014295
    1   -1    1   11    0.000593
    1   -1    2   11    0.000345
    1   -1    3   11    0.000012
    1   -1    4   11    0.000517
    1   -1    5   11   -0.000192
    1   -1    6   11   -0.002300
    1   -1    7   11    0.000395
    1   -1    8   11    0.000560
    1   -1    9   11    0.000382
    1   -1   10   11   -0.000692
    1   -1   11   11    0.000168
    1   -1   12   11    0.001447
    1   -1   13   11    0.000860
    1   -1   14   11   -0.000080
    1   -1   15   11   -0.002605
    1   -1   16   11    0.000647
    1   -1   17   11    0.000085
    1   -1   18   11   -0.000310
    1   -1    1   12   -0.002907
    1   -1    2   12   -0.004500
    1   -1    3   12    0.000400
    1   -1    4   12   -0.002010
    1   -1    5   12   -0.001217
    1   -1    6   12   -0.005910
    1   -1    7   12   -0.082527
    1   -1    8   12   -0.000705
    1   -1    9   12    0.004787
    1   -1   10   12   -0.038040
    1   -1   11   12    0.001627
    1   -1   12   12   -0.010738
    1   -1   13   12    0.026265
    1   -1   14   12   -0.000535
    1   -1   15   12    0.005432
    1   -1   16   12    0.008560
    1   -1   17   12   -0.000155
    1   -1   18   12    0.010342
    1   -1    1   13    0.003745
    1   -1    2   13    0.007358
    1   -1    3   13    0.004460
    1   -1    4   13    0.002737
    1   -1    5   13   -0.001873
    1   -1    6   13   -0.012535
    1   -1    7   13    0.020480
    1   -1    8   13    0.000628
    1   -1    9   13   -0.007082
    1   -1   10   13    0.012430
    1   -1   11   13   -0.000850
    1   -1   12   13    0.043405
    1   -1   13   13    0.026295
    1   -1   14   13   -0.001542
    1   -1   15   13   -0.003672
    1   -1   16   13   -0.010357
    1   -1   17   13   -0.001387
    1   -1   18   13   -0.011310
    1   -1    1   14   -0.001748
    1   -1    2   14   -0.000690
    1   -1    3   14    0.000513
    1   -1    4   14    0.000498
    1   -1    5   14    0.000345
    1   -1    6   14    0.003617
    1   -1    7   14    0.007470
    1   -1    8   14   -0.003302
    1   -1    9   14    0.001212
    1   -1   10   14    0.011165
    1   -1   11   14   -0.000810
    1   -1   12   14   -0.004988
    1   -1   13   14   -0.001330
    1   -1   14   14    0.000168
    1   -1   15   14   -0.000782
    1   -1   16   14   -0.000952
    1   -1   17   14    0.000030
    1   -1   18   14    0.000158
    1   -1    1   15    0.000777
    1   -1    2   15   -0.000947
    1   -1    3   15   -0.007817
    1   -1    4   15   -0.002862
    1   -1    5   15    0.002332
    1   -1    6   15    0.005962
    1   -1    7   15    0.028035
    1   -1    8   15   -0.000467
    1   -1    9   15   -0.000488
    1   -1   10   15    0.013587
    1   -1   11   15    0.000690
    1   -1   12   15    0.040632
    1   -1   13   15    0.032475
    1   -1   14   15    0.001272
    1   -1   15   15    0.002468
    1   -1   16   15   -0.013057
    1   -1   17   15    0.002945
    1   -1   18   15   -0.009428
    1   -1    1   16    0.003070
    1   -1    2   16   -0.003215
    1   -1    3   16    0.003645
    1   -1    4   16   -0.000412
    1   -1    5   16    0.000840
    1   -1    6   16    0.026092
    1   -1    7   16    0.040283
    1   -1    8   16   -0.005130
    1   -1    9   16    0.011425
    1   -1   10   16    0.007650
    1   -1   11   16    0.000815
    1   -1   12   16    0.010220
    1   -1   13   16   -0.012940
    1   -1   14   16   -0.000805
    1   -1   15   16    0.006400
    1   -1   16   16    0.004402
    1   -1   17   16   -0.002705
    1   -1   18   16    0.005457
    1   -1    1   17   -0.002130
    1   -1    2   17   -0.003710
    1   -1    3   17    0.004327
    1   -1    4   17    0.001645
    1   -1    5   17    0.000692
    1   -1    6   17    0.008455
    1   -1    7   17   -0.025110
    1   -1    8   17   -0.027253
    1   -1    9   17   -0.004972
    1   -1   10   17    0.109598
    1   -1   11   17   -0.003580
    1   -1   12   17    0.000615
    1   -1   13   17    0.042455
    1   -1   14   17    0.000795
    1   -1   15   17   -0.000443
    1   -1   16   17   -0.002190
    1   -1   17   17   -0.000845
    1   -1   18   17   -0.006833
    1   -1    1   18   -0.007325
    1   -1    2   18   -0.000642
    1   -1    3   18    0.002252
    1   -1    4   18   -0.000417
    1   -1    5   18   -0.000222
    1   -1    6   18    0.010575
    1   -1    7   18   -0.029407
    1   -1    8   18    0.001100
    1   -1    9   18   -0.010342
    1   -1   10   18    0.007655
    1   -1   11   18   -0.000065
    1   -1   12   18   -0.031395
    1   -1   13   18    0.009707
    1   -1   14   18    0.000840
    1   -1   15   18    0.015910
    1   -1   16   18   -0.007162
    1   -1   17   18    0.001237
    1   -1   18   18   -0.012120
   -1    0    1    1    0.115368
   -1    0    2    1   -0.005220
   -1    0    3    1    0.049407
   -1    0    4    1    0.393047
   -1    0    5    1   -0.027150
   -1    0    6    1   -0.028315
   -1    0    7    1    0.006895
   -1    0    8    1    0.008740
   -1    0    9    1    0.034822
   -1    0   10    1   -0.025250
   -1    0   11    1   -0.003680
   -1    0   12    1    0.002080
   -1    0   13    1   -0.022188
   -1    0   14    1   -0.005003
   -1    0   15    1   -0.024172
   -1    0   16    1    0.058732
   -1    0   17    1    0.057892
   -1    0   18    1    0.147528
   -1    0    1    2    0.078202
   -1    0    2    2   -0.005468
   -1    0    3    2    0.396573
   -1    0    4    2    0.150277
   -1    0    5    2    0.067342
   -1    0    6    2    0.012902
   -1    0    7    2   -0.012760
   -1    0    8    2   -0.826517
   -1    0    9    2    0.088248
   -1    0   10    2   -0.103510
   -1    0   11    2   -0.028900
   -1    0   12    2   -0.029305
   -1    0   13    2    0.041417
   -1    0   14    2    0.222430
   -1    0   15    2    0.008535
   -1    0   16    2    0.001020
   -1    0   17    2    1.598062
   -1    0   18    2    0.100300
   -1    0    1    3   -0.102745
   -1    0    2    3    0.004262
   -1    0    3    3   -0.094195
   -1    0    4    3   -0.188720
   -1    0    5    3    0.011413
   -1    0    6    3   -0.013360
   -1    0    7    3   -0.033160
   -1    0    8    3    0.009460
   -1    0    9    3   -0.005332
   -1    0   10    3    0.013035
   -1    0   11    3   -0.005530
   -1    0   12    3   -0.009240
   -1    0   13    3    0.012090
   -1    0   14    3   -0.004073
   -1    0   15    3   -0.011258
   -1    0   16    3    0.031470
   -1    0   17    3    0.249933
   -1    0   18    3    0.012762
   -1    0    1    4    0.230052
   -1    0    2    4    0.002150
   -1    0    3    4    0.113070
   -1    0    4    4    0.000383
   -1    0    5    4   -0.205840
   -1    0    6    4   -0.060132
   -1    0    7    4    0.005747
   -1    0    8    4   -0.002000
   -1    0    9    4   -0.004505
   -1    0   10    4    0.023932
   -1    0   11    4   -0.018675
   -1    0   12    4   -0.227780
   -1    0   13    4    0.020600
   -1    0   14    4    0.064350
   -1    0   15    4   -0.031762
   -1    0   16    4    0.006050
   -1    0   17    4   -0.162405
   -1    0   18    4    0.243338
   -1    0    1    5    0.015467
   -1    0    2    5    0.004417
   -1    0    3    5    0.091137
   -1    0    4    5   -0.059495
   -1    0    5    5    0.002698
   -1    0    6    5   -0.021110
   -1    0    7    5   -0.022450
   -1    0    8    5   -0.060570
   -1    0    9    5   -0.003430
   -1    0   10    5    0.017240
   -1    0   11    5    0.000380
   -1    0   12    5   -0.013710
   -1    0   13    5   -0.008225
   -1    0   14    5    0.007170
   -1    0   15    5    0.000468
   -1    0   16    5   -0.014207
   -1    0   17    5    0.132983
   -1    0   18    5   -0.027447
   -1    0    1    6   -0.251695
   -1    0    2    6   -0.007260
   -1    0    3    6   -0.319437
   -1    0    4    6   -0.352315
   -1    0    5    6   -0.171395
   -1    0    6    6   -0.199462
   -1    0    7    6   -0.579500
   -1    0    8    6    0.184115
   -1    0    9    6   -0.228288
   -1    0   10    6    0.503835
   -1    0   11    6   -0.032272
   -1    0   12    6    0.142335
   -1    0   13    6    0.069367
   -1    0   14    6   -0.264090
   -1    0   15    6    0.008755
   -1    0   16    6   -0.377235
   -1    0   17    6   -1.204350
   -1    0   18    6   -0.420447
   -1    0    1    7   -0.209602
   -1    0    2    7   -0.021032
   -1    0    3    7    0.323000
   -1    0    4    7   -0.376280
   -1    0    5    7    0.021060
   -1    0    6    7    0.165700
   -1    0    7    7    0.400330
   -1    0    8    7   -0.070630
   -1    0    9    7    0.384462
   -1    0   10    7    0.054283
   -1    0   11    7    0.003298
   -1    0   12    7    0.070083
   -1    0   13    7    0.109963
   -1    0   14    7   -0.017137
   -1    0   15    7   -0.070670
   -1    0   16    7    0.436480
   -1    0   17    7   -0.005297
   -1    0   18    7   -0.595635
   -1    0    1    8    0.008432
   -1    0    2    8   -0.000428
   -1    0    3    8    0.018955
   -1    0    4    8    0.019633
   -1    0    5    8   -0.001145
   -1    0    6    8   -0.003012
   -1    0    7    8    0.000838
   -1    0    8    8    0.003330
   -1    0    9    8   -0.003035
   -1    0   10    8   -0.006170
   -1    0   11    8    0.000073
   -1    0   12    8    0.003563
   -1    0   13    8   -0.002487
   -1    0   14    8    0.009842
   -1    0   15    8    0.005575
   -1    0   16    8    0.018355
   -1    0   17    8    0.033212
   -1    0   18    8   -0.024790
   -1    0    1    9   -0.144525
   -1    0    2    9   -0.019793
   -1    0    3    9    0.004183
   -1    0    4    9   -1.046150
   -1    0    5    9   -0.035032
   -1    0    6    9   -0.048810
   -1    0    7    9    0.010502
   -1    0    8    9    0.069402
   -1    0    9    9   -0.012785
   -1    0   10    9   -0.092423
   -1    0   11    9   -0.005992
   -1    0   12    9    0.042822
   -1    0   13    9   -0.097782
   -1    0   14    9    0.013477
   -1    0   15    9   -0.069067
   -1    0   16    9    0.172135
   -1    0   17    9    0.061205
   -1    0   18    9    0.100193
   -1    0    1   10   -0.144995
   -1    0    2   10   -0.060072
   -1    0    3   10    0.521865
   -1    0    4   10    0.001345
   -1    0    5   10   -0.193195
   -1    0    6   10   -0.219385
   -1    0    7   10    0.007798
   -1    0    8   10   -0.190435
   -1    0    9   10    0.102030
   -1    0   10   10   -0.045142
   -1    0   11   10   -0.202408
   -1    0   12   10   -0.055140
   -1    0   13   10    0.064807
   -1    0   14   10   -0.413172
   -1    0   15   10   -0.003460
   -1    0   16   10    0.038297
   -1    0   17   10   -0.948885
   -1    0   18   10    0.853087
   -1    0    1   11   -0.027268
   -1    0    2   11    0.007405
   -1    0    3   11   -0.036782
   -1    0    4   11    0.274592
   -1    0    5   11   -0.037085
   -1    0    6   11    0.004045
   -1    0    7   11   -0.016667
   -1    0    8   11    0.226030
   -1    0    9   11   -0.007630
   -1    0   10   11    0.142037
   -1    0   11   11    0.004617
   -1    0   12   11    0.010103
   -1    0   13   11   -0.000005
   -1    0   14   11    0.077177
   -1    0   15   11    0.004487
   -1    0   16   11   -0.032382
   -1    0   17   11   -0.276457
   -1    0   18   11   -0.071217
   -1    0    1   12   -0.979463
   -1    0    2   12    0.059000
   -1    0    3   12   -1.043632
   -1    0    4   12   -1.445450
   -1    0    5   12    0.276070
   -1    0    6   12   -0.077105
   -1    0    7   12    2.266932
   -1    0    8   12    0.093785
   -1    0    9   12    0.008613
   -1    0   10   12    0.116075
   -1    0   11   12    0.125218
   -1    0   12   12    0.768812
   -1    0   13   12   -0.246465
   -1    0   14   12    0.011568
   -1    0   15   12    0.988422
   -1    0   16   12   -0.164835
   -1    0   17   12    0.093007
   -1    0   18   12    0.161668
   -1    0    1   13   -0.966920
   -1    0    2   13    0.072710
   -1    0    3   13   -3.246908
   -1    0    4   13    0.304557
   -1    0    5   13    0.371380
   -1    0    6   13   -0.235170
   -1    0    7   13   -0.506352
   -1    0    8   13    0.148720
   -1    0    9   13   -2.185650
   -1    0   10   13    0.140527
   -1    0   11   13    0.139135
   -1    0   12   13   -0.205975
   -1    0   13   13   -0.279548
   -1    0   14   13    0.470317
   -1    0   15   13    0.123707
   -1    0   16   13   -1.326087
   -1    0   17   13   -3.535665
   -1    0   18   13   -0.122482
   -1    0    1   14    0.038362
   -1    0    2   14    0.001405
   -1    0    3   14    0.104680
   -1    0    4   14    0.121495
   -1    0    5   14    0.003495
   -1    0    6   14    0.001760
   -1    0    7   14   -0.007895
   -1    0    8   14   -0.082587
   -1    0    9   14    0.006862
   -1    0   10   14   -0.017327
   -1    0   11   14    0.000577
   -1    0   12   14   -0.005842
   -1    0   13   14    0.001805
   -1    0   14   14   -0.002535
   -1    0   15   14    0.003400
   -1    0   16   14   -0.023950
   -1    0   17   14    0.020193
   -1    0   18   14    0.003913
   -1    0    1   15    0.954297
   -1    0    2   15    0.032778
   -1    0    3   15    0.079155
   -1    0    4   15   -0.265530
   -1    0    5   15    0.079038
   -1    0    6   15   -0.031285
   -1    0    7   15   -0.030388
   -1    0    8   15   -0.018805
   -1    0    9   15   -1.086022
   -1    0   10   15    0.018155
   -1    0   11   15    0.001525
   -1    0   12   15    0.028015
   -1    0   13   15   -0.040168
   -1    0   14   15    0.044975
   -1    0   15   15    0.090870
   -1    0   16   15    0.094387
   -1    0   17   15    0.008480
   -1    0   18   15    0.082470
   -1    0    1   16   -0.264063
   -1    0    2   16    0.017062
   -1    0    3   16   -0.288217
   -1    0    4   16    0.147482
   -1    0    5   16    0.008965
   -1    0    6   16   -0.126650
   -1    0    7   16   -0.100812
   -1    0    8   16    0.021735
   -1    0    9   16   -0.015548
   -1    0   10   16   -0.018720
   -1    0   11   16   -0.001427
   -1    0   12   16    0.028000
   -1    0   13   16   -0.073585
   -1    0   14   16   -0.027330
   -1    0   15   16   -0.017920
   -1    0   16   16   -0.363842
   -1    0   17   16    0.012207
   -1    0   18   16   -0.731905
   -1    0    1   17    0.006432
   -1    0    2   17   -0.003975
   -1    0    3   17    0.030963
   -1    0    4   17    0.048148
   -1    0    5   17    0.003947
   -1    0    6   17   -0.006500
   -1    0    7   17   -0.004400
   -1    0    8   17   -0.007538
   -1    0    9   17    0.002570
   -1    0   10   17   -0.002312
   -1    0   11   17   -0.000398
   -1    0   12   17   -0.000697
   -1    0   13   17   -0.004448
   -1    0   14   17   -0.002885
   -1    0   15   17    0.010922
   -1    0   16   17    0.022757
   -1    0   17   17   -0.023158
   -1    0   18   17    0.001085
   -1    0    1   18    0.035775
   -1    0    2   18   -0.011215
   -1    0    3   18   -0.792895
   -1    0    4   18   -0.184305
   -1    0    5   18    0.073917
   -1    0    6   18    0.068465
   -1    0    7   18    0.089682
   -1    0    8   18    0.124450
   -1    0    9   18   -0.053302
   -1    0   10   18   -0.084902
   -1    0   11   18   -0.013010
   -1    0   12   18    0.003352
   -1    0   13   18    0.019822
   -1    0   14   18    0.123558
   -1    0   15   18   -0.040927
   -1    0   16   18   -0.007122
   -1    0   17   18    0.176757
   -1    0   18   18    0.207817
    0    0    1    1   -7.352355
    0    0    2    1    0.202205
    0    0    3    1   -0.255510
    0    0    4    1    0.191210
    0    0    5    1    0.350482
    0    0    6    1   -0.070838
    0    0    7    1    0.704665
    0    0    8    1    0.031665
    0    0    9    1    0.321343
    0    0   10    1    0.086812
    0    0   11    1    0.050263
    0    0   12    1    2.609382
    0    0   13    1    0.329192
    0    0   14    1   -0.194032
    0    0   15    1    2.025897
    0    0   16    1   -0.618455
    0    0   17    1    0.037308
    0    0   18    1    2.615850
    0    0    1    2    0.202205
    0    0    2    2    1.588388
    0    0    3    2   -0.140533
    0    0    4    2    0.080125
    0    0    5    2   -0.178057
    0    0    6    2   -3.367623
    0    0    7    2   -0.161422
    0    0    8    2    0.094508
    0    0    9    2    0.003527
    0    0   10    2    1.007910
    0    0   11    2    0.621470
    0    0   12    2   -0.146865
    0    0   13    2   -0.707190
    0    0   14    2   -0.401220
    0    0   15    2    0.018373
    0    0   16    2    0.197432
    0    0   17    2   -0.084005
    0    0   18    2    2.051147
    0    0    1    3   -0.255510
    0    0    2    3   -0.140533
    0    0    3    3    2.188772
    0    0    4    3    0.179267
    0    0    5    3   -1.900910
    0    0    6    3    0.607102
    0    0    7    3    0.986135
    0    0    8    3    1.371220
    0    0    9    3   -0.274425
    0    0   10    3    1.237043
    0    0   11    3   -0.638502
    0    0   12    3   -0.175415
    0    0   13    3   -1.291812
    0    0   14    3   -1.393955
    0    0   15    3   -0.389440
    0    0   16    3    0.665815
    0    0   17    3    3.429807
    0    0   18    3   -1.388017
    0    0    1    4    0.191210
    0    0    2    4    0.080125
    0    0    3    4    0.179267
    0    0    4    4   -0.506102
    0    0    5    4    0.014887
    0    0    6    4    0.169450
    0    0    7    4    0.043635
    0    0    8    4    0.006187
    0    0    9    4    0.306260
    0    0   10    4    0.173823
    0    0   11    4   -0.027050
    0    0   12    4   -1.548325
    0    0   13    4   -0.011768
    0    0   14    4   -0.011542
    0    0   15    4    1.153645
    0    0   16    4   -0.512865
    0    0   17    4   -0.086868
    0    0   18    4   -0.131218
    0    0    1    5    0.350482
    0    0    2    5   -0.178057
    0    0    3    5   -1.900910
    0    0    4    5    0.014887
    0    0    5    5    1.078507
    0    0    6    5   -0.031538
    0    0    7    5   -0.025065
    0    0    8    5    0.922772
    0    0    9    5    0.102587
    0    0   10    5    0.011220
    0    0   11    5   -0.416010
    0    0   12    5   -0.355232
    0    0   13    5    0.141157
    0    0   14    5    0.640432
    0    0   15    5    0.042785
    0    0   16    5   -0.215597
    0    0   17    5   -0.710505
    0    0   18    5    0.999272
    0    0    1    6   -0.070838
    0    0    2    6   -3.367623
    0    0    3    6    0.607102
    0    0    4    6    0.169450
    0    0    5    6   -0.031538
    0    0    6    6   13.512960
    0    0    7    6    1.068755
    0    0    8    6   -0.063028
    0    0    9    6    1.733707
    0    0   10    6   -2.042225
    0    0   11    6    0.434627
    0    0   12    6   -0.079845
    0    0   13    6    3.799297
    0    0   14    6   -0.229565
    0    0   15    6   -0.532895
    0    0   16    6    1.402487
    0    0   17    6   -0.135747
    0    0   18    6   -0.564562
    0    0    1    7    0.704665
    0    0    2    7   -0.161422
    0    0    3    7    0.986135
    0    0    4    7    0.043635
    0    0    5    7   -0.025065
    0    0    6    7    1.068755
    0    0    7    7    0.861190
    0    0    8    7   -0.058765
    0    0    9    7   -0.352170
    0    0   10    7   -0.330022
    0    0   11    7    0.039040
    0    0   12    7   -0.840690
    0    0   13    7   -1.111590
    0    0   14    7    0.009205
    0    0   15    7   -1.071098
    0    0   16    7   -3.726203
    0    0   17    7   -0.288950
    0    0   18    7   -0.145232
    0    0    1    8    0.031665
    0    0    2    8    0.094508
    0    0    3    8    1.371220
    0    0    4    8    0.006187
    0    0    5    8    0.922772
    0    0    6    8   -0.063028
    0    0    7    8   -0.058765
    0    0    8    8    0.958100
    0    0    9    8   -0.131022
    0    0   10    8   -0.304755
    0    0   11    8   -0.703542
    0    0   12    8    0.002150
    0    0   13    8   -0.117282
    0    0   14    8   -1.145087
    0    0   15    8    0.045890
    0    0   16    8    0.040188
    0    0   17    8    1.403457
    0    0   18    8    0.284925
    0    0    1    9    0.321343
    0    0    2    9    0.003527
    0    0    3    9   -0.274425
    0    0    4    9    0.306260
    0    0    5    9    0.102587
    0    0    6    9    1.733707
    0    0    7    9   -0.352170
    0    0    8    9   -0.131022
    0    0    9    9   -3.027635
    0    0   10    9    0.015230
    0    0   11    9    0.266080
    0    0   12    9    0.293440
    0    0   13    9    1.416608
    0    0   14    9    0.288225
    0    0   15    9    1.935245
    0    0   16    9    1.151250
    0    0   17    9   -0.081332
    0    0   18    9   -1.450605
    0    0    1   10    0.086812
    0    0    2   10    1.007910
    0    0    3   10    1.237043
    0    0    4   10    0.173823
    0    0    5   10    0.011220
    0    0    6   10   -2.042225
    0    0    7   10   -0.330022
    0    0    8   10   -0.304755
    0    0    9   10    0.015230
    0    0   10   10    0.471065
    0    0   11   10   -0.636582
    0    0   12   10    0.080353
    0    0   13   10   -0.233465
    0    0   14   10    0.434330
    0    0   15   10    0.196325
    0    0   16   10    0.034090
    0    0   17   10   -0.225815
    0    0   18   10   -0.259325
    0    0    1   11    0.050263
    0    0    2   11    0.621470
    0    0    3   11   -0.638502
    0    0    4   11   -0.027050
    0    0    5   11   -0.416010
    0    0    6   11    0.434627
    0    0    7   11    0.039040
    0    0    8   11   -0.703542
    0    0    9   11    0.266080
    0    0   10   11   -0.636582
    0    0   11   11    0.658025
    0    0   12   11    0.128035
    0    0   13   11    0.146100
    0    0   14   11    0.516742
    0    0   15   11   -0.027405
    0    0   16   11    0.071652
    0    0   17   11   -0.088328
    0    0   18   11    1.019237
    0    0    1   12    2.609382
    0    0    2   12   -0.146865
    0    0    3   12   -0.175415
    0    0    4   12   -1.548325
    0    0    5   12   -0.355232
    0    0    6   12   -0.079845
    0    0    7   12   -0.840690
    0    0    8   12    0.002150
    0    0    9   12    0.293440
    0    0   10   12    0.080353
    0    0   11   12    0.128035
    0    0   12   12   -0.414335
    0    0   13   12    2.545420
    0    0   14   12    0.089160
    0    0   15   12   -0.253782
    0    0   16   12   -1.344798
    0    0   17   12    0.027415
    0    0   18   12    0.129318
    0    0    1   13    0.329192
    0    0    2   13   -0.707190
    0    0    3   13   -1.291812
    0    0    4   13   -0.011768
    0    0    5   13    0.141157
    0    0    6   13    3.799297
    0    0    7   13   -1.111590
    0    0    8   13   -0.117282
    0    0    9   13    1.416608
    0    0   10   13   -0.233465
    0    0   11   13    0.146100
    0    0   12   13    2.545420
    0    0   13   13   13.258173
    0    0   14   13    0.147415
    0    0   15   13    0.171948
    0    0   16   13    0.468965
    0    0   17   13    0.046160
    0    0   18   13   -0.412038
    0    0    1   14   -0.194032
    0    0    2   14   -0.401220
    0    0    3   14   -1.393955
    0    0    4   14   -0.011542
    0    0    5   14    0.640432
    0    0    6   14   -0.229565
    0    0    7   14    0.009205
    0    0    8   14   -1.145087
    0    0    9   14    0.288225
    0    0   10   14    0.434330
    0    0   11   14    0.516742
    0    0   12   14    0.089160
    0    0   13   14    0.147415
    0    0   14   14    1.412447
    0    0   15   14   -0.036892
    0    0   16   14   -0.212692
    0    0   17   14    1.312257
    0    0   18   14    0.934360
    0    0    1   15    2.025897
    0    0    2   15    0.018373
    0    0    3   15   -0.389440
    0    0    4   15    1.153645
    0    0    5   15    0.042785
    0    0    6   15   -0.532895
    0    0    7   15   -1.071098
    0    0    8   15    0.045890
    0    0    9   15    1.935245
    0    0   10   15    0.196325
    0    0   11   15   -0.027405
    0    0   12   15   -0.253782
    0    0   13   15    0.171948
    0    0   14   15   -0.036892
    0    0   15   15    3.676242
    0    0   16   15   -0.206295
    0    0   17   15    0.109325
    0    0   18   15    0.158785
    0    0    1   16   -0.618455
    0    0    2   16    0.197432
    0    0    3   16    0.665815
    0    0    4   16   -0.512865
    0    0    5   16   -0.215597
    0    0    6   16    1.402487
    0    0    7   16   -3.726203
    0    0    8   16    0.040188
    0    0    9   16    1.151250
    0    0   10   16    0.034090
    0    0   11   16    0.071652
    0    0   12   16   -1.344798
    0    0   13   16    0.468965
    0    0   14   16   -0.212692
    0    0   15   16   -0.206295
    0    0   16   16    3.878453
    0    0   17   16    0.038653
    0    0   18   16   -0.928967
    0    0    1   17    0.037308
    0    0    2   17   -0.084005
    0    0    3   17    3.429807
    0    0    4   17   -0.086868
    0    0    5   17   -0.710505
    0    0    6   17   -0.135747
    0    0    7   17   -0.288950
    0    0    8   17    1.403457
    0    0    9   17   -0.081332
    0    0   10   17   -0.225815
    0    0   11   17   -0.088328
    0    0   12   17    0.027415
    0    0   13   17    0.046160
    0    0   14   17    1.312257
    0    0   15   17    0.109325
    0    0   16   17    0.038653
    0    0   17   17   -0.505210
    0    0   18   17    0.326015
    0    0    1   18    2.615850
    0    0    2   18    2.051147
    0    0    3   18   -1.388017
    0    0    4   18   -0.131218
    0    0    5   18    0.999272
    0    0    6   18   -0.564562
    0    0    7   18   -0.145232
    0    0    8   18    0.284925
    0    0    9   18   -1.450605
    0    0   10   18   -0.259325
    0    0   11   18    1.019237
    0    0   12   18    0.129318
    0    0   13   18   -0.412038
    0    0   14   18    0.934360
    0    0   15   18    0.158785
    0    0   16   18   -0.928967
    0    0   17   18    0.326015
    0    0   18   18  -10.736895
    1    0    1    1    0.115368
    1    0    2    1    0.078202
    1    0    3    1   -0.102745
    1    0    4    1    0.230052
    1    0    5    1    0.015467
    1    0    6    1   -0.251695
    1    0    7    1   -0.209602
    1    0    8    1    0.008432
    1    0    9    1   -0.144525
    1    0   10    1   -0.144995
    1    0   11    1   -0.027268
    1    0   12    1   -0.979463
    1    0   13    1   -0.966920
    1    0   14    1    0.038362
    1    0   15    1    0.954297
    1    0   16    1   -0.264063
    1    0   17    1    0.006432
    1    0   18    1    0.035775
    1    0    1    2   -0.005220
    1    0    2    2   -0.005468
    1    0    3    2    0.004262
    1    0    4    2    0.002150
    1    0    5    2    0.004417
    1    0    6    2   -0.007260
    1    0    7    2   -0.021032
    1    0    8    2   -0.000428
    1    0    9    2   -0.019793
    1    0   10    2   -0.060072
    1    0   11    2    0.007405
    1    0   12    2    0.059000
    1    0   13    2    0.072710
    1    0   14    2    0.001405
    1    0   15    2    0.032778
    1    0   16    2    0.017062
    1    0   17    2   -0.003975
    1    0   18    2   -0.011215
    1    0    1    3    0.049407
    1    0    2    3    0.396573
    1    0    3    3   -0.094195
    1    0    4    3    0.113070
    1    0    5    3    0.091137
    1    0    6    3   -0.319437
    1    0    7    3    0.323000
    1    0    8    3    0.018955
    1    0    9    3    0.004183
    1    0   10    3    0.521865
    1    0   11    3   -0.036782
    1    0   12    3   -1.043632
    1    0   13    3   -3.246908
    1    0   14    3    0.104680
    1    0   15    3    0.079155
    1    0   16    3   -0.288217
    1    0   17    3    0.030963
    1    0   18    3   -0.792895
    1    0    1    4    0.393047
    1    0    2    4    0.150277
    1    0    3    4   -0.188720
    1    0    4    4    0.000383
    1    0    5    4   -0.059495
    1    0    6    4   -0.352315
    1    0    7    4   -0.376280
    1    0    8    4    0.019633
    1    0    9    4   -1.046150
    1    0   10    4    0.001345
    1    0   11    4    0.274592
    1    0   12    4   -1.445450
    1    0   13    4    0.304557
    1    0   14    4    0.121495
    1    0   15    4   -0.265530
    1    0   16    4    0.147482
    1    0   17    4    0.048148
    1    0   18    4   -0.184305
    1    0    1    5   -0.027150
    1    0    2    5    0.067342
    1    0    3    5    0.011413
    1    0    4    5   -0.205840
    1    0    5    5    0.002698
    1    0    6    5   -0.171395
    1    0    7    5    0.021060
    1    0    8    5   -0.001145
    1    0    9    5   -0.035032
    1    0   10    5   -0.193195
    1    0   11    5   -0.037085
    1    0   12    5    0.276070
    1    0   13    5    0.371380
    1    0   14    5    0.003495
    1    0   15    5    0.079038
    1    0   16    5    0.008965
    1    0   17    5    0.003947
    1    0   18    5    0.073917
    1    0    1    6   -0.028315
    1    0    2    6    0.012902
    1    0    3    6   -0.013360
    1    0    4    6   -0.060132
    1    0    5    6   -0.021110
    1    0    6    6   -0.199462
    1    0    7    6    0.165700
    1    0    8    6   -0.003012
    1    0    9    6   -0.048810
    1    0   10    6   -0.219385
    1    0   11    6    0.004045
    1    0   12    6   -0.077105
    1    0   13    6   -0.235170
    1    0   14    6    0.001760
    1    0   15    6   -0.031285
    1    0   16    6   -0.126650
    1    0   17    6   -0.006500
    1    0   18    6    0.068465
    1    0    1    7    0.006895
    1    0    2    7   -0.012760
    1    0    3    7   -0.033160
    1    0    4    7    0.005747
    1    0    5    7   -0.022450
    1    0    6    7   -0.579500
    1    0    7    7    0.400330
    1    0    8    7    0.000838
    1    0    9    7    0.010502
    1    0   10    7    0.007798
    1    0   11    7   -0.016667
    1    0   12    7    2.266932
    1    0   13    7   -0.506352
    1    0   14    7   -0.007895
    1    0   15    7   -0.030388
    1    0   16    7   -0.100812
    1    0   17    7   -0.004400
    1    0   18    7    0.089682
    1    0    1    8    0.008740
    1    0    2    8   -0.826517
    1    0    3    8    0.009460
    1    0    4    8   -0.002000
    1    0    5    8   -0.060570
    1    0    6    8    0.184115
    1    0    7    8   -0.070630
    1    0    8    8    0.003330
    1    0    9    8    0.069402
    1    0   10    8   -0.190435
    1    0   11    8    0.226030
    1    0   12    8    0.093785
    1    0   13    8    0.148720
    1    0   14    8   -0.082587
    1    0   15    8   -0.018805
    1    0   16    8    0.021735
    1    0   17    8   -0.007538
    1    0   18    8    0.124450
    1    0    1    9    0.034822
    1    0    2    9    0.088248
    1    0    3    9   -0.005332
    1    0    4    9   -0.004505
    1    0    5    9   -0.003430
    1    0    6    9   -0.228288
    1    0    7    9    0.384462
    1    0    8    9   -0.003035
    1    0    9    9   -0.012785
    1    0   10    9    0.102030
    1    0   11    9   -0.007630
    1    0   12    9    0.008613
    1    0   13    9   -2.185650
    1    0   14    9    0.006862
    1    0   15    9   -1.086022
    1    0   16    9   -0.015548
    1    0   17    9    0.002570
    1    0   18    9   -0.053302
    1    0    1   10   -0.025250
    1    0    2   10   -0.103510
    1    0    3   10    0.013035
    1    0    4   10    0.023932
    1    0    5   10    0.017240
    1    0    6   10    0.503835
    1    0    7   10    0.054283
    1    0    8   10   -0.006170
    1    0    9   10   -0.092423
    1    0   10   10   -0.045142
    1    0   11   10    0.142037
    1    0   12   10    0.116075
    1    0   13   10    0.140527
    1    0   14   10   -0.017327
    1    0   15   10    0.018155
    1    0   16   10   -0.018720
    1    0   17   10   -0.002312
    1    0   18   10   -0.084902
    1    0    1   11   -0.003680
    1    0    2   11   -0.028900
    1    0    3   11   -0.005530
    1    0    4   11   -0.018675
    1    0    5   11    0.000380
    1    0    6   11   -0.032272
    1    0    7   11    0.003298
    1    0    8   11    0.000073
    1    0    9   11   -0.005992
    1    0   10   11   -0.202408
    1    0   11   11    0.004617
    1    0   12   11    0.125218
    1    0   13   11    0.139135
    1    0   14   11    0.000577
    1    0   15   11    0.001525
    1    0   16   11   -0.001427
    1    0   17   11   -0.000398
    1    0   18   11   -0.013010
    1    0    1   12    0.002080
    1    0    2   12   -0.029305
    1    0    3   12   -0.009240
    1    0    4   12   -0.227780
    1    0    5   12   -0.013710
    1    0    6   12    0.142335
    1    0    7   12    0.070083
    1    0    8   12    0.003563
    1    0    9   12    0.042822
    1    0   10   12   -0.055140
    1    0   11   12    0.010103
    1    0   12   12    0.768812
    1    0   13   12   -0.205975
    1    0   14   12   -0.005842
    1    0   15   12    0.028015
    1    0   16   12    0.028000
    1    0   17   12   -0.000697
    1    0   18   12    0.003352
    1    0    1   13   -0.022188
    1    0    2   13    0.041417
    1    0    3   13    0.012090
    1    0    4   13    0.020600
    1    0    5   13   -0.008225
    1    0    6   13    0.069367
    1    0    7   13    0.109963
    1    0    8   13   -0.002487
    1    0    9   13   -0.097782
    1    0   10   13    0.064807
    1    0   11   13   -0.000005
    1    0   12   13   -0.246465
    1    0   13   13   -0.279548
    1    0   14   13    0.001805
    1    0   15   13   -0.040168
    1    0   16   13   -0.073585
    1    0   17   13   -0.004448
    1    0   18   13    0.019822
    1    0    1   14   -0.005003
    1    0    2   14    0.222430
    1    0    3   14   -0.004073
    1    0    4   14    0.064350
    1    0    5   14    0.007170
    1    0    6   14   -0.264090
    1    0    7   14   -0.017137
    1    0    8   14    0.009842
    1    0    9   14    0.013477
    1    0   10   14   -0.413172
    1    0   11   14    0.077177
    1    0   12   14    0.011568
    1    0   13   14    0.470317
    1    0   14   14   -0.002535
    1    0   15   14    0.044975
    1    0   16   14   -0.027330
    1    0   17   14   -0.002885
    1    0   18   14    0.123558
    1    0    1   15   -0.024172
    1    0    2   15    0.008535
    1    0    3   15   -0.011258
    1    0    4   15   -0.031762
    1    0    5   15    0.000468
    1    0    6   15    0.008755
    1    0    7   15   -0.070670
    1    0    8   15    0.005575
    1    0    9   15   -0.069067
    1    0   10   15   -0.003460
    1    0   11   15    0.004487
    1    0   12   15    0.988422
    1    0   13   15    0.123707
    1    0   14   15    0.003400
    1    0   15   15    0.090870
    1    0   16   15   -0.017920
    1    0   17   15    0.010922
    1    0   18   15   -0.040927
    1    0    1   16    0.058732
    1    0    2   16    0.001020
    1    0    3   16    0.031470
    1    0    4   16    0.006050
    1    0    5   16   -0.014207
    1    0    6   16   -0.377235
    1    0    7   16    0.436480
    1    0    8   16    0.018355
    1    0    9   16    0.172135
    1    0   10   16    0.038297
    1    0   11   16   -0.032382
    1    0   12   16   -0.164835
    1    0   13   16   -1.326087
    1    0   14   16   -0.023950
    1    0   15   16    0.094387
    1    0   16   16   -0.363842
    1    0   17   16    0.022757
    1    0   18   16   -0.007122
    1    0    1   17    0.057892
    1    0    2   17    1.598062
    1    0    3   17    0.249933
    1    0    4   17   -0.162405
    1    0    5   17    0.132983
    1    0    6   17   -1.204350
    1    0    7   17   -0.005297
    1    0    8   17    0.033212
    1    0    9   17    0.061205
    1    0   10   17   -0.948885
    1    0   11   17   -0.276457
    1    0   12   17    0.093007
    1    0   13   17   -3.535665
    1    0   14   17    0.020193
    1    0   15   17    0.008480
    1    0   16   17    0.012207
    1    0   17   17   -0.023158
    1    0   18   17    0.176757
    1    0    1   18    0.147528
    1    0    2   18    0.100300
    1    0    3   18    0.012762
    1    0    4   18    0.243338
    1    0    5   18   -0.027447
    1    0    6   18   -0.420447
    1    0    7   18   -0.595635
    1    0    8   18   -0.024790
    1    0    9   18    0.100193
    1    0   10   18    0.853087
    1    0   11   18   -0.071217
    1    0   12   18    0.161668
    1    0   13   18   -0.122482
    1    0   14   18    0.003913
    1    0   15   18    0.082470
    1    0   16   18   -0.731905
    1    0   17   18    0.001085
    1    0   18   18    0.207817
   -1    1    1    1   -0.005062
   -1    1    2    1   -0.001610
   -1    1    3    1    0.008590
   -1    1    4    1    0.000153
   -1    1    5    1   -0.000730
   -1    1    6    1    0.010970
   -1    1    7    1   -0.002432
   -1    1    8    1    0.000385
   -1    1    9    1    0.000083
   -1    1   10    1   -0.000925
   -1    1   11    1    0.000593
   -1    1   12    1   -0.002907
   -1    1   13    1    0.003745
   -1    1   14    1   -0.001748
   -1    1   15    1    0.000777
   -1    1   16    1    0.003070
   -1    1   17    1   -0.002130
   -1    1   18    1   -0.007325
   -1    1    1    2   -0.003782
   -1    1    2    2    0.000618
   -1    1    3    2    0.005072
   -1    1    4    2   -0.000153
   -1    1    5    2    0.002448
   -1    1    6    2   -0.003640
   -1    1    7    2    0.000907
   -1    1    8    2    0.001632
   -1    1    9    2    0.000797
   -1    1   10    2   -0.003180
   -1    1   11    2    0.000345
   -1    1   12    2   -0.004500
   -1    1   13    2    0.007358
   -1    1   14    2   -0.000690
   -1    1   15    2   -0.000947
   -1    1   16    2   -0.003215
   -1    1   17    2   -0.003710
   -1    1   18    2   -0.000642
   -1    1    1    3   -0.005190
   -1    1    2    3   -0.001180
   -1    1    3    3   -0.011907
   -1    1    4    3   -0.002090
   -1    1    5    3   -0.000203
   -1    1    6    3   -0.002007
   -1    1    7    3    0.001582
   -1    1    8    3   -0.000915
   -1    1    9    3    0.008412
   -1    1   10    3   -0.006125
   -1    1   11    3    0.000012
   -1    1   12    3    0.000400
   -1    1   13    3    0.004460
   -1    1   14    3    0.000513
   -1    1   15    3   -0.007817
   -1    1   16    3    0.003645
   -1    1   17    3    0.004327
   -1    1   18    3    0.002252
   -1    1    1    4   -0.006800
   -1    1    2    4    0.000757
   -1    1    3    4   -0.005250
   -1    1    4    4   -0.001137
   -1    1    5    4    0.000480
   -1    1    6    4    0.005305
   -1    1    7    4    0.001440
   -1    1    8    4    0.000370
   -1    1    9    4   -0.000043
   -1    1   10    4    0.001025
   -1    1   11    4    0.000517
   -1    1   12    4   -0.002010
   -1    1   13    4    0.002737
   -1    1   14    4    0.000498
   -1    1   15    4   -0.002862
   -1    1   16    4   -0.000412
   -1    1   17    4    0.001645
   -1    1   18    4   -0.000417
   -1    1    1    5    0.001545
   -1    1    2    5    0.000757
   -1    1    3    5    0.001065
   -1    1    4    5    0.001545
   -1    1    5    5    0.000307
   -1    1    6    5   -0.002752
   -1    1    7    5   -0.000997
   -1    1    8    5   -0.000168
   -1    1    9    5   -0.000680
   -1    1   10    5    0.000410
   -1    1   11    5   -0.000192
   -1    1   12    5   -0.001217
   -1    1   13    5   -0.001873
   -1    1   14    5    0.000345
   -1    1   15    5    0.002332
   -1    1   16    5    0.000840
   -1    1   17    5    0.000692
   -1    1   18    5   -0.000222
   -1    1    1    6    0.010112
   -1    1    2    6   -0.004400
   -1    1    3    6   -0.015940
   -1    1    4    6    0.012200
   -1    1    5    6   -0.003613
   -1    1    6    6   -0.003395
   -1    1    7    6   -0.034120
   -1    1    8    6   -0.003300
   -1    1    9    6    0.015545
   -1    1   10    6    0.011090
   -1    1   11    6   -0.002300
   -1    1   12    6   -0.005910
   -1    1   13    6   -0.012535
   -1    1   14    6    0.003617
   -1    1   15    6    0.005962
   -1    1   16    6    0.026092
   -1    1   17    6    0.008455
   -1    1   18    6    0.010575
   -1    1    1    7   -0.011355
   -1    1    2    7    0.006297
   -1    1    3    7   -0.009600
   -1    1    4    7    0.031252
   -1    1    5    7    0.001330
   -1    1    6    7   -0.007917
   -1    1    7    7   -0.004707
   -1    1    8    7    0.000917
   -1    1    9    7   -0.041000
   -1    1   10    7    0.005995
   -1    1   11    7    0.000395
   -1    1   12    7   -0.082527
   -1    1   13    7    0.020480
   -1    1   14    7    0.007470
   -1    1   15    7    0.028035
   -1    1   16    7    0.040283
   -1    1   17    7   -0.025110
   -1    1   18    7   -0.029407
   -1    1    1    8    0.002778
   -1    1    2    8   -0.000748
   -1    1    3    8    0.004720
   -1    1    4    8   -0.001092
   -1    1    5    8   -0.001120
   -1    1    6    8    0.002168
   -1    1    7    8   -0.000192
   -1    1    8    8   -0.000157
   -1    1    9    8   -0.000570
   -1    1   10    8    0.000087
   -1    1   11    8    0.000560
   -1    1   12    8   -0.000705
   -1    1   13    8    0.000628
   -1    1   14    8   -0.003302
   -1    1   15    8   -0.000467
   -1    1   16    8   -0.005130
   -1    1   17    8   -0.027253
   -1    1   18    8    0.001100
   -1    1    1    9   -0.005220
   -1    1    2    9    0.001038
   -1    1    3    9   -0.000562
   -1    1    4    9    0.012685
   -1    1    5    9    0.001997
   -1    1    6    9   -0.006535
   -1    1    7    9    0.003328
   -1    1    8    9    0.000277
   -1    1    9    9    0.006575
   -1    1   10    9    0.000380
   -1    1   11    9    0.000382
   -1    1   12    9    0.004787
   -1    1   13    9   -0.007082
   -1    1   14    9    0.001212
   -1    1   15    9   -0.000488
   -1    1   16    9    0.011425
   -1    1   17    9   -0.004972
   -1    1   18    9   -0.010342
   -1    1    1   10    0.000660
   -1    1    2   10    0.009277
   -1    1    3   10    0.051723
   -1    1    4   10    0.046855
   -1    1    5   10    0.021388
   -1    1    6   10   -0.013435
   -1    1    7   10   -0.004225
   -1    1    8   10    0.000292
   -1    1    9   10    0.000910
   -1    1   10   10   -0.002990
   -1    1   11   10   -0.000692
   -1    1   12   10   -0.038040
   -1    1   13   10    0.012430
   -1    1   14   10    0.011165
   -1    1   15   10    0.013587
   -1    1   16   10    0.007650
   -1    1   17   10    0.109598
   -1    1   18   10    0.007655
   -1    1    1   11    0.000852
   -1    1    2   11   -0.000755
   -1    1    3   11   -0.011182
   -1    1    4   11    0.000152
   -1    1    5   11   -0.001187
   -1    1    6   11   -0.000275
   -1    1    7   11   -0.001252
   -1    1    8   11    0.000015
   -1    1    9   11    0.001242
   -1    1   10   11    0.000697
   -1    1   11   11    0.000168
   -1    1   12   11    0.001627
   -1    1   13   11   -0.000850
   -1    1   14   11   -0.000810
   -1    1   15   11    0.000690
   -1    1   16   11    0.000815
   -1    1   17   11   -0.003580
   -1    1   18   11   -0.000065
   -1    1    1   12    0.033657
   -1    1    2   12    0.000530
   -1    1    3   12    0.068535
   -1    1    4   12    0.053260
   -1    1    5   12   -0.008892
   -1    1    6   12    0.031468
   -1    1    7   12    0.019742
   -1    1    8   12   -0.004237
   -1    1    9   12   -0.047800
   -1    1   10   12   -0.011460
   -1    1   11   12    0.001447
   -1    1   12   12   -0.010738
   -1    1   13   12    0.043405
   -1    1   14   12   -0.004988
   -1    1   15   12    0.040632
   -1    1   16   12    0.010220
   -1    1   17   12    0.000615
   -1    1   18   12   -0.031395
   -1    1    1   13   -0.017155
   -1    1    2   13   -0.007472
   -1    1    3   13   -0.011215
   -1    1    4   13   -0.017230
   -1    1    5   13    0.004737
   -1    1    6   13   -0.003380
   -1    1    7   13   -0.052365
   -1    1    8   13   -0.004803
   -1    1    9   13    0.042673
   -1    1   10   13   -0.009853
   -1    1   11   13    0.000860
   -1    1   12   13    0.026265
   -1    1   13   13    0.026295
   -1    1   14   13   -0.001330
   -1    1   15   13    0.032475
   -1    1   16   13   -0.012940
   -1    1   17   13    0.042455
   -1    1   18   13    0.009707
   -1    1    1   14   -0.000100
   -1    1    2   14    0.000390
   -1    1    3   14    0.002065
   -1    1    4   14   -0.001827
   -1    1    5   14    0.000365
   -1    1    6   14   -0.000077
   -1    1    7   14    0.000335
   -1    1    8   14    0.000073
   -1    1    9   14   -0.000712
   -1    1   10   14    0.000050
   -1    1   11   14   -0.000080
   -1    1   12   14   -0.000535
   -1    1   13   14   -0.001542
   -1    1   14   14    0.000168
   -1    1   15   14    0.001272
   -1    1   16   14   -0.000805
   -1    1   17   14    0.000795
   -1    1   18   14    0.000840
   -1    1    1   15   -0.004520
   -1    1    2   15   -0.001430
   -1    1    3   15    0.011832
   -1    1    4   15   -0.005343
   -1    1    5   15   -0.000107
   -1    1    6   15   -0.001640
   -1    1    7   15    0.000085
   -1    1    8   15   -0.000658
   -1    1    9   15    0.000870
   -1    1   10   15   -0.005237
   -1    1   11   15   -0.002605
   -1    1   12   15    0.005432
   -1    1   13   15   -0.003672
   -1    1   14   15   -0.000782
   -1    1   15   15    0.002468
   -1    1   16   15    0.006400
   -1    1   17   15   -0.000443
   -1    1   18   15    0.015910
   -1    1    1   16    0.038113
   -1    1    2   16   -0.001330
   -1    1    3   16    0.010355
   -1    1    4   16    0.002422
   -1    1    5   16   -0.003335
   -1    1    6   16    0.010520
   -1    1    7   16    0.017900
   -1    1    8   16   -0.000595
   -1    1    9   16   -0.005025
   -1    1   10   16   -0.003360
   -1    1   11   16    0.000647
   -1    1   12   16    0.008560
   -1    1   13   16   -0.010357
   -1    1   14   16   -0.000952
   -1    1   15   16   -0.013057
   -1    1   16   16    0.004402
   -1    1   17   16   -0.002190
   -1    1   18   16   -0.007162
   -1    1    1   17   -0.000712
   -1    1    2   17    0.000023
   -1    1    3   17    0.002595
   -1    1    4   17   -0.000107
   -1    1    5   17    0.000768
   -1    1    6   17    0.000145
   -1    1    7   17   -0.002470
   -1    1    8   17    0.000055
   -1    1    9   17   -0.001550
   -1    1   10   17    0.001550
   -1    1   11   17    0.000085
   -1    1   12   17   -0.000155
   -1    1   13   17   -0.001387
   -1    1   14   17    0.000030
   -1    1   15   17    0.002945
   -1    1   16   17   -0.002705
   -1    1   17   17   -0.000845
   -1    1   18   17    0.001237
   -1    1    1   18    0.011012
   -1    1    2   18    0.003822
   -1    1    3   18    0.000525
   -1    1    4   18    0.001393
   -1    1    5   18    0.001315
   -1    1    6   18   -0.003165
   -1    1    7   18    0.015187
   -1    1    8   18    0.001240
   -1    1    9   18   -0.000162
   -1    1   10   18    0.014295
   -1    1   11   18   -0.000310
   -1    1   12   18    0.010342
   -1    1   13   18   -0.011310
   -1    1   14   18    0.000158
   -1    1   15   18   -0.009428
   -1    1   16   18    0.005457
   -1    1   17   18   -0.006833
   -1    1   18   18   -0.012120
    0    1    1    1    0.054907
    0    1    2    1    0.000133
    0    1    3    1   -0.003955
    0    1    4    1    0.021285
    0    1    5    1   -0.009507
    0    1    6    1   -0.003058
    0    1    7    1   -0.004743
    0    1    8    1    0.000855
    0    1    9    1    0.001275
    0    1   10    1    0.003195
    0    1   11    1   -0.001767
    0    1   12    1   -0.028612
    0    1   13    1   -0.002832
    0    1   14    1    0.001405
    0    1   15    1    0.016102
    0    1   16    1    0.013957
    0    1   17    1    0.012543
    0    1   18    1    0.007698
    0    1    1    2    0.012802
    0    1    2    2    0.012340
    0    1    3    2    0.023632
    0    1    4    2    0.009145
    0    1    5    2   -0.022077
    0    1    6    2   -0.036167
    0    1    7    2   -0.000150
    0    1    8    2   -0.064892
    0    1    9    2    0.000692
    0    1   10    2   -0.007810
    0    1   11    2   -0.001610
    0    1   12    2   -0.008835
    0    1   13    2    0.027570
    0    1   14    2    0.000345
    0    1   15    2    0.015670
    0    1   16    2   -0.001220
    0    1   17    2   -0.006525
    0    1   18    2   -0.044307
    0    1    1    3   -0.050307
    0    1    2    3    0.000945
    0    1    3    3   -0.083880
    0    1    4    3   -0.024540
    0    1    5    3    0.018648
    0    1    6    3    0.005505
    0    1    7    3   -0.007870
    0    1    8    3   -0.007282
    0    1    9    3   -0.027482
    0    1   10    3   -0.030152
    0    1   11    3    0.007157
    0    1   12    3    0.008045
    0    1   13    3    0.000168
    0    1   14    3    0.002020
    0    1   15    3   -0.002898
    0    1   16    3   -0.003080
    0    1   17    3    0.061580
    0    1   18    3    0.030800
    0    1    1    4   -0.001518
    0    1    2    4    0.004065
    0    1    3    4    0.000805
    0    1    4    4    0.027530
    0    1    5    4   -0.004907
    0    1    6    4   -0.005160
    0    1    7    4    0.021637
    0    1    8    4    0.000040
    0    1    9    4   -0.012398
    0    1   10    4   -0.011202
    0    1   11    4    0.000150
    0    1   12    4   -0.003880
    0    1   13    4    0.000170
    0    1   14    4   -0.001172
    0    1   15    4   -0.020335
    0    1   16    4    0.026295
    0    1   17    4    0.007335
    0    1   18    4   -0.003418
    0    1    1    5   -0.011578
    0    1    2    5    0.004227
    0    1    3    5    0.020545
    0    1    4    5   -0.004253
    0    1    5    5   -0.002190
    0    1    6    5   -0.016047
    0    1    7    5   -0.001467
    0    1    8    5    0.015440
    0    1    9    5   -0.005102
    0    1   10    5    0.001470
    0    1   11    5    0.000340
    0    1   12    5    0.000018
    0    1   13    5    0.000523
    0    1   14    5   -0.000662
    0    1   15    5    0.001747
    0    1   16    5   -0.002097
    0    1   17    5   -0.012703
    0    1   18    5   -0.022005
    0    1    1    6   -0.510472
    0    1    2    6   -0.025320
    0    1    3    6    0.166227
    0    1    4    6    0.001472
    0    1    5    6    0.053860
    0    1    6    6    0.094570
    0    1    7    6    0.062217
    0    1    8    6   -0.036530
    0    1    9    6   -0.309630
    0    1   10    6    0.028293
    0    1   11    6    0.005322
    0    1   12    6   -0.002557
    0    1   13    6    0.054703
    0    1   14    6   -0.021405
    0    1   15    6   -0.057462
    0    1   16    6    0.074557
    0    1   17    6   -0.018652
    0    1   18    6   -0.041135
    0    1    1    7    2.546765
    0    1    2    7   -0.229992
    0    1    3    7    1.300475
    0    1    4    7    0.209145
    0    1    5    7   -0.253240
    0    1    6    7    0.217958
    0    1    7    7   -0.037787
    0    1    8    7    0.010322
    0    1    9    7    0.269737
    0    1   10    7   -0.025382
    0    1   11    7   -0.124217
    0    1   12    7   -0.924277
    0    1   13    7   -0.148587
    0    1   14    7   -0.045230
    0    1   15    7    1.256547
    0    1   16    7    0.202620
    0    1   17    7   -0.171105
    0    1   18    7   -0.455677
    0    1    1    8   -0.132600
    0    1    2    8   -0.048910
    0    1    3    8   -0.868822
    0    1    4    8   -0.000815
    0    1    5    8   -0.784262
    0    1    6    8   -0.007827
    0    1    7    8   -0.001978
    0    1    8    8    0.002642
    0    1    9    8    0.012892
    0    1   10    8   -0.013320
    0    1   11    8   -0.027240
    0    1   12    8    0.034498
    0    1   13    8    0.103837
    0    1   14    8    0.936327
    0    1   15    8   -0.007435
    0    1   16    8   -0.018787
    0    1   17    8   -1.273527
    0    1   18    8    0.023735
    0    1    1    9   -0.303042
    0    1    2    9   -0.009645
    0    1    3    9    0.016050
    0    1    4    9    0.012925
    0    1    5    9    0.018398
    0    1    6    9    0.022275
    0    1    7    9    0.006448
    0    1    8    9   -0.003582
    0    1    9    9   -0.052838
    0    1   10    9   -0.004327
    0    1   11    9   -0.006007
    0    1   12    9    0.014322
    0    1   13    9   -0.010605
    0    1   14    9   -0.012940
    0    1   15    9    0.066687
    0    1   16    9   -0.008620
    0    1   17    9   -0.005187
    0    1   18    9    0.066832
    0    1    1   10    0.022340
    0    1    2   10    0.137367
    0    1    3   10    0.841785
    0    1    4   10    0.108420
    0    1    5   10   -0.536292
    0    1    6   10   -0.924060
    0    1    7   10   -0.083625
    0    1    8   10    0.108205
    0    1    9   10    0.094097
    0    1   10   10    0.040930
    0    1   11   10   -0.095273
    0    1   12   10   -0.131985
    0    1   13   10    0.023885
    0    1   14   10    0.002157
    0    1   15   10    0.136605
    0    1   16   10   -0.060095
    0    1   17   10   -0.448957
    0    1   18   10    0.002035
    0    1    1   11   -0.002855
    0    1    2   11   -0.025880
    0    1    3   11    0.036655
    0    1    4   11   -0.012777
    0    1    5   11    0.007617
    0    1    6   11    0.068593
    0    1    7   11   -0.004210
    0    1    8   11    0.385845
    0    1    9   11    0.010835
    0    1   10   11   -0.005095
    0    1   11   11    0.000783
    0    1   12   11   -0.000777
    0    1   13   11    0.005317
    0    1   14   11   -0.009900
    0    1   15   11    0.001222
    0    1   16   11   -0.011567
    0    1   17   11    0.034720
    0    1   18   11    0.047285
    0    1    1   12    0.012018
    0    1    2   12   -0.019020
    0    1    3   12    0.066580
    0    1    4   12    0.022467
    0    1    5   12   -0.017218
    0    1    6   12   -0.020275
    0    1    7   12   -0.010120
    0    1    8   12   -0.013560
    0    1    9   12   -0.053495
    0    1   10   12   -0.017085
    0    1   11   12   -0.008607
    0    1   12   12   -0.056173
    0    1   13   12    0.112450
    0    1   14   12   -0.003990
    0    1   15   12    0.016060
    0    1   16   12    0.056778
    0    1   17   12   -0.016425
    0    1   18   12    0.001243
    0    1    1   13   -0.146905
    0    1    2   13   -0.019712
    0    1    3   13   -0.375342
    0    1    4   13   -0.032645
    0    1    5   13   -0.046610
    0    1    6   13    0.086692
    0    1    7   13   -0.031918
    0    1    8   13    0.005370
    0    1    9   13   -0.072790
    0    1   10   13    0.008240
    0    1   11   13    0.020390
    0    1   12   13    0.038492
    0    1   13   13   -0.128360
    0    1   14   13    0.051712
    0    1   15   13    0.033790
    0    1   16   13   -0.003800
    0    1   17   13    0.058255
    0    1   18   13    0.004305
    0    1    1   14    0.013145
    0    1    2   14    0.007533
    0    1    3   14    0.005707
    0    1    4   14    0.002788
    0    1    5   14   -0.005252
    0    1    6   14   -0.017777
    0    1    7   14    0.003772
    0    1    8   14    0.019730
    0    1    9   14    0.000228
    0    1   10   14    0.000995
    0    1   11   14   -0.000275
    0    1   12   14   -0.002100
    0    1   13   14   -0.003575
    0    1   14   14    0.000475
    0    1   15   14    0.000615
    0    1   16   14    0.004448
    0    1   17   14    0.003500
    0    1   18   14   -0.022755
    0    1    1   15    0.084510
    0    1    2   15    0.012970
    0    1    3   15    0.007805
    0    1    4   15    0.023825
    0    1    5   15   -0.013785
    0    1    6   15   -0.048857
    0    1    7   15    0.005023
    0    1    8   15   -0.002107
    0    1    9   15   -0.001440
    0    1   10   15   -0.005345
    0    1   11   15    0.001417
    0    1   12   15   -0.023562
    0    1   13   15   -0.007755
    0    1   14   15    0.002583
    0    1   15   15   -0.061950
    0    1   16   15    0.050180
    0    1   17   15   -0.003870
    0    1   18   15   -0.031207
    0    1    1   16    0.365135
    0    1    2   16   -0.009175
    0    1    3   16   -0.070200
    0    1    4   16   -0.047297
    0    1    5   16   -0.030070
    0    1    6   16   -0.102047
    0    1    7   16   -0.041637
    0    1    8   16    0.025177
    0    1    9   16    0.108485
    0    1   10   16   -0.002170
    0    1   11   16   -0.009610
    0    1   12   16   -0.008523
    0    1   13   16   -0.042188
    0    1   14   16    0.012372
    0    1   15   16   -0.099137
    0    1   16   16    0.018185
    0    1   17   16    0.026030
    0    1   18   16    0.027582
    0    1    1   17    0.002542
    0    1    2   17    0.000885
    0    1    3   17    0.026652
    0    1    4   17    0.007013
    0    1    5   17   -0.002585
    0    1    6   17   -0.000855
    0    1    7   17   -0.000385
    0    1    8   17    0.002938
    0    1    9   17    0.004848
    0    1   10   17    0.006697
    0    1   11   17   -0.001507
    0    1   12   17   -0.002282
    0    1   13   17    0.002200
    0    1   14   17   -0.000850
    0    1   15   17    0.002093
    0    1   16   17    0.001055
    0    1   17   17   -0.017930
    0    1   18   17   -0.011707
    0    1    1   18    0.097353
    0    1    2   18   -0.030275
    0    1    3   18   -0.100032
    0    1    4   18    0.029752
    0    1    5   18    0.013537
    0    1    6   18   -0.015813
    0    1    7   18   -0.009212
    0    1    8   18    0.073295
    0    1    9   18    0.060935
    0    1   10   18   -0.004207
    0    1   11   18   -0.019292
    0    1   12   18    0.018592
    0    1   13   18   -0.008948
    0    1   14   18   -0.001917
    0    1   15   18   -0.029677
    0    1   16   18    0.034917
    0    1   17   18    0.010230
    0    1   18   18    0.209290
    1    1    1    1    0.116595
    1    1    2    1    0.015397
    1    1    3    1   -0.045765
    1    1    4    1   -0.146862
    1    1    5    1   -0.000685
    1    1    6    1   -0.055280
    1    1    7    1   -0.005765
    1    1    8    1    0.002977
    1    1    9    1    0.041587
    1    1   10    1    0.022280
    1    1   11    1    0.002182
    1    1   12    1   -0.052817
    1    1   13    1   -0.004842
    1    1   14    1    0.008417
    1    1   15    1   -0.215000
    1    1   16    1   -0.021132
    1    1   17    1    0.008390
    1    1   18    1   -0.021263
    1    1    1    2    0.007907
    1    1    2    2   -0.003225
    1    1    3    2    0.001750
    1    1    4    2   -0.028987
    1    1    5    2    0.002252
    1    1    6    2    0.017087
    1    1    7    2   -0.003395
    1    1    8    2   -0.000755
    1    1    9    2   -0.003950
    1    1   10    2   -0.006715
    1    1   11    2    0.004462
    1    1   12    2    0.000053
    1    1   13    2    0.030180
    1    1   14    2    0.001252
    1    1   15    2   -0.015220
    1    1   16    2   -0.002650
    1    1   17    2    0.000587
    1    1   18    2   -0.040942
    1    1    1    3    0.086788
    1    1    2    3   -0.035320
    1    1    3    3   -0.075137
    1    1    4    3   -0.044507
    1    1    5    3   -0.066005
    1    1    6    3    0.123360
    1    1    7    3    0.067947
    1    1    8    3    0.013992
    1    1    9    3   -0.008275
    1    1   10    3   -0.009525
    1    1   11    3    0.026923
    1    1   12    3   -0.019155
    1    1   13    3   -0.044055
    1    1   14    3   -0.001342
    1    1   15    3   -0.014178
    1    1   16    3   -0.086642
    1    1   17    3    0.007898
    1    1   18    3   -0.113145
    1    1    1    4   -0.124502
    1    1    2    4   -0.008455
    1    1    3    4    0.274575
    1    1    4    4    0.046480
    1    1    5    4   -0.011962
    1    1    6    4    0.021038
    1    1    7    4    0.098740
    1    1    8    4   -0.021880
    1    1    9    4   -0.299702
    1    1   10    4   -0.031507
    1    1   11    4   -0.001043
    1    1   12    4   -0.011035
    1    1   13    4    0.032773
    1    1   14    4   -0.014542
    1    1   15    4   -0.075825
    1    1   16    4    0.132005
    1    1   17    4   -0.073420
    1    1   18    4   -0.019297
    1    1    1    5   -0.012360
    1    1    2    5    0.005327
    1    1    3    5    0.006380
    1    1    4    5    0.006748
    1    1    5    5    0.008007
    1    1    6    5    0.012478
    1    1    7    5    0.008695
    1    1    8    5    0.003257
    1    1    9    5   -0.007995
    1    1   10    5   -0.004247
    1    1   11    5    0.001435
    1    1   12    5    0.007375
    1    1   13    5    0.015125
    1    1   14    5   -0.000185
    1    1   15    5    0.003705
    1    1   16    5   -0.004790
    1    1   17    5    0.000757
    1    1   18    5   -0.019435
    1    1    1    6   -0.059215
    1    1    2    6    0.003712
    1    1    3    6   -0.013012
    1    1    4    6    0.065030
    1    1    5    6   -0.002178
    1    1    6    6    0.131752
    1    1    7    6    0.034662
    1    1    8    6   -0.000280
    1    1    9    6   -0.065602
    1    1   10    6   -0.007043
    1    1   11    6   -0.003563
    1    1   12    6    0.046930
    1    1   13    6   -0.529690
    1    1   14    6   -0.002457
    1    1   15    6    0.139790
    1    1   16    6   -0.065668
    1    1   17    6    0.004157
    1    1   18    6    0.052902
    1    1    1    7   -0.094147
    1    1    2    7   -0.027220
    1    1    3    7    0.038420
    1    1    4    7   -1.125840
    1    1    5    7    0.018427
    1    1    6    7    0.074417
    1    1    7    7   -0.089935
    1    1    8    7   -0.003075
    1    1    9    7   -0.040555
    1    1   10    7   -0.085510
    1    1   11    7   -0.002455
    1    1   12    7   -0.604110
    1    1   13    7    0.558933
    1    1   14    7   -0.008775
    1    1   15    7    0.982382
    1    1   16    7    0.045433
    1    1   17    7   -0.001267
    1    1   18    7    0.050495
    1    1    1    8   -0.044547
    1    1    2    8    0.356695
    1    1    3    8   -0.059975
    1    1    4    8   -0.225975
    1    1    5    8    0.045852
    1    1    6    8    0.060695
    1    1    7    8   -0.008783
    1    1    8    8    0.005835
    1    1    9    8   -0.010520
    1    1   10    8   -0.248917
    1    1   11    8   -0.222320
    1    1   12    8    0.292012
    1    1   13    8    0.216647
    1    1   14    8    0.022690
    1    1   15    8   -0.157945
    1    1   16    8    0.054897
    1    1   17    8    0.007610
    1    1   18    8    0.040333
    1    1    1    9    0.003307
    1    1    2    9   -0.033165
    1    1    3    9    0.008005
    1    1    4    9    0.170630
    1    1    5    9   -0.020772
    1    1    6    9    0.116895
    1    1    7    9    0.031987
    1    1    8    9   -0.001142
    1    1    9    9   -0.046975
    1    1   10    9   -0.023195
    1    1   11    9   -0.002290
    1    1   12    9    0.046772
    1    1   13    9   -0.195885
    1    1   14    9   -0.004505
    1    1   15    9    1.332810
    1    1   16    9   -0.081365
    1    1   17    9    0.001020
    1    1   18    9    0.015907
    1    1    1   10    0.123282
    1    1    2   10    0.762625
    1    1    3   10    0.650010
    1    1    4   10   -0.165895
    1    1    5   10    0.842252
    1    1    6   10   -0.341430
    1    1    7   10   -0.104515
    1    1    8   10    0.157635
    1    1    9   10    0.039462
    1    1   10   10   -0.020840
    1    1   11   10    0.100062
    1    1   12   10    0.153342
    1    1   13   10   -0.730227
    1    1   14   10    0.091475
    1    1   15   10    0.474425
    1    1   16   10    0.016637
    1    1   17   10   -0.074222
    1    1   18   10   -0.507202
    1    1    1   11   -0.002645
    1    1    2   11    0.016403
    1    1    3   11   -0.008358
    1    1    4   11   -0.078327
    1    1    5   11   -0.002435
    1    1    6   11   -0.093725
    1    1    7   11    0.000027
    1    1    8   11   -0.001875
    1    1    9   11   -0.001958
    1    1   10   11    0.027998
    1    1   11   11    0.001875
    1    1   12   11   -0.006830
    1    1   13   11   -0.044885
    1    1   14   11    0.001702
    1    1   15   11    0.004235
    1    1   16   11   -0.003730
    1    1   17   11    0.001215
    1    1   18   11    0.024110
    1    1    1   12    0.006352
    1    1    2   12   -0.001090
    1    1    3   12   -0.025183
    1    1    4   12   -0.124480
    1    1    5   12    0.003045
    1    1    6   12   -0.003597
    1    1    7   12   -0.009827
    1    1    8   12    0.001320
    1    1    9   12   -0.015717
    1    1   10   12    0.010080
    1    1   11   12   -0.005472
    1    1   12   12   -0.044697
    1    1   13   12   -0.270312
    1    1   14   12    0.002667
    1    1   15   12   -0.010035
    1    1   16   12   -0.027240
    1    1   17   12    0.001465
    1    1   18   12    0.030972
    1    1    1   13   -0.006658
    1    1    2   13    0.010040
    1    1    3   13   -0.026947
    1    1    4   13    0.055963
    1    1    5   13   -0.002555
    1    1    6   13    0.065025
    1    1    7   13    0.068070
    1    1    8   13    0.003827
    1    1    9   13   -0.011760
    1    1   10   13    0.023982
    1    1   11   13    0.006905
    1    1   12   13    0.015190
    1    1   13   13   -0.052553
    1    1   14   13    0.001038
    1    1   15   13   -0.024622
    1    1   16   13   -0.044920
    1    1   17   13    0.005232
    1    1   18   13    0.016927
    1    1    1   14   -0.007697
    1    1    2   14   -0.027067
    1    1    3   14   -0.010960
    1    1    4   14   -0.010110
    1    1    5   14   -0.012350
    1    1    6   14   -0.009505
    1    1    7   14    0.002930
    1    1    8   14   -0.006695
    1    1    9   14   -0.001468
    1    1   10   14   -0.001553
    1    1   11   14   -0.006910
    1    1   12   14   -0.006755
    1    1   13   14    0.015170
    1    1   14   14   -0.004627
    1    1   15   14   -0.029077
    1    1   16   14    0.005590
    1    1   17   14   -0.000752
    1    1   18   14    0.080485
    1    1    1   15    0.059697
    1    1    2   15    0.007685
    1    1    3   15   -0.033430
    1    1    4   15    0.000430
    1    1    5   15    0.003905
    1    1    6   15   -0.068675
    1    1    7   15   -0.004335
    1    1    8   15    0.004592
    1    1    9   15    0.038207
    1    1   10   15    0.014325
    1    1   11   15   -0.000205
    1    1   12   15   -0.049980
    1    1   13   15   -0.065998
    1    1   14   15    0.002735
    1    1   15   15   -0.126950
    1    1   16   15   -0.012365
    1    1   17   15    0.005077
    1    1   18   15   -0.005870
    1    1    1   16    0.072937
    1    1    2   16    0.035185
    1    1    3   16   -0.005227
    1    1    4   16   -1.492442
    1    1    5   16   -0.009705
    1    1    6   16   -0.069638
    1    1    7   16    0.044670
    1    1    8   16    0.003480
    1    1    9   16    0.022207
    1    1   10   16    0.066050
    1    1   11   16   -0.001780
    1    1   12   16   -0.046160
    1    1   13   16    0.142113
    1    1   14   16    0.001572
    1    1   15   16   -1.672473
    1    1   16   16   -0.096125
    1    1   17   16    0.010460
    1    1   18   16    0.006982
    1    1    1   17   -0.015283
    1    1    2   17    0.003640
    1    1    3   17    0.078927
    1    1    4   17    0.004000
    1    1    5   17    0.049417
    1    1    6   17   -0.000805
    1    1    7   17   -0.022680
    1    1    8   17    0.009205
    1    1    9   17   -0.002340
    1    1   10   17    0.003157
    1    1   11   17   -0.005175
    1    1   12   17    0.003795
    1    1   13   17    0.006840
    1    1   14   17   -0.008862
    1    1   15   17    0.020292
    1    1   16   17    0.023645
    1    1   17   17   -0.013730
    1    1   18   17    0.037200
    1    1    1   18   -0.047235
    1    1    2   18   -0.018665
    1    1    3   18   -0.075645
    1    1    4   18    0.183892
    1    1    5   18   -0.062140
    1    1    6   18   -0.125060
    1    1    7   18   -0.038462
    1    1    8   18    0.001388
    1    1    9   18    0.052792
    1    1   10   18   -0.005515
    1    1   11   18   -0.024467
    1    1   12   18   -0.011632
    1    1   13   18    0.046410
    1    1   14   18   -0.003910
    1    1   15   18    0.070907
    1    1   16   18    0.160355
    1    1   17   18   -0.006837
    1    1   18   18    0.224495
