 ir1  ir2   m    n          ReH 
   -1   -1    1    1    0.260662
   -1   -1    2    1   -0.005975
   -1   -1    3    1   -0.028390
   -1   -1    4    1    0.408195
   -1   -1    5    1    0.001607
   -1   -1    6    1   -0.000183
   -1   -1    7    1    0.000845
   -1   -1    8    1   -0.028993
   -1   -1    9    1    0.067727
   -1   -1   10    1    0.020267
   -1   -1   11    1   -0.005000
   -1   -1   12    1   -0.006922
   -1   -1   13    1   -0.003598
   -1   -1   14    1    0.044242
   -1   -1   15    1   -0.002920
   -1   -1   16    1   -0.085567
   -1   -1   17    1    0.025530
   -1   -1   18    1    0.015525
   -1   -1    1    2   -0.014655
   -1   -1    2    2    0.000050
   -1   -1    3    2    0.108863
   -1   -1    4    2   -0.012265
   -1   -1    5    2    0.001975
   -1   -1    6    2    0.010110
   -1   -1    7    2   -0.014677
   -1   -1    8    2    0.000992
   -1   -1    9    2   -0.007890
   -1   -1   10    2    0.004250
   -1   -1   11    2    0.012525
   -1   -1   12    2   -0.001792
   -1   -1   13    2   -0.001923
   -1   -1   14    2   -0.044945
   -1   -1   15    2    0.002463
   -1   -1   16    2   -0.004647
   -1   -1   17    2   -0.026537
   -1   -1   18    2   -0.019185
   -1   -1    1    3   -0.003993
   -1   -1    2    3   -0.000890
   -1   -1    3    3    0.479365
   -1   -1    4    3    0.009152
   -1   -1    5    3   -0.000397
   -1   -1    6    3   -0.000880
   -1   -1    7    3   -0.015700
   -1   -1    8    3    0.013525
   -1   -1    9    3    0.022177
   -1   -1   10    3    0.041847
   -1   -1   11    3    0.012828
   -1   -1   12    3    0.002945
   -1   -1   13    3   -0.004418
   -1   -1   14    3    0.014400
   -1   -1   15    3   -0.008365
   -1   -1   16    3   -0.016342
   -1   -1   17    3   -0.003383
   -1   -1   18    3   -0.006308
   -1   -1    1    4    0.189262
   -1   -1    2    4    0.037947
   -1   -1    3    4    0.008983
   -1   -1    4    4    0.032522
   -1   -1    5    4    0.006405
   -1   -1    6    4    0.005237
   -1   -1    7    4    0.029422
   -1   -1    8    4   -0.013562
   -1   -1    9    4    0.004387
   -1   -1   10    4   -0.016567
   -1   -1   11    4    0.078183
   -1   -1   12    4    0.022157
   -1   -1   13    4    0.067905
   -1   -1   14    4    0.007620
   -1   -1   15    4   -0.229937
   -1   -1   16    4    0.013900
   -1   -1   17    4   -0.012712
   -1   -1   18    4   -0.047607
   -1   -1    1    5   -0.011180
   -1   -1    2    5   -0.000720
   -1   -1    3    5   -0.000435
   -1   -1    4    5    0.001045
   -1   -1    5    5    0.009883
   -1   -1    6    5    0.003567
   -1   -1    7    5    0.006585
   -1   -1    8    5    0.007310
   -1   -1    9    5    0.005400
   -1   -1   10    5    0.000303
   -1   -1   11    5   -0.000187
   -1   -1   12    5   -0.000300
   -1   -1   13    5    0.005122
   -1   -1   14    5   -0.083915
   -1   -1   15    5   -0.005180
   -1   -1   16    5   -0.011830
   -1   -1   17    5   -0.005345
   -1   -1   18    5    0.006267
   -1   -1    1    6    0.408380
   -1   -1    2    6    0.030707
   -1   -1    3    6   -0.887108
   -1   -1    4    6   -0.012502
   -1   -1    5    6    0.009335
   -1   -1    6    6   -0.088195
   -1   -1    7    6   -0.209335
   -1   -1    8    6    0.036787
   -1   -1    9    6   -0.120495
   -1   -1   10    6    0.123895
   -1   -1   11    6   -0.110903
   -1   -1   12    6    0.042617
   -1   -1   13    6    0.021967
   -1   -1   14    6    0.015392
   -1   -1   15    6    0.007840
   -1   -1   16    6    0.019587
   -1   -1   17    6    0.098745
   -1   -1   18    6   -0.218327
   -1   -1    1    7    0.000925
   -1   -1    2    7   -0.004795
   -1   -1    3    7   -0.033110
   -1   -1    4    7    0.058878
   -1   -1    5    7    0.009442
   -1   -1    6    7    0.042392
   -1   -1    7    7    0.055578
   -1   -1    8    7   -0.008280
   -1   -1    9    7   -0.027107
   -1   -1   10    7    0.012297
   -1   -1   11    7    0.004312
   -1   -1   12    7   -0.038667
   -1   -1   13    7   -0.019885
   -1   -1   14    7    0.001565
   -1   -1   15    7   -0.011842
   -1   -1   16    7   -0.066045
   -1   -1   17    7   -0.000982
   -1   -1   18    7   -0.086272
   -1   -1    1    8    0.008430
   -1   -1    2    8    0.000592
   -1   -1    3    8   -0.071392
   -1   -1    4    8    0.003330
   -1   -1    5    8   -0.005992
   -1   -1    6    8    0.000087
   -1   -1    7    8   -0.001798
   -1   -1    8    8    0.029622
   -1   -1    9    8    0.000740
   -1   -1   10    8   -0.006580
   -1   -1   11    8    0.003415
   -1   -1   12    8    0.000040
   -1   -1   13    8    0.000548
   -1   -1   14    8    0.014770
   -1   -1   15    8    0.003150
   -1   -1   16    8   -0.005665
   -1   -1   17    8    0.011368
   -1   -1   18    8    0.012250
   -1   -1    1    9    0.162977
   -1   -1    2    9   -0.003075
   -1   -1    3    9   -0.007460
   -1   -1    4    9    0.010207
   -1   -1    5    9    0.001953
   -1   -1    6    9    0.007872
   -1   -1    7    9    0.053987
   -1   -1    8    9    0.003735
   -1   -1    9    9    0.035620
   -1   -1   10    9   -0.005315
   -1   -1   11    9   -0.002867
   -1   -1   12    9   -0.010360
   -1   -1   13    9   -0.010687
   -1   -1   14    9    0.001662
   -1   -1   15    9    0.011825
   -1   -1   16    9   -0.031530
   -1   -1   17    9   -0.000470
   -1   -1   18    9    0.000290
   -1   -1    1   10    0.067965
   -1   -1    2   10   -0.013095
   -1   -1    3   10   -0.168562
   -1   -1    4   10    0.021577
   -1   -1    5   10    0.015537
   -1   -1    6   10    0.135245
   -1   -1    7   10    0.095967
   -1   -1    8   10   -0.005770
   -1   -1    9   10   -0.075680
   -1   -1   10   10   -0.163435
   -1   -1   11   10    0.051735
   -1   -1   12   10   -0.145710
   -1   -1   13   10   -0.043315
   -1   -1   14   10   -0.014962
   -1   -1   15   10   -0.077837
   -1   -1   16   10   -0.108655
   -1   -1   17   10   -0.004070
   -1   -1   18   10   -0.079065
   -1   -1    1   11   -0.037922
   -1   -1    2   11   -0.005130
   -1   -1    3   11   -0.020662
   -1   -1    4   11   -0.008635
   -1   -1    5   11   -0.000902
   -1   -1    6   11    0.002200
   -1   -1    7   11   -0.009428
   -1   -1    8   11    0.001790
   -1   -1    9   11    0.002267
   -1   -1   10   11    0.003040
   -1   -1   11   11    0.019367
   -1   -1   12   11   -0.000255
   -1   -1   13   11    0.012335
   -1   -1   14   11    0.008150
   -1   -1   15   11   -0.001597
   -1   -1   16   11    0.000910
   -1   -1   17   11   -0.002468
   -1   -1   18   11    0.015600
   -1   -1    1   12    0.014165
   -1   -1    2   12   -0.016743
   -1   -1    3   12    0.056407
   -1   -1    4   12    0.033150
   -1   -1    5   12    0.007380
   -1   -1    6   12    0.112620
   -1   -1    7   12    0.036555
   -1   -1    8   12    0.000932
   -1   -1    9   12    0.064037
   -1   -1   10   12   -0.089763
   -1   -1   11   12    0.003393
   -1   -1   12   12   -0.169020
   -1   -1   13   12   -0.131727
   -1   -1   14   12    0.004788
   -1   -1   15   12   -0.010862
   -1   -1   16   12   -0.061077
   -1   -1   17   12   -0.005067
   -1   -1   18   12   -0.075450
   -1   -1    1   13   -0.146025
   -1   -1    2   13   -0.022445
   -1   -1    3   13    0.021223
   -1   -1    4   13   -0.037378
   -1   -1    5   13    0.005625
   -1   -1    6   13    0.009047
   -1   -1    7   13   -0.036652
   -1   -1    8   13   -0.002280
   -1   -1    9   13    0.000700
   -1   -1   10   13    0.039972
   -1   -1   11   13    0.065667
   -1   -1   12   13    0.032668
   -1   -1   13   13    0.039785
   -1   -1   14   13   -0.040663
   -1   -1   15   13    0.115345
   -1   -1   16   13    0.033515
   -1   -1   17   13   -0.031722
   -1   -1   18   13   -0.037455
   -1   -1    1   14   -0.002152
   -1   -1    2   14    0.000097
   -1   -1    3   14    0.022155
   -1   -1    4   14    0.000160
   -1   -1    5   14   -0.001895
   -1   -1    6   14    0.001230
   -1   -1    7   14    0.012602
   -1   -1    8   14    0.000160
   -1   -1    9   14    0.003417
   -1   -1   10   14    0.001775
   -1   -1   11   14   -0.001040
   -1   -1   12   14   -0.004822
   -1   -1   13   14   -0.002260
   -1   -1   14   14    0.012885
   -1   -1   15   14    0.000100
   -1   -1   16   14   -0.006540
   -1   -1   17   14   -0.004440
   -1   -1   18   14   -0.004233
   -1   -1    1   15    0.048268
   -1   -1    2   15    0.003515
   -1   -1    3   15   -0.055095
   -1   -1    4   15    0.036425
   -1   -1    5   15   -0.012922
   -1   -1    6   15   -0.193525
   -1   -1    7   15   -0.022162
   -1   -1    8   15    0.005780
   -1   -1    9   15    0.158008
   -1   -1   10   15    0.114955
   -1   -1   11   15   -0.023742
   -1   -1   12   15    0.199873
   -1   -1   13   15    0.199623
   -1   -1   14   15    0.028635
   -1   -1   15   15    0.107105
   -1   -1   16   15    0.094615
   -1   -1   17   15    0.018245
   -1   -1   18   15    0.111433
   -1   -1    1   16    0.014845
   -1   -1    2   16   -0.000090
   -1   -1    3   16   -0.042847
   -1   -1    4   16   -0.010953
   -1   -1    5   16   -0.004600
   -1   -1    6   16   -0.024027
   -1   -1    7   16   -0.018155
   -1   -1    8   16    0.003407
   -1   -1    9   16   -0.224532
   -1   -1   10   16    0.005392
   -1   -1   11   16    0.008318
   -1   -1   12   16    0.026660
   -1   -1   13   16    0.021728
   -1   -1   14   16   -0.017255
   -1   -1   15   16    0.004327
   -1   -1   16   16    0.028182
   -1   -1   17   16    0.004870
   -1   -1   18   16    0.012255
   -1   -1    1   17   -0.026412
   -1   -1    2   17    0.011602
   -1   -1    3   17    0.006550
   -1   -1    4   17    0.007957
   -1   -1    5   17   -0.003612
   -1   -1    6   17   -0.000460
   -1   -1    7   17    0.000222
   -1   -1    8   17   -0.003582
   -1   -1    9   17    0.001578
   -1   -1   10   17   -0.002790
   -1   -1   11   17   -0.092828
   -1   -1   12   17   -0.004252
   -1   -1   13   17   -0.036142
   -1   -1   14   17    0.012970
   -1   -1   15   17   -0.014010
   -1   -1   16   17   -0.015922
   -1   -1   17   17    0.013920
   -1   -1   18   17   -0.010025
   -1   -1    1   18   -0.162235
   -1   -1    2   18    0.007007
   -1   -1    3   18    0.057057
   -1   -1    4   18    0.032535
   -1   -1    5   18    0.014127
   -1   -1    6   18    0.015035
   -1   -1    7   18   -0.012600
   -1   -1    8   18   -0.025522
   -1   -1    9   18   -0.021345
   -1   -1   10   18    0.037237
   -1   -1   11   18   -0.038512
   -1   -1   12   18   -0.020195
   -1   -1   13   18   -0.043175
   -1   -1   14   18   -0.018770
   -1   -1   15   18   -0.008245
   -1   -1   16   18    0.025160
   -1   -1   17   18    0.131357
   -1   -1   18   18   -0.139450
    0   -1    1    1    0.113132
    0   -1    2    1   -0.068250
    0   -1    3    1   -0.011377
    0   -1    4    1   -0.011737
    0   -1    5    1    0.020850
    0   -1    6    1    0.225085
    0   -1    7    1   -0.005265
    0   -1    8    1    0.007043
    0   -1    9    1   -0.060820
    0   -1   10    1   -0.483182
    0   -1   11    1    0.007562
    0   -1   12    1   -0.739792
    0   -1   13    1   -0.228128
    0   -1   14    1   -0.003652
    0   -1   15    1    0.003982
    0   -1   16    1   -0.190828
    0   -1   17    1   -0.015745
    0   -1   18    1   -0.047955
    0   -1    1    2   -0.005425
    0   -1    2    2    0.008630
    0   -1    3    2    0.000535
    0   -1    4    2   -0.019935
    0   -1    5    2   -0.002543
    0   -1    6    2   -0.006627
    0   -1    7    2    0.006957
    0   -1    8    2    0.000540
    0   -1    9    2    0.008775
    0   -1   10    2    0.006635
    0   -1   11    2   -0.002267
    0   -1   12    2   -0.216515
    0   -1   13    2    0.045725
    0   -1   14    2    0.001277
    0   -1   15    2   -0.040440
    0   -1   16    2    0.003765
    0   -1   17    2    0.005262
    0   -1   18    2   -0.001863
    0   -1    1    3    0.205585
    0   -1    2    3    0.024095
    0   -1    3    3   -0.024250
    0   -1    4    3    0.004880
    0   -1    5    3    0.002917
    0   -1    6    3   -0.136717
    0   -1    7    3    0.091378
    0   -1    8    3    0.003785
    0   -1    9    3   -0.762420
    0   -1   10    3   -0.061925
    0   -1   11    3   -0.015957
    0   -1   12    3   -0.029027
    0   -1   13    3    0.095842
    0   -1   14    3    0.015460
    0   -1   15    3   -0.061433
    0   -1   16    3   -0.167030
    0   -1   17    3   -0.009155
    0   -1   18    3   -0.711410
    0   -1    1    4   -0.006980
    0   -1    2    4   -0.001327
    0   -1    3    4    0.005860
    0   -1    4    4    0.098162
    0   -1    5    4    0.000015
    0   -1    6    4    0.002340
    0   -1    7    4   -0.055540
    0   -1    8    4   -0.000020
    0   -1    9    4   -0.014370
    0   -1   10    4   -0.007075
    0   -1   11    4    0.007922
    0   -1   12    4   -0.010840
    0   -1   13    4   -0.033555
    0   -1   14    4   -0.005700
    0   -1   15    4   -0.064852
    0   -1   16    4    0.031182
    0   -1   17    4    0.006532
    0   -1   18    4    0.005655
    0   -1    1    5   -0.017170
    0   -1    2    5    0.010432
    0   -1    3    5    0.011458
    0   -1    4    5    0.006815
    0   -1    5    5   -0.003265
    0   -1    6    5   -0.010908
    0   -1    7    5    0.005870
    0   -1    8    5    0.000692
    0   -1    9    5   -0.000170
    0   -1   10    5    0.001683
    0   -1   11    5   -0.021480
    0   -1   12    5   -0.369092
    0   -1   13    5   -0.003825
    0   -1   14    5   -0.001775
    0   -1   15    5    0.001142
    0   -1   16    5   -0.010845
    0   -1   17    5   -0.026412
    0   -1   18    5    0.002088
    0   -1    1    6    0.239627
    0   -1    2    6    0.017053
    0   -1    3    6   -0.022700
    0   -1    4    6   -0.044770
    0   -1    5    6   -0.008302
    0   -1    6    6   -0.011837
    0   -1    7    6    0.036570
    0   -1    8    6    0.002095
    0   -1    9    6    0.041218
    0   -1   10    6   -0.041443
    0   -1   11    6   -0.036805
    0   -1   12    6    0.051332
    0   -1   13    6   -0.022172
    0   -1   14    6    0.004295
    0   -1   15    6    0.019078
    0   -1   16    6    0.046825
    0   -1   17    6   -0.003510
    0   -1   18    6   -0.001765
    0   -1    1    7   -0.006555
    0   -1    2    7   -0.006070
    0   -1    3    7    0.009672
    0   -1    4    7    0.043905
    0   -1    5    7    0.004457
    0   -1    6    7    0.080185
    0   -1    7    7    0.003200
    0   -1    8    7    0.002485
    0   -1    9    7    0.102945
    0   -1   10    7    0.017527
    0   -1   11    7    0.007537
    0   -1   12    7   -0.037197
    0   -1   13    7   -0.061630
    0   -1   14    7    0.000442
    0   -1   15    7   -0.027668
    0   -1   16    7   -0.078170
    0   -1   17    7    0.000207
    0   -1   18    7    0.155710
    0   -1    1    8   -0.108855
    0   -1    2    8    0.016385
    0   -1    3    8   -0.053672
    0   -1    4    8    0.001602
    0   -1    5    8   -0.004168
    0   -1    6    8   -0.012257
    0   -1    7    8    0.000355
    0   -1    8    8   -0.001153
    0   -1    9    8    0.016150
    0   -1   10    8   -0.004810
    0   -1   11    8    0.176405
    0   -1   12    8   -0.037692
    0   -1   13    8    0.065777
    0   -1   14    8   -0.010200
    0   -1   15    8    0.088002
    0   -1   16    8   -0.003895
    0   -1   17    8   -0.068565
    0   -1   18    8    0.011410
    0   -1    1    9   -0.009395
    0   -1    2    9    0.001615
    0   -1    3    9    0.010557
    0   -1    4    9    0.010755
    0   -1    5    9    0.003205
    0   -1    6    9    0.016552
    0   -1    7    9    0.011420
    0   -1    8    9   -0.001505
    0   -1    9    9    0.061485
    0   -1   10    9    0.015555
    0   -1   11    9    0.010740
    0   -1   12    9   -0.006107
    0   -1   13    9    0.013572
    0   -1   14    9    0.001480
    0   -1   15    9   -0.056188
    0   -1   16    9   -0.003520
    0   -1   17    9   -0.001803
    0   -1   18    9   -0.018372
    0   -1    1   10    1.122975
    0   -1    2   10   -0.010310
    0   -1    3   10    0.009200
    0   -1    4   10    0.019030
    0   -1    5   10   -0.001432
    0   -1    6   10    0.070450
    0   -1    7   10   -0.073955
    0   -1    8   10    0.002755
    0   -1    9   10    0.492962
    0   -1   10   10    0.039040
    0   -1   11   10   -0.009473
    0   -1   12   10    0.010812
    0   -1   13   10   -0.071472
    0   -1   14   10    0.000610
    0   -1   15   10    0.018645
    0   -1   16   10    0.106762
    0   -1   17   10    0.007748
    0   -1   18   10    0.301208
    0   -1    1   11   -0.001497
    0   -1    2   11    0.000180
    0   -1    3   11    0.001245
    0   -1    4   11    0.005805
    0   -1    5   11   -0.000005
    0   -1    6   11   -0.002295
    0   -1    7   11    0.002380
    0   -1    8   11   -0.000215
    0   -1    9   11    0.011140
    0   -1   10   11   -0.001885
    0   -1   11   11    0.002583
    0   -1   12   11    0.046747
    0   -1   13   11    0.039912
    0   -1   14   11   -0.000910
    0   -1   15   11   -0.018550
    0   -1   16   11    0.004428
    0   -1   17   11    0.000412
    0   -1   18   11   -0.010055
    0   -1    1   12   -0.000367
    0   -1    2   12   -0.000557
    0   -1    3   12    0.007385
    0   -1    4   12    0.009860
    0   -1    5   12    0.000628
    0   -1    6   12    0.005175
    0   -1    7   12    0.007067
    0   -1    8   12   -0.000437
    0   -1    9   12    0.004497
    0   -1   10   12    0.024893
    0   -1   11   12    0.001270
    0   -1   12   12   -0.058780
    0   -1   13   12   -0.027152
    0   -1   14   12   -0.000355
    0   -1   15   12    0.004363
    0   -1   16   12   -0.015450
    0   -1   17   12   -0.002077
    0   -1   18   12   -0.003032
    0   -1    1   13   -0.003530
    0   -1    2   13    0.007937
    0   -1    3   13    0.000843
    0   -1    4   13   -0.028460
    0   -1    5   13    0.004038
    0   -1    6   13   -0.024143
    0   -1    7   13    0.003543
    0   -1    8   13   -0.000530
    0   -1    9   13    0.036282
    0   -1   10   13   -0.018617
    0   -1   11   13    0.005380
    0   -1   12   13   -0.060180
    0   -1   13   13   -0.032960
    0   -1   14   13    0.003110
    0   -1   15   13   -0.039473
    0   -1   16   13    0.050888
    0   -1   17   13    0.004812
    0   -1   18   13   -0.034577
    0   -1    1   14    0.005782
    0   -1    2   14   -0.002775
    0   -1    3   14    0.006295
    0   -1    4   14   -0.000400
    0   -1    5   14   -0.001733
    0   -1    6   14    0.007735
    0   -1    7   14    0.001213
    0   -1    8   14    0.000630
    0   -1    9   14    0.006960
    0   -1   10   14    0.010008
    0   -1   11   14   -0.001720
    0   -1   12   14    0.047083
    0   -1   13   14    0.027285
    0   -1   14   14   -0.000595
    0   -1   15   14    0.012017
    0   -1   16   14   -0.002710
    0   -1   17   14   -0.003720
    0   -1   18   14   -0.003833
    0   -1    1   15    0.040992
    0   -1    2   15   -0.026015
    0   -1    3   15   -0.015135
    0   -1    4   15   -0.044660
    0   -1    5   15   -0.002902
    0   -1    6   15   -0.005215
    0   -1    7   15   -0.014505
    0   -1    8   15    0.000502
    0   -1    9   15   -0.058220
    0   -1   10   15    0.009962
    0   -1   11   15   -0.008675
    0   -1   12   15   -0.161818
    0   -1   13   15    0.045232
    0   -1   14   15    0.002280
    0   -1   15   15    0.141320
    0   -1   16   15   -0.027903
    0   -1   17   15   -0.020740
    0   -1   18   15    0.074410
    0   -1    1   16   -0.018707
    0   -1    2   16    0.006785
    0   -1    3   16   -0.052340
    0   -1    4   16   -0.003607
    0   -1    5   16   -0.003410
    0   -1    6   16   -0.064528
    0   -1    7   16    0.009017
    0   -1    8   16    0.000757
    0   -1    9   16   -0.019290
    0   -1   10   16    0.006023
    0   -1   11   16   -0.007203
    0   -1   12   16    0.150470
    0   -1   13   16    0.048523
    0   -1   14   16    0.003492
    0   -1   15   16    0.035487
    0   -1   16   16    0.015627
    0   -1   17   16    0.001137
    0   -1   18   16    0.063878
    0   -1    1   17   -0.000275
    0   -1    2   17   -0.022527
    0   -1    3   17    0.010722
    0   -1    4   17    0.002230
    0   -1    5   17    0.000770
    0   -1    6   17    0.011275
    0   -1    7   17    0.006837
    0   -1    8   17    0.001053
    0   -1    9   17   -0.014565
    0   -1   10   17    0.004667
    0   -1   11   17    0.090887
    0   -1   12   17    0.061972
    0   -1   13   17    0.061130
    0   -1   14   17    0.010042
    0   -1   15   17    0.007262
    0   -1   16   17   -0.017340
    0   -1   17   17   -0.005587
    0   -1   18   17    0.028632
    0   -1    1   18    0.486237
    0   -1    2   18    0.027338
    0   -1    3   18    0.035162
    0   -1    4   18   -0.031570
    0   -1    5   18    0.008127
    0   -1    6   18    0.010303
    0   -1    7   18    0.005972
    0   -1    8   18   -0.000733
    0   -1    9   18   -0.078622
    0   -1   10   18    0.029950
    0   -1   11   18   -0.047122
    0   -1   12   18   -0.073495
    0   -1   13   18   -0.924450
    0   -1   14   18    0.007795
    0   -1   15   18    0.078800
    0   -1   16   18   -0.010677
    0   -1   17   18   -0.000215
    0   -1   18   18   -0.021692
    1   -1    1    1   -0.000250
    1   -1    2    1    0.004185
    1   -1    3    1   -0.013585
    1   -1    4    1    0.001038
    1   -1    5    1   -0.000227
    1   -1    6    1   -0.036540
    1   -1    7    1    0.009072
    1   -1    8    1    0.000213
    1   -1    9    1    0.006435
    1   -1   10    1    0.021227
    1   -1   11    1   -0.003942
    1   -1   12    1   -0.031080
    1   -1   13    1    0.048552
    1   -1   14    1    0.004102
    1   -1   15    1   -0.006765
    1   -1   16    1   -0.006648
    1   -1   17    1   -0.000080
    1   -1   18    1    0.022972
    1   -1    1    2   -0.000310
    1   -1    2    2    0.000050
    1   -1    3    2   -0.000745
    1   -1    4    2    0.000607
    1   -1    5    2    0.000182
    1   -1    6    2   -0.000105
    1   -1    7    2    0.001807
    1   -1    8    2    0.000353
    1   -1    9    2   -0.000577
    1   -1   10    2    0.001958
    1   -1   11    2   -0.000052
    1   -1   12    2    0.000815
    1   -1   13    2    0.006222
    1   -1   14    2    0.000170
    1   -1   15    2   -0.003435
    1   -1   16    2   -0.001370
    1   -1   17    2    0.000485
    1   -1   18    2    0.000610
    1   -1    1    3   -0.033455
    1   -1    2    3   -0.007870
    1   -1    3    3    0.011720
    1   -1    4    3   -0.024740
    1   -1    5    3   -0.002385
    1   -1    6    3    0.023783
    1   -1    7    3   -0.016892
    1   -1    8    3   -0.000607
    1   -1    9    3    0.028132
    1   -1   10    3   -0.011575
    1   -1   11    3   -0.000423
    1   -1   12    3    0.000470
    1   -1   13    3    0.008122
    1   -1   14    3   -0.004250
    1   -1   15    3    0.032665
    1   -1   16    3    0.120067
    1   -1   17    3    0.008837
    1   -1   18    3   -0.052417
    1   -1    1    4   -0.004377
    1   -1    2    4    0.003162
    1   -1    3    4   -0.003760
    1   -1    4    4   -0.010002
    1   -1    5    4    0.000342
    1   -1    6    4   -0.013242
    1   -1    7    4   -0.006752
    1   -1    8    4    0.001195
    1   -1    9    4   -0.015652
    1   -1   10    4   -0.006833
    1   -1   11    4   -0.001072
    1   -1   12    4    0.013180
    1   -1   13    4   -0.009855
    1   -1   14    4   -0.001505
    1   -1   15    4   -0.007412
    1   -1   16    4    0.009812
    1   -1   17    4   -0.000285
    1   -1   18    4    0.006667
    1   -1    1    5    0.000415
    1   -1    2    5    0.000327
    1   -1    3    5    0.002080
    1   -1    4    5   -0.002743
    1   -1    5    5    0.000003
    1   -1    6    5    0.002923
    1   -1    7    5   -0.001445
    1   -1    8    5    0.000160
    1   -1    9    5   -0.003237
    1   -1   10    5    0.001772
    1   -1   11    5    0.000348
    1   -1   12    5    0.000600
    1   -1   13    5    0.005280
    1   -1   14    5   -0.000612
    1   -1   15    5   -0.003220
    1   -1   16    5   -0.000610
    1   -1   17    5    0.000360
    1   -1   18    5   -0.002757
    1   -1    1    6   -0.000350
    1   -1    2    6    0.002205
    1   -1    3    6    0.002537
    1   -1    4    6   -0.001347
    1   -1    5    6   -0.001703
    1   -1    6    6    0.007010
    1   -1    7    6   -0.006560
    1   -1    8    6   -0.000467
    1   -1    9    6   -0.004730
    1   -1   10    6   -0.004750
    1   -1   11    6    0.000950
    1   -1   12    6   -0.001368
    1   -1   13    6    0.013140
    1   -1   14    6   -0.001413
    1   -1   15    6   -0.001975
    1   -1   16    6    0.004620
    1   -1   17    6   -0.001223
    1   -1   18    6   -0.009687
    1   -1    1    7   -0.049322
    1   -1    2    7   -0.002057
    1   -1    3    7    0.004845
    1   -1    4    7   -0.010903
    1   -1    5    7   -0.000890
    1   -1    6    7    0.011810
    1   -1    7    7   -0.010492
    1   -1    8    7    0.000410
    1   -1    9    7    0.008725
    1   -1   10    7    0.003970
    1   -1   11    7   -0.000287
    1   -1   12    7    0.005977
    1   -1   13    7   -0.016785
    1   -1   14    7   -0.002053
    1   -1   15    7   -0.002035
    1   -1   16    7    0.015997
    1   -1   17    7    0.000975
    1   -1   18    7   -0.030822
    1   -1    1    8    0.000765
    1   -1    2    8    0.001513
    1   -1    3    8    0.001133
    1   -1    4    8   -0.004837
    1   -1    5    8   -0.000147
    1   -1    6    8    0.000895
    1   -1    7    8   -0.001247
    1   -1    8    8   -0.000458
    1   -1    9    8    0.009995
    1   -1   10    8   -0.001297
    1   -1   11    8   -0.004018
    1   -1   12    8    0.029450
    1   -1   13    8   -0.044635
    1   -1   14    8    0.000985
    1   -1   15    8    0.002172
    1   -1   16    8    0.002895
    1   -1   17    8    0.003553
    1   -1   18    8   -0.006605
    1   -1    1    9    0.010955
    1   -1    2    9   -0.002432
    1   -1    3    9    0.001775
    1   -1    4    9   -0.001472
    1   -1    5    9   -0.001145
    1   -1    6    9    0.010775
    1   -1    7    9   -0.003892
    1   -1    8    9    0.000287
    1   -1    9    9   -0.004463
    1   -1   10    9   -0.002437
    1   -1   11    9   -0.001742
    1   -1   12    9   -0.001850
    1   -1   13    9   -0.012435
    1   -1   14    9   -0.000953
    1   -1   15    9    0.011735
    1   -1   16    9    0.007182
    1   -1   17    9    0.001660
    1   -1   18    9   -0.003058
    1   -1    1   10   -0.029475
    1   -1    2   10    0.002370
    1   -1    3   10   -0.004500
    1   -1    4   10    0.003458
    1   -1    5   10   -0.000692
    1   -1    6   10    0.008197
    1   -1    7   10    0.006838
    1   -1    8   10    0.000535
    1   -1    9   10    0.003288
    1   -1   10   10    0.014202
    1   -1   11   10    0.004200
    1   -1   12   10    0.000883
    1   -1   13   10    0.008642
    1   -1   14   10   -0.001713
    1   -1   15   10   -0.032897
    1   -1   16   10    0.001032
    1   -1   17   10   -0.003975
    1   -1   18   10   -0.016470
    1   -1    1   11   -0.000120
    1   -1    2   11    0.000225
    1   -1    3   11    0.000642
    1   -1    4   11    0.002350
    1   -1    5   11   -0.000005
    1   -1    6   11    0.000662
    1   -1    7   11    0.000515
    1   -1    8   11    0.000213
    1   -1    9   11   -0.001197
    1   -1   10   11    0.000215
    1   -1   11   11   -0.000030
    1   -1   12   11   -0.000957
    1   -1   13   11   -0.000395
    1   -1   14   11   -0.000073
    1   -1   15   11   -0.002940
    1   -1   16   11   -0.000185
    1   -1   17   11    0.000840
    1   -1   18   11   -0.000647
    1   -1    1   12   -0.003195
    1   -1    2   12    0.000652
    1   -1    3   12   -0.001255
    1   -1    4   12    0.001467
    1   -1    5   12   -0.001015
    1   -1    6   12    0.004520
    1   -1    7   12   -0.006632
    1   -1    8   12    0.000480
    1   -1    9   12   -0.003205
    1   -1   10   12    0.003992
    1   -1   11   12    0.000257
    1   -1   12   12    0.003182
    1   -1   13   12   -0.005042
    1   -1   14   12   -0.000963
    1   -1   15   12   -0.006678
    1   -1   16   12    0.004187
    1   -1   17   12   -0.000270
    1   -1   18   12   -0.001362
    1   -1    1   13   -0.009728
    1   -1    2   13   -0.000048
    1   -1    3   13   -0.007432
    1   -1    4   13    0.008778
    1   -1    5   13    0.000683
    1   -1    6   13   -0.011690
    1   -1    7   13    0.009127
    1   -1    8   13    0.000510
    1   -1    9   13    0.001475
    1   -1   10   13    0.007682
    1   -1   11   13   -0.000487
    1   -1   12   13    0.003990
    1   -1   13   13    0.002162
    1   -1   14   13    0.001807
    1   -1   15   13   -0.014250
    1   -1   16   13   -0.007220
    1   -1   17   13    0.001553
    1   -1   18   13    0.009362
    1   -1    1   14   -0.000255
    1   -1    2   14   -0.000305
    1   -1    3   14    0.000610
    1   -1    4   14   -0.004012
    1   -1    5   14    0.000077
    1   -1    6   14    0.000857
    1   -1    7   14   -0.001085
    1   -1    8   14    0.000085
    1   -1    9   14    0.000198
    1   -1   10   14    0.000615
    1   -1   11   14   -0.000117
    1   -1   12   14    0.005805
    1   -1   13   14   -0.000422
    1   -1   14   14    0.000173
    1   -1   15   14    0.001252
    1   -1   16   14    0.001800
    1   -1   17   14   -0.000602
    1   -1   18   14   -0.002252
    1   -1    1   15    0.005338
    1   -1    2   15   -0.001585
    1   -1    3   15    0.001580
    1   -1    4   15   -0.008110
    1   -1    5   15    0.000680
    1   -1    6   15   -0.000707
    1   -1    7   15   -0.001073
    1   -1    8   15   -0.001662
    1   -1    9   15    0.007372
    1   -1   10   15   -0.014387
    1   -1   11   15   -0.000532
    1   -1   12   15    0.000407
    1   -1   13   15    0.001522
    1   -1   14   15    0.000628
    1   -1   15   15    0.022023
    1   -1   16   15   -0.001510
    1   -1   17   15   -0.002282
    1   -1   18   15   -0.002430
    1   -1    1   16    0.002187
    1   -1    2   16   -0.001165
    1   -1    3   16   -0.005950
    1   -1    4   16    0.000252
    1   -1    5   16    0.000602
    1   -1    6   16   -0.010682
    1   -1    7   16    0.008845
    1   -1    8   16   -0.000050
    1   -1    9   16    0.008762
    1   -1   10   16   -0.001960
    1   -1   11   16   -0.001145
    1   -1   12   16   -0.006470
    1   -1   13   16    0.029675
    1   -1   14   16    0.001705
    1   -1   15   16    0.014928
    1   -1   16   16   -0.006290
    1   -1   17   16   -0.000805
    1   -1   18   16    0.006215
    1   -1    1   17   -0.000970
    1   -1    2   17    0.002552
    1   -1    3   17    0.001325
    1   -1    4   17   -0.000620
    1   -1    5   17   -0.000045
    1   -1    6   17   -0.004032
    1   -1    7   17   -0.000725
    1   -1    8   17    0.000132
    1   -1    9   17    0.001235
    1   -1   10   17   -0.000060
    1   -1   11   17   -0.003760
    1   -1   12   17   -0.002432
    1   -1   13   17    0.017857
    1   -1   14   17    0.000728
    1   -1   15   17    0.002785
    1   -1   16   17    0.000638
    1   -1   17   17   -0.000702
    1   -1   18   17   -0.001875
    1   -1    1   18    0.025650
    1   -1    2   18    0.005552
    1   -1    3   18   -0.004272
    1   -1    4   18    0.008645
    1   -1    5   18    0.002707
    1   -1    6   18   -0.013722
    1   -1    7   18    0.015855
    1   -1    8   18   -0.000695
    1   -1    9   18   -0.004837
    1   -1   10   18    0.008787
    1   -1   11   18    0.006160
    1   -1   12   18   -0.002975
    1   -1   13   18   -0.013405
    1   -1   14   18    0.001765
    1   -1   15   18   -0.025802
    1   -1   16   18   -0.023643
    1   -1   17   18   -0.003827
    1   -1   18   18    0.025790
   -1    0    1    1    0.007695
   -1    0    2    1   -0.000083
   -1    0    3    1   -0.410032
   -1    0    4    1    0.270417
   -1    0    5    1    0.001377
   -1    0    6    1    0.015950
   -1    0    7    1    0.028965
   -1    0    8    1   -0.004740
   -1    0    9    1   -0.012478
   -1    0   10    1   -0.068415
   -1    0   11    1    0.001127
   -1    0   12    1    0.001915
   -1    0   13    1   -0.020620
   -1    0   14    1    0.013477
   -1    0   15    1    0.021840
   -1    0   16    1   -0.035070
   -1    0   17    1   -0.037202
   -1    0   18    1   -0.000755
   -1    0    1    2    0.013365
   -1    0    2    2    0.002177
   -1    0    3    2    0.375190
   -1    0    4    2   -0.025720
   -1    0    5    2   -0.010722
   -1    0    6    2    0.003230
   -1    0    7    2   -0.012435
   -1    0    8    2   -0.023635
   -1    0    9    2   -0.010112
   -1    0   10    2    0.060630
   -1    0   11    2   -0.022705
   -1    0   12    2    0.005245
   -1    0   13    2    0.002148
   -1    0   14    2    0.059248
   -1    0   15    2   -0.014780
   -1    0   16    2    0.019055
   -1    0   17    2    1.475135
   -1    0   18    2   -0.051592
   -1    0    1    3   -0.073370
   -1    0    2    3   -0.005422
   -1    0    3    3    0.005840
   -1    0    4    3   -0.067317
   -1    0    5    3    0.000863
   -1    0    6    3    0.003230
   -1    0    7    3   -0.018263
   -1    0    8    3   -0.009230
   -1    0    9    3    0.003402
   -1    0   10    3    0.003242
   -1    0   11    3    0.000777
   -1    0   12    3    0.005695
   -1    0   13    3   -0.007513
   -1    0   14    3   -0.007810
   -1    0   15    3   -0.004237
   -1    0   16    3   -0.009657
   -1    0   17    3   -0.066892
   -1    0   18    3    0.038697
   -1    0    1    4    0.034460
   -1    0    2    4    0.097845
   -1    0    3    4   -0.669790
   -1    0    4    4    0.157480
   -1    0    5    4    0.125650
   -1    0    6    4    0.043250
   -1    0    7    4    0.090915
   -1    0    8    4    2.045677
   -1    0    9    4    0.165397
   -1    0   10    4   -0.350662
   -1    0   11    4    0.101835
   -1    0   12    4    0.010485
   -1    0   13    4    0.098160
   -1    0   14    4    0.271220
   -1    0   15    4   -0.282377
   -1    0   16    4    0.007360
   -1    0   17    4   -0.026482
   -1    0   18    4   -0.435302
   -1    0    1    5   -0.004212
   -1    0    2    5   -0.005168
   -1    0    3    5    0.083797
   -1    0    4    5    0.133490
   -1    0    5    5    0.010365
   -1    0    6    5   -0.004292
   -1    0    7    5   -0.003550
   -1    0    8    5   -0.007988
   -1    0    9    5    0.002457
   -1    0   10    5    0.006148
   -1    0   11    5   -0.006047
   -1    0   12    5    0.002252
   -1    0   13    5    0.000023
   -1    0   14    5    0.025013
   -1    0   15    5   -0.002867
   -1    0   16    5   -0.012675
   -1    0   17    5    0.042965
   -1    0   18    5   -0.017200
   -1    0    1    6   -0.097385
   -1    0    2    6    0.024365
   -1    0    3    6   -1.894955
   -1    0    4    6   -0.383680
   -1    0    5    6    0.017990
   -1    0    6    6    0.016772
   -1    0    7    6   -0.178182
   -1    0    8    6    0.102320
   -1    0    9    6   -0.065492
   -1    0   10    6   -0.617130
   -1    0   11    6    0.051368
   -1    0   12    6    0.003645
   -1    0   13    6   -0.010520
   -1    0   14    6    0.043580
   -1    0   15    6   -0.008347
   -1    0   16    6    0.102182
   -1    0   17    6    0.272592
   -1    0   18    6    0.248185
   -1    0    1    7    0.039162
   -1    0    2    7   -0.002810
   -1    0    3    7    0.465880
   -1    0    4    7    2.979150
   -1    0    5    7    0.023377
   -1    0    6    7   -0.100398
   -1    0    7    7   -0.253147
   -1    0    8    7   -0.092673
   -1    0    9    7    0.196182
   -1    0   10    7   -0.126135
   -1    0   11    7    0.005467
   -1    0   12    7    0.013845
   -1    0   13    7    0.032772
   -1    0   14    7   -0.021170
   -1    0   15    7   -0.058435
   -1    0   16    7   -0.241508
   -1    0   17    7   -0.007533
   -1    0   18    7    0.219755
   -1    0    1    8    0.008310
   -1    0    2    8   -0.001085
   -1    0    3    8    0.000575
   -1    0    4    8   -0.003155
   -1    0    5    8   -0.001870
   -1    0    6    8   -0.000977
   -1    0    7    8    0.004370
   -1    0    8    8   -0.000880
   -1    0    9    8    0.003670
   -1    0   10    8   -0.003590
   -1    0   11    8    0.000035
   -1    0   12    8   -0.000805
   -1    0   13    8   -0.000737
   -1    0   14    8   -0.004248
   -1    0   15    8    0.001530
   -1    0   16    8    0.001390
   -1    0   17    8   -0.023740
   -1    0   18    8   -0.001525
   -1    0    1    9   -0.039320
   -1    0    2    9   -0.009652
   -1    0    3    9    0.514000
   -1    0    4    9   -0.748982
   -1    0    5    9    0.007120
   -1    0    6    9   -0.023918
   -1    0    7    9   -0.058080
   -1    0    8    9    0.011907
   -1    0    9    9    0.171190
   -1    0   10    9   -0.213120
   -1    0   11    9   -0.006415
   -1    0   12    9   -0.001292
   -1    0   13    9   -0.017522
   -1    0   14    9    0.012698
   -1    0   15    9    0.049400
   -1    0   16    9   -0.207325
   -1    0   17    9    0.003410
   -1    0   18    9    0.050623
   -1    0    1   10    2.238347
   -1    0    2   10   -0.080620
   -1    0    3   10    0.002855
   -1    0    4   10    0.963455
   -1    0    5   10    0.149047
   -1    0    6   10   -0.048302
   -1    0    7   10    0.834605
   -1    0    8   10   -0.003130
   -1    0    9   10    0.859672
   -1    0   10   10   -0.009902
   -1    0   11   10   -0.026450
   -1    0   12   10   -0.073410
   -1    0   13   10    0.020025
   -1    0   14   10    0.095238
   -1    0   15   10    0.061538
   -1    0   16   10   -0.037160
   -1    0   17   10    0.087985
   -1    0   18   10    0.023302
   -1    0    1   11    0.005040
   -1    0    2   11    0.003353
   -1    0    3   11   -0.033685
   -1    0    4   11   -0.036712
   -1    0    5   11    0.062348
   -1    0    6   11    0.003087
   -1    0    7   11    0.022703
   -1    0    8   11   -0.480280
   -1    0    9   11   -0.050770
   -1    0   10   11    0.064037
   -1    0   11   11    0.009672
   -1    0   12   11   -0.001485
   -1    0   13   11    0.010372
   -1    0   14   11   -0.010907
   -1    0   15   11   -0.023605
   -1    0   16   11    0.010088
   -1    0   17   11    0.575960
   -1    0   18   11    0.013498
   -1    0    1   12    1.625215
   -1    0    2   12    0.012730
   -1    0    3   12   -0.191680
   -1    0    4   12    0.763730
   -1    0    5   12   -0.825192
   -1    0    6   12   -0.011245
   -1    0    7   12    0.496482
   -1    0    8   12   -0.035290
   -1    0    9   12   -1.135652
   -1    0   10   12    0.114312
   -1    0   11   12   -0.187727
   -1    0   12   12    0.141435
   -1    0   13   12   -0.024925
   -1    0   14   12    4.036495
   -1    0   15   12    0.067640
   -1    0   16   12    0.434702
   -1    0   17   12    0.117465
   -1    0   18   12    0.119200
   -1    0    1   13   -0.191395
   -1    0    2   13   -0.086555
   -1    0    3   13    1.215335
   -1    0    4   13    0.207835
   -1    0    5   13    0.381303
   -1    0    6   13    0.019898
   -1    0    7   13   -0.228218
   -1    0    8   13   -2.511152
   -1    0    9   13    0.527580
   -1    0   10   13    0.378068
   -1    0   11   13   -0.031797
   -1    0   12   13   -0.000823
   -1    0   13   13    0.027152
   -1    0   14   13   -1.109225
   -1    0   15   13    0.125975
   -1    0   16   13   -0.194132
   -1    0   17   13   -2.720695
   -1    0   18   13   -0.838025
   -1    0    1   14    0.005845
   -1    0    2   14   -0.004575
   -1    0    3   14    0.039837
   -1    0    4   14    0.007040
   -1    0    5   14   -0.011185
   -1    0    6   14   -0.004900
   -1    0    7   14    0.004910
   -1    0    8   14    0.061503
   -1    0    9   14    0.023002
   -1    0   10   14   -0.001077
   -1    0   11   14   -0.005300
   -1    0   12   14    0.002030
   -1    0   13   14    0.000540
   -1    0   14   14    0.012787
   -1    0   15   14    0.004247
   -1    0   16   14   -0.039880
   -1    0   17   14    0.028420
   -1    0   18   14   -0.014057
   -1    0    1   15   -1.419575
   -1    0    2   15    0.005472
   -1    0    3   15   -0.147545
   -1    0    4   15    0.759718
   -1    0    5   15    0.052272
   -1    0    6   15    0.016703
   -1    0    7   15    0.976905
   -1    0    8   15    1.051457
   -1    0    9   15   -0.037143
   -1    0   10   15   -0.343128
   -1    0   11   15    0.005380
   -1    0   12   15   -0.121970
   -1    0   13   15   -0.118858
   -1    0   14   15    0.131450
   -1    0   15   15    0.273213
   -1    0   16   15    0.232555
   -1    0   17   15   -0.040140
   -1    0   18   15    0.198950
   -1    0    1   16    0.014850
   -1    0    2   16   -0.012375
   -1    0    3   16    0.629042
   -1    0    4   16   -0.458445
   -1    0    5   16    0.005740
   -1    0    6   16    0.018187
   -1    0    7   16    0.042302
   -1    0    8   16   -0.076820
   -1    0    9   16   -0.083933
   -1    0   10   16    0.326270
   -1    0   11   16   -0.009220
   -1    0   12   16   -0.001340
   -1    0   13   16   -0.044048
   -1    0   14   16    0.028545
   -1    0   15   16    0.020420
   -1    0   16   16    0.167368
   -1    0   17   16   -0.026193
   -1    0   18   16   -0.236402
   -1    0    1   17    0.025577
   -1    0    2   17    0.014955
   -1    0    3   17   -0.275432
   -1    0    4   17    0.011590
   -1    0    5   17   -1.077545
   -1    0    6   17    0.002893
   -1    0    7   17    0.018350
   -1    0    8   17    1.708160
   -1    0    9   17    0.011190
   -1    0   10   17   -0.026108
   -1    0   11   17    0.087363
   -1    0   12   17   -0.009125
   -1    0   13   17   -0.038610
   -1    0   14   17   -1.753012
   -1    0   15   17    0.049215
   -1    0   16   17   -0.001225
   -1    0   17   17    0.019418
   -1    0   18   17    0.003760
   -1    0    1   18    0.119680
   -1    0    2   18    0.025960
   -1    0    3   18    0.357395
   -1    0    4   18    0.256798
   -1    0    5   18    0.019190
   -1    0    6   18    0.090432
   -1    0    7   18    0.152740
   -1    0    8   18   -0.107273
   -1    0    9   18   -0.150090
   -1    0   10   18    0.401087
   -1    0   11   18    0.002785
   -1    0   12   18   -0.005152
   -1    0   13   18    0.038877
   -1    0   14   18    0.021005
   -1    0   15   18   -0.024862
   -1    0   16   18   -0.032227
   -1    0   17   18    0.449948
   -1    0   18   18   -0.213740
    0    0    1    1    1.461080
    0    0    2    1    0.128257
    0    0    3    1    0.243450
    0    0    4    1    0.038447
    0    0    5    1    0.074177
    0    0    6    1    0.044837
    0    0    7    1    0.250922
    0    0    8    1    0.148283
    0    0    9    1    0.060390
    0    0   10    1   -0.035462
    0    0   11    1    0.051103
    0    0   12    1   -0.029622
    0    0   13    1    0.139482
    0    0   14    1   -0.121770
    0    0   15    1   -0.062762
    0    0   16    1   -0.209125
    0    0   17    1    0.139595
    0    0   18    1    0.847132
    0    0    1    2    0.128257
    0    0    2    2    0.034878
    0    0    3    2   -0.285077
    0    0    4    2    0.956382
    0    0    5    2    2.913877
    0    0    6    2   -3.045115
    0    0    7    2   -0.612217
    0    0    8    2   -0.024490
    0    0    9    2   -0.236680
    0    0   10    2   -0.240992
    0    0   11    2   -1.617275
    0    0   12    2   -0.627005
    0    0   13    2   -1.397058
    0    0   14    2    1.243945
    0    0   15    2    2.642825
    0    0   16    2    0.435092
    0    0   17    2   -1.738420
    0    0   18    2   -2.245128
    0    0    1    3    0.243450
    0    0    2    3   -0.285077
    0    0    3    3   13.061887
    0    0    4    3   -0.256305
    0    0    5    3   -0.472942
    0    0    6    3   -0.991968
    0    0    7    3    0.069060
    0    0    8    3   -0.425475
    0    0    9    3    0.683965
    0    0   10    3    1.104850
    0    0   11    3   -0.447772
    0    0   12    3    0.044817
    0    0   13    3    0.106057
    0    0   14    3   -1.615837
    0    0   15    3    0.046815
    0    0   16    3    0.000977
    0    0   17    3   -2.205515
    0    0   18    3    1.033613
    0    0    1    4    0.038447
    0    0    2    4    0.956382
    0    0    3    4   -0.256305
    0    0    4    4   -9.622157
    0    0    5    4   -0.016427
    0    0    6    4    0.044940
    0    0    7    4   -0.375810
    0    0    8    4    0.062217
    0    0    9    4   -0.309480
    0    0   10    4   -0.045052
    0    0   11    4    0.892720
    0    0   12    4    1.100425
    0    0   13    4    2.086990
    0    0   14    4    0.001375
    0    0   15    4   -2.062987
    0    0   16    4    0.625322
    0    0   17    4    1.687687
    0    0   18    4    0.240550
    0    0    1    5    0.074177
    0    0    2    5    2.913877
    0    0    3    5   -0.472942
    0    0    4    5   -0.016427
    0    0    5    5    1.950850
    0    0    6    5   -0.512897
    0    0    7    5   -0.058670
    0    0    8    5    0.386652
    0    0    9    5   -0.070405
    0    0   10    5   -0.045190
    0    0   11    5    0.848827
    0    0   12    5   -0.031157
    0    0   13    5    0.051395
    0    0   14    5    1.207682
    0    0   15    5   -0.085422
    0    0   16    5    0.154617
    0    0   17    5    1.773425
    0    0   18    5   -1.584195
    0    0    1    6    0.044837
    0    0    2    6   -3.045115
    0    0    3    6   -0.991968
    0    0    4    6    0.044940
    0    0    5    6   -0.512897
    0    0    6    6   13.651400
    0    0    7    6    0.954125
    0    0    8    6    0.019217
    0    0    9    6    0.433450
    0    0   10    6    1.366918
    0    0   11    6   -0.219262
    0    0   12    6    0.495038
    0    0   13    6    0.365315
    0    0   14    6    0.104472
    0    0   15    6    0.454423
    0    0   16    6   -0.708805
    0    0   17    6    0.103140
    0    0   18    6   -0.513275
    0    0    1    7    0.250922
    0    0    2    7   -0.612217
    0    0    3    7    0.069060
    0    0    4    7   -0.375810
    0    0    5    7   -0.058670
    0    0    6    7    0.954125
    0    0    7    7    3.185847
    0    0    8    7    0.002727
    0    0    9    7   -0.712013
    0    0   10    7   -3.260212
    0    0   11    7   -0.252962
    0    0   12    7   -0.740710
    0    0   13    7   -0.380305
    0    0   14    7   -0.223495
    0    0   15    7   -0.055640
    0    0   16    7    2.045390
    0    0   17    7   -0.218420
    0    0   18    7    2.578980
    0    0    1    8    0.148283
    0    0    2    8   -0.024490
    0    0    3    8   -0.425475
    0    0    4    8    0.062217
    0    0    5    8    0.386652
    0    0    6    8    0.019217
    0    0    7    8    0.002727
    0    0    8    8    1.052600
    0    0    9    8   -0.176962
    0    0   10    8    0.124947
    0    0   11    8   -0.019078
    0    0   12    8   -0.007057
    0    0   13    8    0.033057
    0    0   14    8    0.623868
    0    0   15    8    0.084032
    0    0   16    8   -0.017087
    0    0   17    8   -1.797330
    0    0   18    8   -0.442837
    0    0    1    9    0.060390
    0    0    2    9   -0.236680
    0    0    3    9    0.683965
    0    0    4    9   -0.309480
    0    0    5    9   -0.070405
    0    0    6    9    0.433450
    0    0    7    9   -0.712013
    0    0    8    9   -0.176962
    0    0    9    9   -2.956547
    0    0   10    9    0.886917
    0    0   11    9    0.126230
    0    0   12    9   -0.104257
    0    0   13    9    0.011658
    0    0   14    9   -0.207197
    0    0   15    9   -0.476737
    0    0   16    9    0.717190
    0    0   17    9   -0.660982
    0    0   18    9    1.852580
    0    0    1   10   -0.035462
    0    0    2   10   -0.240992
    0    0    3   10    1.104850
    0    0    4   10   -0.045052
    0    0    5   10   -0.045190
    0    0    6   10    1.366918
    0    0    7   10   -3.260212
    0    0    8   10    0.124947
    0    0    9   10    0.886917
    0    0   10   10   -3.872132
    0    0   11   10   -0.073242
    0    0   12   10   -0.328013
    0    0   13   10   -0.852855
    0    0   14   10   -0.044755
    0    0   15   10    2.125303
    0    0   16   10    0.052100
    0    0   17   10    0.074777
    0    0   18   10   -2.022385
    0    0    1   11    0.051103
    0    0    2   11   -1.617275
    0    0    3   11   -0.447772
    0    0    4   11    0.892720
    0    0    5   11    0.848827
    0    0    6   11   -0.219262
    0    0    7   11   -0.252962
    0    0    8   11   -0.019078
    0    0    9   11    0.126230
    0    0   10   11   -0.073242
    0    0   11   11    1.290507
    0    0   12   11    0.201537
    0    0   13   11   -2.490435
    0    0   14   11    0.808885
    0    0   15   11    1.971690
    0    0   16   11    0.099742
    0    0   17   11   -0.242840
    0    0   18   11   -0.547460
    0    0    1   12   -0.029622
    0    0    2   12   -0.627005
    0    0    3   12    0.044817
    0    0    4   12    1.100425
    0    0    5   12   -0.031157
    0    0    6   12    0.495038
    0    0    7   12   -0.740710
    0    0    8   12   -0.007057
    0    0    9   12   -0.104257
    0    0   10   12   -0.328013
    0    0   11   12    0.201537
    0    0   12   12   15.851310
    0    0   13   12    3.378390
    0    0   14   12   -0.142550
    0    0   15   12    0.770577
    0    0   16   12   -0.479922
    0    0   17   12    0.656915
    0    0   18   12   -0.215012
    0    0    1   13    0.139482
    0    0    2   13   -1.397058
    0    0    3   13    0.106057
    0    0    4   13    2.086990
    0    0    5   13    0.051395
    0    0    6   13    0.365315
    0    0    7   13   -0.380305
    0    0    8   13    0.033057
    0    0    9   13    0.011658
    0    0   10   13   -0.852855
    0    0   11   13   -2.490435
    0    0   12   13    3.378390
    0    0   13   13   -2.250100
    0    0   14   13    0.264912
    0    0   15   13    1.963802
    0    0   16   13   -0.323055
    0    0   17   13    8.039002
    0    0   18   13   -1.797057
    0    0    1   14   -0.121770
    0    0    2   14    1.243945
    0    0    3   14   -1.615837
    0    0    4   14    0.001375
    0    0    5   14    1.207682
    0    0    6   14    0.104472
    0    0    7   14   -0.223495
    0    0    8   14    0.623868
    0    0    9   14   -0.207197
    0    0   10   14   -0.044755
    0    0   11   14    0.808885
    0    0   12   14   -0.142550
    0    0   13   14    0.264912
    0    0   14   14    3.219623
    0    0   15   14   -0.005303
    0    0   16   14    0.218200
    0    0   17   14    3.372145
    0    0   18   14   -0.453405
    0    0    1   15   -0.062762
    0    0    2   15    2.642825
    0    0    3   15    0.046815
    0    0    4   15   -2.062987
    0    0    5   15   -0.085422
    0    0    6   15    0.454423
    0    0    7   15   -0.055640
    0    0    8   15    0.084032
    0    0    9   15   -0.476737
    0    0   10   15    2.125303
    0    0   11   15    1.971690
    0    0   12   15    0.770577
    0    0   13   15    1.963802
    0    0   14   15   -0.005303
    0    0   15   15   -9.754577
    0    0   16   15   -0.149545
    0    0   17   15    0.612655
    0    0   18   15   -0.442873
    0    0    1   16   -0.209125
    0    0    2   16    0.435092
    0    0    3   16    0.000977
    0    0    4   16    0.625322
    0    0    5   16    0.154617
    0    0    6   16   -0.708805
    0    0    7   16    2.045390
    0    0    8   16   -0.017087
    0    0    9   16    0.717190
    0    0   10   16    0.052100
    0    0   11   16    0.099742
    0    0   12   16   -0.479922
    0    0   13   16   -0.323055
    0    0   14   16    0.218200
    0    0   15   16   -0.149545
    0    0   16   16   -0.335360
    0    0   17   16    0.274300
    0    0   18   16    0.363210
    0    0    1   17    0.139595
    0    0    2   17   -1.738420
    0    0    3   17   -2.205515
    0    0    4   17    1.687687
    0    0    5   17    1.773425
    0    0    6   17    0.103140
    0    0    7   17   -0.218420
    0    0    8   17   -1.797330
    0    0    9   17   -0.660982
    0    0   10   17    0.074777
    0    0   11   17   -0.242840
    0    0   12   17    0.656915
    0    0   13   17    8.039002
    0    0   14   17    3.372145
    0    0   15   17    0.612655
    0    0   16   17    0.274300
    0    0   17   17   -0.667795
    0    0   18   17   -0.340865
    0    0    1   18    0.847132
    0    0    2   18   -2.245128
    0    0    3   18    1.033613
    0    0    4   18    0.240550
    0    0    5   18   -1.584195
    0    0    6   18   -0.513275
    0    0    7   18    2.578980
    0    0    8   18   -0.442837
    0    0    9   18    1.852580
    0    0   10   18   -2.022385
    0    0   11   18   -0.547460
    0    0   12   18   -0.215012
    0    0   13   18   -1.797057
    0    0   14   18   -0.453405
    0    0   15   18   -0.442873
    0    0   16   18    0.363210
    0    0   17   18   -0.340865
    0    0   18   18    7.300445
    1    0    1    1    0.007695
    1    0    2    1    0.013365
    1    0    3    1   -0.073370
    1    0    4    1    0.034460
    1    0    5    1   -0.004212
    1    0    6    1   -0.097385
    1    0    7    1    0.039162
    1    0    8    1    0.008310
    1    0    9    1   -0.039320
    1    0   10    1    2.238347
    1    0   11    1    0.005040
    1    0   12    1    1.625215
    1    0   13    1   -0.191395
    1    0   14    1    0.005845
    1    0   15    1   -1.419575
    1    0   16    1    0.014850
    1    0   17    1    0.025577
    1    0   18    1    0.119680
    1    0    1    2   -0.000083
    1    0    2    2    0.002177
    1    0    3    2   -0.005422
    1    0    4    2    0.097845
    1    0    5    2   -0.005168
    1    0    6    2    0.024365
    1    0    7    2   -0.002810
    1    0    8    2   -0.001085
    1    0    9    2   -0.009652
    1    0   10    2   -0.080620
    1    0   11    2    0.003353
    1    0   12    2    0.012730
    1    0   13    2   -0.086555
    1    0   14    2   -0.004575
    1    0   15    2    0.005472
    1    0   16    2   -0.012375
    1    0   17    2    0.014955
    1    0   18    2    0.025960
    1    0    1    3   -0.410032
    1    0    2    3    0.375190
    1    0    3    3    0.005840
    1    0    4    3   -0.669790
    1    0    5    3    0.083797
    1    0    6    3   -1.894955
    1    0    7    3    0.465880
    1    0    8    3    0.000575
    1    0    9    3    0.514000
    1    0   10    3    0.002855
    1    0   11    3   -0.033685
    1    0   12    3   -0.191680
    1    0   13    3    1.215335
    1    0   14    3    0.039837
    1    0   15    3   -0.147545
    1    0   16    3    0.629042
    1    0   17    3   -0.275432
    1    0   18    3    0.357395
    1    0    1    4    0.270417
    1    0    2    4   -0.025720
    1    0    3    4   -0.067317
    1    0    4    4    0.157480
    1    0    5    4    0.133490
    1    0    6    4   -0.383680
    1    0    7    4    2.979150
    1    0    8    4   -0.003155
    1    0    9    4   -0.748982
    1    0   10    4    0.963455
    1    0   11    4   -0.036712
    1    0   12    4    0.763730
    1    0   13    4    0.207835
    1    0   14    4    0.007040
    1    0   15    4    0.759718
    1    0   16    4   -0.458445
    1    0   17    4    0.011590
    1    0   18    4    0.256798
    1    0    1    5    0.001377
    1    0    2    5   -0.010722
    1    0    3    5    0.000863
    1    0    4    5    0.125650
    1    0    5    5    0.010365
    1    0    6    5    0.017990
    1    0    7    5    0.023377
    1    0    8    5   -0.001870
    1    0    9    5    0.007120
    1    0   10    5    0.149047
    1    0   11    5    0.062348
    1    0   12    5   -0.825192
    1    0   13    5    0.381303
    1    0   14    5   -0.011185
    1    0   15    5    0.052272
    1    0   16    5    0.005740
    1    0   17    5   -1.077545
    1    0   18    5    0.019190
    1    0    1    6    0.015950
    1    0    2    6    0.003230
    1    0    3    6    0.003230
    1    0    4    6    0.043250
    1    0    5    6   -0.004292
    1    0    6    6    0.016772
    1    0    7    6   -0.100398
    1    0    8    6   -0.000977
    1    0    9    6   -0.023918
    1    0   10    6   -0.048302
    1    0   11    6    0.003087
    1    0   12    6   -0.011245
    1    0   13    6    0.019898
    1    0   14    6   -0.004900
    1    0   15    6    0.016703
    1    0   16    6    0.018187
    1    0   17    6    0.002893
    1    0   18    6    0.090432
    1    0    1    7    0.028965
    1    0    2    7   -0.012435
    1    0    3    7   -0.018263
    1    0    4    7    0.090915
    1    0    5    7   -0.003550
    1    0    6    7   -0.178182
    1    0    7    7   -0.253147
    1    0    8    7    0.004370
    1    0    9    7   -0.058080
    1    0   10    7    0.834605
    1    0   11    7    0.022703
    1    0   12    7    0.496482
    1    0   13    7   -0.228218
    1    0   14    7    0.004910
    1    0   15    7    0.976905
    1    0   16    7    0.042302
    1    0   17    7    0.018350
    1    0   18    7    0.152740
    1    0    1    8   -0.004740
    1    0    2    8   -0.023635
    1    0    3    8   -0.009230
    1    0    4    8    2.045677
    1    0    5    8   -0.007988
    1    0    6    8    0.102320
    1    0    7    8   -0.092673
    1    0    8    8   -0.000880
    1    0    9    8    0.011907
    1    0   10    8   -0.003130
    1    0   11    8   -0.480280
    1    0   12    8   -0.035290
    1    0   13    8   -2.511152
    1    0   14    8    0.061503
    1    0   15    8    1.051457
    1    0   16    8   -0.076820
    1    0   17    8    1.708160
    1    0   18    8   -0.107273
    1    0    1    9   -0.012478
    1    0    2    9   -0.010112
    1    0    3    9    0.003402
    1    0    4    9    0.165397
    1    0    5    9    0.002457
    1    0    6    9   -0.065492
    1    0    7    9    0.196182
    1    0    8    9    0.003670
    1    0    9    9    0.171190
    1    0   10    9    0.859672
    1    0   11    9   -0.050770
    1    0   12    9   -1.135652
    1    0   13    9    0.527580
    1    0   14    9    0.023002
    1    0   15    9   -0.037143
    1    0   16    9   -0.083933
    1    0   17    9    0.011190
    1    0   18    9   -0.150090
    1    0    1   10   -0.068415
    1    0    2   10    0.060630
    1    0    3   10    0.003242
    1    0    4   10   -0.350662
    1    0    5   10    0.006148
    1    0    6   10   -0.617130
    1    0    7   10   -0.126135
    1    0    8   10   -0.003590
    1    0    9   10   -0.213120
    1    0   10   10   -0.009902
    1    0   11   10    0.064037
    1    0   12   10    0.114312
    1    0   13   10    0.378068
    1    0   14   10   -0.001077
    1    0   15   10   -0.343128
    1    0   16   10    0.326270
    1    0   17   10   -0.026108
    1    0   18   10    0.401087
    1    0    1   11    0.001127
    1    0    2   11   -0.022705
    1    0    3   11    0.000777
    1    0    4   11    0.101835
    1    0    5   11   -0.006047
    1    0    6   11    0.051368
    1    0    7   11    0.005467
    1    0    8   11    0.000035
    1    0    9   11   -0.006415
    1    0   10   11   -0.026450
    1    0   11   11    0.009672
    1    0   12   11   -0.187727
    1    0   13   11   -0.031797
    1    0   14   11   -0.005300
    1    0   15   11    0.005380
    1    0   16   11   -0.009220
    1    0   17   11    0.087363
    1    0   18   11    0.002785
    1    0    1   12    0.001915
    1    0    2   12    0.005245
    1    0    3   12    0.005695
    1    0    4   12    0.010485
    1    0    5   12    0.002252
    1    0    6   12    0.003645
    1    0    7   12    0.013845
    1    0    8   12   -0.000805
    1    0    9   12   -0.001292
    1    0   10   12   -0.073410
    1    0   11   12   -0.001485
    1    0   12   12    0.141435
    1    0   13   12   -0.000823
    1    0   14   12    0.002030
    1    0   15   12   -0.121970
    1    0   16   12   -0.001340
    1    0   17   12   -0.009125
    1    0   18   12   -0.005152
    1    0    1   13   -0.020620
    1    0    2   13    0.002148
    1    0    3   13   -0.007513
    1    0    4   13    0.098160
    1    0    5   13    0.000023
    1    0    6   13   -0.010520
    1    0    7   13    0.032772
    1    0    8   13   -0.000737
    1    0    9   13   -0.017522
    1    0   10   13    0.020025
    1    0   11   13    0.010372
    1    0   12   13   -0.024925
    1    0   13   13    0.027152
    1    0   14   13    0.000540
    1    0   15   13   -0.118858
    1    0   16   13   -0.044048
    1    0   17   13   -0.038610
    1    0   18   13    0.038877
    1    0    1   14    0.013477
    1    0    2   14    0.059248
    1    0    3   14   -0.007810
    1    0    4   14    0.271220
    1    0    5   14    0.025013
    1    0    6   14    0.043580
    1    0    7   14   -0.021170
    1    0    8   14   -0.004248
    1    0    9   14    0.012698
    1    0   10   14    0.095238
    1    0   11   14   -0.010907
    1    0   12   14    4.036495
    1    0   13   14   -1.109225
    1    0   14   14    0.012787
    1    0   15   14    0.131450
    1    0   16   14    0.028545
    1    0   17   14   -1.753012
    1    0   18   14    0.021005
    1    0    1   15    0.021840
    1    0    2   15   -0.014780
    1    0    3   15   -0.004237
    1    0    4   15   -0.282377
    1    0    5   15   -0.002867
    1    0    6   15   -0.008347
    1    0    7   15   -0.058435
    1    0    8   15    0.001530
    1    0    9   15    0.049400
    1    0   10   15    0.061538
    1    0   11   15   -0.023605
    1    0   12   15    0.067640
    1    0   13   15    0.125975
    1    0   14   15    0.004247
    1    0   15   15    0.273213
    1    0   16   15    0.020420
    1    0   17   15    0.049215
    1    0   18   15   -0.024862
    1    0    1   16   -0.035070
    1    0    2   16    0.019055
    1    0    3   16   -0.009657
    1    0    4   16    0.007360
    1    0    5   16   -0.012675
    1    0    6   16    0.102182
    1    0    7   16   -0.241508
    1    0    8   16    0.001390
    1    0    9   16   -0.207325
    1    0   10   16   -0.037160
    1    0   11   16    0.010088
    1    0   12   16    0.434702
    1    0   13   16   -0.194132
    1    0   14   16   -0.039880
    1    0   15   16    0.232555
    1    0   16   16    0.167368
    1    0   17   16   -0.001225
    1    0   18   16   -0.032227
    1    0    1   17   -0.037202
    1    0    2   17    1.475135
    1    0    3   17   -0.066892
    1    0    4   17   -0.026482
    1    0    5   17    0.042965
    1    0    6   17    0.272592
    1    0    7   17   -0.007533
    1    0    8   17   -0.023740
    1    0    9   17    0.003410
    1    0   10   17    0.087985
    1    0   11   17    0.575960
    1    0   12   17    0.117465
    1    0   13   17   -2.720695
    1    0   14   17    0.028420
    1    0   15   17   -0.040140
    1    0   16   17   -0.026193
    1    0   17   17    0.019418
    1    0   18   17    0.449948
    1    0    1   18   -0.000755
    1    0    2   18   -0.051592
    1    0    3   18    0.038697
    1    0    4   18   -0.435302
    1    0    5   18   -0.017200
    1    0    6   18    0.248185
    1    0    7   18    0.219755
    1    0    8   18   -0.001525
    1    0    9   18    0.050623
    1    0   10   18    0.023302
    1    0   11   18    0.013498
    1    0   12   18    0.119200
    1    0   13   18   -0.838025
    1    0   14   18   -0.014057
    1    0   15   18    0.198950
    1    0   16   18   -0.236402
    1    0   17   18    0.003760
    1    0   18   18   -0.213740
   -1    1    1    1   -0.000250
   -1    1    2    1   -0.000310
   -1    1    3    1   -0.033455
   -1    1    4    1   -0.004377
   -1    1    5    1    0.000415
   -1    1    6    1   -0.000350
   -1    1    7    1   -0.049322
   -1    1    8    1    0.000765
   -1    1    9    1    0.010955
   -1    1   10    1   -0.029475
   -1    1   11    1   -0.000120
   -1    1   12    1   -0.003195
   -1    1   13    1   -0.009728
   -1    1   14    1   -0.000255
   -1    1   15    1    0.005338
   -1    1   16    1    0.002187
   -1    1   17    1   -0.000970
   -1    1   18    1    0.025650
   -1    1    1    2    0.004185
   -1    1    2    2    0.000050
   -1    1    3    2   -0.007870
   -1    1    4    2    0.003162
   -1    1    5    2    0.000327
   -1    1    6    2    0.002205
   -1    1    7    2   -0.002057
   -1    1    8    2    0.001513
   -1    1    9    2   -0.002432
   -1    1   10    2    0.002370
   -1    1   11    2    0.000225
   -1    1   12    2    0.000652
   -1    1   13    2   -0.000048
   -1    1   14    2   -0.000305
   -1    1   15    2   -0.001585
   -1    1   16    2   -0.001165
   -1    1   17    2    0.002552
   -1    1   18    2    0.005552
   -1    1    1    3   -0.013585
   -1    1    2    3   -0.000745
   -1    1    3    3    0.011720
   -1    1    4    3   -0.003760
   -1    1    5    3    0.002080
   -1    1    6    3    0.002537
   -1    1    7    3    0.004845
   -1    1    8    3    0.001133
   -1    1    9    3    0.001775
   -1    1   10    3   -0.004500
   -1    1   11    3    0.000642
   -1    1   12    3   -0.001255
   -1    1   13    3   -0.007432
   -1    1   14    3    0.000610
   -1    1   15    3    0.001580
   -1    1   16    3   -0.005950
   -1    1   17    3    0.001325
   -1    1   18    3   -0.004272
   -1    1    1    4    0.001038
   -1    1    2    4    0.000607
   -1    1    3    4   -0.024740
   -1    1    4    4   -0.010002
   -1    1    5    4   -0.002743
   -1    1    6    4   -0.001347
   -1    1    7    4   -0.010903
   -1    1    8    4   -0.004837
   -1    1    9    4   -0.001472
   -1    1   10    4    0.003458
   -1    1   11    4    0.002350
   -1    1   12    4    0.001467
   -1    1   13    4    0.008778
   -1    1   14    4   -0.004012
   -1    1   15    4   -0.008110
   -1    1   16    4    0.000252
   -1    1   17    4   -0.000620
   -1    1   18    4    0.008645
   -1    1    1    5   -0.000227
   -1    1    2    5    0.000182
   -1    1    3    5   -0.002385
   -1    1    4    5    0.000342
   -1    1    5    5    0.000003
   -1    1    6    5   -0.001703
   -1    1    7    5   -0.000890
   -1    1    8    5   -0.000147
   -1    1    9    5   -0.001145
   -1    1   10    5   -0.000692
   -1    1   11    5   -0.000005
   -1    1   12    5   -0.001015
   -1    1   13    5    0.000683
   -1    1   14    5    0.000077
   -1    1   15    5    0.000680
   -1    1   16    5    0.000602
   -1    1   17    5   -0.000045
   -1    1   18    5    0.002707
   -1    1    1    6   -0.036540
   -1    1    2    6   -0.000105
   -1    1    3    6    0.023783
   -1    1    4    6   -0.013242
   -1    1    5    6    0.002923
   -1    1    6    6    0.007010
   -1    1    7    6    0.011810
   -1    1    8    6    0.000895
   -1    1    9    6    0.010775
   -1    1   10    6    0.008197
   -1    1   11    6    0.000662
   -1    1   12    6    0.004520
   -1    1   13    6   -0.011690
   -1    1   14    6    0.000857
   -1    1   15    6   -0.000707
   -1    1   16    6   -0.010682
   -1    1   17    6   -0.004032
   -1    1   18    6   -0.013722
   -1    1    1    7    0.009072
   -1    1    2    7    0.001807
   -1    1    3    7   -0.016892
   -1    1    4    7   -0.006752
   -1    1    5    7   -0.001445
   -1    1    6    7   -0.006560
   -1    1    7    7   -0.010492
   -1    1    8    7   -0.001247
   -1    1    9    7   -0.003892
   -1    1   10    7    0.006838
   -1    1   11    7    0.000515
   -1    1   12    7   -0.006632
   -1    1   13    7    0.009127
   -1    1   14    7   -0.001085
   -1    1   15    7   -0.001073
   -1    1   16    7    0.008845
   -1    1   17    7   -0.000725
   -1    1   18    7    0.015855
   -1    1    1    8    0.000213
   -1    1    2    8    0.000353
   -1    1    3    8   -0.000607
   -1    1    4    8    0.001195
   -1    1    5    8    0.000160
   -1    1    6    8   -0.000467
   -1    1    7    8    0.000410
   -1    1    8    8   -0.000458
   -1    1    9    8    0.000287
   -1    1   10    8    0.000535
   -1    1   11    8    0.000213
   -1    1   12    8    0.000480
   -1    1   13    8    0.000510
   -1    1   14    8    0.000085
   -1    1   15    8   -0.001662
   -1    1   16    8   -0.000050
   -1    1   17    8    0.000132
   -1    1   18    8   -0.000695
   -1    1    1    9    0.006435
   -1    1    2    9   -0.000577
   -1    1    3    9    0.028132
   -1    1    4    9   -0.015652
   -1    1    5    9   -0.003237
   -1    1    6    9   -0.004730
   -1    1    7    9    0.008725
   -1    1    8    9    0.009995
   -1    1    9    9   -0.004463
   -1    1   10    9    0.003288
   -1    1   11    9   -0.001197
   -1    1   12    9   -0.003205
   -1    1   13    9    0.001475
   -1    1   14    9    0.000198
   -1    1   15    9    0.007372
   -1    1   16    9    0.008762
   -1    1   17    9    0.001235
   -1    1   18    9   -0.004837
   -1    1    1   10    0.021227
   -1    1    2   10    0.001958
   -1    1    3   10   -0.011575
   -1    1    4   10   -0.006833
   -1    1    5   10    0.001772
   -1    1    6   10   -0.004750
   -1    1    7   10    0.003970
   -1    1    8   10   -0.001297
   -1    1    9   10   -0.002437
   -1    1   10   10    0.014202
   -1    1   11   10    0.000215
   -1    1   12   10    0.003992
   -1    1   13   10    0.007682
   -1    1   14   10    0.000615
   -1    1   15   10   -0.014387
   -1    1   16   10   -0.001960
   -1    1   17   10   -0.000060
   -1    1   18   10    0.008787
   -1    1    1   11   -0.003942
   -1    1    2   11   -0.000052
   -1    1    3   11   -0.000423
   -1    1    4   11   -0.001072
   -1    1    5   11    0.000348
   -1    1    6   11    0.000950
   -1    1    7   11   -0.000287
   -1    1    8   11   -0.004018
   -1    1    9   11   -0.001742
   -1    1   10   11    0.004200
   -1    1   11   11   -0.000030
   -1    1   12   11    0.000257
   -1    1   13   11   -0.000487
   -1    1   14   11   -0.000117
   -1    1   15   11   -0.000532
   -1    1   16   11   -0.001145
   -1    1   17   11   -0.003760
   -1    1   18   11    0.006160
   -1    1    1   12   -0.031080
   -1    1    2   12    0.000815
   -1    1    3   12    0.000470
   -1    1    4   12    0.013180
   -1    1    5   12    0.000600
   -1    1    6   12   -0.001368
   -1    1    7   12    0.005977
   -1    1    8   12    0.029450
   -1    1    9   12   -0.001850
   -1    1   10   12    0.000883
   -1    1   11   12   -0.000957
   -1    1   12   12    0.003182
   -1    1   13   12    0.003990
   -1    1   14   12    0.005805
   -1    1   15   12    0.000407
   -1    1   16   12   -0.006470
   -1    1   17   12   -0.002432
   -1    1   18   12   -0.002975
   -1    1    1   13    0.048552
   -1    1    2   13    0.006222
   -1    1    3   13    0.008122
   -1    1    4   13   -0.009855
   -1    1    5   13    0.005280
   -1    1    6   13    0.013140
   -1    1    7   13   -0.016785
   -1    1    8   13   -0.044635
   -1    1    9   13   -0.012435
   -1    1   10   13    0.008642
   -1    1   11   13   -0.000395
   -1    1   12   13   -0.005042
   -1    1   13   13    0.002162
   -1    1   14   13   -0.000422
   -1    1   15   13    0.001522
   -1    1   16   13    0.029675
   -1    1   17   13    0.017857
   -1    1   18   13   -0.013405
   -1    1    1   14    0.004102
   -1    1    2   14    0.000170
   -1    1    3   14   -0.004250
   -1    1    4   14   -0.001505
   -1    1    5   14   -0.000612
   -1    1    6   14   -0.001413
   -1    1    7   14   -0.002053
   -1    1    8   14    0.000985
   -1    1    9   14   -0.000953
   -1    1   10   14   -0.001713
   -1    1   11   14   -0.000073
   -1    1   12   14   -0.000963
   -1    1   13   14    0.001807
   -1    1   14   14    0.000173
   -1    1   15   14    0.000628
   -1    1   16   14    0.001705
   -1    1   17   14    0.000728
   -1    1   18   14    0.001765
   -1    1    1   15   -0.006765
   -1    1    2   15   -0.003435
   -1    1    3   15    0.032665
   -1    1    4   15   -0.007412
   -1    1    5   15   -0.003220
   -1    1    6   15   -0.001975
   -1    1    7   15   -0.002035
   -1    1    8   15    0.002172
   -1    1    9   15    0.011735
   -1    1   10   15   -0.032897
   -1    1   11   15   -0.002940
   -1    1   12   15   -0.006678
   -1    1   13   15   -0.014250
   -1    1   14   15    0.001252
   -1    1   15   15    0.022023
   -1    1   16   15    0.014928
   -1    1   17   15    0.002785
   -1    1   18   15   -0.025802
   -1    1    1   16   -0.006648
   -1    1    2   16   -0.001370
   -1    1    3   16    0.120067
   -1    1    4   16    0.009812
   -1    1    5   16   -0.000610
   -1    1    6   16    0.004620
   -1    1    7   16    0.015997
   -1    1    8   16    0.002895
   -1    1    9   16    0.007182
   -1    1   10   16    0.001032
   -1    1   11   16   -0.000185
   -1    1   12   16    0.004187
   -1    1   13   16   -0.007220
   -1    1   14   16    0.001800
   -1    1   15   16   -0.001510
   -1    1   16   16   -0.006290
   -1    1   17   16    0.000638
   -1    1   18   16   -0.023643
   -1    1    1   17   -0.000080
   -1    1    2   17    0.000485
   -1    1    3   17    0.008837
   -1    1    4   17   -0.000285
   -1    1    5   17    0.000360
   -1    1    6   17   -0.001223
   -1    1    7   17    0.000975
   -1    1    8   17    0.003553
   -1    1    9   17    0.001660
   -1    1   10   17   -0.003975
   -1    1   11   17    0.000840
   -1    1   12   17   -0.000270
   -1    1   13   17    0.001553
   -1    1   14   17   -0.000602
   -1    1   15   17   -0.002282
   -1    1   16   17   -0.000805
   -1    1   17   17   -0.000702
   -1    1   18   17   -0.003827
   -1    1    1   18    0.022972
   -1    1    2   18    0.000610
   -1    1    3   18   -0.052417
   -1    1    4   18    0.006667
   -1    1    5   18   -0.002757
   -1    1    6   18   -0.009687
   -1    1    7   18   -0.030822
   -1    1    8   18   -0.006605
   -1    1    9   18   -0.003058
   -1    1   10   18   -0.016470
   -1    1   11   18   -0.000647
   -1    1   12   18   -0.001362
   -1    1   13   18    0.009362
   -1    1   14   18   -0.002252
   -1    1   15   18   -0.002430
   -1    1   16   18    0.006215
   -1    1   17   18   -0.001875
   -1    1   18   18    0.025790
    0    1    1    1    0.113132
    0    1    2    1   -0.005425
    0    1    3    1    0.205585
    0    1    4    1   -0.006980
    0    1    5    1   -0.017170
    0    1    6    1    0.239627
    0    1    7    1   -0.006555
    0    1    8    1   -0.108855
    0    1    9    1   -0.009395
    0    1   10    1    1.122975
    0    1   11    1   -0.001497
    0    1   12    1   -0.000367
    0    1   13    1   -0.003530
    0    1   14    1    0.005782
    0    1   15    1    0.040992
    0    1   16    1   -0.018707
    0    1   17    1   -0.000275
    0    1   18    1    0.486237
    0    1    1    2   -0.068250
    0    1    2    2    0.008630
    0    1    3    2    0.024095
    0    1    4    2   -0.001327
    0    1    5    2    0.010432
    0    1    6    2    0.017053
    0    1    7    2   -0.006070
    0    1    8    2    0.016385
    0    1    9    2    0.001615
    0    1   10    2   -0.010310
    0    1   11    2    0.000180
    0    1   12    2   -0.000557
    0    1   13    2    0.007937
    0    1   14    2   -0.002775
    0    1   15    2   -0.026015
    0    1   16    2    0.006785
    0    1   17    2   -0.022527
    0    1   18    2    0.027338
    0    1    1    3   -0.011377
    0    1    2    3    0.000535
    0    1    3    3   -0.024250
    0    1    4    3    0.005860
    0    1    5    3    0.011458
    0    1    6    3   -0.022700
    0    1    7    3    0.009672
    0    1    8    3   -0.053672
    0    1    9    3    0.010557
    0    1   10    3    0.009200
    0    1   11    3    0.001245
    0    1   12    3    0.007385
    0    1   13    3    0.000843
    0    1   14    3    0.006295
    0    1   15    3   -0.015135
    0    1   16    3   -0.052340
    0    1   17    3    0.010722
    0    1   18    3    0.035162
    0    1    1    4   -0.011737
    0    1    2    4   -0.019935
    0    1    3    4    0.004880
    0    1    4    4    0.098162
    0    1    5    4    0.006815
    0    1    6    4   -0.044770
    0    1    7    4    0.043905
    0    1    8    4    0.001602
    0    1    9    4    0.010755
    0    1   10    4    0.019030
    0    1   11    4    0.005805
    0    1   12    4    0.009860
    0    1   13    4   -0.028460
    0    1   14    4   -0.000400
    0    1   15    4   -0.044660
    0    1   16    4   -0.003607
    0    1   17    4    0.002230
    0    1   18    4   -0.031570
    0    1    1    5    0.020850
    0    1    2    5   -0.002543
    0    1    3    5    0.002917
    0    1    4    5    0.000015
    0    1    5    5   -0.003265
    0    1    6    5   -0.008302
    0    1    7    5    0.004457
    0    1    8    5   -0.004168
    0    1    9    5    0.003205
    0    1   10    5   -0.001432
    0    1   11    5   -0.000005
    0    1   12    5    0.000628
    0    1   13    5    0.004038
    0    1   14    5   -0.001733
    0    1   15    5   -0.002902
    0    1   16    5   -0.003410
    0    1   17    5    0.000770
    0    1   18    5    0.008127
    0    1    1    6    0.225085
    0    1    2    6   -0.006627
    0    1    3    6   -0.136717
    0    1    4    6    0.002340
    0    1    5    6   -0.010908
    0    1    6    6   -0.011837
    0    1    7    6    0.080185
    0    1    8    6   -0.012257
    0    1    9    6    0.016552
    0    1   10    6    0.070450
    0    1   11    6   -0.002295
    0    1   12    6    0.005175
    0    1   13    6   -0.024143
    0    1   14    6    0.007735
    0    1   15    6   -0.005215
    0    1   16    6   -0.064528
    0    1   17    6    0.011275
    0    1   18    6    0.010303
    0    1    1    7   -0.005265
    0    1    2    7    0.006957
    0    1    3    7    0.091378
    0    1    4    7   -0.055540
    0    1    5    7    0.005870
    0    1    6    7    0.036570
    0    1    7    7    0.003200
    0    1    8    7    0.000355
    0    1    9    7    0.011420
    0    1   10    7   -0.073955
    0    1   11    7    0.002380
    0    1   12    7    0.007067
    0    1   13    7    0.003543
    0    1   14    7    0.001213
    0    1   15    7   -0.014505
    0    1   16    7    0.009017
    0    1   17    7    0.006837
    0    1   18    7    0.005972
    0    1    1    8    0.007043
    0    1    2    8    0.000540
    0    1    3    8    0.003785
    0    1    4    8   -0.000020
    0    1    5    8    0.000692
    0    1    6    8    0.002095
    0    1    7    8    0.002485
    0    1    8    8   -0.001153
    0    1    9    8   -0.001505
    0    1   10    8    0.002755
    0    1   11    8   -0.000215
    0    1   12    8   -0.000437
    0    1   13    8   -0.000530
    0    1   14    8    0.000630
    0    1   15    8    0.000502
    0    1   16    8    0.000757
    0    1   17    8    0.001053
    0    1   18    8   -0.000733
    0    1    1    9   -0.060820
    0    1    2    9    0.008775
    0    1    3    9   -0.762420
    0    1    4    9   -0.014370
    0    1    5    9   -0.000170
    0    1    6    9    0.041218
    0    1    7    9    0.102945
    0    1    8    9    0.016150
    0    1    9    9    0.061485
    0    1   10    9    0.492962
    0    1   11    9    0.011140
    0    1   12    9    0.004497
    0    1   13    9    0.036282
    0    1   14    9    0.006960
    0    1   15    9   -0.058220
    0    1   16    9   -0.019290
    0    1   17    9   -0.014565
    0    1   18    9   -0.078622
    0    1    1   10   -0.483182
    0    1    2   10    0.006635
    0    1    3   10   -0.061925
    0    1    4   10   -0.007075
    0    1    5   10    0.001683
    0    1    6   10   -0.041443
    0    1    7   10    0.017527
    0    1    8   10   -0.004810
    0    1    9   10    0.015555
    0    1   10   10    0.039040
    0    1   11   10   -0.001885
    0    1   12   10    0.024893
    0    1   13   10   -0.018617
    0    1   14   10    0.010008
    0    1   15   10    0.009962
    0    1   16   10    0.006023
    0    1   17   10    0.004667
    0    1   18   10    0.029950
    0    1    1   11    0.007562
    0    1    2   11   -0.002267
    0    1    3   11   -0.015957
    0    1    4   11    0.007922
    0    1    5   11   -0.021480
    0    1    6   11   -0.036805
    0    1    7   11    0.007537
    0    1    8   11    0.176405
    0    1    9   11    0.010740
    0    1   10   11   -0.009473
    0    1   11   11    0.002583
    0    1   12   11    0.001270
    0    1   13   11    0.005380
    0    1   14   11   -0.001720
    0    1   15   11   -0.008675
    0    1   16   11   -0.007203
    0    1   17   11    0.090887
    0    1   18   11   -0.047122
    0    1    1   12   -0.739792
    0    1    2   12   -0.216515
    0    1    3   12   -0.029027
    0    1    4   12   -0.010840
    0    1    5   12   -0.369092
    0    1    6   12    0.051332
    0    1    7   12   -0.037197
    0    1    8   12   -0.037692
    0    1    9   12   -0.006107
    0    1   10   12    0.010812
    0    1   11   12    0.046747
    0    1   12   12   -0.058780
    0    1   13   12   -0.060180
    0    1   14   12    0.047083
    0    1   15   12   -0.161818
    0    1   16   12    0.150470
    0    1   17   12    0.061972
    0    1   18   12   -0.073495
    0    1    1   13   -0.228128
    0    1    2   13    0.045725
    0    1    3   13    0.095842
    0    1    4   13   -0.033555
    0    1    5   13   -0.003825
    0    1    6   13   -0.022172
    0    1    7   13   -0.061630
    0    1    8   13    0.065777
    0    1    9   13    0.013572
    0    1   10   13   -0.071472
    0    1   11   13    0.039912
    0    1   12   13   -0.027152
    0    1   13   13   -0.032960
    0    1   14   13    0.027285
    0    1   15   13    0.045232
    0    1   16   13    0.048523
    0    1   17   13    0.061130
    0    1   18   13   -0.924450
    0    1    1   14   -0.003652
    0    1    2   14    0.001277
    0    1    3   14    0.015460
    0    1    4   14   -0.005700
    0    1    5   14   -0.001775
    0    1    6   14    0.004295
    0    1    7   14    0.000442
    0    1    8   14   -0.010200
    0    1    9   14    0.001480
    0    1   10   14    0.000610
    0    1   11   14   -0.000910
    0    1   12   14   -0.000355
    0    1   13   14    0.003110
    0    1   14   14   -0.000595
    0    1   15   14    0.002280
    0    1   16   14    0.003492
    0    1   17   14    0.010042
    0    1   18   14    0.007795
    0    1    1   15    0.003982
    0    1    2   15   -0.040440
    0    1    3   15   -0.061433
    0    1    4   15   -0.064852
    0    1    5   15    0.001142
    0    1    6   15    0.019078
    0    1    7   15   -0.027668
    0    1    8   15    0.088002
    0    1    9   15   -0.056188
    0    1   10   15    0.018645
    0    1   11   15   -0.018550
    0    1   12   15    0.004363
    0    1   13   15   -0.039473
    0    1   14   15    0.012017
    0    1   15   15    0.141320
    0    1   16   15    0.035487
    0    1   17   15    0.007262
    0    1   18   15    0.078800
    0    1    1   16   -0.190828
    0    1    2   16    0.003765
    0    1    3   16   -0.167030
    0    1    4   16    0.031182
    0    1    5   16   -0.010845
    0    1    6   16    0.046825
    0    1    7   16   -0.078170
    0    1    8   16   -0.003895
    0    1    9   16   -0.003520
    0    1   10   16    0.106762
    0    1   11   16    0.004428
    0    1   12   16   -0.015450
    0    1   13   16    0.050888
    0    1   14   16   -0.002710
    0    1   15   16   -0.027903
    0    1   16   16    0.015627
    0    1   17   16   -0.017340
    0    1   18   16   -0.010677
    0    1    1   17   -0.015745
    0    1    2   17    0.005262
    0    1    3   17   -0.009155
    0    1    4   17    0.006532
    0    1    5   17   -0.026412
    0    1    6   17   -0.003510
    0    1    7   17    0.000207
    0    1    8   17   -0.068565
    0    1    9   17   -0.001803
    0    1   10   17    0.007748
    0    1   11   17    0.000412
    0    1   12   17   -0.002077
    0    1   13   17    0.004812
    0    1   14   17   -0.003720
    0    1   15   17   -0.020740
    0    1   16   17    0.001137
    0    1   17   17   -0.005587
    0    1   18   17   -0.000215
    0    1    1   18   -0.047955
    0    1    2   18   -0.001863
    0    1    3   18   -0.711410
    0    1    4   18    0.005655
    0    1    5   18    0.002088
    0    1    6   18   -0.001765
    0    1    7   18    0.155710
    0    1    8   18    0.011410
    0    1    9   18   -0.018372
    0    1   10   18    0.301208
    0    1   11   18   -0.010055
    0    1   12   18   -0.003032
    0    1   13   18   -0.034577
    0    1   14   18   -0.003833
    0    1   15   18    0.074410
    0    1   16   18    0.063878
    0    1   17   18    0.028632
    0    1   18   18   -0.021692
    1    1    1    1    0.260662
    1    1    2    1   -0.014655
    1    1    3    1   -0.003993
    1    1    4    1    0.189262
    1    1    5    1   -0.011180
    1    1    6    1    0.408380
    1    1    7    1    0.000925
    1    1    8    1    0.008430
    1    1    9    1    0.162977
    1    1   10    1    0.067965
    1    1   11    1   -0.037922
    1    1   12    1    0.014165
    1    1   13    1   -0.146025
    1    1   14    1   -0.002152
    1    1   15    1    0.048268
    1    1   16    1    0.014845
    1    1   17    1   -0.026412
    1    1   18    1   -0.162235
    1    1    1    2   -0.005975
    1    1    2    2    0.000050
    1    1    3    2   -0.000890
    1    1    4    2    0.037947
    1    1    5    2   -0.000720
    1    1    6    2    0.030707
    1    1    7    2   -0.004795
    1    1    8    2    0.000592
    1    1    9    2   -0.003075
    1    1   10    2   -0.013095
    1    1   11    2   -0.005130
    1    1   12    2   -0.016743
    1    1   13    2   -0.022445
    1    1   14    2    0.000097
    1    1   15    2    0.003515
    1    1   16    2   -0.000090
    1    1   17    2    0.011602
    1    1   18    2    0.007007
    1    1    1    3   -0.028390
    1    1    2    3    0.108863
    1    1    3    3    0.479365
    1    1    4    3    0.008983
    1    1    5    3   -0.000435
    1    1    6    3   -0.887108
    1    1    7    3   -0.033110
    1    1    8    3   -0.071392
    1    1    9    3   -0.007460
    1    1   10    3   -0.168562
    1    1   11    3   -0.020662
    1    1   12    3    0.056407
    1    1   13    3    0.021223
    1    1   14    3    0.022155
    1    1   15    3   -0.055095
    1    1   16    3   -0.042847
    1    1   17    3    0.006550
    1    1   18    3    0.057057
    1    1    1    4    0.408195
    1    1    2    4   -0.012265
    1    1    3    4    0.009152
    1    1    4    4    0.032522
    1    1    5    4    0.001045
    1    1    6    4   -0.012502
    1    1    7    4    0.058878
    1    1    8    4    0.003330
    1    1    9    4    0.010207
    1    1   10    4    0.021577
    1    1   11    4   -0.008635
    1    1   12    4    0.033150
    1    1   13    4   -0.037378
    1    1   14    4    0.000160
    1    1   15    4    0.036425
    1    1   16    4   -0.010953
    1    1   17    4    0.007957
    1    1   18    4    0.032535
    1    1    1    5    0.001607
    1    1    2    5    0.001975
    1    1    3    5   -0.000397
    1    1    4    5    0.006405
    1    1    5    5    0.009883
    1    1    6    5    0.009335
    1    1    7    5    0.009442
    1    1    8    5   -0.005992
    1    1    9    5    0.001953
    1    1   10    5    0.015537
    1    1   11    5   -0.000902
    1    1   12    5    0.007380
    1    1   13    5    0.005625
    1    1   14    5   -0.001895
    1    1   15    5   -0.012922
    1    1   16    5   -0.004600
    1    1   17    5   -0.003612
    1    1   18    5    0.014127
    1    1    1    6   -0.000183
    1    1    2    6    0.010110
    1    1    3    6   -0.000880
    1    1    4    6    0.005237
    1    1    5    6    0.003567
    1    1    6    6   -0.088195
    1    1    7    6    0.042392
    1    1    8    6    0.000087
    1    1    9    6    0.007872
    1    1   10    6    0.135245
    1    1   11    6    0.002200
    1    1   12    6    0.112620
    1    1   13    6    0.009047
    1    1   14    6    0.001230
    1    1   15    6   -0.193525
    1    1   16    6   -0.024027
    1    1   17    6   -0.000460
    1    1   18    6    0.015035
    1    1    1    7    0.000845
    1    1    2    7   -0.014677
    1    1    3    7   -0.015700
    1    1    4    7    0.029422
    1    1    5    7    0.006585
    1    1    6    7   -0.209335
    1    1    7    7    0.055578
    1    1    8    7   -0.001798
    1    1    9    7    0.053987
    1    1   10    7    0.095967
    1    1   11    7   -0.009428
    1    1   12    7    0.036555
    1    1   13    7   -0.036652
    1    1   14    7    0.012602
    1    1   15    7   -0.022162
    1    1   16    7   -0.018155
    1    1   17    7    0.000222
    1    1   18    7   -0.012600
    1    1    1    8   -0.028993
    1    1    2    8    0.000992
    1    1    3    8    0.013525
    1    1    4    8   -0.013562
    1    1    5    8    0.007310
    1    1    6    8    0.036787
    1    1    7    8   -0.008280
    1    1    8    8    0.029622
    1    1    9    8    0.003735
    1    1   10    8   -0.005770
    1    1   11    8    0.001790
    1    1   12    8    0.000932
    1    1   13    8   -0.002280
    1    1   14    8    0.000160
    1    1   15    8    0.005780
    1    1   16    8    0.003407
    1    1   17    8   -0.003582
    1    1   18    8   -0.025522
    1    1    1    9    0.067727
    1    1    2    9   -0.007890
    1    1    3    9    0.022177
    1    1    4    9    0.004387
    1    1    5    9    0.005400
    1    1    6    9   -0.120495
    1    1    7    9   -0.027107
    1    1    8    9    0.000740
    1    1    9    9    0.035620
    1    1   10    9   -0.075680
    1    1   11    9    0.002267
    1    1   12    9    0.064037
    1    1   13    9    0.000700
    1    1   14    9    0.003417
    1    1   15    9    0.158008
    1    1   16    9   -0.224532
    1    1   17    9    0.001578
    1    1   18    9   -0.021345
    1    1    1   10    0.020267
    1    1    2   10    0.004250
    1    1    3   10    0.041847
    1    1    4   10   -0.016567
    1    1    5   10    0.000303
    1    1    6   10    0.123895
    1    1    7   10    0.012297
    1    1    8   10   -0.006580
    1    1    9   10   -0.005315
    1    1   10   10   -0.163435
    1    1   11   10    0.003040
    1    1   12   10   -0.089763
    1    1   13   10    0.039972
    1    1   14   10    0.001775
    1    1   15   10    0.114955
    1    1   16   10    0.005392
    1    1   17   10   -0.002790
    1    1   18   10    0.037237
    1    1    1   11   -0.005000
    1    1    2   11    0.012525
    1    1    3   11    0.012828
    1    1    4   11    0.078183
    1    1    5   11   -0.000187
    1    1    6   11   -0.110903
    1    1    7   11    0.004312
    1    1    8   11    0.003415
    1    1    9   11   -0.002867
    1    1   10   11    0.051735
    1    1   11   11    0.019367
    1    1   12   11    0.003393
    1    1   13   11    0.065667
    1    1   14   11   -0.001040
    1    1   15   11   -0.023742
    1    1   16   11    0.008318
    1    1   17   11   -0.092828
    1    1   18   11   -0.038512
    1    1    1   12   -0.006922
    1    1    2   12   -0.001792
    1    1    3   12    0.002945
    1    1    4   12    0.022157
    1    1    5   12   -0.000300
    1    1    6   12    0.042617
    1    1    7   12   -0.038667
    1    1    8   12    0.000040
    1    1    9   12   -0.010360
    1    1   10   12   -0.145710
    1    1   11   12   -0.000255
    1    1   12   12   -0.169020
    1    1   13   12    0.032668
    1    1   14   12   -0.004822
    1    1   15   12    0.199873
    1    1   16   12    0.026660
    1    1   17   12   -0.004252
    1    1   18   12   -0.020195
    1    1    1   13   -0.003598
    1    1    2   13   -0.001923
    1    1    3   13   -0.004418
    1    1    4   13    0.067905
    1    1    5   13    0.005122
    1    1    6   13    0.021967
    1    1    7   13   -0.019885
    1    1    8   13    0.000548
    1    1    9   13   -0.010687
    1    1   10   13   -0.043315
    1    1   11   13    0.012335
    1    1   12   13   -0.131727
    1    1   13   13    0.039785
    1    1   14   13   -0.002260
    1    1   15   13    0.199623
    1    1   16   13    0.021728
    1    1   17   13   -0.036142
    1    1   18   13   -0.043175
    1    1    1   14    0.044242
    1    1    2   14   -0.044945
    1    1    3   14    0.014400
    1    1    4   14    0.007620
    1    1    5   14   -0.083915
    1    1    6   14    0.015392
    1    1    7   14    0.001565
    1    1    8   14    0.014770
    1    1    9   14    0.001662
    1    1   10   14   -0.014962
    1    1   11   14    0.008150
    1    1   12   14    0.004788
    1    1   13   14   -0.040663
    1    1   14   14    0.012885
    1    1   15   14    0.028635
    1    1   16   14   -0.017255
    1    1   17   14    0.012970
    1    1   18   14   -0.018770
    1    1    1   15   -0.002920
    1    1    2   15    0.002463
    1    1    3   15   -0.008365
    1    1    4   15   -0.229937
    1    1    5   15   -0.005180
    1    1    6   15    0.007840
    1    1    7   15   -0.011842
    1    1    8   15    0.003150
    1    1    9   15    0.011825
    1    1   10   15   -0.077837
    1    1   11   15   -0.001597
    1    1   12   15   -0.010862
    1    1   13   15    0.115345
    1    1   14   15    0.000100
    1    1   15   15    0.107105
    1    1   16   15    0.004327
    1    1   17   15   -0.014010
    1    1   18   15   -0.008245
    1    1    1   16   -0.085567
    1    1    2   16   -0.004647
    1    1    3   16   -0.016342
    1    1    4   16    0.013900
    1    1    5   16   -0.011830
    1    1    6   16    0.019587
    1    1    7   16   -0.066045
    1    1    8   16   -0.005665
    1    1    9   16   -0.031530
    1    1   10   16   -0.108655
    1    1   11   16    0.000910
    1    1   12   16   -0.061077
    1    1   13   16    0.033515
    1    1   14   16   -0.006540
    1    1   15   16    0.094615
    1    1   16   16    0.028182
    1    1   17   16   -0.015922
    1    1   18   16    0.025160
    1    1    1   17    0.025530
    1    1    2   17   -0.026537
    1    1    3   17   -0.003383
    1    1    4   17   -0.012712
    1    1    5   17   -0.005345
    1    1    6   17    0.098745
    1    1    7   17   -0.000982
    1    1    8   17    0.011368
    1    1    9   17   -0.000470
    1    1   10   17   -0.004070
    1    1   11   17   -0.002468
    1    1   12   17   -0.005067
    1    1   13   17   -0.031722
    1    1   14   17   -0.004440
    1    1   15   17    0.018245
    1    1   16   17    0.004870
    1    1   17   17    0.013920
    1    1   18   17    0.131357
    1    1    1   18    0.015525
    1    1    2   18   -0.019185
    1    1    3   18   -0.006308
    1    1    4   18   -0.047607
    1    1    5   18    0.006267
    1    1    6   18   -0.218327
    1    1    7   18   -0.086272
    1    1    8   18    0.012250
    1    1    9   18    0.000290
    1    1   10   18   -0.079065
    1    1   11   18    0.015600
    1    1   12   18   -0.075450
    1    1   13   18   -0.037455
    1    1   14   18   -0.004233
    1    1   15   18    0.111433
    1    1   16   18    0.012255
    1    1   17   18   -0.010025
    1    1   18   18   -0.139450
