 ir1  ir2   m    n          ReH 
   -1   -1    1    1    0.014127
   -1   -1    2    1   -0.009830
   -1   -1    3    1    0.080540
   -1   -1    4    1   -0.001627
   -1   -1    5    1   -0.002920
   -1   -1    6    1    0.029470
   -1   -1    7    1    0.012247
   -1   -1    8    1   -0.001017
   -1   -1    9    1    0.047475
   -1   -1   10    1    0.017470
   -1   -1   11    1   -0.002507
   -1   -1   12    1    0.023177
   -1   -1   13    1    0.027290
   -1   -1   14    1   -0.004100
   -1   -1   15    1    0.007128
   -1   -1   16    1   -0.024137
   -1   -1   17    1   -0.010528
   -1   -1   18    1    0.102140
   -1   -1    1    2    0.000522
   -1   -1    2    2   -0.005003
   -1   -1    3    2   -0.000400
   -1   -1    4    2    0.004085
   -1   -1    5    2   -0.003082
   -1   -1    6    2    0.030362
   -1   -1    7    2   -0.009265
   -1   -1    8    2    0.001320
   -1   -1    9    2    0.045738
   -1   -1   10    2    0.225977
   -1   -1   11    2   -0.010743
   -1   -1   12    2    0.005435
   -1   -1   13    2    0.011565
   -1   -1   14    2    0.001775
   -1   -1   15    2    0.091540
   -1   -1   16    2   -0.006612
   -1   -1   17    2    0.003760
   -1   -1   18    2   -0.014335
   -1   -1    1    3    0.003067
   -1   -1    2    3   -0.004945
   -1   -1    3    3    0.001967
   -1   -1    4    3    0.062918
   -1   -1    5    3    0.008857
   -1   -1    6    3   -0.012582
   -1   -1    7    3   -0.008792
   -1   -1    8    3    0.002825
   -1   -1    9    3   -0.059900
   -1   -1   10    3   -0.043160
   -1   -1   11    3   -0.013377
   -1   -1   12    3    0.026075
   -1   -1   13    3    0.032620
   -1   -1   14    3   -0.011740
   -1   -1   15    3    0.007385
   -1   -1   16    3    0.082882
   -1   -1   17    3   -0.007310
   -1   -1   18    3    0.046435
   -1   -1    1    4    0.011072
   -1   -1    2    4    0.001092
   -1   -1    3    4   -0.033112
   -1   -1    4    4    0.084145
   -1   -1    5    4    0.011835
   -1   -1    6    4   -0.000628
   -1   -1    7    4   -0.007667
   -1   -1    8    4    0.007048
   -1   -1    9    4   -0.057142
   -1   -1   10    4   -0.080140
   -1   -1   11    4    0.003250
   -1   -1   12    4   -0.011842
   -1   -1   13    4    0.002555
   -1   -1   14    4    0.002415
   -1   -1   15    4   -0.003107
   -1   -1   16    4    0.016845
   -1   -1   17    4    0.004287
   -1   -1   18    4    0.009165
   -1   -1    1    5    0.006415
   -1   -1    2    5   -0.000908
   -1   -1    3    5    0.019052
   -1   -1    4    5    0.000195
   -1   -1    5    5   -0.005710
   -1   -1    6    5    0.009482
   -1   -1    7    5    0.009012
   -1   -1    8    5   -0.004097
   -1   -1    9    5    0.023987
   -1   -1   10    5    0.427555
   -1   -1   11    5   -0.012570
   -1   -1   12    5   -0.002482
   -1   -1   13    5   -0.002063
   -1   -1   14    5   -0.015627
   -1   -1   15    5    0.033215
   -1   -1   16    5   -0.013128
   -1   -1   17    5   -0.000277
   -1   -1   18    5   -0.013930
   -1   -1    1    6    0.073417
   -1   -1    2    6    0.004528
   -1   -1    3    6    0.028550
   -1   -1    4    6   -0.003960
   -1   -1    5    6    0.008225
   -1   -1    6    6   -0.084615
   -1   -1    7    6    0.076175
   -1   -1    8    6    0.000225
   -1   -1    9    6   -0.156620
   -1   -1   10    6   -0.023543
   -1   -1   11    6    0.069730
   -1   -1   12    6   -0.052927
   -1   -1   13    6   -0.053335
   -1   -1   14    6   -0.018197
   -1   -1   15    6   -0.395713
   -1   -1   16    6    0.062973
   -1   -1   17    6   -0.025185
   -1   -1   18    6    0.052277
   -1   -1    1    7    0.055373
   -1   -1    2    7   -0.049740
   -1   -1    3    7    0.026003
   -1   -1    4    7   -0.030002
   -1   -1    5    7    0.006018
   -1   -1    6    7    0.099013
   -1   -1    7    7    0.106520
   -1   -1    8    7   -0.003507
   -1   -1    9    7   -1.179387
   -1   -1   10    7   -0.190110
   -1   -1   11    7    0.254830
   -1   -1   12    7   -0.055450
   -1   -1   13    7    0.100842
   -1   -1   14    7    0.006105
   -1   -1   15    7   -0.992827
   -1   -1   16    7   -0.386935
   -1   -1   17    7   -0.026742
   -1   -1   18    7    0.696617
   -1   -1    1    8    0.017205
   -1   -1    2    8   -0.000990
   -1   -1    3    8    0.009078
   -1   -1    4    8   -0.004415
   -1   -1    5    8   -0.002217
   -1   -1    6    8    0.000060
   -1   -1    7    8    0.000610
   -1   -1    8    8   -0.010647
   -1   -1    9    8   -0.000195
   -1   -1   10    8    0.177870
   -1   -1   11    8   -0.000548
   -1   -1   12    8   -0.005955
   -1   -1   13    8   -0.004253
   -1   -1   14    8   -0.008332
   -1   -1   15    8   -0.003770
   -1   -1   16    8   -0.005117
   -1   -1   17    8   -0.008682
   -1   -1   18    8   -0.008242
   -1   -1    1    9    0.120135
   -1   -1    2    9   -0.000103
   -1   -1    3    9   -0.032317
   -1   -1    4    9    0.018453
   -1   -1    5    9    0.008047
   -1   -1    6    9   -0.025057
   -1   -1    7    9   -0.037943
   -1   -1    8    9   -0.001315
   -1   -1    9    9   -0.098962
   -1   -1   10    9   -0.276963
   -1   -1   11    9    0.026880
   -1   -1   12    9    0.029130
   -1   -1   13    9   -0.005420
   -1   -1   14    9    0.001925
   -1   -1   15    9   -0.105072
   -1   -1   16    9    0.010402
   -1   -1   17    9    0.002387
   -1   -1   18    9    0.069477
   -1   -1    1   10    0.023915
   -1   -1    2   10    0.005245
   -1   -1    3   10   -0.011137
   -1   -1    4   10    0.018902
   -1   -1    5   10   -0.000535
   -1   -1    6   10    0.018835
   -1   -1    7   10    0.028988
   -1   -1    8   10    0.005885
   -1   -1    9   10   -0.264033
   -1   -1   10   10    0.006665
   -1   -1   11   10    0.032808
   -1   -1   12   10    0.051240
   -1   -1   13   10   -0.025160
   -1   -1   14   10   -0.010430
   -1   -1   15   10   -0.492258
   -1   -1   16   10    0.036735
   -1   -1   17   10    0.027320
   -1   -1   18   10    0.196010
   -1   -1    1   11   -0.015023
   -1   -1    2   11    0.000872
   -1   -1    3   11    0.016747
   -1   -1    4   11   -0.003260
   -1   -1    5   11    0.000838
   -1   -1    6   11    0.011710
   -1   -1    7   11    0.010072
   -1   -1    8   11   -0.000697
   -1   -1    9   11    0.000560
   -1   -1   10   11   -0.014675
   -1   -1   11   11   -0.012210
   -1   -1   12   11    0.002570
   -1   -1   13   11   -0.010642
   -1   -1   14   11   -0.001230
   -1   -1   15   11    0.021205
   -1   -1   16   11   -0.009730
   -1   -1   17   11    0.001362
   -1   -1   18   11    0.000908
   -1   -1    1   12   -0.051062
   -1   -1    2   12    0.001768
   -1   -1    3   12    0.028715
   -1   -1    4   12   -0.056430
   -1   -1    5   12   -0.020257
   -1   -1    6   12    0.005855
   -1   -1    7   12    0.040465
   -1   -1    8   12   -0.005025
   -1   -1    9   12    0.053913
   -1   -1   10   12   -0.389672
   -1   -1   11   12    0.003257
   -1   -1   12   12    0.050428
   -1   -1   13   12    0.017812
   -1   -1   14   12   -0.000092
   -1   -1   15   12    0.025935
   -1   -1   16   12   -0.128212
   -1   -1   17   12   -0.028957
   -1   -1   18   12    0.016155
   -1   -1    1   13    0.049565
   -1   -1    2   13   -0.007488
   -1   -1    3   13   -0.019708
   -1   -1    4   13    0.047480
   -1   -1    5   13    0.005320
   -1   -1    6   13   -0.069695
   -1   -1    7   13    0.024522
   -1   -1    8   13    0.000450
   -1   -1    9   13   -0.117967
   -1   -1   10   13    1.360978
   -1   -1   11   13    0.069012
   -1   -1   12   13   -0.046607
   -1   -1   13   13   -0.092452
   -1   -1   14   13   -0.020335
   -1   -1   15   13   -0.148847
   -1   -1   16   13   -0.176617
   -1   -1   17   13    0.007533
   -1   -1   18   13    0.028002
   -1   -1    1   14    0.010555
   -1   -1    2   14    0.000060
   -1   -1    3   14   -0.005617
   -1   -1    4   14   -0.002612
   -1   -1    5   14   -0.001157
   -1   -1    6   14    0.007898
   -1   -1    7   14   -0.002775
   -1   -1    8   14   -0.001430
   -1   -1    9   14    0.010605
   -1   -1   10   14    0.051523
   -1   -1   11   14   -0.003485
   -1   -1   12   14   -0.002448
   -1   -1   13   14   -0.005185
   -1   -1   14   14   -0.004935
   -1   -1   15   14    0.013515
   -1   -1   16   14   -0.002197
   -1   -1   17   14   -0.000485
   -1   -1   18   14   -0.015180
   -1   -1    1   15   -0.011690
   -1   -1    2   15    0.018850
   -1   -1    3   15    0.013652
   -1   -1    4   15    0.024580
   -1   -1    5   15    0.008993
   -1   -1    6   15   -0.096887
   -1   -1    7   15    0.018342
   -1   -1    8   15   -0.001553
   -1   -1    9   15   -0.068905
   -1   -1   10   15   -0.009902
   -1   -1   11   15    0.008263
   -1   -1   12   15    0.017475
   -1   -1   13   15   -0.017260
   -1   -1   14   15    0.003120
   -1   -1   15   15   -0.042260
   -1   -1   16   15   -0.027330
   -1   -1   17   15    0.005455
   -1   -1   18   15    0.037782
   -1   -1    1   16    0.087447
   -1   -1    2   16    0.016100
   -1   -1    3   16   -0.131425
   -1   -1    4   16   -0.149297
   -1   -1    5   16   -0.016792
   -1   -1    6   16   -0.122242
   -1   -1    7   16   -0.107142
   -1   -1    8   16   -0.003100
   -1   -1    9   16    0.104250
   -1   -1   10   16    0.006290
   -1   -1   11   16   -0.036275
   -1   -1   12   16   -0.038185
   -1   -1   13   16    0.024595
   -1   -1   14   16   -0.014817
   -1   -1   15   16    0.043420
   -1   -1   16   16    0.205735
   -1   -1   17   16    0.006627
   -1   -1   18   16   -0.161132
   -1   -1    1   17    0.000093
   -1   -1    2   17    0.013365
   -1   -1    3   17   -0.007512
   -1   -1    4   17    0.005727
   -1   -1    5   17    0.000562
   -1   -1    6   17   -0.029818
   -1   -1    7   17   -0.004382
   -1   -1    8   17   -0.004740
   -1   -1    9   17   -0.023258
   -1   -1   10   17   -0.461177
   -1   -1   11   17   -0.072640
   -1   -1   12   17    0.020645
   -1   -1   13   17   -0.003815
   -1   -1   14   17   -0.005930
   -1   -1   15   17   -0.005937
   -1   -1   16   17   -0.005057
   -1   -1   17   17   -0.002012
   -1   -1   18   17    0.003625
   -1   -1    1   18    0.051202
   -1   -1    2   18    0.000545
   -1   -1    3   18    0.070817
   -1   -1    4   18    0.012477
   -1   -1    5   18    0.000715
   -1   -1    6   18   -0.021220
   -1   -1    7   18    0.023745
   -1   -1    8   18   -0.003387
   -1   -1    9   18   -0.064062
   -1   -1   10   18    0.116270
   -1   -1   11   18    0.015332
   -1   -1   12   18    0.081720
   -1   -1   13   18   -0.011627
   -1   -1   14   18   -0.010080
   -1   -1   15   18   -0.028560
   -1   -1   16   18   -0.022583
   -1   -1   17   18   -0.022830
   -1   -1   18   18    0.209357
    0   -1    1    1    0.024660
    0   -1    2    1   -0.022417
    0   -1    3    1   -0.031195
    0   -1    4    1    0.003930
    0   -1    5    1    0.003287
    0   -1    6    1    0.064110
    0   -1    7    1   -0.001673
    0   -1    8    1    0.003980
    0   -1    9    1   -0.130752
    0   -1   10    1    0.003955
    0   -1   11    1    0.025625
    0   -1   12    1    0.000300
    0   -1   13    1    0.033625
    0   -1   14    1    0.007972
    0   -1   15    1   -0.179088
    0   -1   16    1    0.057118
    0   -1   17    1    0.005810
    0   -1   18    1    0.053760
    0   -1    1    2   -0.006755
    0   -1    2    2    0.000375
    0   -1    3    2   -0.000845
    0   -1    4    2    0.000052
    0   -1    5    2   -0.001713
    0   -1    6    2    0.026952
    0   -1    7    2   -0.002518
    0   -1    8    2    0.000340
    0   -1    9    2    0.037183
    0   -1   10    2   -0.026612
    0   -1   11    2   -0.010935
    0   -1   12    2   -0.012250
    0   -1   13    2   -0.000662
    0   -1   14    2    0.001597
    0   -1   15    2    0.036867
    0   -1   16    2    0.000992
    0   -1   17    2   -0.001237
    0   -1   18    2    0.007063
    0   -1    1    3    0.130075
    0   -1    2    3   -0.029007
    0   -1    3    3   -0.170225
    0   -1    4    3   -0.007197
    0   -1    5    3   -0.024935
    0   -1    6    3    0.070457
    0   -1    7    3   -0.189535
    0   -1    8    3    0.004205
    0   -1    9    3   -0.055025
    0   -1   10    3   -0.075815
    0   -1   11    3    0.054857
    0   -1   12    3   -0.065365
    0   -1   13    3    0.017195
    0   -1   14    3    0.000940
    0   -1   15    3   -0.292325
    0   -1   16    3    0.051615
    0   -1   17    3    0.015952
    0   -1   18    3    0.087358
    0   -1    1    4    0.043557
    0   -1    2    4   -0.018330
    0   -1    3    4   -0.194950
    0   -1    4    4    0.077677
    0   -1    5    4   -0.005200
    0   -1    6    4    0.002965
    0   -1    7    4   -0.229508
    0   -1    8    4    0.002355
    0   -1    9    4    0.022315
    0   -1   10    4    0.374360
    0   -1   11    4   -0.058467
    0   -1   12    4   -0.023775
    0   -1   13    4   -0.024797
    0   -1   14    4   -0.002072
    0   -1   15    4   -0.063530
    0   -1   16    4    0.603985
    0   -1   17    4    0.015195
    0   -1   18    4   -0.064365
    0   -1    1    5    0.001925
    0   -1    2    5   -0.003165
    0   -1    3    5    0.001085
    0   -1    4    5   -0.000190
    0   -1    5    5   -0.000632
    0   -1    6    5    0.015145
    0   -1    7    5   -0.000930
    0   -1    8    5   -0.000002
    0   -1    9    5    0.029438
    0   -1   10    5   -0.079140
    0   -1   11    5    0.028865
    0   -1   12    5   -0.009022
    0   -1   13    5   -0.005985
    0   -1   14    5    0.004280
    0   -1   15    5    0.028313
    0   -1   16    5   -0.010060
    0   -1   17    5    0.001050
    0   -1   18    5   -0.027195
    0   -1    1    6    0.032680
    0   -1    2    6   -0.004905
    0   -1    3    6   -0.041515
    0   -1    4    6    0.005262
    0   -1    5    6    0.009505
    0   -1    6    6   -0.003882
    0   -1    7    6   -0.040650
    0   -1    8    6    0.000152
    0   -1    9    6   -0.160058
    0   -1   10    6    0.048840
    0   -1   11    6    0.035505
    0   -1   12    6    0.042685
    0   -1   13    6   -0.044793
    0   -1   14    6    0.004182
    0   -1   15    6   -0.151828
    0   -1   16    6   -0.143072
    0   -1   17    6   -0.015992
    0   -1   18    6    0.009482
    0   -1    1    7   -0.006960
    0   -1    2    7   -0.018732
    0   -1    3    7   -0.009540
    0   -1    4    7    0.003132
    0   -1    5    7   -0.004762
    0   -1    6    7    0.116425
    0   -1    7    7   -0.003125
    0   -1    8    7    0.001708
    0   -1    9    7    0.006740
    0   -1   10    7    0.003587
    0   -1   11    7    0.002925
    0   -1   12    7   -0.023960
    0   -1   13    7   -0.008305
    0   -1   14    7    0.003395
    0   -1   15    7   -0.183625
    0   -1   16    7   -0.002420
    0   -1   17    7    0.001555
    0   -1   18    7   -0.030272
    0   -1    1    8    0.015892
    0   -1    2    8   -0.011703
    0   -1    3    8    0.008117
    0   -1    4    8    0.002775
    0   -1    5    8   -0.002117
    0   -1    6    8    0.061145
    0   -1    7    8   -0.002197
    0   -1    8    8    0.003675
    0   -1    9    8    0.003020
    0   -1   10    8    0.314110
    0   -1   11    8   -0.072970
    0   -1   12    8   -0.011500
    0   -1   13    8    0.094500
    0   -1   14    8    0.033017
    0   -1   15    8   -0.017622
    0   -1   16    8    0.043213
    0   -1   17    8   -0.001750
    0   -1   18    8   -0.026110
    0   -1    1    9   -0.020677
    0   -1    2    9   -0.024338
    0   -1    3    9   -0.030650
    0   -1    4    9   -0.004655
    0   -1    5    9    0.005360
    0   -1    6    9    0.084980
    0   -1    7    9   -0.003555
    0   -1    8    9   -0.000228
    0   -1    9    9   -0.064282
    0   -1   10    9    0.078535
    0   -1   11    9    0.019107
    0   -1   12    9    0.016927
    0   -1   13    9    0.010840
    0   -1   14    9    0.000175
    0   -1   15    9   -0.032735
    0   -1   16    9   -0.021333
    0   -1   17    9   -0.008578
    0   -1   18    9    0.097657
    0   -1    1   10    0.007442
    0   -1    2   10    0.002085
    0   -1    3   10    0.017002
    0   -1    4   10    0.000192
    0   -1    5   10   -0.001463
    0   -1    6   10    0.000740
    0   -1    7   10   -0.010727
    0   -1    8   10   -0.001457
    0   -1    9   10   -0.079503
    0   -1   10   10   -0.127605
    0   -1   11   10    0.008835
    0   -1   12   10    0.050867
    0   -1   13   10    0.012308
    0   -1   14   10   -0.005365
    0   -1   15   10   -0.113985
    0   -1   16   10   -0.009745
    0   -1   17   10   -0.007950
    0   -1   18   10   -0.012325
    0   -1    1   11   -0.001720
    0   -1    2   11   -0.003822
    0   -1    3   11   -0.001132
    0   -1    4   11    0.000395
    0   -1    5   11    0.000820
    0   -1    6   11    0.001800
    0   -1    7   11   -0.005910
    0   -1    8   11    0.000077
    0   -1    9   11   -0.000030
    0   -1   10   11    0.000597
    0   -1   11   11    0.003360
    0   -1   12   11   -0.000897
    0   -1   13   11    0.017692
    0   -1   14   11   -0.000055
    0   -1   15   11    0.008940
    0   -1   16   11   -0.000735
    0   -1   17   11   -0.001795
    0   -1   18   11    0.003910
    0   -1    1   12    0.027723
    0   -1    2   12   -0.017792
    0   -1    3   12    0.050827
    0   -1    4   12    0.001430
    0   -1    5   12    0.005847
    0   -1    6   12    0.068157
    0   -1    7   12    0.030842
    0   -1    8   12    0.000782
    0   -1    9   12   -0.091218
    0   -1   10   12    0.105910
    0   -1   11   12    0.016267
    0   -1   12   12    0.008307
    0   -1   13   12    0.042232
    0   -1   14   12   -0.009437
    0   -1   15   12   -0.518180
    0   -1   16   12    0.188670
    0   -1   17   12   -0.002015
    0   -1   18   12    0.023770
    0   -1    1   13   -0.025045
    0   -1    2   13    0.036552
    0   -1    3   13    0.031635
    0   -1    4   13   -0.013072
    0   -1    5   13   -0.001662
    0   -1    6   13   -0.085383
    0   -1    7   13    0.067432
    0   -1    8   13   -0.001442
    0   -1    9   13    0.010522
    0   -1   10   13   -0.005985
    0   -1   11   13   -0.016010
    0   -1   12   13    0.003222
    0   -1   13   13   -0.124997
    0   -1   14   13    0.005835
    0   -1   15   13    0.041742
    0   -1   16   13    0.061902
    0   -1   17   13    0.022105
    0   -1   18   13   -0.023723
    0   -1    1   14   -0.010100
    0   -1    2   14   -0.000730
    0   -1    3   14    0.009208
    0   -1    4   14   -0.002958
    0   -1    5   14    0.000575
    0   -1    6   14    0.006655
    0   -1    7   14   -0.000242
    0   -1    8   14   -0.000342
    0   -1    9   14    0.045418
    0   -1   10   14    0.021595
    0   -1   11   14   -0.004388
    0   -1   12   14   -0.003140
    0   -1   13   14    0.004002
    0   -1   14   14    0.003092
    0   -1   15   14    0.068727
    0   -1   16   14   -0.014445
    0   -1   17   14   -0.002757
    0   -1   18   14   -0.016270
    0   -1    1   15   -0.006320
    0   -1    2   15    0.002640
    0   -1    3   15    0.019785
    0   -1    4   15    0.000285
    0   -1    5   15    0.001942
    0   -1    6   15   -0.016893
    0   -1    7   15    0.046422
    0   -1    8   15   -0.001310
    0   -1    9   15   -0.032277
    0   -1   10   15   -0.008725
    0   -1   11   15   -0.000607
    0   -1   12   15    0.019972
    0   -1   13   15   -0.008942
    0   -1   14   15   -0.000030
    0   -1   15   15    0.001142
    0   -1   16   15    0.034210
    0   -1   17   15   -0.000063
    0   -1   18   15   -0.004210
    0   -1    1   16    0.008567
    0   -1    2   16    0.002492
    0   -1    3   16   -0.007405
    0   -1    4   16    0.000220
    0   -1    5   16   -0.008980
    0   -1    6   16    0.053475
    0   -1    7   16   -0.020908
    0   -1    8   16    0.000940
    0   -1    9   16   -0.001890
    0   -1   10   16   -0.033045
    0   -1   11   16    0.001330
    0   -1   12   16   -0.027917
    0   -1   13   16    0.025347
    0   -1   14   16   -0.001015
    0   -1   15   16   -0.084240
    0   -1   16   16    0.030697
    0   -1   17   16    0.012562
    0   -1   18   16    0.048912
    0   -1    1   17   -0.000825
    0   -1    2   17   -0.013480
    0   -1    3   17    0.001607
    0   -1    4   17   -0.001668
    0   -1    5   17    0.001342
    0   -1    6   17   -0.013070
    0   -1    7   17   -0.013860
    0   -1    8   17   -0.001245
    0   -1    9   17    0.063922
    0   -1   10   17    0.023660
    0   -1   11   17    0.052607
    0   -1   12   17   -0.009728
    0   -1   13   17    0.047590
    0   -1   14   17    0.007985
    0   -1   15   17    0.125372
    0   -1   16   17   -0.000893
    0   -1   17   17   -0.006165
    0   -1   18   17   -0.057422
    0   -1    1   18    0.049050
    0   -1    2   18   -0.019652
    0   -1    3   18    0.003690
    0   -1    4   18    0.004567
    0   -1    5   18   -0.007040
    0   -1    6   18    0.088142
    0   -1    7   18   -0.020085
    0   -1    8   18    0.000298
    0   -1    9   18   -0.068672
    0   -1   10   18    0.074710
    0   -1   11   18    0.006330
    0   -1   12   18    0.021160
    0   -1   13   18    0.011192
    0   -1   14   18   -0.010510
    0   -1   15   18   -0.072790
    0   -1   16   18    0.011013
    0   -1   17   18   -0.001637
    0   -1   18   18    0.110817
    1   -1    1    1    0.001128
    1   -1    2    1    0.006973
    1   -1    3    1   -0.020387
    1   -1    4    1    0.001142
    1   -1    5    1    0.006530
    1   -1    6    1   -0.033465
    1   -1    7    1   -0.011663
    1   -1    8    1   -0.000218
    1   -1    9    1   -0.004490
    1   -1   10    1   -0.065147
    1   -1   11    1    0.000043
    1   -1   12    1    0.007255
    1   -1   13    1    0.014877
    1   -1   14    1    0.003852
    1   -1   15    1    0.014472
    1   -1   16    1   -0.040558
    1   -1   17    1    0.002940
    1   -1   18    1   -0.057447
    1   -1    1    2    0.001545
    1   -1    2    2    0.000372
    1   -1    3    2    0.002650
    1   -1    4    2    0.000132
    1   -1    5    2   -0.000173
    1   -1    6    2    0.002897
    1   -1    7    2    0.003050
    1   -1    8    2    0.000450
    1   -1    9    2    0.006228
    1   -1   10    2   -0.005080
    1   -1   11    2   -0.000592
    1   -1   12    2   -0.001540
    1   -1   13    2   -0.003082
    1   -1   14    2    0.000785
    1   -1   15    2    0.004580
    1   -1   16    2    0.005768
    1   -1   17    2    0.002077
    1   -1   18    2    0.007672
    1   -1    1    3    0.004360
    1   -1    2    3    0.000195
    1   -1    3    3   -0.013182
    1   -1    4    3    0.002770
    1   -1    5    3   -0.001015
    1   -1    6    3    0.024133
    1   -1    7    3   -0.024322
    1   -1    8    3   -0.000485
    1   -1    9    3    0.005152
    1   -1   10    3   -0.077982
    1   -1   11    3    0.007375
    1   -1   12    3    0.003975
    1   -1   13    3   -0.010807
    1   -1   14    3   -0.000572
    1   -1   15    3   -0.099877
    1   -1   16    3   -0.035795
    1   -1   17    3   -0.002780
    1   -1   18    3   -0.061847
    1   -1    1    4    0.004605
    1   -1    2    4    0.013985
    1   -1    3    4   -0.011907
    1   -1    4    4   -0.005192
    1   -1    5    4   -0.001082
    1   -1    6    4   -0.071475
    1   -1    7    4    0.003848
    1   -1    8    4   -0.000382
    1   -1    9    4    0.022290
    1   -1   10    4    0.013465
    1   -1   11    4   -0.002273
    1   -1   12    4   -0.000782
    1   -1   13    4   -0.070432
    1   -1   14    4    0.000298
    1   -1   15    4    0.140715
    1   -1   16    4   -0.027205
    1   -1   17    4    0.007553
    1   -1   18    4    0.012332
    1   -1    1    5    0.000760
    1   -1    2    5   -0.001068
    1   -1    3    5    0.001335
    1   -1    4    5    0.000368
    1   -1    5    5    0.000380
    1   -1    6    5    0.001698
    1   -1    7    5   -0.001050
    1   -1    8    5    0.000052
    1   -1    9    5    0.003650
    1   -1   10    5    0.004645
    1   -1   11    5   -0.000025
    1   -1   12    5   -0.001525
    1   -1   13    5    0.002208
    1   -1   14    5   -0.000343
    1   -1   15    5   -0.005982
    1   -1   16    5    0.007357
    1   -1   17    5    0.000250
    1   -1   18    5    0.003200
    1   -1    1    6   -0.002028
    1   -1    2    6   -0.003023
    1   -1    3    6   -0.026807
    1   -1    4    6    0.001895
    1   -1    5    6    0.001770
    1   -1    6    6   -0.017095
    1   -1    7    6   -0.041472
    1   -1    8    6   -0.001647
    1   -1    9    6   -0.023385
    1   -1   10    6    0.046660
    1   -1   11    6    0.003628
    1   -1   12    6   -0.000890
    1   -1   13    6    0.030302
    1   -1   14    6   -0.002597
    1   -1   15    6    0.024065
    1   -1   16    6   -0.058310
    1   -1   17    6   -0.010730
    1   -1   18    6   -0.034772
    1   -1    1    7    0.011572
    1   -1    2    7    0.003753
    1   -1    3    7   -0.006045
    1   -1    4    7   -0.004237
    1   -1    5    7    0.002013
    1   -1    6    7    0.009652
    1   -1    7    7    0.000198
    1   -1    8    7    0.001355
    1   -1    9    7   -0.006765
    1   -1   10    7   -0.032572
    1   -1   11    7    0.004580
    1   -1   12    7    0.004530
    1   -1   13    7   -0.030957
    1   -1   14    7    0.002603
    1   -1   15    7   -0.027047
    1   -1   16    7   -0.005625
    1   -1   17    7    0.008505
    1   -1   18    7    0.012075
    1   -1    1    8   -0.000507
    1   -1    2    8    0.005927
    1   -1    3    8   -0.004445
    1   -1    4    8    0.000198
    1   -1    5    8   -0.000607
    1   -1    6    8    0.010987
    1   -1    7    8   -0.004780
    1   -1    8    8    0.000287
    1   -1    9    8    0.012343
    1   -1   10    8   -0.018002
    1   -1   11    8   -0.003127
    1   -1   12    8   -0.005250
    1   -1   13    8   -0.031230
    1   -1   14    8    0.000920
    1   -1   15    8    0.018193
    1   -1   16    8   -0.011712
    1   -1   17    8    0.003670
    1   -1   18    8    0.008155
    1   -1    1    9   -0.006690
    1   -1    2    9   -0.000330
    1   -1    3    9   -0.001662
    1   -1    4    9    0.001530
    1   -1    5    9   -0.000667
    1   -1    6    9   -0.021612
    1   -1    7    9    0.003025
    1   -1    8    9   -0.001007
    1   -1    9    9    0.001023
    1   -1   10    9    0.019360
    1   -1   11    9   -0.002583
    1   -1   12    9   -0.007557
    1   -1   13    9    0.009332
    1   -1   14    9    0.000160
    1   -1   15    9    0.060010
    1   -1   16    9   -0.001898
    1   -1   17    9   -0.006412
    1   -1   18    9   -0.029245
    1   -1    1   10   -0.006365
    1   -1    2   10   -0.004433
    1   -1    3   10    0.027332
    1   -1    4   10    0.001837
    1   -1    5   10   -0.006247
    1   -1    6   10    0.014490
    1   -1    7   10   -0.005762
    1   -1    8   10   -0.002142
    1   -1    9   10    0.016698
    1   -1   10   10    0.037213
    1   -1   11   10   -0.004800
    1   -1   12   10   -0.007625
    1   -1   13   10    0.016932
    1   -1   14   10   -0.007767
    1   -1   15   10    0.018905
    1   -1   16   10   -0.006732
    1   -1   17   10   -0.011565
    1   -1   18   10   -0.049182
    1   -1    1   11   -0.000382
    1   -1    2   11    0.000642
    1   -1    3   11   -0.000520
    1   -1    4   11    0.000467
    1   -1    5   11    0.000437
    1   -1    6   11   -0.005830
    1   -1    7   11    0.001758
    1   -1    8   11    0.000327
    1   -1    9   11   -0.002535
    1   -1   10   11   -0.001715
    1   -1   11   11    0.000235
    1   -1   12   11    0.001485
    1   -1   13   11    0.003288
    1   -1   14   11    0.000752
    1   -1   15   11    0.000635
    1   -1   16   11    0.002610
    1   -1   17   11    0.001215
    1   -1   18   11    0.003537
    1   -1    1   12   -0.002773
    1   -1    2   12    0.001975
    1   -1    3   12    0.000868
    1   -1    4   12   -0.001182
    1   -1    5   12   -0.001105
    1   -1    6   12    0.015190
    1   -1    7   12    0.008535
    1   -1    8   12    0.001075
    1   -1    9   12    0.025325
    1   -1   10   12   -0.050297
    1   -1   11   12   -0.005343
    1   -1   12   12    0.001490
    1   -1   13   12   -0.013897
    1   -1   14   12    0.003823
    1   -1   15   12    0.024893
    1   -1   16   12    0.017752
    1   -1   17   12    0.010188
    1   -1   18   12   -0.034472
    1   -1    1   13   -0.014887
    1   -1    2   13   -0.001962
    1   -1    3   13    0.006672
    1   -1    4   13   -0.001295
    1   -1    5   13    0.000965
    1   -1    6   13    0.009030
    1   -1    7   13    0.013470
    1   -1    8   13   -0.002112
    1   -1    9   13   -0.002512
    1   -1   10   13   -0.015943
    1   -1   11   13   -0.004252
    1   -1   12   13    0.005533
    1   -1   13   13    0.004307
    1   -1   14   13   -0.001308
    1   -1   15   13   -0.020210
    1   -1   16   13    0.016895
    1   -1   17   13   -0.002180
    1   -1   18   13   -0.024417
    1   -1    1   14   -0.004005
    1   -1    2   14   -0.000475
    1   -1    3   14    0.003355
    1   -1    4   14   -0.000885
    1   -1    5   14   -0.000647
    1   -1    6   14    0.002837
    1   -1    7   14    0.006735
    1   -1    8   14    0.000253
    1   -1    9   14    0.015947
    1   -1   10   14    0.005205
    1   -1   11   14   -0.003697
    1   -1   12   14   -0.005248
    1   -1   13   14   -0.000597
    1   -1   14   14    0.000600
    1   -1   15   14    0.023150
    1   -1   16   14    0.012612
    1   -1   17   14    0.001378
    1   -1   18   14    0.005847
    1   -1    1   15   -0.000685
    1   -1    2   15   -0.004982
    1   -1    3   15    0.010270
    1   -1    4   15    0.004025
    1   -1    5   15   -0.002170
    1   -1    6   15    0.009307
    1   -1    7   15   -0.000745
    1   -1    8   15   -0.001415
    1   -1    9   15    0.009300
    1   -1   10   15    0.015605
    1   -1   11   15   -0.002437
    1   -1   12   15   -0.002095
    1   -1   13   15    0.014790
    1   -1   14   15   -0.003100
    1   -1   15   15    0.008488
    1   -1   16   15   -0.000695
    1   -1   17   15   -0.010282
    1   -1   18   15   -0.013043
    1   -1    1   16    0.010788
    1   -1    2   16    0.002145
    1   -1    3   16   -0.008650
    1   -1    4   16   -0.006267
    1   -1    5   16   -0.000817
    1   -1    6   16    0.027397
    1   -1    7   16   -0.013995
    1   -1    8   16    0.000722
    1   -1    9   16    0.010153
    1   -1   10   16   -0.021265
    1   -1   11   16    0.001082
    1   -1   12   16   -0.000573
    1   -1   13   16   -0.026588
    1   -1   14   16    0.001275
    1   -1   15   16   -0.010205
    1   -1   16   16   -0.031350
    1   -1   17   16    0.006675
    1   -1   18   16   -0.003487
    1   -1    1   17   -0.000435
    1   -1    2   17   -0.000597
    1   -1    3   17   -0.003622
    1   -1    4   17   -0.000710
    1   -1    5   17   -0.000867
    1   -1    6   17    0.009498
    1   -1    7   17    0.001698
    1   -1    8   17    0.000475
    1   -1    9   17    0.026837
    1   -1   10   17    0.023328
    1   -1   11   17   -0.005125
    1   -1   12   17   -0.014923
    1   -1   13   17   -0.002695
    1   -1   14   17    0.000697
    1   -1   15   17    0.034757
    1   -1   16   17    0.007578
    1   -1   17   17    0.002280
    1   -1   18   17    0.005723
    1   -1    1   18   -0.005150
    1   -1    2   18   -0.001240
    1   -1    3   18   -0.007282
    1   -1    4   18    0.001877
    1   -1    5   18    0.001715
    1   -1    6   18    0.008587
    1   -1    7   18   -0.017433
    1   -1    8   18    0.001685
    1   -1    9   18    0.008440
    1   -1   10   18   -0.004150
    1   -1   11   18   -0.004780
    1   -1   12   18    0.001350
    1   -1   13   18    0.016580
    1   -1   14   18    0.004847
    1   -1   15   18    0.015277
    1   -1   16   18   -0.020255
    1   -1   17   18    0.007102
    1   -1   18   18   -0.033157
   -1    0    1    1    0.080987
   -1    0    2    1   -0.012950
   -1    0    3    1    0.343267
   -1    0    4    1   -0.027508
   -1    0    5    1   -0.049963
   -1    0    6    1    0.040677
   -1    0    7    1    0.010070
   -1    0    8    1   -0.004360
   -1    0    9    1    0.139958
   -1    0   10    1    0.032687
   -1    0   11    1   -0.008068
   -1    0   12    1    0.195857
   -1    0   13    1   -0.021163
   -1    0   14    1   -0.065210
   -1    0   15    1    0.023510
   -1    0   16    1    0.076492
   -1    0   17    1   -0.123897
   -1    0   18    1    0.052898
   -1    0    1    2    0.001020
   -1    0    2    2    0.000180
   -1    0    3    2    0.245197
   -1    0    4    2   -0.004590
   -1    0    5    2    0.013580
   -1    0    6    2    0.005642
   -1    0    7    2   -0.007525
   -1    0    8    2   -0.507127
   -1    0    9    2   -0.062537
   -1    0   10    2   -0.326002
   -1    0   11    2    0.006880
   -1    0   12    2   -0.018952
   -1    0   13    2   -0.009517
   -1    0   14    2    0.015205
   -1    0   15    2    0.006700
   -1    0   16    2   -0.102993
   -1    0   17    2    1.503130
   -1    0   18    2   -0.128350
   -1    0    1    3   -0.158567
   -1    0    2    3    0.005202
   -1    0    3    3   -0.417675
   -1    0    4    3   -0.221130
   -1    0    5    3   -0.036305
   -1    0    6    3   -0.067807
   -1    0    7    3    0.025142
   -1    0    8    3   -0.025680
   -1    0    9    3    0.128205
   -1    0   10    3    0.121190
   -1    0   11    3    0.004385
   -1    0   12    3   -0.051193
   -1    0   13    3    0.028763
   -1    0   14    3   -0.002225
   -1    0   15    3   -0.030650
   -1    0   16    3   -0.055345
   -1    0   17    3   -0.050280
   -1    0   18    3   -0.028642
   -1    0    1    4    0.011157
   -1    0    2    4    0.003993
   -1    0    3    4    0.016812
   -1    0    4    4    0.070633
   -1    0    5    4   -0.003955
   -1    0    6    4   -0.007152
   -1    0    7    4    0.005405
   -1    0    8    4    0.012935
   -1    0    9    4    0.042517
   -1    0   10    4    0.018802
   -1    0   11    4   -0.003523
   -1    0   12    4    0.012793
   -1    0   13    4    0.004360
   -1    0   14    4    0.017370
   -1    0   15    4    0.006515
   -1    0   16    4    0.008080
   -1    0   17    4    0.040672
   -1    0   18    4    0.008238
   -1    0    1    5    0.007353
   -1    0    2    5   -0.004457
   -1    0    3    5   -0.030992
   -1    0    4    5   -0.115430
   -1    0    5    5   -0.001282
   -1    0    6    5    0.014365
   -1    0    7    5   -0.002030
   -1    0    8    5   -0.016800
   -1    0    9    5    0.033467
   -1    0   10    5    0.004580
   -1    0   11    5    0.003272
   -1    0   12    5   -0.039807
   -1    0   13    5   -0.016717
   -1    0   14    5    0.008045
   -1    0   15    5    0.009195
   -1    0   16    5   -0.046120
   -1    0   17    5   -0.009777
   -1    0   18    5   -0.046740
   -1    0    1    6    0.108492
   -1    0    2    6    0.055055
   -1    0    3    6   -1.779728
   -1    0    4    6    0.839727
   -1    0    5    6   -0.059678
   -1    0    6    6   -0.051090
   -1    0    7    6   -0.003140
   -1    0    8    6   -0.157832
   -1    0    9    6    0.496350
   -1    0   10    6    0.089510
   -1    0   11    6    0.022292
   -1    0   12    6   -0.027657
   -1    0   13    6   -0.005040
   -1    0   14    6    0.010010
   -1    0   15    6    0.036617
   -1    0   16    6    0.351240
   -1    0   17    6   -0.541662
   -1    0   18    6    0.524610
   -1    0    1    7    0.825462
   -1    0    2    7   -0.046942
   -1    0    3    7    1.315810
   -1    0    4    7   -2.312762
   -1    0    5    7   -0.167757
   -1    0    6    7    0.120072
   -1    0    7    7   -0.045968
   -1    0    8    7   -0.042132
   -1    0    9    7    0.491135
   -1    0   10    7    0.155110
   -1    0   11    7   -0.047808
   -1    0   12    7   -0.720318
   -1    0   13    7   -0.020527
   -1    0   14    7   -0.269840
   -1    0   15    7    0.314082
   -1    0   16    7   -0.065165
   -1    0   17    7   -0.261895
   -1    0   18    7   -0.253047
   -1    0    1    8    0.001635
   -1    0    2    8    0.001192
   -1    0    3    8   -0.003185
   -1    0    4    8   -0.008692
   -1    0    5    8    0.001255
   -1    0    6    8    0.001755
   -1    0    7    8    0.000932
   -1    0    8    8   -0.002615
   -1    0    9    8   -0.000122
   -1    0   10    8   -0.006173
   -1    0   11    8   -0.000202
   -1    0   12    8    0.004545
   -1    0   13    8   -0.000445
   -1    0   14    8    0.003345
   -1    0   15    8   -0.000610
   -1    0   16    8    0.003212
   -1    0   17    8    0.001562
   -1    0   18    8    0.006460
   -1    0    1    9   -0.447897
   -1    0    2    9    0.025500
   -1    0    3    9    1.243097
   -1    0    4    9   -0.216610
   -1    0    5    9    0.084607
   -1    0    6    9   -0.156207
   -1    0    7    9    0.079262
   -1    0    8    9    0.051180
   -1    0    9    9   -0.168788
   -1    0   10    9   -0.123780
   -1    0   11    9   -0.007215
   -1    0   12    9    0.877730
   -1    0   13    9    0.021335
   -1    0   14    9    0.058640
   -1    0   15    9    0.012805
   -1    0   16    9    0.082757
   -1    0   17    9    0.160150
   -1    0   18    9    0.466463
   -1    0    1   10    0.119002
   -1    0    2   10    0.038160
   -1    0    3   10   -0.318082
   -1    0    4   10   -0.413837
   -1    0    5   10   -0.260917
   -1    0    6   10    0.449500
   -1    0    7   10    0.010082
   -1    0    8   10   -0.486785
   -1    0    9   10   -0.050535
   -1    0   10   10    0.142585
   -1    0   11   10   -0.120580
   -1    0   12   10    0.848355
   -1    0   13   10    0.027605
   -1    0   14   10   -0.313497
   -1    0   15   10   -0.196612
   -1    0   16   10    0.744443
   -1    0   17   10   -1.949963
   -1    0   18   10    1.381502
   -1    0    1   11   -0.052115
   -1    0    2   11   -0.002533
   -1    0    3   11   -0.054488
   -1    0    4   11    0.219632
   -1    0    5   11   -0.028437
   -1    0    6   11    0.016205
   -1    0    7   11   -0.011398
   -1    0    8   11    0.207610
   -1    0    9   11   -0.002190
   -1    0   10   11    0.107095
   -1    0   11   11   -0.001272
   -1    0   12   11   -0.082745
   -1    0   13   11   -0.002583
   -1    0   14   11   -0.036590
   -1    0   15   11    0.003050
   -1    0   16   11   -0.020782
   -1    0   17   11    0.408987
   -1    0   18   11   -0.077105
   -1    0    1   12   -0.558570
   -1    0    2   12   -0.022780
   -1    0    3   12   -0.868685
   -1    0    4   12    0.497737
   -1    0    5   12   -0.066058
   -1    0    6   12    0.094242
   -1    0    7   12    0.008027
   -1    0    8   12   -0.016392
   -1    0    9   12    0.105080
   -1    0   10   12   -0.034650
   -1    0   11   12    0.003120
   -1    0   12   12   -0.023615
   -1    0   13   12   -0.021455
   -1    0   14   12   -0.024277
   -1    0   15   12    0.008740
   -1    0   16   12   -0.021043
   -1    0   17   12   -0.196760
   -1    0   18   12   -0.096122
   -1    0    1   13    0.037890
   -1    0    2   13    0.048602
   -1    0    3   13   -0.223640
   -1    0    4   13    1.578782
   -1    0    5   13    0.182135
   -1    0    6   13   -0.175838
   -1    0    7   13    0.014007
   -1    0    8   13    0.131763
   -1    0    9   13   -0.361810
   -1    0   10   13    1.347888
   -1    0   11   13   -0.013485
   -1    0   12   13   -0.654130
   -1    0   13   13   -0.050802
   -1    0   14   13   -0.023115
   -1    0   15   13   -0.036220
   -1    0   16   13   -0.248125
   -1    0   17   13    0.321665
   -1    0   18   13    0.284497
   -1    0    1   14   -0.026942
   -1    0    2   14   -0.001235
   -1    0    3   14   -0.032510
   -1    0    4   14   -0.020772
   -1    0    5   14    0.009772
   -1    0    6   14    0.000515
   -1    0    7   14    0.000093
   -1    0    8   14   -0.006087
   -1    0    9   14   -0.026342
   -1    0   10   14   -0.055012
   -1    0   11   14    0.002027
   -1    0   12   14   -0.053430
   -1    0   13   14   -0.005217
   -1    0   14   14    0.010662
   -1    0   15   14   -0.003672
   -1    0   16   14   -0.025345
   -1    0   17   14    0.034403
   -1    0   18   14   -0.023048
   -1    0    1   15    3.368457
   -1    0    2   15    0.048982
   -1    0    3   15    1.341555
   -1    0    4   15   -0.239170
   -1    0    5   15   -0.017290
   -1    0    6   15   -0.424492
   -1    0    7   15    0.235170
   -1    0    8   15   -0.013995
   -1    0    9   15   -0.080232
   -1    0   10   15   -0.300308
   -1    0   11   15   -0.023585
   -1    0   12   15    0.419865
   -1    0   13   15    0.247058
   -1    0   14   15   -0.573675
   -1    0   15   15    0.072795
   -1    0   16   15    0.013248
   -1    0   17   15    0.272057
   -1    0   18   15   -0.167607
   -1    0    1   16    0.633810
   -1    0    2   16   -0.002700
   -1    0    3   16    0.453617
   -1    0    4   16   -1.450220
   -1    0    5   16   -0.047505
   -1    0    6   16   -0.013845
   -1    0    7   16    0.073555
   -1    0    8   16   -0.052483
   -1    0    9   16    0.033737
   -1    0   10   16    0.571440
   -1    0   11   16   -0.011570
   -1    0   12   16    0.078732
   -1    0   13   16    0.051868
   -1    0   14   16   -0.089718
   -1    0   15   16    0.014288
   -1    0   16   16   -0.011897
   -1    0   17   16    0.048235
   -1    0   18   16    0.109025
   -1    0    1   17   -0.212675
   -1    0    2   17    0.070047
   -1    0    3   17    0.222243
   -1    0    4   17   -0.149745
   -1    0    5   17   -0.875970
   -1    0    6   17   -0.034352
   -1    0    7   17    0.007842
   -1    0    8   17    1.327467
   -1    0    9   17   -0.189743
   -1    0   10   17   -0.071610
   -1    0   11   17    0.067185
   -1    0   12   17    0.020050
   -1    0   13   17    0.054412
   -1    0   14   17   -1.681548
   -1    0   15   17   -0.002923
   -1    0   16   17   -0.000448
   -1    0   17   17    0.001185
   -1    0   18   17   -0.001932
   -1    0    1   18    1.484332
   -1    0    2   18    0.006275
   -1    0    3   18    1.203290
   -1    0    4   18   -0.160368
   -1    0    5   18   -0.046795
   -1    0    6   18    0.001797
   -1    0    7   18    0.030683
   -1    0    8   18    0.064507
   -1    0    9   18    0.211237
   -1    0   10   18   -0.086153
   -1    0   11   18   -0.013667
   -1    0   12   18    0.998667
   -1    0   13   18   -0.000452
   -1    0   14   18    0.032447
   -1    0   15   18    0.112685
   -1    0   16   18    0.192780
   -1    0   17   18    0.118212
   -1    0   18   18    0.424620
    0    0    1    1    2.275132
    0    0    2    1   -0.137987
    0    0    3    1   -1.655830
    0    0    4    1    0.505245
    0    0    5    1    0.998445
    0    0    6    1    0.084960
    0    0    7    1   -0.068000
    0    0    8    1   -0.081713
    0    0    9    1   -3.690372
    0    0   10    1    0.275422
    0    0   11    1    0.066742
    0    0   12    1   -1.429132
    0    0   13    1    0.000493
    0    0   14    1    0.342860
    0    0   15    1    0.787203
    0    0   16    1   -0.930085
    0    0   17    1    0.161430
    0    0   18    1   -2.392707
    0    0    1    2   -0.137987
    0    0    2    2   -1.022015
    0    0    3    2   -0.116155
    0    0    4    2    0.053040
    0    0    5    2    1.556425
    0    0    6    2    0.150508
    0    0    7    2   -0.194500
    0    0    8    2   -0.037002
    0    0    9    2   -0.160337
    0    0   10    2    0.007945
    0    0   11    2   -0.498310
    0    0   12    2   -0.463435
    0    0   13    2    2.165040
    0    0   14    2    0.775218
    0    0   15    2   -0.055017
    0    0   16    2    0.054273
    0    0   17    2   -2.456803
    0    0   18    2    0.173650
    0    0    1    3   -1.655830
    0    0    2    3   -0.116155
    0    0    3    3   -3.698937
    0    0    4    3   -1.293273
    0    0    5    3   -0.180362
    0    0    6    3    1.579517
    0    0    7    3   -0.111820
    0    0    8    3    0.039085
    0    0    9    3    2.560315
    0    0   10    3    0.182375
    0    0   11    3   -0.063297
    0    0   12    3    0.345257
    0    0   13    3   -0.922890
    0    0   14    3    0.772277
    0    0   15    3    0.590900
    0    0   16    3    0.830302
    0    0   17    3    0.022245
    0    0   18    3   -1.526665
    0    0    1    4    0.505245
    0    0    2    4    0.053040
    0    0    3    4   -1.293273
    0    0    4    4    1.938840
    0    0    5    4    0.079445
    0    0    6    4   -0.075465
    0    0    7    4    0.035450
    0    0    8    4   -0.017625
    0    0    9    4   -0.291627
    0    0   10    4   -0.221167
    0    0   11    4   -0.006725
    0    0   12    4    0.280355
    0    0   13    4   -0.062435
    0    0   14    4    0.007067
    0    0   15    4   -0.052277
    0    0   16    4    0.273803
    0    0   17    4    0.039975
    0    0   18    4    0.097892
    0    0    1    5    0.998445
    0    0    2    5    1.556425
    0    0    3    5   -0.180362
    0    0    4    5    0.079445
    0    0    5    5   -0.524122
    0    0    6    5   -0.018275
    0    0    7    5    0.121360
    0    0    8    5   -0.603420
    0    0    9    5    0.957812
    0    0   10    5    0.026603
    0    0   11    5   -0.015127
    0    0   12    5   -0.745173
    0    0   13    5    0.072462
    0    0   14    5   -2.052765
    0    0   15    5    0.223182
    0    0   16    5    0.445235
    0    0   17    5    1.425048
    0    0   18    5   -0.146465
    0    0    1    6    0.084960
    0    0    2    6    0.150508
    0    0    3    6    1.579517
    0    0    4    6   -0.075465
    0    0    5    6   -0.018275
    0    0    6    6   -1.361827
    0    0    7    6    0.498115
    0    0    8    6   -0.046462
    0    0    9    6   -0.186227
    0    0   10    6   -1.219170
    0    0   11    6   -0.104792
    0    0   12    6    1.345095
    0    0   13    6   -1.579342
    0    0   14    6   -0.020250
    0    0   15    6    0.676782
    0    0   16    6    0.811640
    0    0   17    6    2.320242
    0    0   18    6   -0.527410
    0    0    1    7   -0.068000
    0    0    2    7   -0.194500
    0    0    3    7   -0.111820
    0    0    4    7    0.035450
    0    0    5    7    0.121360
    0    0    6    7    0.498115
    0    0    7    7    5.449942
    0    0    8    7    0.014882
    0    0    9    7   -0.504340
    0    0   10    7    0.681210
    0    0   11    7   -0.286670
    0    0   12    7    0.037532
    0    0   13    7   -1.233067
    0    0   14    7    0.020410
    0    0   15    7   -0.650817
    0    0   16    7    2.943472
    0    0   17    7    0.134200
    0    0   18    7   -0.778880
    0    0    1    8   -0.081713
    0    0    2    8   -0.037002
    0    0    3    8    0.039085
    0    0    4    8   -0.017625
    0    0    5    8   -0.603420
    0    0    6    8   -0.046462
    0    0    7    8    0.014882
    0    0    8    8    0.333598
    0    0    9    8    0.157085
    0    0   10    8    0.013582
    0    0   11    8   -0.011703
    0    0   12    8   -0.043483
    0    0   13    8    0.006345
    0    0   14    8   -0.070468
    0    0   15    8   -0.007473
    0    0   16    8   -0.024687
    0    0   17    8   -1.187097
    0    0   18    8   -0.006307
    0    0    1    9   -3.690372
    0    0    2    9   -0.160337
    0    0    3    9    2.560315
    0    0    4    9   -0.291627
    0    0    5    9    0.957812
    0    0    6    9   -0.186227
    0    0    7    9   -0.504340
    0    0    8    9    0.157085
    0    0    9    9    2.608160
    0    0   10    9   -0.979197
    0    0   11    9   -0.319248
    0    0   12    9    2.017542
    0    0   13    9    0.039147
    0    0   14    9    0.575480
    0    0   15    9    0.295507
    0    0   16    9   -2.001575
    0    0   17    9    0.055192
    0    0   18    9    0.201737
    0    0    1   10    0.275422
    0    0    2   10    0.007945
    0    0    3   10    0.182375
    0    0    4   10   -0.221167
    0    0    5   10    0.026603
    0    0    6   10   -1.219170
    0    0    7   10    0.681210
    0    0    8   10    0.013582
    0    0    9   10   -0.979197
    0    0   10   10   -7.084842
    0    0   11   10    0.357120
    0    0   12   10    1.152820
    0    0   13   10   -0.015683
    0    0   14   10    0.426175
    0    0   15   10   -0.901520
    0    0   16   10    0.071572
    0    0   17   10    0.026505
    0    0   18   10   -0.333838
    0    0    1   11    0.066742
    0    0    2   11   -0.498310
    0    0    3   11   -0.063297
    0    0    4   11   -0.006725
    0    0    5   11   -0.015127
    0    0    6   11   -0.104792
    0    0    7   11   -0.286670
    0    0    8   11   -0.011703
    0    0    9   11   -0.319248
    0    0   10   11    0.357120
    0    0   11   11    0.215727
    0    0   12   11   -0.093430
    0    0   13   11    0.507755
    0    0   14   11   -0.776170
    0    0   15   11   -0.561390
    0    0   16   11   -0.176978
    0    0   17   11   -1.216530
    0    0   18   11   -0.095697
    0    0    1   12   -1.429132
    0    0    2   12   -0.463435
    0    0    3   12    0.345257
    0    0    4   12    0.280355
    0    0    5   12   -0.745173
    0    0    6   12    1.345095
    0    0    7   12    0.037532
    0    0    8   12   -0.043483
    0    0    9   12    2.017542
    0    0   10   12    1.152820
    0    0   11   12   -0.093430
    0    0   12   12   -2.247030
    0    0   13   12    0.096392
    0    0   14   12   -0.002907
    0    0   15   12    0.528307
    0    0   16   12    0.029207
    0    0   17   12   -0.416052
    0    0   18   12   -3.487610
    0    0    1   13    0.000493
    0    0    2   13    2.165040
    0    0    3   13   -0.922890
    0    0    4   13   -0.062435
    0    0    5   13    0.072462
    0    0    6   13   -1.579342
    0    0    7   13   -1.233067
    0    0    8   13    0.006345
    0    0    9   13    0.039147
    0    0   10   13   -0.015683
    0    0   11   13    0.507755
    0    0   12   13    0.096392
    0    0   13   13   -6.586162
    0    0   14   13    0.157317
    0    0   15   13    0.180625
    0    0   16   13   -0.829093
    0    0   17   13    2.996432
    0    0   18   13    0.477932
    0    0    1   14    0.342860
    0    0    2   14    0.775218
    0    0    3   14    0.772277
    0    0    4   14    0.007067
    0    0    5   14   -2.052765
    0    0    6   14   -0.020250
    0    0    7   14    0.020410
    0    0    8   14   -0.070468
    0    0    9   14    0.575480
    0    0   10   14    0.426175
    0    0   11   14   -0.776170
    0    0   12   14   -0.002907
    0    0   13   14    0.157317
    0    0   14   14   -0.740433
    0    0   15   14   -0.220815
    0    0   16   14    0.153503
    0    0   17   14    3.114418
    0    0   18   14   -0.259310
    0    0    1   15    0.787203
    0    0    2   15   -0.055017
    0    0    3   15    0.590900
    0    0    4   15   -0.052277
    0    0    5   15    0.223182
    0    0    6   15    0.676782
    0    0    7   15   -0.650817
    0    0    8   15   -0.007473
    0    0    9   15    0.295507
    0    0   10   15   -0.901520
    0    0   11   15   -0.561390
    0    0   12   15    0.528307
    0    0   13   15    0.180625
    0    0   14   15   -0.220815
    0    0   15   15   -0.115813
    0    0   16   15   -0.161452
    0    0   17   15   -0.207725
    0    0   18   15    1.022968
    0    0    1   16   -0.930085
    0    0    2   16    0.054273
    0    0    3   16    0.830302
    0    0    4   16    0.273803
    0    0    5   16    0.445235
    0    0    6   16    0.811640
    0    0    7   16    2.943472
    0    0    8   16   -0.024687
    0    0    9   16   -2.001575
    0    0   10   16    0.071572
    0    0   11   16   -0.176978
    0    0   12   16    0.029207
    0    0   13   16   -0.829093
    0    0   14   16    0.153503
    0    0   15   16   -0.161452
    0    0   16   16    4.426622
    0    0   17   16   -0.382790
    0    0   18   16   -2.070097
    0    0    1   17    0.161430
    0    0    2   17   -2.456803
    0    0    3   17    0.022245
    0    0    4   17    0.039975
    0    0    5   17    1.425048
    0    0    6   17    2.320242
    0    0    7   17    0.134200
    0    0    8   17   -1.187097
    0    0    9   17    0.055192
    0    0   10   17    0.026505
    0    0   11   17   -1.216530
    0    0   12   17   -0.416052
    0    0   13   17    2.996432
    0    0   14   17    3.114418
    0    0   15   17   -0.207725
    0    0   16   17   -0.382790
    0    0   17   17   -1.068580
    0    0   18   17   -0.098305
    0    0    1   18   -2.392707
    0    0    2   18    0.173650
    0    0    3   18   -1.526665
    0    0    4   18    0.097892
    0    0    5   18   -0.146465
    0    0    6   18   -0.527410
    0    0    7   18   -0.778880
    0    0    8   18   -0.006307
    0    0    9   18    0.201737
    0    0   10   18   -0.333838
    0    0   11   18   -0.095697
    0    0   12   18   -3.487610
    0    0   13   18    0.477932
    0    0   14   18   -0.259310
    0    0   15   18    1.022968
    0    0   16   18   -2.070097
    0    0   17   18   -0.098305
    0    0   18   18   -1.832118
    1    0    1    1    0.080987
    1    0    2    1    0.001020
    1    0    3    1   -0.158567
    1    0    4    1    0.011157
    1    0    5    1    0.007353
    1    0    6    1    0.108492
    1    0    7    1    0.825462
    1    0    8    1    0.001635
    1    0    9    1   -0.447897
    1    0   10    1    0.119002
    1    0   11    1   -0.052115
    1    0   12    1   -0.558570
    1    0   13    1    0.037890
    1    0   14    1   -0.026942
    1    0   15    1    3.368457
    1    0   16    1    0.633810
    1    0   17    1   -0.212675
    1    0   18    1    1.484332
    1    0    1    2   -0.012950
    1    0    2    2    0.000180
    1    0    3    2    0.005202
    1    0    4    2    0.003993
    1    0    5    2   -0.004457
    1    0    6    2    0.055055
    1    0    7    2   -0.046942
    1    0    8    2    0.001192
    1    0    9    2    0.025500
    1    0   10    2    0.038160
    1    0   11    2   -0.002533
    1    0   12    2   -0.022780
    1    0   13    2    0.048602
    1    0   14    2   -0.001235
    1    0   15    2    0.048982
    1    0   16    2   -0.002700
    1    0   17    2    0.070047
    1    0   18    2    0.006275
    1    0    1    3    0.343267
    1    0    2    3    0.245197
    1    0    3    3   -0.417675
    1    0    4    3    0.016812
    1    0    5    3   -0.030992
    1    0    6    3   -1.779728
    1    0    7    3    1.315810
    1    0    8    3   -0.003185
    1    0    9    3    1.243097
    1    0   10    3   -0.318082
    1    0   11    3   -0.054488
    1    0   12    3   -0.868685
    1    0   13    3   -0.223640
    1    0   14    3   -0.032510
    1    0   15    3    1.341555
    1    0   16    3    0.453617
    1    0   17    3    0.222243
    1    0   18    3    1.203290
    1    0    1    4   -0.027508
    1    0    2    4   -0.004590
    1    0    3    4   -0.221130
    1    0    4    4    0.070633
    1    0    5    4   -0.115430
    1    0    6    4    0.839727
    1    0    7    4   -2.312762
    1    0    8    4   -0.008692
    1    0    9    4   -0.216610
    1    0   10    4   -0.413837
    1    0   11    4    0.219632
    1    0   12    4    0.497737
    1    0   13    4    1.578782
    1    0   14    4   -0.020772
    1    0   15    4   -0.239170
    1    0   16    4   -1.450220
    1    0   17    4   -0.149745
    1    0   18    4   -0.160368
    1    0    1    5   -0.049963
    1    0    2    5    0.013580
    1    0    3    5   -0.036305
    1    0    4    5   -0.003955
    1    0    5    5   -0.001282
    1    0    6    5   -0.059678
    1    0    7    5   -0.167757
    1    0    8    5    0.001255
    1    0    9    5    0.084607
    1    0   10    5   -0.260917
    1    0   11    5   -0.028437
    1    0   12    5   -0.066058
    1    0   13    5    0.182135
    1    0   14    5    0.009772
    1    0   15    5   -0.017290
    1    0   16    5   -0.047505
    1    0   17    5   -0.875970
    1    0   18    5   -0.046795
    1    0    1    6    0.040677
    1    0    2    6    0.005642
    1    0    3    6   -0.067807
    1    0    4    6   -0.007152
    1    0    5    6    0.014365
    1    0    6    6   -0.051090
    1    0    7    6    0.120072
    1    0    8    6    0.001755
    1    0    9    6   -0.156207
    1    0   10    6    0.449500
    1    0   11    6    0.016205
    1    0   12    6    0.094242
    1    0   13    6   -0.175838
    1    0   14    6    0.000515
    1    0   15    6   -0.424492
    1    0   16    6   -0.013845
    1    0   17    6   -0.034352
    1    0   18    6    0.001797
    1    0    1    7    0.010070
    1    0    2    7   -0.007525
    1    0    3    7    0.025142
    1    0    4    7    0.005405
    1    0    5    7   -0.002030
    1    0    6    7   -0.003140
    1    0    7    7   -0.045968
    1    0    8    7    0.000932
    1    0    9    7    0.079262
    1    0   10    7    0.010082
    1    0   11    7   -0.011398
    1    0   12    7    0.008027
    1    0   13    7    0.014007
    1    0   14    7    0.000093
    1    0   15    7    0.235170
    1    0   16    7    0.073555
    1    0   17    7    0.007842
    1    0   18    7    0.030683
    1    0    1    8   -0.004360
    1    0    2    8   -0.507127
    1    0    3    8   -0.025680
    1    0    4    8    0.012935
    1    0    5    8   -0.016800
    1    0    6    8   -0.157832
    1    0    7    8   -0.042132
    1    0    8    8   -0.002615
    1    0    9    8    0.051180
    1    0   10    8   -0.486785
    1    0   11    8    0.207610
    1    0   12    8   -0.016392
    1    0   13    8    0.131763
    1    0   14    8   -0.006087
    1    0   15    8   -0.013995
    1    0   16    8   -0.052483
    1    0   17    8    1.327467
    1    0   18    8    0.064507
    1    0    1    9    0.139958
    1    0    2    9   -0.062537
    1    0    3    9    0.128205
    1    0    4    9    0.042517
    1    0    5    9    0.033467
    1    0    6    9    0.496350
    1    0    7    9    0.491135
    1    0    8    9   -0.000122
    1    0    9    9   -0.168788
    1    0   10    9   -0.050535
    1    0   11    9   -0.002190
    1    0   12    9    0.105080
    1    0   13    9   -0.361810
    1    0   14    9   -0.026342
    1    0   15    9   -0.080232
    1    0   16    9    0.033737
    1    0   17    9   -0.189743
    1    0   18    9    0.211237
    1    0    1   10    0.032687
    1    0    2   10   -0.326002
    1    0    3   10    0.121190
    1    0    4   10    0.018802
    1    0    5   10    0.004580
    1    0    6   10    0.089510
    1    0    7   10    0.155110
    1    0    8   10   -0.006173
    1    0    9   10   -0.123780
    1    0   10   10    0.142585
    1    0   11   10    0.107095
    1    0   12   10   -0.034650
    1    0   13   10    1.347888
    1    0   14   10   -0.055012
    1    0   15   10   -0.300308
    1    0   16   10    0.571440
    1    0   17   10   -0.071610
    1    0   18   10   -0.086153
    1    0    1   11   -0.008068
    1    0    2   11    0.006880
    1    0    3   11    0.004385
    1    0    4   11   -0.003523
    1    0    5   11    0.003272
    1    0    6   11    0.022292
    1    0    7   11   -0.047808
    1    0    8   11   -0.000202
    1    0    9   11   -0.007215
    1    0   10   11   -0.120580
    1    0   11   11   -0.001272
    1    0   12   11    0.003120
    1    0   13   11   -0.013485
    1    0   14   11    0.002027
    1    0   15   11   -0.023585
    1    0   16   11   -0.011570
    1    0   17   11    0.067185
    1    0   18   11   -0.013667
    1    0    1   12    0.195857
    1    0    2   12   -0.018952
    1    0    3   12   -0.051193
    1    0    4   12    0.012793
    1    0    5   12   -0.039807
    1    0    6   12   -0.027657
    1    0    7   12   -0.720318
    1    0    8   12    0.004545
    1    0    9   12    0.877730
    1    0   10   12    0.848355
    1    0   11   12   -0.082745
    1    0   12   12   -0.023615
    1    0   13   12   -0.654130
    1    0   14   12   -0.053430
    1    0   15   12    0.419865
    1    0   16   12    0.078732
    1    0   17   12    0.020050
    1    0   18   12    0.998667
    1    0    1   13   -0.021163
    1    0    2   13   -0.009517
    1    0    3   13    0.028763
    1    0    4   13    0.004360
    1    0    5   13   -0.016717
    1    0    6   13   -0.005040
    1    0    7   13   -0.020527
    1    0    8   13   -0.000445
    1    0    9   13    0.021335
    1    0   10   13    0.027605
    1    0   11   13   -0.002583
    1    0   12   13   -0.021455
    1    0   13   13   -0.050802
    1    0   14   13   -0.005217
    1    0   15   13    0.247058
    1    0   16   13    0.051868
    1    0   17   13    0.054412
    1    0   18   13   -0.000452
    1    0    1   14   -0.065210
    1    0    2   14    0.015205
    1    0    3   14   -0.002225
    1    0    4   14    0.017370
    1    0    5   14    0.008045
    1    0    6   14    0.010010
    1    0    7   14   -0.269840
    1    0    8   14    0.003345
    1    0    9   14    0.058640
    1    0   10   14   -0.313497
    1    0   11   14   -0.036590
    1    0   12   14   -0.024277
    1    0   13   14   -0.023115
    1    0   14   14    0.010662
    1    0   15   14   -0.573675
    1    0   16   14   -0.089718
    1    0   17   14   -1.681548
    1    0   18   14    0.032447
    1    0    1   15    0.023510
    1    0    2   15    0.006700
    1    0    3   15   -0.030650
    1    0    4   15    0.006515
    1    0    5   15    0.009195
    1    0    6   15    0.036617
    1    0    7   15    0.314082
    1    0    8   15   -0.000610
    1    0    9   15    0.012805
    1    0   10   15   -0.196612
    1    0   11   15    0.003050
    1    0   12   15    0.008740
    1    0   13   15   -0.036220
    1    0   14   15   -0.003672
    1    0   15   15    0.072795
    1    0   16   15    0.014288
    1    0   17   15   -0.002923
    1    0   18   15    0.112685
    1    0    1   16    0.076492
    1    0    2   16   -0.102993
    1    0    3   16   -0.055345
    1    0    4   16    0.008080
    1    0    5   16   -0.046120
    1    0    6   16    0.351240
    1    0    7   16   -0.065165
    1    0    8   16    0.003212
    1    0    9   16    0.082757
    1    0   10   16    0.744443
    1    0   11   16   -0.020782
    1    0   12   16   -0.021043
    1    0   13   16   -0.248125
    1    0   14   16   -0.025345
    1    0   15   16    0.013248
    1    0   16   16   -0.011897
    1    0   17   16   -0.000448
    1    0   18   16    0.192780
    1    0    1   17   -0.123897
    1    0    2   17    1.503130
    1    0    3   17   -0.050280
    1    0    4   17    0.040672
    1    0    5   17   -0.009777
    1    0    6   17   -0.541662
    1    0    7   17   -0.261895
    1    0    8   17    0.001562
    1    0    9   17    0.160150
    1    0   10   17   -1.949963
    1    0   11   17    0.408987
    1    0   12   17   -0.196760
    1    0   13   17    0.321665
    1    0   14   17    0.034403
    1    0   15   17    0.272057
    1    0   16   17    0.048235
    1    0   17   17    0.001185
    1    0   18   17    0.118212
    1    0    1   18    0.052898
    1    0    2   18   -0.128350
    1    0    3   18   -0.028642
    1    0    4   18    0.008238
    1    0    5   18   -0.046740
    1    0    6   18    0.524610
    1    0    7   18   -0.253047
    1    0    8   18    0.006460
    1    0    9   18    0.466463
    1    0   10   18    1.381502
    1    0   11   18   -0.077105
    1    0   12   18   -0.096122
    1    0   13   18    0.284497
    1    0   14   18   -0.023048
    1    0   15   18   -0.167607
    1    0   16   18    0.109025
    1    0   17   18   -0.001932
    1    0   18   18    0.424620
   -1    1    1    1    0.001128
   -1    1    2    1    0.001545
   -1    1    3    1    0.004360
   -1    1    4    1    0.004605
   -1    1    5    1    0.000760
   -1    1    6    1   -0.002028
   -1    1    7    1    0.011572
   -1    1    8    1   -0.000507
   -1    1    9    1   -0.006690
   -1    1   10    1   -0.006365
   -1    1   11    1   -0.000382
   -1    1   12    1   -0.002773
   -1    1   13    1   -0.014887
   -1    1   14    1   -0.004005
   -1    1   15    1   -0.000685
   -1    1   16    1    0.010788
   -1    1   17    1   -0.000435
   -1    1   18    1   -0.005150
   -1    1    1    2    0.006973
   -1    1    2    2    0.000372
   -1    1    3    2    0.000195
   -1    1    4    2    0.013985
   -1    1    5    2   -0.001068
   -1    1    6    2   -0.003023
   -1    1    7    2    0.003753
   -1    1    8    2    0.005927
   -1    1    9    2   -0.000330
   -1    1   10    2   -0.004433
   -1    1   11    2    0.000642
   -1    1   12    2    0.001975
   -1    1   13    2   -0.001962
   -1    1   14    2   -0.000475
   -1    1   15    2   -0.004982
   -1    1   16    2    0.002145
   -1    1   17    2   -0.000597
   -1    1   18    2   -0.001240
   -1    1    1    3   -0.020387
   -1    1    2    3    0.002650
   -1    1    3    3   -0.013182
   -1    1    4    3   -0.011907
   -1    1    5    3    0.001335
   -1    1    6    3   -0.026807
   -1    1    7    3   -0.006045
   -1    1    8    3   -0.004445
   -1    1    9    3   -0.001662
   -1    1   10    3    0.027332
   -1    1   11    3   -0.000520
   -1    1   12    3    0.000868
   -1    1   13    3    0.006672
   -1    1   14    3    0.003355
   -1    1   15    3    0.010270
   -1    1   16    3   -0.008650
   -1    1   17    3   -0.003622
   -1    1   18    3   -0.007282
   -1    1    1    4    0.001142
   -1    1    2    4    0.000132
   -1    1    3    4    0.002770
   -1    1    4    4   -0.005192
   -1    1    5    4    0.000368
   -1    1    6    4    0.001895
   -1    1    7    4   -0.004237
   -1    1    8    4    0.000198
   -1    1    9    4    0.001530
   -1    1   10    4    0.001837
   -1    1   11    4    0.000467
   -1    1   12    4   -0.001182
   -1    1   13    4   -0.001295
   -1    1   14    4   -0.000885
   -1    1   15    4    0.004025
   -1    1   16    4   -0.006267
   -1    1   17    4   -0.000710
   -1    1   18    4    0.001877
   -1    1    1    5    0.006530
   -1    1    2    5   -0.000173
   -1    1    3    5   -0.001015
   -1    1    4    5   -0.001082
   -1    1    5    5    0.000380
   -1    1    6    5    0.001770
   -1    1    7    5    0.002013
   -1    1    8    5   -0.000607
   -1    1    9    5   -0.000667
   -1    1   10    5   -0.006247
   -1    1   11    5    0.000437
   -1    1   12    5   -0.001105
   -1    1   13    5    0.000965
   -1    1   14    5   -0.000647
   -1    1   15    5   -0.002170
   -1    1   16    5   -0.000817
   -1    1   17    5   -0.000867
   -1    1   18    5    0.001715
   -1    1    1    6   -0.033465
   -1    1    2    6    0.002897
   -1    1    3    6    0.024133
   -1    1    4    6   -0.071475
   -1    1    5    6    0.001698
   -1    1    6    6   -0.017095
   -1    1    7    6    0.009652
   -1    1    8    6    0.010987
   -1    1    9    6   -0.021612
   -1    1   10    6    0.014490
   -1    1   11    6   -0.005830
   -1    1   12    6    0.015190
   -1    1   13    6    0.009030
   -1    1   14    6    0.002837
   -1    1   15    6    0.009307
   -1    1   16    6    0.027397
   -1    1   17    6    0.009498
   -1    1   18    6    0.008587
   -1    1    1    7   -0.011663
   -1    1    2    7    0.003050
   -1    1    3    7   -0.024322
   -1    1    4    7    0.003848
   -1    1    5    7   -0.001050
   -1    1    6    7   -0.041472
   -1    1    7    7    0.000198
   -1    1    8    7   -0.004780
   -1    1    9    7    0.003025
   -1    1   10    7   -0.005762
   -1    1   11    7    0.001758
   -1    1   12    7    0.008535
   -1    1   13    7    0.013470
   -1    1   14    7    0.006735
   -1    1   15    7   -0.000745
   -1    1   16    7   -0.013995
   -1    1   17    7    0.001698
   -1    1   18    7   -0.017433
   -1    1    1    8   -0.000218
   -1    1    2    8    0.000450
   -1    1    3    8   -0.000485
   -1    1    4    8   -0.000382
   -1    1    5    8    0.000052
   -1    1    6    8   -0.001647
   -1    1    7    8    0.001355
   -1    1    8    8    0.000287
   -1    1    9    8   -0.001007
   -1    1   10    8   -0.002142
   -1    1   11    8    0.000327
   -1    1   12    8    0.001075
   -1    1   13    8   -0.002112
   -1    1   14    8    0.000253
   -1    1   15    8   -0.001415
   -1    1   16    8    0.000722
   -1    1   17    8    0.000475
   -1    1   18    8    0.001685
   -1    1    1    9   -0.004490
   -1    1    2    9    0.006228
   -1    1    3    9    0.005152
   -1    1    4    9    0.022290
   -1    1    5    9    0.003650
   -1    1    6    9   -0.023385
   -1    1    7    9   -0.006765
   -1    1    8    9    0.012343
   -1    1    9    9    0.001023
   -1    1   10    9    0.016698
   -1    1   11    9   -0.002535
   -1    1   12    9    0.025325
   -1    1   13    9   -0.002512
   -1    1   14    9    0.015947
   -1    1   15    9    0.009300
   -1    1   16    9    0.010153
   -1    1   17    9    0.026837
   -1    1   18    9    0.008440
   -1    1    1   10   -0.065147
   -1    1    2   10   -0.005080
   -1    1    3   10   -0.077982
   -1    1    4   10    0.013465
   -1    1    5   10    0.004645
   -1    1    6   10    0.046660
   -1    1    7   10   -0.032572
   -1    1    8   10   -0.018002
   -1    1    9   10    0.019360
   -1    1   10   10    0.037213
   -1    1   11   10   -0.001715
   -1    1   12   10   -0.050297
   -1    1   13   10   -0.015943
   -1    1   14   10    0.005205
   -1    1   15   10    0.015605
   -1    1   16   10   -0.021265
   -1    1   17   10    0.023328
   -1    1   18   10   -0.004150
   -1    1    1   11    0.000043
   -1    1    2   11   -0.000592
   -1    1    3   11    0.007375
   -1    1    4   11   -0.002273
   -1    1    5   11   -0.000025
   -1    1    6   11    0.003628
   -1    1    7   11    0.004580
   -1    1    8   11   -0.003127
   -1    1    9   11   -0.002583
   -1    1   10   11   -0.004800
   -1    1   11   11    0.000235
   -1    1   12   11   -0.005343
   -1    1   13   11   -0.004252
   -1    1   14   11   -0.003697
   -1    1   15   11   -0.002437
   -1    1   16   11    0.001082
   -1    1   17   11   -0.005125
   -1    1   18   11   -0.004780
   -1    1    1   12    0.007255
   -1    1    2   12   -0.001540
   -1    1    3   12    0.003975
   -1    1    4   12   -0.000782
   -1    1    5   12   -0.001525
   -1    1    6   12   -0.000890
   -1    1    7   12    0.004530
   -1    1    8   12   -0.005250
   -1    1    9   12   -0.007557
   -1    1   10   12   -0.007625
   -1    1   11   12    0.001485
   -1    1   12   12    0.001490
   -1    1   13   12    0.005533
   -1    1   14   12   -0.005248
   -1    1   15   12   -0.002095
   -1    1   16   12   -0.000573
   -1    1   17   12   -0.014923
   -1    1   18   12    0.001350
   -1    1    1   13    0.014877
   -1    1    2   13   -0.003082
   -1    1    3   13   -0.010807
   -1    1    4   13   -0.070432
   -1    1    5   13    0.002208
   -1    1    6   13    0.030302
   -1    1    7   13   -0.030957
   -1    1    8   13   -0.031230
   -1    1    9   13    0.009332
   -1    1   10   13    0.016932
   -1    1   11   13    0.003288
   -1    1   12   13   -0.013897
   -1    1   13   13    0.004307
   -1    1   14   13   -0.000597
   -1    1   15   13    0.014790
   -1    1   16   13   -0.026588
   -1    1   17   13   -0.002695
   -1    1   18   13    0.016580
   -1    1    1   14    0.003852
   -1    1    2   14    0.000785
   -1    1    3   14   -0.000572
   -1    1    4   14    0.000298
   -1    1    5   14   -0.000343
   -1    1    6   14   -0.002597
   -1    1    7   14    0.002603
   -1    1    8   14    0.000920
   -1    1    9   14    0.000160
   -1    1   10   14   -0.007767
   -1    1   11   14    0.000752
   -1    1   12   14    0.003823
   -1    1   13   14   -0.001308
   -1    1   14   14    0.000600
   -1    1   15   14   -0.003100
   -1    1   16   14    0.001275
   -1    1   17   14    0.000697
   -1    1   18   14    0.004847
   -1    1    1   15    0.014472
   -1    1    2   15    0.004580
   -1    1    3   15   -0.099877
   -1    1    4   15    0.140715
   -1    1    5   15   -0.005982
   -1    1    6   15    0.024065
   -1    1    7   15   -0.027047
   -1    1    8   15    0.018193
   -1    1    9   15    0.060010
   -1    1   10   15    0.018905
   -1    1   11   15    0.000635
   -1    1   12   15    0.024893
   -1    1   13   15   -0.020210
   -1    1   14   15    0.023150
   -1    1   15   15    0.008488
   -1    1   16   15   -0.010205
   -1    1   17   15    0.034757
   -1    1   18   15    0.015277
   -1    1    1   16   -0.040558
   -1    1    2   16    0.005768
   -1    1    3   16   -0.035795
   -1    1    4   16   -0.027205
   -1    1    5   16    0.007357
   -1    1    6   16   -0.058310
   -1    1    7   16   -0.005625
   -1    1    8   16   -0.011712
   -1    1    9   16   -0.001898
   -1    1   10   16   -0.006732
   -1    1   11   16    0.002610
   -1    1   12   16    0.017752
   -1    1   13   16    0.016895
   -1    1   14   16    0.012612
   -1    1   15   16   -0.000695
   -1    1   16   16   -0.031350
   -1    1   17   16    0.007578
   -1    1   18   16   -0.020255
   -1    1    1   17    0.002940
   -1    1    2   17    0.002077
   -1    1    3   17   -0.002780
   -1    1    4   17    0.007553
   -1    1    5   17    0.000250
   -1    1    6   17   -0.010730
   -1    1    7   17    0.008505
   -1    1    8   17    0.003670
   -1    1    9   17   -0.006412
   -1    1   10   17   -0.011565
   -1    1   11   17    0.001215
   -1    1   12   17    0.010188
   -1    1   13   17   -0.002180
   -1    1   14   17    0.001378
   -1    1   15   17   -0.010282
   -1    1   16   17    0.006675
   -1    1   17   17    0.002280
   -1    1   18   17    0.007102
   -1    1    1   18   -0.057447
   -1    1    2   18    0.007672
   -1    1    3   18   -0.061847
   -1    1    4   18    0.012332
   -1    1    5   18    0.003200
   -1    1    6   18   -0.034772
   -1    1    7   18    0.012075
   -1    1    8   18    0.008155
   -1    1    9   18   -0.029245
   -1    1   10   18   -0.049182
   -1    1   11   18    0.003537
   -1    1   12   18   -0.034472
   -1    1   13   18   -0.024417
   -1    1   14   18    0.005847
   -1    1   15   18   -0.013043
   -1    1   16   18   -0.003487
   -1    1   17   18    0.005723
   -1    1   18   18   -0.033157
    0    1    1    1    0.024660
    0    1    2    1   -0.006755
    0    1    3    1    0.130075
    0    1    4    1    0.043557
    0    1    5    1    0.001925
    0    1    6    1    0.032680
    0    1    7    1   -0.006960
    0    1    8    1    0.015892
    0    1    9    1   -0.020677
    0    1   10    1    0.007442
    0    1   11    1   -0.001720
    0    1   12    1    0.027723
    0    1   13    1   -0.025045
    0    1   14    1   -0.010100
    0    1   15    1   -0.006320
    0    1   16    1    0.008567
    0    1   17    1   -0.000825
    0    1   18    1    0.049050
    0    1    1    2   -0.022417
    0    1    2    2    0.000375
    0    1    3    2   -0.029007
    0    1    4    2   -0.018330
    0    1    5    2   -0.003165
    0    1    6    2   -0.004905
    0    1    7    2   -0.018732
    0    1    8    2   -0.011703
    0    1    9    2   -0.024338
    0    1   10    2    0.002085
    0    1   11    2   -0.003822
    0    1   12    2   -0.017792
    0    1   13    2    0.036552
    0    1   14    2   -0.000730
    0    1   15    2    0.002640
    0    1   16    2    0.002492
    0    1   17    2   -0.013480
    0    1   18    2   -0.019652
    0    1    1    3   -0.031195
    0    1    2    3   -0.000845
    0    1    3    3   -0.170225
    0    1    4    3   -0.194950
    0    1    5    3    0.001085
    0    1    6    3   -0.041515
    0    1    7    3   -0.009540
    0    1    8    3    0.008117
    0    1    9    3   -0.030650
    0    1   10    3    0.017002
    0    1   11    3   -0.001132
    0    1   12    3    0.050827
    0    1   13    3    0.031635
    0    1   14    3    0.009208
    0    1   15    3    0.019785
    0    1   16    3   -0.007405
    0    1   17    3    0.001607
    0    1   18    3    0.003690
    0    1    1    4    0.003930
    0    1    2    4    0.000052
    0    1    3    4   -0.007197
    0    1    4    4    0.077677
    0    1    5    4   -0.000190
    0    1    6    4    0.005262
    0    1    7    4    0.003132
    0    1    8    4    0.002775
    0    1    9    4   -0.004655
    0    1   10    4    0.000192
    0    1   11    4    0.000395
    0    1   12    4    0.001430
    0    1   13    4   -0.013072
    0    1   14    4   -0.002958
    0    1   15    4    0.000285
    0    1   16    4    0.000220
    0    1   17    4   -0.001668
    0    1   18    4    0.004567
    0    1    1    5    0.003287
    0    1    2    5   -0.001713
    0    1    3    5   -0.024935
    0    1    4    5   -0.005200
    0    1    5    5   -0.000632
    0    1    6    5    0.009505
    0    1    7    5   -0.004762
    0    1    8    5   -0.002117
    0    1    9    5    0.005360
    0    1   10    5   -0.001463
    0    1   11    5    0.000820
    0    1   12    5    0.005847
    0    1   13    5   -0.001662
    0    1   14    5    0.000575
    0    1   15    5    0.001942
    0    1   16    5   -0.008980
    0    1   17    5    0.001342
    0    1   18    5   -0.007040
    0    1    1    6    0.064110
    0    1    2    6    0.026952
    0    1    3    6    0.070457
    0    1    4    6    0.002965
    0    1    5    6    0.015145
    0    1    6    6   -0.003882
    0    1    7    6    0.116425
    0    1    8    6    0.061145
    0    1    9    6    0.084980
    0    1   10    6    0.000740
    0    1   11    6    0.001800
    0    1   12    6    0.068157
    0    1   13    6   -0.085383
    0    1   14    6    0.006655
    0    1   15    6   -0.016893
    0    1   16    6    0.053475
    0    1   17    6   -0.013070
    0    1   18    6    0.088142
    0    1    1    7   -0.001673
    0    1    2    7   -0.002518
    0    1    3    7   -0.189535
    0    1    4    7   -0.229508
    0    1    5    7   -0.000930
    0    1    6    7   -0.040650
    0    1    7    7   -0.003125
    0    1    8    7   -0.002197
    0    1    9    7   -0.003555
    0    1   10    7   -0.010727
    0    1   11    7   -0.005910
    0    1   12    7    0.030842
    0    1   13    7    0.067432
    0    1   14    7   -0.000242
    0    1   15    7    0.046422
    0    1   16    7   -0.020908
    0    1   17    7   -0.013860
    0    1   18    7   -0.020085
    0    1    1    8    0.003980
    0    1    2    8    0.000340
    0    1    3    8    0.004205
    0    1    4    8    0.002355
    0    1    5    8   -0.000002
    0    1    6    8    0.000152
    0    1    7    8    0.001708
    0    1    8    8    0.003675
    0    1    9    8   -0.000228
    0    1   10    8   -0.001457
    0    1   11    8    0.000077
    0    1   12    8    0.000782
    0    1   13    8   -0.001442
    0    1   14    8   -0.000342
    0    1   15    8   -0.001310
    0    1   16    8    0.000940
    0    1   17    8   -0.001245
    0    1   18    8    0.000298
    0    1    1    9   -0.130752
    0    1    2    9    0.037183
    0    1    3    9   -0.055025
    0    1    4    9    0.022315
    0    1    5    9    0.029438
    0    1    6    9   -0.160058
    0    1    7    9    0.006740
    0    1    8    9    0.003020
    0    1    9    9   -0.064282
    0    1   10    9   -0.079503
    0    1   11    9   -0.000030
    0    1   12    9   -0.091218
    0    1   13    9    0.010522
    0    1   14    9    0.045418
    0    1   15    9   -0.032277
    0    1   16    9   -0.001890
    0    1   17    9    0.063922
    0    1   18    9   -0.068672
    0    1    1   10    0.003955
    0    1    2   10   -0.026612
    0    1    3   10   -0.075815
    0    1    4   10    0.374360
    0    1    5   10   -0.079140
    0    1    6   10    0.048840
    0    1    7   10    0.003587
    0    1    8   10    0.314110
    0    1    9   10    0.078535
    0    1   10   10   -0.127605
    0    1   11   10    0.000597
    0    1   12   10    0.105910
    0    1   13   10   -0.005985
    0    1   14   10    0.021595
    0    1   15   10   -0.008725
    0    1   16   10   -0.033045
    0    1   17   10    0.023660
    0    1   18   10    0.074710
    0    1    1   11    0.025625
    0    1    2   11   -0.010935
    0    1    3   11    0.054857
    0    1    4   11   -0.058467
    0    1    5   11    0.028865
    0    1    6   11    0.035505
    0    1    7   11    0.002925
    0    1    8   11   -0.072970
    0    1    9   11    0.019107
    0    1   10   11    0.008835
    0    1   11   11    0.003360
    0    1   12   11    0.016267
    0    1   13   11   -0.016010
    0    1   14   11   -0.004388
    0    1   15   11   -0.000607
    0    1   16   11    0.001330
    0    1   17   11    0.052607
    0    1   18   11    0.006330
    0    1    1   12    0.000300
    0    1    2   12   -0.012250
    0    1    3   12   -0.065365
    0    1    4   12   -0.023775
    0    1    5   12   -0.009022
    0    1    6   12    0.042685
    0    1    7   12   -0.023960
    0    1    8   12   -0.011500
    0    1    9   12    0.016927
    0    1   10   12    0.050867
    0    1   11   12   -0.000897
    0    1   12   12    0.008307
    0    1   13   12    0.003222
    0    1   14   12   -0.003140
    0    1   15   12    0.019972
    0    1   16   12   -0.027917
    0    1   17   12   -0.009728
    0    1   18   12    0.021160
    0    1    1   13    0.033625
    0    1    2   13   -0.000662
    0    1    3   13    0.017195
    0    1    4   13   -0.024797
    0    1    5   13   -0.005985
    0    1    6   13   -0.044793
    0    1    7   13   -0.008305
    0    1    8   13    0.094500
    0    1    9   13    0.010840
    0    1   10   13    0.012308
    0    1   11   13    0.017692
    0    1   12   13    0.042232
    0    1   13   13   -0.124997
    0    1   14   13    0.004002
    0    1   15   13   -0.008942
    0    1   16   13    0.025347
    0    1   17   13    0.047590
    0    1   18   13    0.011192
    0    1    1   14    0.007972
    0    1    2   14    0.001597
    0    1    3   14    0.000940
    0    1    4   14   -0.002072
    0    1    5   14    0.004280
    0    1    6   14    0.004182
    0    1    7   14    0.003395
    0    1    8   14    0.033017
    0    1    9   14    0.000175
    0    1   10   14   -0.005365
    0    1   11   14   -0.000055
    0    1   12   14   -0.009437
    0    1   13   14    0.005835
    0    1   14   14    0.003092
    0    1   15   14   -0.000030
    0    1   16   14   -0.001015
    0    1   17   14    0.007985
    0    1   18   14   -0.010510
    0    1    1   15   -0.179088
    0    1    2   15    0.036867
    0    1    3   15   -0.292325
    0    1    4   15   -0.063530
    0    1    5   15    0.028313
    0    1    6   15   -0.151828
    0    1    7   15   -0.183625
    0    1    8   15   -0.017622
    0    1    9   15   -0.032735
    0    1   10   15   -0.113985
    0    1   11   15    0.008940
    0    1   12   15   -0.518180
    0    1   13   15    0.041742
    0    1   14   15    0.068727
    0    1   15   15    0.001142
    0    1   16   15   -0.084240
    0    1   17   15    0.125372
    0    1   18   15   -0.072790
    0    1    1   16    0.057118
    0    1    2   16    0.000992
    0    1    3   16    0.051615
    0    1    4   16    0.603985
    0    1    5   16   -0.010060
    0    1    6   16   -0.143072
    0    1    7   16   -0.002420
    0    1    8   16    0.043213
    0    1    9   16   -0.021333
    0    1   10   16   -0.009745
    0    1   11   16   -0.000735
    0    1   12   16    0.188670
    0    1   13   16    0.061902
    0    1   14   16   -0.014445
    0    1   15   16    0.034210
    0    1   16   16    0.030697
    0    1   17   16   -0.000893
    0    1   18   16    0.011013
    0    1    1   17    0.005810
    0    1    2   17   -0.001237
    0    1    3   17    0.015952
    0    1    4   17    0.015195
    0    1    5   17    0.001050
    0    1    6   17   -0.015992
    0    1    7   17    0.001555
    0    1    8   17   -0.001750
    0    1    9   17   -0.008578
    0    1   10   17   -0.007950
    0    1   11   17   -0.001795
    0    1   12   17   -0.002015
    0    1   13   17    0.022105
    0    1   14   17   -0.002757
    0    1   15   17   -0.000063
    0    1   16   17    0.012562
    0    1   17   17   -0.006165
    0    1   18   17   -0.001637
    0    1    1   18    0.053760
    0    1    2   18    0.007063
    0    1    3   18    0.087358
    0    1    4   18   -0.064365
    0    1    5   18   -0.027195
    0    1    6   18    0.009482
    0    1    7   18   -0.030272
    0    1    8   18   -0.026110
    0    1    9   18    0.097657
    0    1   10   18   -0.012325
    0    1   11   18    0.003910
    0    1   12   18    0.023770
    0    1   13   18   -0.023723
    0    1   14   18   -0.016270
    0    1   15   18   -0.004210
    0    1   16   18    0.048912
    0    1   17   18   -0.057422
    0    1   18   18    0.110817
    1    1    1    1    0.014127
    1    1    2    1    0.000522
    1    1    3    1    0.003067
    1    1    4    1    0.011072
    1    1    5    1    0.006415
    1    1    6    1    0.073417
    1    1    7    1    0.055373
    1    1    8    1    0.017205
    1    1    9    1    0.120135
    1    1   10    1    0.023915
    1    1   11    1   -0.015023
    1    1   12    1   -0.051062
    1    1   13    1    0.049565
    1    1   14    1    0.010555
    1    1   15    1   -0.011690
    1    1   16    1    0.087447
    1    1   17    1    0.000093
    1    1   18    1    0.051202
    1    1    1    2   -0.009830
    1    1    2    2   -0.005003
    1    1    3    2   -0.004945
    1    1    4    2    0.001092
    1    1    5    2   -0.000908
    1    1    6    2    0.004528
    1    1    7    2   -0.049740
    1    1    8    2   -0.000990
    1    1    9    2   -0.000103
    1    1   10    2    0.005245
    1    1   11    2    0.000872
    1    1   12    2    0.001768
    1    1   13    2   -0.007488
    1    1   14    2    0.000060
    1    1   15    2    0.018850
    1    1   16    2    0.016100
    1    1   17    2    0.013365
    1    1   18    2    0.000545
    1    1    1    3    0.080540
    1    1    2    3   -0.000400
    1    1    3    3    0.001967
    1    1    4    3   -0.033112
    1    1    5    3    0.019052
    1    1    6    3    0.028550
    1    1    7    3    0.026003
    1    1    8    3    0.009078
    1    1    9    3   -0.032317
    1    1   10    3   -0.011137
    1    1   11    3    0.016747
    1    1   12    3    0.028715
    1    1   13    3   -0.019708
    1    1   14    3   -0.005617
    1    1   15    3    0.013652
    1    1   16    3   -0.131425
    1    1   17    3   -0.007512
    1    1   18    3    0.070817
    1    1    1    4   -0.001627
    1    1    2    4    0.004085
    1    1    3    4    0.062918
    1    1    4    4    0.084145
    1    1    5    4    0.000195
    1    1    6    4   -0.003960
    1    1    7    4   -0.030002
    1    1    8    4   -0.004415
    1    1    9    4    0.018453
    1    1   10    4    0.018902
    1    1   11    4   -0.003260
    1    1   12    4   -0.056430
    1    1   13    4    0.047480
    1    1   14    4   -0.002612
    1    1   15    4    0.024580
    1    1   16    4   -0.149297
    1    1   17    4    0.005727
    1    1   18    4    0.012477
    1    1    1    5   -0.002920
    1    1    2    5   -0.003082
    1    1    3    5    0.008857
    1    1    4    5    0.011835
    1    1    5    5   -0.005710
    1    1    6    5    0.008225
    1    1    7    5    0.006018
    1    1    8    5   -0.002217
    1    1    9    5    0.008047
    1    1   10    5   -0.000535
    1    1   11    5    0.000838
    1    1   12    5   -0.020257
    1    1   13    5    0.005320
    1    1   14    5   -0.001157
    1    1   15    5    0.008993
    1    1   16    5   -0.016792
    1    1   17    5    0.000562
    1    1   18    5    0.000715
    1    1    1    6    0.029470
    1    1    2    6    0.030362
    1    1    3    6   -0.012582
    1    1    4    6   -0.000628
    1    1    5    6    0.009482
    1    1    6    6   -0.084615
    1    1    7    6    0.099013
    1    1    8    6    0.000060
    1    1    9    6   -0.025057
    1    1   10    6    0.018835
    1    1   11    6    0.011710
    1    1   12    6    0.005855
    1    1   13    6   -0.069695
    1    1   14    6    0.007898
    1    1   15    6   -0.096887
    1    1   16    6   -0.122242
    1    1   17    6   -0.029818
    1    1   18    6   -0.021220
    1    1    1    7    0.012247
    1    1    2    7   -0.009265
    1    1    3    7   -0.008792
    1    1    4    7   -0.007667
    1    1    5    7    0.009012
    1    1    6    7    0.076175
    1    1    7    7    0.106520
    1    1    8    7    0.000610
    1    1    9    7   -0.037943
    1    1   10    7    0.028988
    1    1   11    7    0.010072
    1    1   12    7    0.040465
    1    1   13    7    0.024522
    1    1   14    7   -0.002775
    1    1   15    7    0.018342
    1    1   16    7   -0.107142
    1    1   17    7   -0.004382
    1    1   18    7    0.023745
    1    1    1    8   -0.001017
    1    1    2    8    0.001320
    1    1    3    8    0.002825
    1    1    4    8    0.007048
    1    1    5    8   -0.004097
    1    1    6    8    0.000225
    1    1    7    8   -0.003507
    1    1    8    8   -0.010647
    1    1    9    8   -0.001315
    1    1   10    8    0.005885
    1    1   11    8   -0.000697
    1    1   12    8   -0.005025
    1    1   13    8    0.000450
    1    1   14    8   -0.001430
    1    1   15    8   -0.001553
    1    1   16    8   -0.003100
    1    1   17    8   -0.004740
    1    1   18    8   -0.003387
    1    1    1    9    0.047475
    1    1    2    9    0.045738
    1    1    3    9   -0.059900
    1    1    4    9   -0.057142
    1    1    5    9    0.023987
    1    1    6    9   -0.156620
    1    1    7    9   -1.179387
    1    1    8    9   -0.000195
    1    1    9    9   -0.098962
    1    1   10    9   -0.264033
    1    1   11    9    0.000560
    1    1   12    9    0.053913
    1    1   13    9   -0.117967
    1    1   14    9    0.010605
    1    1   15    9   -0.068905
    1    1   16    9    0.104250
    1    1   17    9   -0.023258
    1    1   18    9   -0.064062
    1    1    1   10    0.017470
    1    1    2   10    0.225977
    1    1    3   10   -0.043160
    1    1    4   10   -0.080140
    1    1    5   10    0.427555
    1    1    6   10   -0.023543
    1    1    7   10   -0.190110
    1    1    8   10    0.177870
    1    1    9   10   -0.276963
    1    1   10   10    0.006665
    1    1   11   10   -0.014675
    1    1   12   10   -0.389672
    1    1   13   10    1.360978
    1    1   14   10    0.051523
    1    1   15   10   -0.009902
    1    1   16   10    0.006290
    1    1   17   10   -0.461177
    1    1   18   10    0.116270
    1    1    1   11   -0.002507
    1    1    2   11   -0.010743
    1    1    3   11   -0.013377
    1    1    4   11    0.003250
    1    1    5   11   -0.012570
    1    1    6   11    0.069730
    1    1    7   11    0.254830
    1    1    8   11   -0.000548
    1    1    9   11    0.026880
    1    1   10   11    0.032808
    1    1   11   11   -0.012210
    1    1   12   11    0.003257
    1    1   13   11    0.069012
    1    1   14   11   -0.003485
    1    1   15   11    0.008263
    1    1   16   11   -0.036275
    1    1   17   11   -0.072640
    1    1   18   11    0.015332
    1    1    1   12    0.023177
    1    1    2   12    0.005435
    1    1    3   12    0.026075
    1    1    4   12   -0.011842
    1    1    5   12   -0.002482
    1    1    6   12   -0.052927
    1    1    7   12   -0.055450
    1    1    8   12   -0.005955
    1    1    9   12    0.029130
    1    1   10   12    0.051240
    1    1   11   12    0.002570
    1    1   12   12    0.050428
    1    1   13   12   -0.046607
    1    1   14   12   -0.002448
    1    1   15   12    0.017475
    1    1   16   12   -0.038185
    1    1   17   12    0.020645
    1    1   18   12    0.081720
    1    1    1   13    0.027290
    1    1    2   13    0.011565
    1    1    3   13    0.032620
    1    1    4   13    0.002555
    1    1    5   13   -0.002063
    1    1    6   13   -0.053335
    1    1    7   13    0.100842
    1    1    8   13   -0.004253
    1    1    9   13   -0.005420
    1    1   10   13   -0.025160
    1    1   11   13   -0.010642
    1    1   12   13    0.017812
    1    1   13   13   -0.092452
    1    1   14   13   -0.005185
    1    1   15   13   -0.017260
    1    1   16   13    0.024595
    1    1   17   13   -0.003815
    1    1   18   13   -0.011627
    1    1    1   14   -0.004100
    1    1    2   14    0.001775
    1    1    3   14   -0.011740
    1    1    4   14    0.002415
    1    1    5   14   -0.015627
    1    1    6   14   -0.018197
    1    1    7   14    0.006105
    1    1    8   14   -0.008332
    1    1    9   14    0.001925
    1    1   10   14   -0.010430
    1    1   11   14   -0.001230
    1    1   12   14   -0.000092
    1    1   13   14   -0.020335
    1    1   14   14   -0.004935
    1    1   15   14    0.003120
    1    1   16   14   -0.014817
    1    1   17   14   -0.005930
    1    1   18   14   -0.010080
    1    1    1   15    0.007128
    1    1    2   15    0.091540
    1    1    3   15    0.007385
    1    1    4   15   -0.003107
    1    1    5   15    0.033215
    1    1    6   15   -0.395713
    1    1    7   15   -0.992827
    1    1    8   15   -0.003770
    1    1    9   15   -0.105072
    1    1   10   15   -0.492258
    1    1   11   15    0.021205
    1    1   12   15    0.025935
    1    1   13   15   -0.148847
    1    1   14   15    0.013515
    1    1   15   15   -0.042260
    1    1   16   15    0.043420
    1    1   17   15   -0.005937
    1    1   18   15   -0.028560
    1    1    1   16   -0.024137
    1    1    2   16   -0.006612
    1    1    3   16    0.082882
    1    1    4   16    0.016845
    1    1    5   16   -0.013128
    1    1    6   16    0.062973
    1    1    7   16   -0.386935
    1    1    8   16   -0.005117
    1    1    9   16    0.010402
    1    1   10   16    0.036735
    1    1   11   16   -0.009730
    1    1   12   16   -0.128212
    1    1   13   16   -0.176617
    1    1   14   16   -0.002197
    1    1   15   16   -0.027330
    1    1   16   16    0.205735
    1    1   17   16   -0.005057
    1    1   18   16   -0.022583
    1    1    1   17   -0.010528
    1    1    2   17    0.003760
    1    1    3   17   -0.007310
    1    1    4   17    0.004287
    1    1    5   17   -0.000277
    1    1    6   17   -0.025185
    1    1    7   17   -0.026742
    1    1    8   17   -0.008682
    1    1    9   17    0.002387
    1    1   10   17    0.027320
    1    1   11   17    0.001362
    1    1   12   17   -0.028957
    1    1   13   17    0.007533
    1    1   14   17   -0.000485
    1    1   15   17    0.005455
    1    1   16   17    0.006627
    1    1   17   17   -0.002012
    1    1   18   17   -0.022830
    1    1    1   18    0.102140
    1    1    2   18   -0.014335
    1    1    3   18    0.046435
    1    1    4   18    0.009165
    1    1    5   18   -0.013930
    1    1    6   18    0.052277
    1    1    7   18    0.696617
    1    1    8   18   -0.008242
    1    1    9   18    0.069477
    1    1   10   18    0.196010
    1    1   11   18    0.000908
    1    1   12   18    0.016155
    1    1   13   18    0.028002
    1    1   14   18   -0.015180
    1    1   15   18    0.037782
    1    1   16   18   -0.161132
    1    1   17   18    0.003625
    1    1   18   18    0.209357
