 ir1  ir2   m    n          ReH 
   -1   -1    1    1    0.091510
   -1   -1    2    1   -0.004678
   -1   -1    3    1    0.009967
   -1   -1    4    1    0.142762
   -1   -1    5    1    0.007632
   -1   -1    6    1   -0.011975
   -1   -1    7    1    0.006137
   -1   -1    8    1   -0.006750
   -1   -1    9    1   -0.019242
   -1   -1   10    1    0.007790
   -1   -1   11    1    0.004107
   -1   -1   12    1    0.009598
   -1   -1   13    1   -0.005725
   -1   -1   14    1   -0.006707
   -1   -1   15    1   -0.005600
   -1   -1   16    1   -0.011265
   -1   -1   17    1    0.005322
   -1   -1   18    1    0.000160
   -1   -1    1    2   -0.046402
   -1   -1    2    2   -0.014082
   -1   -1    3    2   -0.010945
   -1   -1    4    2   -0.431360
   -1   -1    5    2   -0.003107
   -1   -1    6    2    0.018267
   -1   -1    7    2    0.006070
   -1   -1    8    2    0.013805
   -1   -1    9    2   -0.006817
   -1   -1   10    2    0.146207
   -1   -1   11    2   -0.016625
   -1   -1   12    2   -0.002563
   -1   -1   13    2    0.013683
   -1   -1   14    2   -0.023550
   -1   -1   15    2   -0.000572
   -1   -1   16    2   -0.005183
   -1   -1   17    2   -0.033865
   -1   -1   18    2    0.027125
   -1   -1    1    3    0.246882
   -1   -1    2    3    0.006895
   -1   -1    3    3   -0.022825
   -1   -1    4    3    0.179500
   -1   -1    5    3   -0.016102
   -1   -1    6    3    0.013657
   -1   -1    7    3    0.000845
   -1   -1    8    3   -0.006280
   -1   -1    9    3    0.006305
   -1   -1   10    3    0.096868
   -1   -1   11    3   -0.001775
   -1   -1   12    3    0.003725
   -1   -1   13    3   -0.002955
   -1   -1   14    3   -0.000902
   -1   -1   15    3   -0.018202
   -1   -1   16    3   -0.025925
   -1   -1   17    3    0.000520
   -1   -1   18    3    0.041937
   -1   -1    1    4   -0.050725
   -1   -1    2    4   -0.010975
   -1   -1    3    4    0.063435
   -1   -1    4    4   -0.058082
   -1   -1    5    4    0.002325
   -1   -1    6    4   -0.075717
   -1   -1    7    4    0.016447
   -1   -1    8    4   -0.002047
   -1   -1    9    4   -0.027778
   -1   -1   10    4    1.318297
   -1   -1   11    4   -0.033970
   -1   -1   12    4    0.032342
   -1   -1   13    4   -0.012590
   -1   -1   14    4   -0.012650
   -1   -1   15    4   -0.089135
   -1   -1   16    4   -0.035817
   -1   -1   17    4    0.000245
   -1   -1   18    4    0.007735
   -1   -1    1    5   -0.076595
   -1   -1    2    5   -0.001053
   -1   -1    3    5   -0.002942
   -1   -1    4    5    0.178625
   -1   -1    5    5    0.018905
   -1   -1    6    5    0.007880
   -1   -1    7    5    0.006490
   -1   -1    8    5    0.006307
   -1   -1    9    5   -0.006730
   -1   -1   10    5    0.276997
   -1   -1   11    5    0.018783
   -1   -1   12    5    0.003490
   -1   -1   13    5   -0.004120
   -1   -1   14    5    0.023360
   -1   -1   15    5   -0.000085
   -1   -1   16    5    0.026437
   -1   -1   17    5    0.042230
   -1   -1   18    5   -0.015030
   -1   -1    1    6    0.092587
   -1   -1    2    6    0.006945
   -1   -1    3    6   -0.026523
   -1   -1    4    6    0.633350
   -1   -1    5    6   -0.020137
   -1   -1    6    6    0.075030
   -1   -1    7    6   -0.001522
   -1   -1    8    6   -0.001408
   -1   -1    9    6    0.003395
   -1   -1   10    6    0.640275
   -1   -1   11    6   -0.042395
   -1   -1   12    6    0.086100
   -1   -1   13    6    0.030970
   -1   -1   14    6   -0.008507
   -1   -1   15    6    0.101313
   -1   -1   16    6    0.198095
   -1   -1   17    6   -0.003710
   -1   -1   18    6    0.000875
   -1   -1    1    7    0.405925
   -1   -1    2    7    0.088442
   -1   -1    3    7   -0.083557
   -1   -1    4    7    1.948992
   -1   -1    5    7    0.022725
   -1   -1    6    7   -0.011980
   -1   -1    7    7   -0.066373
   -1   -1    8    7   -0.156532
   -1   -1    9    7    0.135990
   -1   -1   10    7   -0.171157
   -1   -1   11    7    0.051457
   -1   -1   12    7   -0.050760
   -1   -1   13    7    0.006045
   -1   -1   14    7   -0.069452
   -1   -1   15    7   -0.147220
   -1   -1   16    7   -0.241435
   -1   -1   17    7    0.465520
   -1   -1   18    7   -0.020650
   -1   -1    1    8   -0.083963
   -1   -1    2    8    0.003605
   -1   -1    3    8   -0.012273
   -1   -1    4    8    0.034647
   -1   -1    5    8    0.003793
   -1   -1    6    8    0.009237
   -1   -1    7    8    0.001060
   -1   -1    8    8    0.001865
   -1   -1    9    8   -0.000192
   -1   -1   10    8    0.189560
   -1   -1   11    8    0.003602
   -1   -1   12    8    0.003892
   -1   -1   13    8   -0.002965
   -1   -1   14    8    0.005095
   -1   -1   15    8   -0.006332
   -1   -1   16    8    0.013855
   -1   -1   17    8    0.026332
   -1   -1   18    8   -0.023748
   -1   -1    1    9    0.319375
   -1   -1    2    9   -0.013042
   -1   -1    3    9   -0.123237
   -1   -1    4    9    0.126318
   -1   -1    5    9    0.043702
   -1   -1    6    9    0.163708
   -1   -1    7    9   -0.017035
   -1   -1    8    9    0.007312
   -1   -1    9    9   -0.202470
   -1   -1   10    9    0.202533
   -1   -1   11    9    0.060967
   -1   -1   12    9    0.024925
   -1   -1   13    9   -0.007180
   -1   -1   14    9    0.011602
   -1   -1   15    9   -0.278145
   -1   -1   16    9   -0.190645
   -1   -1   17    9   -0.004622
   -1   -1   18    9   -0.018943
   -1   -1    1   10    0.034337
   -1   -1    2   10    0.000687
   -1   -1    3   10    0.015625
   -1   -1    4   10   -0.289652
   -1   -1    5   10    0.007507
   -1   -1    6   10    0.208745
   -1   -1    7   10   -0.011122
   -1   -1    8   10    0.003858
   -1   -1    9   10    0.036582
   -1   -1   10   10    0.115102
   -1   -1   11   10   -0.021300
   -1   -1   12   10    0.032357
   -1   -1   13   10    0.013165
   -1   -1   14   10   -0.000037
   -1   -1   15   10    0.177970
   -1   -1   16   10    0.336562
   -1   -1   17   10   -0.000050
   -1   -1   18   10   -0.033140
   -1   -1    1   11    0.000950
   -1   -1    2   11    0.001252
   -1   -1    3   11    0.011782
   -1   -1    4   11    0.149805
   -1   -1    5   11    0.000035
   -1   -1    6   11   -0.007098
   -1   -1    7   11    0.000950
   -1   -1    8   11   -0.002295
   -1   -1    9   11   -0.006952
   -1   -1   10   11    0.104685
   -1   -1   11   11    0.004377
   -1   -1   12   11    0.006175
   -1   -1   13   11   -0.000590
   -1   -1   14   11    0.007440
   -1   -1   15   11   -0.014422
   -1   -1   16   11    0.015327
   -1   -1   17   11    0.020132
   -1   -1   18   11   -0.008852
   -1   -1    1   12    0.045347
   -1   -1    2   12   -0.008230
   -1   -1    3   12   -0.011595
   -1   -1    4   12   -1.041370
   -1   -1    5   12    0.004395
   -1   -1    6   12    0.095142
   -1   -1    7   12   -0.014455
   -1   -1    8   12    0.015910
   -1   -1    9   12    0.001533
   -1   -1   10   12    0.495785
   -1   -1   11   12   -0.001050
   -1   -1   12   12    0.017440
   -1   -1   13   12   -0.066335
   -1   -1   14   12    0.019318
   -1   -1   15   12   -0.183035
   -1   -1   16   12    0.084610
   -1   -1   17   12    0.002140
   -1   -1   18   12    0.037657
   -1   -1    1   13   -0.085748
   -1   -1    2   13    0.001340
   -1   -1    3   13    0.012675
   -1   -1    4   13   -0.343878
   -1   -1    5   13    0.005870
   -1   -1    6   13   -0.025208
   -1   -1    7   13    0.024222
   -1   -1    8   13    0.000652
   -1   -1    9   13    0.039367
   -1   -1   10   13    0.047507
   -1   -1   11   13    0.019625
   -1   -1   12   13    0.041820
   -1   -1   13   13    0.200245
   -1   -1   14   13    0.002872
   -1   -1   15   13    0.085852
   -1   -1   16   13   -0.007360
   -1   -1   17   13   -0.004045
   -1   -1   18   13    0.040555
   -1   -1    1   14   -0.048815
   -1   -1    2   14   -0.001150
   -1   -1    3   14   -0.005715
   -1   -1    4   14   -0.051440
   -1   -1    5   14    0.000812
   -1   -1    6   14    0.012175
   -1   -1    7   14   -0.000187
   -1   -1    8   14    0.003560
   -1   -1    9   14   -0.006215
   -1   -1   10   14   -0.228307
   -1   -1   11   14   -0.003770
   -1   -1   12   14   -0.000517
   -1   -1   13   14   -0.004635
   -1   -1   14   14   -0.000380
   -1   -1   15   14    0.000982
   -1   -1   16   14    0.014590
   -1   -1   17   14   -0.003525
   -1   -1   18   14    0.000345
   -1   -1    1   15   -0.083232
   -1   -1    2   15   -0.016912
   -1   -1    3   15    0.034125
   -1   -1    4   15    0.372123
   -1   -1    5   15    0.000602
   -1   -1    6   15   -0.193072
   -1   -1    7   15   -0.005935
   -1   -1    8   15   -0.018560
   -1   -1    9   15   -0.010110
   -1   -1   10   15    0.130260
   -1   -1   11   15   -0.053020
   -1   -1   12   15   -0.002027
   -1   -1   13   15    0.039557
   -1   -1   14   15    0.019727
   -1   -1   15   15    0.090402
   -1   -1   16   15    0.214080
   -1   -1   17   15   -0.027402
   -1   -1   18   15    0.011575
   -1   -1    1   16    0.085187
   -1   -1    2   16    0.013035
   -1   -1    3   16   -0.077450
   -1   -1    4   16    0.171703
   -1   -1    5   16    0.015302
   -1   -1    6   16    0.007412
   -1   -1    7   16    0.016670
   -1   -1    8   16   -0.000202
   -1   -1    9   16    0.004360
   -1   -1   10   16   -0.122477
   -1   -1   11   16    0.017775
   -1   -1   12   16    0.001637
   -1   -1   13   16    0.006423
   -1   -1   14   16    0.001660
   -1   -1   15   16    0.087390
   -1   -1   16   16   -0.184588
   -1   -1   17   16    0.019673
   -1   -1   18   16   -0.007493
   -1   -1    1   17    0.023065
   -1   -1    2   17    0.012010
   -1   -1    3   17    0.018470
   -1   -1    4   17    0.281285
   -1   -1    5   17   -0.002750
   -1   -1    6   17    0.013253
   -1   -1    7   17   -0.006310
   -1   -1    8   17    0.006258
   -1   -1    9   17    0.003130
   -1   -1   10   17   -0.507855
   -1   -1   11   17   -0.060595
   -1   -1   12   17    0.008460
   -1   -1   13   17   -0.030502
   -1   -1   14   17    0.026150
   -1   -1   15   17    0.010465
   -1   -1   16   17    0.078452
   -1   -1   17   17    0.014240
   -1   -1   18   17   -0.012427
   -1   -1    1   18    0.055008
   -1   -1    2   18    0.371815
   -1   -1    3   18    0.177362
   -1   -1    4   18   -0.763735
   -1   -1    5   18   -0.215340
   -1   -1    6   18    1.168145
   -1   -1    7   18   -0.105042
   -1   -1    8   18    0.007992
   -1   -1    9   18   -0.471645
   -1   -1   10   18   -0.035330
   -1   -1   11   18   -0.076090
   -1   -1   12   18    0.738260
   -1   -1   13   18    0.169915
   -1   -1   14   18   -0.016820
   -1   -1   15   18   -0.381220
   -1   -1   16   18   -0.033490
   -1   -1   17   18   -0.056235
   -1   -1   18   18    0.029205
    0   -1    1    1    0.105737
    0   -1    2    1    0.000023
    0   -1    3    1   -0.009590
    0   -1    4    1    0.343717
    0   -1    5    1   -0.002195
    0   -1    6    1    0.042298
    0   -1    7    1    0.008802
    0   -1    8    1    0.001650
    0   -1    9    1    0.034620
    0   -1   10    1    0.038585
    0   -1   11    1   -0.006928
    0   -1   12    1   -0.031642
    0   -1   13    1   -0.171878
    0   -1   14    1    0.005140
    0   -1   15    1   -0.117527
    0   -1   16    1   -0.135175
    0   -1   17    1    0.013967
    0   -1   18    1   -0.009897
    0   -1    1    2    0.003797
    0   -1    2    2    0.012652
    0   -1    3    2   -0.003705
    0   -1    4    2   -0.002132
    0   -1    5    2    0.002505
    0   -1    6    2    0.041100
    0   -1    7    2    0.002665
    0   -1    8    2    0.000522
    0   -1    9    2    0.004395
    0   -1   10    2   -0.010575
    0   -1   11    2    0.022838
    0   -1   12    2    0.047130
    0   -1   13    2   -0.053032
    0   -1   14    2   -0.002375
    0   -1   15    2   -0.045220
    0   -1   16    2    0.021528
    0   -1   17    2    0.025592
    0   -1   18    2   -0.007342
    0   -1    1    3   -0.031850
    0   -1    2    3    0.038825
    0   -1    3    3   -0.002903
    0   -1    4    3    1.399528
    0   -1    5    3   -0.016585
    0   -1    6    3    0.769120
    0   -1    7    3   -0.041572
    0   -1    8    3    0.002042
    0   -1    9    3    0.145247
    0   -1   10    3    0.117300
    0   -1   11    3   -0.079182
    0   -1   12    3    0.200122
    0   -1   13    3   -0.063682
    0   -1   14    3    0.002390
    0   -1   15    3    0.614422
    0   -1   16    3    0.468050
    0   -1   17    3    0.011842
    0   -1   18    3   -0.018252
    0   -1    1    4   -0.005010
    0   -1    2    4   -0.013643
    0   -1    3    4   -0.005993
    0   -1    4    4   -0.050980
    0   -1    5    4   -0.005045
    0   -1    6    4   -0.047507
    0   -1    7    4    0.005205
    0   -1    8    4    0.000253
    0   -1    9    4    0.064580
    0   -1   10    4   -0.038415
    0   -1   11    4   -0.000662
    0   -1   12    4    0.064472
    0   -1   13    4    0.128552
    0   -1   14    4   -0.003402
    0   -1   15    4   -0.042083
    0   -1   16    4    0.030932
    0   -1   17    4    0.003270
    0   -1   18    4   -0.002945
    0   -1    1    5    0.021423
    0   -1    2    5   -0.003642
    0   -1    3    5   -0.005682
    0   -1    4    5   -0.005685
    0   -1    5    5    0.002595
    0   -1    6    5    0.015150
    0   -1    7    5    0.024397
    0   -1    8    5    0.000865
    0   -1    9    5    0.019487
    0   -1   10    5    0.042195
    0   -1   11    5   -0.008555
    0   -1   12    5   -0.189677
    0   -1   13    5    0.036407
    0   -1   14    5   -0.000060
    0   -1   15    5   -0.061445
    0   -1   16    5    0.019170
    0   -1   17    5    0.000753
    0   -1   18    5   -0.019325
    0   -1    1    6   -0.017880
    0   -1    2    6    0.029425
    0   -1    3    6   -0.024422
    0   -1    4    6    0.149042
    0   -1    5    6   -0.009387
    0   -1    6    6   -0.009632
    0   -1    7    6    0.008082
    0   -1    8    6   -0.002533
    0   -1    9    6    0.097905
    0   -1   10    6   -0.035758
    0   -1   11    6    0.003672
    0   -1   12    6    0.106762
    0   -1   13    6   -0.001620
    0   -1   14    6   -0.004540
    0   -1   15    6   -0.203360
    0   -1   16    6   -0.149812
    0   -1   17    6    0.002590
    0   -1   18    6    0.024057
    0   -1    1    7   -0.020520
    0   -1    2    7   -0.013662
    0   -1    3    7   -0.003952
    0   -1    4    7    0.015775
    0   -1    5    7    0.000367
    0   -1    6    7    0.030505
    0   -1    7    7   -0.002930
    0   -1    8    7    0.004287
    0   -1    9    7   -0.068955
    0   -1   10    7    0.020117
    0   -1   11    7   -0.204605
    0   -1   12    7   -0.500987
    0   -1   13    7    0.003710
    0   -1   14    7    0.023012
    0   -1   15    7   -0.097633
    0   -1   16    7   -0.042000
    0   -1   17    7   -0.110258
    0   -1   18    7    0.040507
    0   -1    1    8    0.054300
    0   -1    2    8    0.059323
    0   -1    3    8    0.016905
    0   -1    4    8    0.117227
    0   -1    5    8    0.029417
    0   -1    6    8    0.051453
    0   -1    7    8    0.037792
    0   -1    8    8    0.007155
    0   -1    9    8    0.023632
    0   -1   10    8    0.005105
    0   -1   11    8    0.094345
    0   -1   12    8   -0.186000
    0   -1   13    8    0.108707
    0   -1   14    8    0.026640
    0   -1   15    8   -0.019495
    0   -1   16    8   -0.020860
    0   -1   17    8   -0.041063
    0   -1   18    8   -0.021797
    0   -1    1    9   -0.003858
    0   -1    2    9   -0.024370
    0   -1    3    9   -0.002722
    0   -1    4    9    0.003825
    0   -1    5    9   -0.007108
    0   -1    6    9    0.003000
    0   -1    7    9   -0.005187
    0   -1    8    9    0.000305
    0   -1    9    9   -0.028080
    0   -1   10    9    0.047287
    0   -1   11    9    0.041115
    0   -1   12    9    0.122897
    0   -1   13    9   -0.679395
    0   -1   14    9   -0.012982
    0   -1   15    9   -0.135115
    0   -1   16    9   -0.097502
    0   -1   17    9   -0.059120
    0   -1   18    9   -0.038058
    0   -1    1   10    0.014645
    0   -1    2   10   -0.002205
    0   -1    3   10   -0.000645
    0   -1    4   10    0.017147
    0   -1    5   10    0.002332
    0   -1    6   10   -0.010847
    0   -1    7   10   -0.001928
    0   -1    8   10   -0.001177
    0   -1    9   10    0.009237
    0   -1   10   10    0.001795
    0   -1   11   10    0.001492
    0   -1   12   10    0.007020
    0   -1   13   10    0.039815
    0   -1   14   10   -0.000087
    0   -1   15   10    0.006245
    0   -1   16   10    0.001180
    0   -1   17   10   -0.010040
    0   -1   18   10   -0.007455
    0   -1    1   11    0.004435
    0   -1    2   11   -0.000103
    0   -1    3   11   -0.002427
    0   -1    4   11    0.000657
    0   -1    5   11   -0.001545
    0   -1    6   11    0.010278
    0   -1    7   11   -0.000645
    0   -1    8   11    0.000000
    0   -1    9   11    0.010587
    0   -1   10   11   -0.010275
    0   -1   11   11   -0.006875
    0   -1   12   11   -0.004732
    0   -1   13   11    0.026672
    0   -1   14   11   -0.001077
    0   -1   15   11   -0.027072
    0   -1   16   11    0.039055
    0   -1   17   11   -0.003400
    0   -1   18   11   -0.003115
    0   -1    1   12    0.004175
    0   -1    2   12    0.000043
    0   -1    3   12   -0.012618
    0   -1    4   12   -0.320730
    0   -1    5   12    0.002095
    0   -1    6   12   -0.131738
    0   -1    7   12    0.018932
    0   -1    8   12    0.000932
    0   -1    9   12    0.015395
    0   -1   10   12    0.190750
    0   -1   11   12    0.026930
    0   -1   12   12    0.012605
    0   -1   13   12   -0.280630
    0   -1   14   12   -0.000488
    0   -1   15   12   -0.133107
    0   -1   16   12   -0.203753
    0   -1   17   12    0.024285
    0   -1   18   12   -0.001165
    0   -1    1   13    0.027237
    0   -1    2   13    0.004425
    0   -1    3   13    0.002460
    0   -1    4   13   -0.035847
    0   -1    5   13    0.009652
    0   -1    6   13   -0.031220
    0   -1    7   13    0.012087
    0   -1    8   13    0.001167
    0   -1    9   13   -0.030545
    0   -1   10   13    0.023247
    0   -1   11   13    0.004705
    0   -1   12   13    0.015807
    0   -1   13   13    0.092047
    0   -1   14   13    0.008640
    0   -1   15   13    0.028860
    0   -1   16   13   -0.007557
    0   -1   17   13    0.010115
    0   -1   18   13   -0.003537
    0   -1    1   14    0.003217
    0   -1    2   14    0.004475
    0   -1    3   14    0.000797
    0   -1    4   14   -0.024887
    0   -1    5   14    0.002187
    0   -1    6   14    0.023505
    0   -1    7   14    0.002700
    0   -1    8   14    0.004480
    0   -1    9   14    0.006597
    0   -1   10   14   -0.016762
    0   -1   11   14   -0.028983
    0   -1   12   14   -0.007345
    0   -1   13   14   -0.072252
    0   -1   14   14    0.004480
    0   -1   15   14    0.012748
    0   -1   16   14    0.025007
    0   -1   17   14    0.009430
    0   -1   18   14   -0.017437
    0   -1    1   15   -0.014647
    0   -1    2   15   -0.006135
    0   -1    3   15    0.009132
    0   -1    4   15    0.001592
    0   -1    5   15   -0.003820
    0   -1    6   15   -0.025450
    0   -1    7   15    0.007220
    0   -1    8   15   -0.004378
    0   -1    9   15    0.046523
    0   -1   10   15    0.066390
    0   -1   11   15   -0.002432
    0   -1   12   15   -0.087677
    0   -1   13   15   -0.099013
    0   -1   14   15   -0.003383
    0   -1   15   15    0.051720
    0   -1   16   15    0.034305
    0   -1   17   15    0.001657
    0   -1   18   15   -0.009397
    0   -1    1   16   -0.025235
    0   -1    2   16    0.005690
    0   -1    3   16    0.010953
    0   -1    4   16   -0.047442
    0   -1    5   16    0.004032
    0   -1    6   16   -0.036338
    0   -1    7   16    0.002037
    0   -1    8   16    0.005807
    0   -1    9   16   -0.060935
    0   -1   10   16    0.035452
    0   -1   11   16   -0.023698
    0   -1   12   16   -0.053247
    0   -1   13   16    0.039870
    0   -1   14   16    0.007952
    0   -1   15   16    0.178682
    0   -1   16   16   -0.176862
    0   -1   17   16    0.005837
    0   -1   18   16   -0.001663
    0   -1    1   17    0.004545
    0   -1    2   17   -0.006570
    0   -1    3   17   -0.013520
    0   -1    4   17    0.004825
    0   -1    5   17    0.003138
    0   -1    6   17    0.006325
    0   -1    7   17    0.002435
    0   -1    8   17   -0.008202
    0   -1    9   17    0.012445
    0   -1   10   17    0.114295
    0   -1   11   17    0.033085
    0   -1   12   17   -0.020735
    0   -1   13   17    0.017255
    0   -1   14   17   -0.009547
    0   -1   15   17   -0.061405
    0   -1   16   17    0.012190
    0   -1   17   17    0.007230
    0   -1   18   17    0.007910
    0   -1    1   18   -0.018295
    0   -1    2   18   -0.001015
    0   -1    3   18   -0.009252
    0   -1    4   18    0.139287
    0   -1    5   18    0.013415
    0   -1    6   18   -0.270717
    0   -1    7   18   -0.012487
    0   -1    8   18   -0.004960
    0   -1    9   18   -0.080465
    0   -1   10   18   -0.073392
    0   -1   11   18    0.055960
    0   -1   12   18    0.047505
    0   -1   13   18    0.361142
    0   -1   14   18    0.008010
    0   -1   15   18    0.141090
    0   -1   16   18   -0.146617
    0   -1   17   18   -0.035100
    0   -1   18   18    0.083897
    1   -1    1    1   -0.032875
    1   -1    2    1   -0.003855
    1   -1    3    1   -0.004677
    1   -1    4    1    0.021547
    1   -1    5    1   -0.004047
    1   -1    6    1    0.023852
    1   -1    7    1   -0.008247
    1   -1    8    1    0.000930
    1   -1    9    1    0.037387
    1   -1   10    1    0.024735
    1   -1   11    1   -0.001572
    1   -1   12    1    0.004072
    1   -1   13    1   -0.025677
    1   -1   14    1    0.000210
    1   -1   15    1   -0.026768
    1   -1   16    1   -0.011383
    1   -1   17    1   -0.018158
    1   -1   18    1    0.004855
    1   -1    1    2    0.002540
    1   -1    2    2    0.001492
    1   -1    3    2   -0.001612
    1   -1    4    2    0.000920
    1   -1    5    2    0.001377
    1   -1    6    2    0.001818
    1   -1    7    2    0.002230
    1   -1    8    2    0.000045
    1   -1    9    2    0.011275
    1   -1   10    2   -0.011357
    1   -1   11    2    0.000482
    1   -1   12    2    0.007740
    1   -1   13    2    0.000263
    1   -1   14    2    0.000725
    1   -1   15    2   -0.004412
    1   -1   16    2   -0.000865
    1   -1   17    2    0.000705
    1   -1   18    2   -0.000850
    1   -1    1    3   -0.004277
    1   -1    2    3    0.010708
    1   -1    3    3    0.000793
    1   -1    4    3   -0.007663
    1   -1    5    3   -0.000302
    1   -1    6    3    0.001282
    1   -1    7    3    0.001292
    1   -1    8    3    0.000390
    1   -1    9    3    0.037750
    1   -1   10    3    0.099330
    1   -1   11    3    0.001650
    1   -1   12    3    0.031880
    1   -1   13    3    0.121690
    1   -1   14    3    0.000590
    1   -1   15    3   -0.058730
    1   -1   16    3   -0.030310
    1   -1   17    3    0.015817
    1   -1   18    3    0.002755
    1   -1    1    4    0.003027
    1   -1    2    4    0.004575
    1   -1    3    4   -0.003890
    1   -1    4    4    0.012485
    1   -1    5    4    0.002533
    1   -1    6    4    0.019422
    1   -1    7    4    0.004012
    1   -1    8    4    0.000552
    1   -1    9    4    0.035712
    1   -1   10    4   -0.022467
    1   -1   11    4    0.003857
    1   -1   12    4    0.004060
    1   -1   13    4    0.007113
    1   -1   14    4    0.000323
    1   -1   15    4   -0.008010
    1   -1   16    4   -0.007355
    1   -1   17    4   -0.001475
    1   -1   18    4   -0.003595
    1   -1    1    5   -0.001172
    1   -1    2    5   -0.003002
    1   -1    3    5   -0.000973
    1   -1    4    5    0.005807
    1   -1    5    5   -0.001290
    1   -1    6    5    0.011065
    1   -1    7    5   -0.000418
    1   -1    8    5   -0.000387
    1   -1    9    5    0.000265
    1   -1   10    5   -0.002180
    1   -1   11    5   -0.002417
    1   -1   12    5   -0.003762
    1   -1   13    5   -0.048000
    1   -1   14    5   -0.002225
    1   -1   15    5   -0.005777
    1   -1   16    5    0.007542
    1   -1   17    5    0.000960
    1   -1   18    5   -0.000563
    1   -1    1    6   -0.001735
    1   -1    2    6    0.006367
    1   -1    3    6   -0.001988
    1   -1    4    6   -0.000832
    1   -1    5    6    0.004585
    1   -1    6    6    0.037520
    1   -1    7    6    0.004960
    1   -1    8    6    0.000425
    1   -1    9    6    0.058560
    1   -1   10    6   -0.000187
    1   -1   11    6    0.002552
    1   -1   12    6   -0.004997
    1   -1   13    6    0.065412
    1   -1   14    6    0.001823
    1   -1   15    6    0.002705
    1   -1   16    6    0.000423
    1   -1   17    6    0.000160
    1   -1   18    6   -0.004707
    1   -1    1    7   -0.002707
    1   -1    2    7    0.000740
    1   -1    3    7   -0.001332
    1   -1    4    7   -0.008737
    1   -1    5    7   -0.001535
    1   -1    6    7   -0.003130
    1   -1    7    7   -0.000855
    1   -1    8    7   -0.000195
    1   -1    9    7   -0.015920
    1   -1   10    7   -0.016917
    1   -1   11    7    0.000550
    1   -1   12    7   -0.005640
    1   -1   13    7    0.014607
    1   -1   14    7   -0.000003
    1   -1   15    7   -0.003693
    1   -1   16    7   -0.001347
    1   -1   17    7    0.001277
    1   -1   18    7    0.000138
    1   -1    1    8    0.003750
    1   -1    2    8    0.002087
    1   -1    3    8   -0.000730
    1   -1    4    8    0.001357
    1   -1    5    8   -0.000527
    1   -1    6    8   -0.006152
    1   -1    7    8   -0.009455
    1   -1    8    8   -0.000265
    1   -1    9    8    0.009320
    1   -1   10    8    0.013335
    1   -1   11    8    0.006155
    1   -1   12    8    0.066432
    1   -1   13    8    0.075283
    1   -1   14    8   -0.001255
    1   -1   15    8   -0.003498
    1   -1   16    8    0.008805
    1   -1   17    8   -0.008900
    1   -1   18    8   -0.000717
    1   -1    1    9   -0.008957
    1   -1    2    9    0.002915
    1   -1    3    9   -0.000488
    1   -1    4    9    0.007210
    1   -1    5    9   -0.001792
    1   -1    6    9    0.015125
    1   -1    7    9    0.006508
    1   -1    8    9   -0.000855
    1   -1    9    9    0.004527
    1   -1   10    9    0.012560
    1   -1   11    9    0.002247
    1   -1   12    9   -0.003052
    1   -1   13    9    0.059385
    1   -1   14    9   -0.001850
    1   -1   15    9   -0.002380
    1   -1   16    9   -0.003693
    1   -1   17    9   -0.001237
    1   -1   18    9    0.004085
    1   -1    1   10   -0.016412
    1   -1    2   10   -0.003417
    1   -1    3   10    0.001775
    1   -1    4   10   -0.011277
    1   -1    5   10   -0.002975
    1   -1    6   10    0.005168
    1   -1    7   10    0.003777
    1   -1    8   10    0.001022
    1   -1    9   10   -0.003862
    1   -1   10   10    0.012013
    1   -1   11   10   -0.002787
    1   -1   12   10   -0.009650
    1   -1   13   10   -0.020938
    1   -1   14   10    0.001032
    1   -1   15   10   -0.002737
    1   -1   16   10    0.004105
    1   -1   17   10   -0.001645
    1   -1   18   10    0.002312
    1   -1    1   11    0.001355
    1   -1    2   11    0.000677
    1   -1    3   11   -0.001740
    1   -1    4   11    0.004267
    1   -1    5   11    0.000700
    1   -1    6   11    0.004430
    1   -1    7   11    0.000615
    1   -1    8   11    0.000138
    1   -1    9   11    0.008500
    1   -1   10   11   -0.006090
    1   -1   11   11    0.000073
    1   -1   12   11    0.000812
    1   -1   13   11   -0.013660
    1   -1   14   11   -0.000200
    1   -1   15   11   -0.004005
    1   -1   16   11    0.002028
    1   -1   17   11    0.001020
    1   -1   18   11   -0.001380
    1   -1    1   12    0.005180
    1   -1    2   12    0.005245
    1   -1    3   12    0.000710
    1   -1    4   12    0.003815
    1   -1    5   12   -0.001980
    1   -1    6   12   -0.004100
    1   -1    7   12    0.001645
    1   -1    8   12    0.000245
    1   -1    9   12    0.007412
    1   -1   10   12   -0.033957
    1   -1   11   12    0.001107
    1   -1   12   12    0.035210
    1   -1   13   12    0.007225
    1   -1   14   12    0.001415
    1   -1   15   12   -0.023123
    1   -1   16   12   -0.011542
    1   -1   17   12   -0.003805
    1   -1   18   12   -0.006175
    1   -1    1   13    0.001410
    1   -1    2   13   -0.002047
    1   -1    3   13   -0.001693
    1   -1    4   13    0.003217
    1   -1    5   13    0.002027
    1   -1    6   13   -0.009710
    1   -1    7   13    0.000650
    1   -1    8   13    0.000415
    1   -1    9   13   -0.001530
    1   -1   10   13   -0.010092
    1   -1   11   13    0.000090
    1   -1   12   13    0.011802
    1   -1   13   13   -0.062390
    1   -1   14   13   -0.000152
    1   -1   15   13   -0.006505
    1   -1   16   13   -0.002748
    1   -1   17   13   -0.004715
    1   -1   18   13   -0.009700
    1   -1    1   14    0.002208
    1   -1    2   14   -0.000902
    1   -1    3   14    0.000970
    1   -1    4   14    0.004287
    1   -1    5   14    0.000250
    1   -1    6   14    0.001627
    1   -1    7   14    0.002015
    1   -1    8   14   -0.000220
    1   -1    9   14   -0.011462
    1   -1   10   14   -0.000190
    1   -1   11   14    0.003967
    1   -1   12   14    0.002687
    1   -1   13   14   -0.012410
    1   -1   14   14   -0.001537
    1   -1   15   14    0.012665
    1   -1   16   14   -0.001175
    1   -1   17   14    0.002788
    1   -1   18   14   -0.000127
    1   -1    1   15   -0.006068
    1   -1    2   15    0.001015
    1   -1    3   15   -0.001945
    1   -1    4   15    0.004440
    1   -1    5   15   -0.002710
    1   -1    6   15    0.001357
    1   -1    7   15    0.004222
    1   -1    8   15   -0.000960
    1   -1    9   15   -0.004115
    1   -1   10   15    0.015910
    1   -1   11   15    0.001733
    1   -1   12   15   -0.030340
    1   -1   13   15    0.005998
    1   -1   14   15   -0.002660
    1   -1   15   15    0.029642
    1   -1   16   15    0.003152
    1   -1   17   15    0.001798
    1   -1   18   15    0.004195
    1   -1    1   16   -0.007095
    1   -1    2   16   -0.004038
    1   -1    3   16    0.007452
    1   -1    4   16   -0.020167
    1   -1    5   16   -0.001145
    1   -1    6   16   -0.007355
    1   -1    7   16   -0.001755
    1   -1    8   16   -0.000507
    1   -1    9   16   -0.022040
    1   -1   10   16    0.001452
    1   -1   11   16    0.001350
    1   -1   12   16   -0.015457
    1   -1   13   16    0.098415
    1   -1   14   16    0.001262
    1   -1   15   16    0.033595
    1   -1   16   16   -0.017400
    1   -1   17   16   -0.003265
    1   -1   18   16    0.005430
    1   -1    1   17    0.003023
    1   -1    2   17    0.001997
    1   -1    3   17   -0.002547
    1   -1    4   17   -0.000590
    1   -1    5   17    0.000947
    1   -1    6   17    0.006392
    1   -1    7   17    0.002397
    1   -1    8   17    0.001070
    1   -1    9   17    0.002782
    1   -1   10   17   -0.012755
    1   -1   11   17   -0.006372
    1   -1   12   17   -0.019935
    1   -1   13   17   -0.022892
    1   -1   14   17    0.002802
    1   -1   15   17   -0.027602
    1   -1   16   17   -0.004932
    1   -1   17   17    0.000610
    1   -1   18   17   -0.003210
    1   -1    1   18    0.005850
    1   -1    2   18   -0.005547
    1   -1    3   18   -0.000507
    1   -1    4   18   -0.000602
    1   -1    5   18   -0.000470
    1   -1    6   18   -0.006655
    1   -1    7   18   -0.011075
    1   -1    8   18   -0.000370
    1   -1    9   18   -0.001780
    1   -1   10   18   -0.000810
    1   -1   11   18   -0.005830
    1   -1   12   18   -0.000080
    1   -1   13   18   -0.044740
    1   -1   14   18    0.002200
    1   -1   15   18   -0.030757
    1   -1   16   18    0.000980
    1   -1   17   18   -0.007983
    1   -1   18   18   -0.011085
   -1    0    1    1   -0.050532
   -1    0    2    1    0.001547
   -1    0    3    1    0.048167
   -1    0    4    1    0.020717
   -1    0    5    1    0.016645
   -1    0    6    1   -0.013517
   -1    0    7    1    0.005595
   -1    0    8    1    0.014680
   -1    0    9    1   -0.027152
   -1    0   10    1    0.004320
   -1    0   11    1    0.006800
   -1    0   12    1    0.015997
   -1    0   13    1    0.006672
   -1    0   14    1    0.024155
   -1    0   15    1    0.015712
   -1    0   16    1   -0.001030
   -1    0   17    1    0.012480
   -1    0   18    1   -0.022860
   -1    0    1    2    0.289535
   -1    0    2    2   -0.009553
   -1    0    3    2    0.238577
   -1    0    4    2    0.008865
   -1    0    5    2    0.044262
   -1    0    6    2    0.029728
   -1    0    7    2   -0.036920
   -1    0    8    2   -0.711480
   -1    0    9    2    0.074012
   -1    0   10    2   -0.037195
   -1    0   11    2   -0.006105
   -1    0   12    2   -0.069648
   -1    0   13    2   -0.012380
   -1    0   14    2   -0.121455
   -1    0   15    2    0.022198
   -1    0   16    2   -0.022580
   -1    0   17    2    1.171532
   -1    0   18    2    0.166397
   -1    0    1    3   -0.057565
   -1    0    2    3   -0.003700
   -1    0    3    3    0.049790
   -1    0    4    3   -0.004300
   -1    0    5    3    0.001517
   -1    0    6    3   -0.020162
   -1    0    7    3    0.000665
   -1    0    8    3    0.002490
   -1    0    9    3   -0.004272
   -1    0   10    3    0.023290
   -1    0   11    3   -0.001698
   -1    0   12    3   -0.020798
   -1    0   13    3   -0.005605
   -1    0   14    3    0.005092
   -1    0   15    3    0.008560
   -1    0   16    3    0.004932
   -1    0   17    3   -0.000160
   -1    0   18    3   -0.015940
   -1    0    1    4   -0.150400
   -1    0    2    4    0.003517
   -1    0    3    4    0.224997
   -1    0    4    4   -0.155647
   -1    0    5    4   -0.100632
   -1    0    6    4   -0.296613
   -1    0    7    4    0.092812
   -1    0    8    4    0.073390
   -1    0    9    4   -0.123065
   -1    0   10    4   -0.116652
   -1    0   11    4   -0.003428
   -1    0   12    4    0.003300
   -1    0   13    4    0.014755
   -1    0   14    4   -0.022183
   -1    0   15    4    0.011920
   -1    0   16    4   -0.253217
   -1    0   17    4   -0.115832
   -1    0   18    4   -0.017802
   -1    0    1    5   -0.100737
   -1    0    2    5    0.004130
   -1    0    3    5   -0.036085
   -1    0    4    5    0.003605
   -1    0    5    5    0.013338
   -1    0    6    5   -0.008882
   -1    0    7    5   -0.006980
   -1    0    8    5   -0.107432
   -1    0    9    5    0.014840
   -1    0   10    5   -0.005575
   -1    0   11    5   -0.000588
   -1    0   12    5    0.012487
   -1    0   13    5   -0.006177
   -1    0   14    5   -0.008787
   -1    0   15    5    0.012015
   -1    0   16    5   -0.000762
   -1    0   17    5    0.008000
   -1    0   18    5    0.034380
   -1    0    1    6    0.738030
   -1    0    2    6    0.008112
   -1    0    3    6    0.093145
   -1    0    4    6    0.108595
   -1    0    5    6   -0.054312
   -1    0    6    6    0.013613
   -1    0    7    6   -0.013135
   -1    0    8    6   -0.007860
   -1    0    9    6    0.100622
   -1    0   10    6    0.025868
   -1    0   11    6    0.025915
   -1    0   12    6    0.059910
   -1    0   13    6   -0.028390
   -1    0   14    6    0.005740
   -1    0   15    6    0.087142
   -1    0   16    6   -0.070827
   -1    0   17    6   -0.256760
   -1    0   18    6   -0.124543
   -1    0    1    7    0.005023
   -1    0    2    7    0.005562
   -1    0    3    7   -0.167312
   -1    0    4    7   -0.030945
   -1    0    5    7   -0.035487
   -1    0    6    7    0.030957
   -1    0    7    7    0.012762
   -1    0    8    7   -0.972247
   -1    0    9    7    0.063370
   -1    0   10    7   -0.000260
   -1    0   11    7    0.003567
   -1    0   12    7   -0.044128
   -1    0   13    7   -0.027000
   -1    0   14    7   -0.277317
   -1    0   15    7   -0.020632
   -1    0   16    7   -0.059435
   -1    0   17    7    0.723248
   -1    0   18    7    0.093192
   -1    0    1    8    0.022610
   -1    0    2    8   -0.001352
   -1    0    3    8    0.012680
   -1    0    4    8   -0.002225
   -1    0    5    8   -0.003365
   -1    0    6    8   -0.005430
   -1    0    7    8   -0.000170
   -1    0    8    8    0.002170
   -1    0    9    8   -0.006133
   -1    0   10    8    0.009397
   -1    0   11    8   -0.000355
   -1    0   12    8   -0.003655
   -1    0   13    8    0.000615
   -1    0   14    8    0.000647
   -1    0   15    8    0.008252
   -1    0   16    8    0.000460
   -1    0   17    8   -0.012072
   -1    0   18    8   -0.000470
   -1    0    1    9    1.495207
   -1    0    2    9    0.187720
   -1    0    3    9   -0.786875
   -1    0    4    9    0.768865
   -1    0    5    9   -0.045285
   -1    0    6    9    1.097722
   -1    0    7    9   -0.128897
   -1    0    8    9    0.226790
   -1    0    9    9    0.218410
   -1    0   10    9    0.129810
   -1    0   11    9    0.162578
   -1    0   12    9   -0.261087
   -1    0   13    9    0.034130
   -1    0   14    9   -0.094198
   -1    0   15    9    0.171832
   -1    0   16    9   -0.073895
   -1    0   17    9    0.145775
   -1    0   18    9   -0.169670
   -1    0    1   10   -2.301050
   -1    0    2   10    0.140990
   -1    0    3   10    0.770962
   -1    0    4   10   -0.158027
   -1    0    5   10   -0.020212
   -1    0    6   10    1.357932
   -1    0    7   10    0.077452
   -1    0    8   10    0.238028
   -1    0    9   10    0.265457
   -1    0   10   10    0.514262
   -1    0   11   10   -0.048002
   -1    0   12   10   -1.064527
   -1    0   13   10   -0.084822
   -1    0   14   10    0.396520
   -1    0   15   10   -0.380777
   -1    0   16   10    0.362900
   -1    0   17   10    0.008337
   -1    0   18   10   -0.623247
   -1    0    1   11    0.116657
   -1    0    2   11   -0.020692
   -1    0    3   11    0.005165
   -1    0    4   11   -0.007985
   -1    0    5   11    0.092502
   -1    0    6   11   -0.033840
   -1    0    7   11   -0.001950
   -1    0    8   11    0.060982
   -1    0    9   11   -0.015005
   -1    0   10   11   -0.025045
   -1    0   11   11   -0.006263
   -1    0   12   11    0.012172
   -1    0   13   11    0.003795
   -1    0   14   11    0.074630
   -1    0   15   11    0.012242
   -1    0   16   11   -0.030342
   -1    0   17   11    0.825955
   -1    0   18   11   -0.015717
   -1    0    1   12    1.828553
   -1    0    2   12   -0.063242
   -1    0    3   12    1.349117
   -1    0    4   12    0.019420
   -1    0    5   12   -0.666517
   -1    0    6   12   -0.289645
   -1    0    7   12    0.036050
   -1    0    8   12    0.254142
   -1    0    9   12   -0.006972
   -1    0   10   12   -0.012785
   -1    0   11   12    0.153875
   -1    0   12   12   -0.102373
   -1    0   13   12   -0.010205
   -1    0   14   12    0.470917
   -1    0   15   12    0.168167
   -1    0   16   12   -0.206833
   -1    0   17   12   -2.663980
   -1    0   18   12    0.033087
   -1    0    1   13    1.347850
   -1    0    2   13    0.341185
   -1    0    3   13   -1.198057
   -1    0    4   13    0.357745
   -1    0    5   13    0.088502
   -1    0    6   13    1.534095
   -1    0    7   13   -0.058905
   -1    0    8   13   -0.218392
   -1    0    9   13    0.800262
   -1    0   10   13   -0.167825
   -1    0   11   13    0.012897
   -1    0   12   13   -1.306165
   -1    0   13   13   -0.179223
   -1    0   14   13    0.293955
   -1    0   15   13    0.549490
   -1    0   16   13   -0.184410
   -1    0   17   13    0.294828
   -1    0   18   13    2.428565
   -1    0    1   14   -0.081315
   -1    0    2   14    0.002650
   -1    0    3   14    0.029617
   -1    0    4   14   -0.007020
   -1    0    5   14   -0.002763
   -1    0    6   14   -0.009695
   -1    0    7   14   -0.006768
   -1    0    8   14   -0.114060
   -1    0    9   14    0.015160
   -1    0   10   14    0.003565
   -1    0   11   14   -0.002670
   -1    0   12   14   -0.006945
   -1    0   13   14   -0.009425
   -1    0   14   14   -0.016887
   -1    0   15   14    0.001595
   -1    0   16   14    0.011785
   -1    0   17   14   -0.027735
   -1    0   18   14    0.042892
   -1    0    1   15   -0.073155
   -1    0    2   15   -0.017170
   -1    0    3   15   -0.654415
   -1    0    4   15    0.011920
   -1    0    5   15    0.262437
   -1    0    6   15    0.100950
   -1    0    7   15   -0.175297
   -1    0    8   15   -0.096937
   -1    0    9   15    0.045110
   -1    0   10   15   -0.094587
   -1    0   11   15   -0.097962
   -1    0   12   15    0.150575
   -1    0   13   15    0.072925
   -1    0   14   15    0.411473
   -1    0   15   15   -0.130507
   -1    0   16   15    0.818970
   -1    0   17   15   -1.620415
   -1    0   18   15   -0.223983
   -1    0    1   16   -0.210097
   -1    0    2   16    0.052990
   -1    0    3   16    0.028620
   -1    0    4   16    0.135582
   -1    0    5   16    0.079395
   -1    0    6   16    0.206000
   -1    0    7   16   -0.013312
   -1    0    8   16   -0.006590
   -1    0    9   16    0.054315
   -1    0   10   16   -0.002342
   -1    0   11   16    0.021202
   -1    0   12   16    0.081430
   -1    0   13   16    0.041535
   -1    0   14   16    0.065287
   -1    0   15   16   -0.107150
   -1    0   16   16    0.024235
   -1    0   17   16    0.041835
   -1    0   18   16   -0.084675
   -1    0    1   17    2.215263
   -1    0    2   17   -0.027362
   -1    0    3   17    0.011220
   -1    0    4   17   -0.020602
   -1    0    5   17   -0.576892
   -1    0    6   17    0.040005
   -1    0    7   17   -0.038512
   -1    0    8   17    1.660958
   -1    0    9   17   -0.110860
   -1    0   10   17   -0.021163
   -1    0   11   17    0.039637
   -1    0   12   17   -0.046420
   -1    0   13   17    0.010613
   -1    0   14   17   -1.489350
   -1    0   15   17   -0.000270
   -1    0   16   17    0.002203
   -1    0   17   17   -0.006527
   -1    0   18   17    0.655690
   -1    0    1   18   -0.211820
   -1    0    2   18   -0.010125
   -1    0    3   18    0.467670
   -1    0    4   18    0.021383
   -1    0    5   18   -0.041760
   -1    0    6   18    0.030575
   -1    0    7   18   -0.070690
   -1    0    8   18    0.082487
   -1    0    9   18    0.021460
   -1    0   10   18   -0.035155
   -1    0   11   18   -0.011590
   -1    0   12   18    0.011655
   -1    0   13   18   -0.011147
   -1    0   14   18   -0.038600
   -1    0   15   18   -0.012460
   -1    0   16   18    0.043725
   -1    0   17   18   -0.001472
   -1    0   18   18    0.073357
    0    0    1    1  -13.315717
    0    0    2    1    0.423582
    0    0    3    1   -1.039630
    0    0    4    1   -0.252115
    0    0    5    1   -0.597130
    0    0    6    1   -0.040755
    0    0    7    1   -0.045155
    0    0    8    1    1.006525
    0    0    9    1    0.936072
    0    0   10    1    0.102675
    0    0   11    1   -0.155353
    0    0   12    1   -0.311982
    0    0   13    1   -0.225012
    0    0   14    1    1.362783
    0    0   15    1   -0.193270
    0    0   16    1    0.082285
    0    0   17    1   -0.454477
    0    0   18    1    0.124842
    0    0    1    2    0.423582
    0    0    2    2   -0.404338
    0    0    3    2    0.142020
    0    0    4    2   -0.026792
    0    0    5    2   -2.911020
    0    0    6    2    1.749067
    0    0    7    2    1.536603
    0    0    8    2   -0.012920
    0    0    9    2    1.550310
    0    0   10    2    0.139340
    0    0   11    2   -2.020330
    0    0   12    2    0.329530
    0    0   13    2   -0.729768
    0    0   14    2   -1.811908
    0    0   15    2   -0.587175
    0    0   16    2   -1.014682
    0    0   17    2   -2.015982
    0    0   18    2   -0.058948
    0    0    1    3   -1.039630
    0    0    2    3    0.142020
    0    0    3    3    0.980450
    0    0    4    3   -0.025580
    0    0    5    3   -0.452142
    0    0    6    3    0.440300
    0    0    7    3    0.121698
    0    0    8    3   -0.003032
    0    0    9    3   -0.176240
    0    0   10    3   -0.067427
    0    0   11    3    0.045567
    0    0   12    3   -0.832300
    0    0   13    3    0.006607
    0    0   14    3   -0.022685
    0    0   15    3   -0.057845
    0    0   16    3   -0.158077
    0    0   17    3    0.076048
    0    0   18    3    0.123782
    0    0    1    4   -0.252115
    0    0    2    4   -0.026792
    0    0    3    4   -0.025580
    0    0    4    4    1.475398
    0    0    5    4    0.183780
    0    0    6    4    0.887502
    0    0    7    4    0.431370
    0    0    8    4    0.083227
    0    0    9    4    1.173817
    0    0   10    4   -0.048885
    0    0   11    4    0.337927
    0    0   12    4    0.701642
    0    0   13    4    0.469830
    0    0   14    4    0.187843
    0    0   15    4   -0.704897
    0    0   16    4   -2.802735
    0    0   17    4    0.320378
    0    0   18    4    0.008542
    0    0    1    5   -0.597130
    0    0    2    5   -2.911020
    0    0    3    5   -0.452142
    0    0    4    5    0.183780
    0    0    5    5   -1.181063
    0    0    6    5    0.077280
    0    0    7    5   -1.323988
    0    0    8    5   -0.197392
    0    0    9    5    0.619790
    0    0   10    5   -0.006623
    0    0   11    5   -0.887620
    0    0   12    5   -0.337705
    0    0   13    5    0.233355
    0    0   14    5    0.325025
    0    0   15    5   -0.469952
    0    0   16    5   -1.321923
    0    0   17    5    2.516920
    0    0   18    5    2.245470
    0    0    1    6   -0.040755
    0    0    2    6    1.749067
    0    0    3    6    0.440300
    0    0    4    6    0.887502
    0    0    5    6    0.077280
    0    0    6    6    1.571540
    0    0    7    6    1.128862
    0    0    8    6    0.045327
    0    0    9    6   -0.741022
    0    0   10    6   -2.764822
    0    0   11    6    0.989292
    0    0   12    6    1.826980
    0    0   13    6    0.988982
    0    0   14    6    0.012207
    0    0   15    6   -3.394905
    0    0   16    6    0.559737
    0    0   17    6   -0.086817
    0    0   18    6   -0.477855
    0    0    1    7   -0.045155
    0    0    2    7    1.536603
    0    0    3    7    0.121698
    0    0    4    7    0.431370
    0    0    5    7   -1.323988
    0    0    6    7    1.128862
    0    0    7    7   -2.755482
    0    0    8    7   -0.307925
    0    0    9    7    1.873505
    0    0   10    7    0.225293
    0    0   11    7   -0.712782
    0    0   12    7   -1.282775
    0    0   13    7    0.646667
    0    0   14    7    0.452295
    0    0   15    7   -0.389430
    0    0   16    7   -0.077037
    0    0   17    7   -2.414767
    0    0   18    7    0.037975
    0    0    1    8    1.006525
    0    0    2    8   -0.012920
    0    0    3    8   -0.003032
    0    0    4    8    0.083227
    0    0    5    8   -0.197392
    0    0    6    8    0.045327
    0    0    7    8   -0.307925
    0    0    8    8   -0.051555
    0    0    9    8    0.375285
    0    0   10    8   -0.003153
    0    0   11    8   -0.090070
    0    0   12    8   -0.144248
    0    0   13    8   -0.074627
    0    0   14    8    1.128812
    0    0   15    8   -0.034662
    0    0   16    8   -0.252945
    0    0   17    8   -0.911517
    0    0   18    8    1.342432
    0    0    1    9    0.936072
    0    0    2    9    1.550310
    0    0    3    9   -0.176240
    0    0    4    9    1.173817
    0    0    5    9    0.619790
    0    0    6    9   -0.741022
    0    0    7    9    1.873505
    0    0    8    9    0.375285
    0    0    9    9   -8.933750
    0    0   10    9   -0.296397
    0    0   11    9    1.692015
    0    0   12    9    0.932645
    0    0   13    9   -1.810165
    0    0   14    9    0.337952
    0    0   15    9   -2.067940
    0    0   16    9   -1.048647
    0    0   17    9    0.046530
    0    0   18    9   -1.930553
    0    0    1   10    0.102675
    0    0    2   10    0.139340
    0    0    3   10   -0.067427
    0    0    4   10   -0.048885
    0    0    5   10   -0.006623
    0    0    6   10   -2.764822
    0    0    7   10    0.225293
    0    0    8   10   -0.003153
    0    0    9   10   -0.296397
    0    0   10   10   -6.290280
    0    0   11   10    0.201928
    0    0   12   10   -0.248032
    0    0   13   10    0.440037
    0    0   14   10   -0.001217
    0    0   15   10    0.562033
    0    0   16   10   -0.137517
    0    0   17   10    0.060185
    0    0   18   10    0.145122
    0    0    1   11   -0.155353
    0    0    2   11   -2.020330
    0    0    3   11    0.045567
    0    0    4   11    0.337927
    0    0    5   11   -0.887620
    0    0    6   11    0.989292
    0    0    7   11   -0.712782
    0    0    8   11   -0.090070
    0    0    9   11    1.692015
    0    0   10   11    0.201928
    0    0   11   11    0.015840
    0    0   12   11   -0.256265
    0    0   13   11    0.458610
    0    0   14   11    0.031878
    0    0   15   11   -0.211293
    0    0   16   11   -1.676040
    0    0   17   11   -0.859870
    0    0   18   11    0.791648
    0    0    1   12   -0.311982
    0    0    2   12    0.329530
    0    0    3   12   -0.832300
    0    0    4   12    0.701642
    0    0    5   12   -0.337705
    0    0    6   12    1.826980
    0    0    7   12   -1.282775
    0    0    8   12   -0.144248
    0    0    9   12    0.932645
    0    0   10   12   -0.248032
    0    0   11   12   -0.256265
    0    0   12   12    8.013015
    0    0   13   12    0.107042
    0    0   14   12   -0.281830
    0    0   15   12    0.668295
    0    0   16   12   -0.550715
    0    0   17   12   -0.062405
    0    0   18   12    1.223970
    0    0    1   13   -0.225012
    0    0    2   13   -0.729768
    0    0    3   13    0.006607
    0    0    4   13    0.469830
    0    0    5   13    0.233355
    0    0    6   13    0.988982
    0    0    7   13    0.646667
    0    0    8   13   -0.074627
    0    0    9   13   -1.810165
    0    0   10   13    0.440037
    0    0   11   13    0.458610
    0    0   12   13    0.107042
    0    0   13   13  -13.419867
    0    0   14   13   -0.067450
    0    0   15   13    0.095245
    0    0   16   13    0.443845
    0    0   17   13    2.468825
    0    0   18   13    0.846415
    0    0    1   14    1.362783
    0    0    2   14   -1.811908
    0    0    3   14   -0.022685
    0    0    4   14    0.187843
    0    0    5   14    0.325025
    0    0    6   14    0.012207
    0    0    7   14    0.452295
    0    0    8   14    1.128812
    0    0    9   14    0.337952
    0    0   10   14   -0.001217
    0    0   11   14    0.031878
    0    0   12   14   -0.281830
    0    0   13   14   -0.067450
    0    0   14   14    0.524827
    0    0   15   14   -0.212267
    0    0   16   14   -1.074162
    0    0   17   14    5.273407
    0    0   18   14    1.748077
    0    0    1   15   -0.193270
    0    0    2   15   -0.587175
    0    0    3   15   -0.057845
    0    0    4   15   -0.704897
    0    0    5   15   -0.469952
    0    0    6   15   -3.394905
    0    0    7   15   -0.389430
    0    0    8   15   -0.034662
    0    0    9   15   -2.067940
    0    0   10   15    0.562033
    0    0   11   15   -0.211293
    0    0   12   15    0.668295
    0    0   13   15    0.095245
    0    0   14   15   -0.212267
    0    0   15   15    5.201197
    0    0   16   15    0.322955
    0    0   17   15   -0.169105
    0    0   18   15    0.291990
    0    0    1   16    0.082285
    0    0    2   16   -1.014682
    0    0    3   16   -0.158077
    0    0    4   16   -2.802735
    0    0    5   16   -1.321923
    0    0    6   16    0.559737
    0    0    7   16   -0.077037
    0    0    8   16   -0.252945
    0    0    9   16   -1.048647
    0    0   10   16   -0.137517
    0    0   11   16   -1.676040
    0    0   12   16   -0.550715
    0    0   13   16    0.443845
    0    0   14   16   -1.074162
    0    0   15   16    0.322955
    0    0   16   16    8.400535
    0    0   17   16    0.011200
    0    0   18   16   -0.388610
    0    0    1   17   -0.454477
    0    0    2   17   -2.015982
    0    0    3   17    0.076048
    0    0    4   17    0.320378
    0    0    5   17    2.516920
    0    0    6   17   -0.086817
    0    0    7   17   -2.414767
    0    0    8   17   -0.911517
    0    0    9   17    0.046530
    0    0   10   17    0.060185
    0    0   11   17   -0.859870
    0    0   12   17   -0.062405
    0    0   13   17    2.468825
    0    0   14   17    5.273407
    0    0   15   17   -0.169105
    0    0   16   17    0.011200
    0    0   17   17   -3.091665
    0    0   18   17    0.050718
    0    0    1   18    0.124842
    0    0    2   18   -0.058948
    0    0    3   18    0.123782
    0    0    4   18    0.008542
    0    0    5   18    2.245470
    0    0    6   18   -0.477855
    0    0    7   18    0.037975
    0    0    8   18    1.342432
    0    0    9   18   -1.930553
    0    0   10   18    0.145122
    0    0   11   18    0.791648
    0    0   12   18    1.223970
    0    0   13   18    0.846415
    0    0   14   18    1.748077
    0    0   15   18    0.291990
    0    0   16   18   -0.388610
    0    0   17   18    0.050718
    0    0   18   18  -11.323823
    1    0    1    1   -0.050532
    1    0    2    1    0.289535
    1    0    3    1   -0.057565
    1    0    4    1   -0.150400
    1    0    5    1   -0.100737
    1    0    6    1    0.738030
    1    0    7    1    0.005023
    1    0    8    1    0.022610
    1    0    9    1    1.495207
    1    0   10    1   -2.301050
    1    0   11    1    0.116657
    1    0   12    1    1.828553
    1    0   13    1    1.347850
    1    0   14    1   -0.081315
    1    0   15    1   -0.073155
    1    0   16    1   -0.210097
    1    0   17    1    2.215263
    1    0   18    1   -0.211820
    1    0    1    2    0.001547
    1    0    2    2   -0.009553
    1    0    3    2   -0.003700
    1    0    4    2    0.003517
    1    0    5    2    0.004130
    1    0    6    2    0.008112
    1    0    7    2    0.005562
    1    0    8    2   -0.001352
    1    0    9    2    0.187720
    1    0   10    2    0.140990
    1    0   11    2   -0.020692
    1    0   12    2   -0.063242
    1    0   13    2    0.341185
    1    0   14    2    0.002650
    1    0   15    2   -0.017170
    1    0   16    2    0.052990
    1    0   17    2   -0.027362
    1    0   18    2   -0.010125
    1    0    1    3    0.048167
    1    0    2    3    0.238577
    1    0    3    3    0.049790
    1    0    4    3    0.224997
    1    0    5    3   -0.036085
    1    0    6    3    0.093145
    1    0    7    3   -0.167312
    1    0    8    3    0.012680
    1    0    9    3   -0.786875
    1    0   10    3    0.770962
    1    0   11    3    0.005165
    1    0   12    3    1.349117
    1    0   13    3   -1.198057
    1    0   14    3    0.029617
    1    0   15    3   -0.654415
    1    0   16    3    0.028620
    1    0   17    3    0.011220
    1    0   18    3    0.467670
    1    0    1    4    0.020717
    1    0    2    4    0.008865
    1    0    3    4   -0.004300
    1    0    4    4   -0.155647
    1    0    5    4    0.003605
    1    0    6    4    0.108595
    1    0    7    4   -0.030945
    1    0    8    4   -0.002225
    1    0    9    4    0.768865
    1    0   10    4   -0.158027
    1    0   11    4   -0.007985
    1    0   12    4    0.019420
    1    0   13    4    0.357745
    1    0   14    4   -0.007020
    1    0   15    4    0.011920
    1    0   16    4    0.135582
    1    0   17    4   -0.020602
    1    0   18    4    0.021383
    1    0    1    5    0.016645
    1    0    2    5    0.044262
    1    0    3    5    0.001517
    1    0    4    5   -0.100632
    1    0    5    5    0.013338
    1    0    6    5   -0.054312
    1    0    7    5   -0.035487
    1    0    8    5   -0.003365
    1    0    9    5   -0.045285
    1    0   10    5   -0.020212
    1    0   11    5    0.092502
    1    0   12    5   -0.666517
    1    0   13    5    0.088502
    1    0   14    5   -0.002763
    1    0   15    5    0.262437
    1    0   16    5    0.079395
    1    0   17    5   -0.576892
    1    0   18    5   -0.041760
    1    0    1    6   -0.013517
    1    0    2    6    0.029728
    1    0    3    6   -0.020162
    1    0    4    6   -0.296613
    1    0    5    6   -0.008882
    1    0    6    6    0.013613
    1    0    7    6    0.030957
    1    0    8    6   -0.005430
    1    0    9    6    1.097722
    1    0   10    6    1.357932
    1    0   11    6   -0.033840
    1    0   12    6   -0.289645
    1    0   13    6    1.534095
    1    0   14    6   -0.009695
    1    0   15    6    0.100950
    1    0   16    6    0.206000
    1    0   17    6    0.040005
    1    0   18    6    0.030575
    1    0    1    7    0.005595
    1    0    2    7   -0.036920
    1    0    3    7    0.000665
    1    0    4    7    0.092812
    1    0    5    7   -0.006980
    1    0    6    7   -0.013135
    1    0    7    7    0.012762
    1    0    8    7   -0.000170
    1    0    9    7   -0.128897
    1    0   10    7    0.077452
    1    0   11    7   -0.001950
    1    0   12    7    0.036050
    1    0   13    7   -0.058905
    1    0   14    7   -0.006768
    1    0   15    7   -0.175297
    1    0   16    7   -0.013312
    1    0   17    7   -0.038512
    1    0   18    7   -0.070690
    1    0    1    8    0.014680
    1    0    2    8   -0.711480
    1    0    3    8    0.002490
    1    0    4    8    0.073390
    1    0    5    8   -0.107432
    1    0    6    8   -0.007860
    1    0    7    8   -0.972247
    1    0    8    8    0.002170
    1    0    9    8    0.226790
    1    0   10    8    0.238028
    1    0   11    8    0.060982
    1    0   12    8    0.254142
    1    0   13    8   -0.218392
    1    0   14    8   -0.114060
    1    0   15    8   -0.096937
    1    0   16    8   -0.006590
    1    0   17    8    1.660958
    1    0   18    8    0.082487
    1    0    1    9   -0.027152
    1    0    2    9    0.074012
    1    0    3    9   -0.004272
    1    0    4    9   -0.123065
    1    0    5    9    0.014840
    1    0    6    9    0.100622
    1    0    7    9    0.063370
    1    0    8    9   -0.006133
    1    0    9    9    0.218410
    1    0   10    9    0.265457
    1    0   11    9   -0.015005
    1    0   12    9   -0.006972
    1    0   13    9    0.800262
    1    0   14    9    0.015160
    1    0   15    9    0.045110
    1    0   16    9    0.054315
    1    0   17    9   -0.110860
    1    0   18    9    0.021460
    1    0    1   10    0.004320
    1    0    2   10   -0.037195
    1    0    3   10    0.023290
    1    0    4   10   -0.116652
    1    0    5   10   -0.005575
    1    0    6   10    0.025868
    1    0    7   10   -0.000260
    1    0    8   10    0.009397
    1    0    9   10    0.129810
    1    0   10   10    0.514262
    1    0   11   10   -0.025045
    1    0   12   10   -0.012785
    1    0   13   10   -0.167825
    1    0   14   10    0.003565
    1    0   15   10   -0.094587
    1    0   16   10   -0.002342
    1    0   17   10   -0.021163
    1    0   18   10   -0.035155
    1    0    1   11    0.006800
    1    0    2   11   -0.006105
    1    0    3   11   -0.001698
    1    0    4   11   -0.003428
    1    0    5   11   -0.000588
    1    0    6   11    0.025915
    1    0    7   11    0.003567
    1    0    8   11   -0.000355
    1    0    9   11    0.162578
    1    0   10   11   -0.048002
    1    0   11   11   -0.006263
    1    0   12   11    0.153875
    1    0   13   11    0.012897
    1    0   14   11   -0.002670
    1    0   15   11   -0.097962
    1    0   16   11    0.021202
    1    0   17   11    0.039637
    1    0   18   11   -0.011590
    1    0    1   12    0.015997
    1    0    2   12   -0.069648
    1    0    3   12   -0.020798
    1    0    4   12    0.003300
    1    0    5   12    0.012487
    1    0    6   12    0.059910
    1    0    7   12   -0.044128
    1    0    8   12   -0.003655
    1    0    9   12   -0.261087
    1    0   10   12   -1.064527
    1    0   11   12    0.012172
    1    0   12   12   -0.102373
    1    0   13   12   -1.306165
    1    0   14   12   -0.006945
    1    0   15   12    0.150575
    1    0   16   12    0.081430
    1    0   17   12   -0.046420
    1    0   18   12    0.011655
    1    0    1   13    0.006672
    1    0    2   13   -0.012380
    1    0    3   13   -0.005605
    1    0    4   13    0.014755
    1    0    5   13   -0.006177
    1    0    6   13   -0.028390
    1    0    7   13   -0.027000
    1    0    8   13    0.000615
    1    0    9   13    0.034130
    1    0   10   13   -0.084822
    1    0   11   13    0.003795
    1    0   12   13   -0.010205
    1    0   13   13   -0.179223
    1    0   14   13   -0.009425
    1    0   15   13    0.072925
    1    0   16   13    0.041535
    1    0   17   13    0.010613
    1    0   18   13   -0.011147
    1    0    1   14    0.024155
    1    0    2   14   -0.121455
    1    0    3   14    0.005092
    1    0    4   14   -0.022183
    1    0    5   14   -0.008787
    1    0    6   14    0.005740
    1    0    7   14   -0.277317
    1    0    8   14    0.000647
    1    0    9   14   -0.094198
    1    0   10   14    0.396520
    1    0   11   14    0.074630
    1    0   12   14    0.470917
    1    0   13   14    0.293955
    1    0   14   14   -0.016887
    1    0   15   14    0.411473
    1    0   16   14    0.065287
    1    0   17   14   -1.489350
    1    0   18   14   -0.038600
    1    0    1   15    0.015712
    1    0    2   15    0.022198
    1    0    3   15    0.008560
    1    0    4   15    0.011920
    1    0    5   15    0.012015
    1    0    6   15    0.087142
    1    0    7   15   -0.020632
    1    0    8   15    0.008252
    1    0    9   15    0.171832
    1    0   10   15   -0.380777
    1    0   11   15    0.012242
    1    0   12   15    0.168167
    1    0   13   15    0.549490
    1    0   14   15    0.001595
    1    0   15   15   -0.130507
    1    0   16   15   -0.107150
    1    0   17   15   -0.000270
    1    0   18   15   -0.012460
    1    0    1   16   -0.001030
    1    0    2   16   -0.022580
    1    0    3   16    0.004932
    1    0    4   16   -0.253217
    1    0    5   16   -0.000762
    1    0    6   16   -0.070827
    1    0    7   16   -0.059435
    1    0    8   16    0.000460
    1    0    9   16   -0.073895
    1    0   10   16    0.362900
    1    0   11   16   -0.030342
    1    0   12   16   -0.206833
    1    0   13   16   -0.184410
    1    0   14   16    0.011785
    1    0   15   16    0.818970
    1    0   16   16    0.024235
    1    0   17   16    0.002203
    1    0   18   16    0.043725
    1    0    1   17    0.012480
    1    0    2   17    1.171532
    1    0    3   17   -0.000160
    1    0    4   17   -0.115832
    1    0    5   17    0.008000
    1    0    6   17   -0.256760
    1    0    7   17    0.723248
    1    0    8   17   -0.012072
    1    0    9   17    0.145775
    1    0   10   17    0.008337
    1    0   11   17    0.825955
    1    0   12   17   -2.663980
    1    0   13   17    0.294828
    1    0   14   17   -0.027735
    1    0   15   17   -1.620415
    1    0   16   17    0.041835
    1    0   17   17   -0.006527
    1    0   18   17   -0.001472
    1    0    1   18   -0.022860
    1    0    2   18    0.166397
    1    0    3   18   -0.015940
    1    0    4   18   -0.017802
    1    0    5   18    0.034380
    1    0    6   18   -0.124543
    1    0    7   18    0.093192
    1    0    8   18   -0.000470
    1    0    9   18   -0.169670
    1    0   10   18   -0.623247
    1    0   11   18   -0.015717
    1    0   12   18    0.033087
    1    0   13   18    2.428565
    1    0   14   18    0.042892
    1    0   15   18   -0.223983
    1    0   16   18   -0.084675
    1    0   17   18    0.655690
    1    0   18   18    0.073357
   -1    1    1    1   -0.032875
   -1    1    2    1    0.002540
   -1    1    3    1   -0.004277
   -1    1    4    1    0.003027
   -1    1    5    1   -0.001172
   -1    1    6    1   -0.001735
   -1    1    7    1   -0.002707
   -1    1    8    1    0.003750
   -1    1    9    1   -0.008957
   -1    1   10    1   -0.016412
   -1    1   11    1    0.001355
   -1    1   12    1    0.005180
   -1    1   13    1    0.001410
   -1    1   14    1    0.002208
   -1    1   15    1   -0.006068
   -1    1   16    1   -0.007095
   -1    1   17    1    0.003023
   -1    1   18    1    0.005850
   -1    1    1    2   -0.003855
   -1    1    2    2    0.001492
   -1    1    3    2    0.010708
   -1    1    4    2    0.004575
   -1    1    5    2   -0.003002
   -1    1    6    2    0.006367
   -1    1    7    2    0.000740
   -1    1    8    2    0.002087
   -1    1    9    2    0.002915
   -1    1   10    2   -0.003417
   -1    1   11    2    0.000677
   -1    1   12    2    0.005245
   -1    1   13    2   -0.002047
   -1    1   14    2   -0.000902
   -1    1   15    2    0.001015
   -1    1   16    2   -0.004038
   -1    1   17    2    0.001997
   -1    1   18    2   -0.005547
   -1    1    1    3   -0.004677
   -1    1    2    3   -0.001612
   -1    1    3    3    0.000793
   -1    1    4    3   -0.003890
   -1    1    5    3   -0.000973
   -1    1    6    3   -0.001988
   -1    1    7    3   -0.001332
   -1    1    8    3   -0.000730
   -1    1    9    3   -0.000488
   -1    1   10    3    0.001775
   -1    1   11    3   -0.001740
   -1    1   12    3    0.000710
   -1    1   13    3   -0.001693
   -1    1   14    3    0.000970
   -1    1   15    3   -0.001945
   -1    1   16    3    0.007452
   -1    1   17    3   -0.002547
   -1    1   18    3   -0.000507
   -1    1    1    4    0.021547
   -1    1    2    4    0.000920
   -1    1    3    4   -0.007663
   -1    1    4    4    0.012485
   -1    1    5    4    0.005807
   -1    1    6    4   -0.000832
   -1    1    7    4   -0.008737
   -1    1    8    4    0.001357
   -1    1    9    4    0.007210
   -1    1   10    4   -0.011277
   -1    1   11    4    0.004267
   -1    1   12    4    0.003815
   -1    1   13    4    0.003217
   -1    1   14    4    0.004287
   -1    1   15    4    0.004440
   -1    1   16    4   -0.020167
   -1    1   17    4   -0.000590
   -1    1   18    4   -0.000602
   -1    1    1    5   -0.004047
   -1    1    2    5    0.001377
   -1    1    3    5   -0.000302
   -1    1    4    5    0.002533
   -1    1    5    5   -0.001290
   -1    1    6    5    0.004585
   -1    1    7    5   -0.001535
   -1    1    8    5   -0.000527
   -1    1    9    5   -0.001792
   -1    1   10    5   -0.002975
   -1    1   11    5    0.000700
   -1    1   12    5   -0.001980
   -1    1   13    5    0.002027
   -1    1   14    5    0.000250
   -1    1   15    5   -0.002710
   -1    1   16    5   -0.001145
   -1    1   17    5    0.000947
   -1    1   18    5   -0.000470
   -1    1    1    6    0.023852
   -1    1    2    6    0.001818
   -1    1    3    6    0.001282
   -1    1    4    6    0.019422
   -1    1    5    6    0.011065
   -1    1    6    6    0.037520
   -1    1    7    6   -0.003130
   -1    1    8    6   -0.006152
   -1    1    9    6    0.015125
   -1    1   10    6    0.005168
   -1    1   11    6    0.004430
   -1    1   12    6   -0.004100
   -1    1   13    6   -0.009710
   -1    1   14    6    0.001627
   -1    1   15    6    0.001357
   -1    1   16    6   -0.007355
   -1    1   17    6    0.006392
   -1    1   18    6   -0.006655
   -1    1    1    7   -0.008247
   -1    1    2    7    0.002230
   -1    1    3    7    0.001292
   -1    1    4    7    0.004012
   -1    1    5    7   -0.000418
   -1    1    6    7    0.004960
   -1    1    7    7   -0.000855
   -1    1    8    7   -0.009455
   -1    1    9    7    0.006508
   -1    1   10    7    0.003777
   -1    1   11    7    0.000615
   -1    1   12    7    0.001645
   -1    1   13    7    0.000650
   -1    1   14    7    0.002015
   -1    1   15    7    0.004222
   -1    1   16    7   -0.001755
   -1    1   17    7    0.002397
   -1    1   18    7   -0.011075
   -1    1    1    8    0.000930
   -1    1    2    8    0.000045
   -1    1    3    8    0.000390
   -1    1    4    8    0.000552
   -1    1    5    8   -0.000387
   -1    1    6    8    0.000425
   -1    1    7    8   -0.000195
   -1    1    8    8   -0.000265
   -1    1    9    8   -0.000855
   -1    1   10    8    0.001022
   -1    1   11    8    0.000138
   -1    1   12    8    0.000245
   -1    1   13    8    0.000415
   -1    1   14    8   -0.000220
   -1    1   15    8   -0.000960
   -1    1   16    8   -0.000507
   -1    1   17    8    0.001070
   -1    1   18    8   -0.000370
   -1    1    1    9    0.037387
   -1    1    2    9    0.011275
   -1    1    3    9    0.037750
   -1    1    4    9    0.035712
   -1    1    5    9    0.000265
   -1    1    6    9    0.058560
   -1    1    7    9   -0.015920
   -1    1    8    9    0.009320
   -1    1    9    9    0.004527
   -1    1   10    9   -0.003862
   -1    1   11    9    0.008500
   -1    1   12    9    0.007412
   -1    1   13    9   -0.001530
   -1    1   14    9   -0.011462
   -1    1   15    9   -0.004115
   -1    1   16    9   -0.022040
   -1    1   17    9    0.002782
   -1    1   18    9   -0.001780
   -1    1    1   10    0.024735
   -1    1    2   10   -0.011357
   -1    1    3   10    0.099330
   -1    1    4   10   -0.022467
   -1    1    5   10   -0.002180
   -1    1    6   10   -0.000187
   -1    1    7   10   -0.016917
   -1    1    8   10    0.013335
   -1    1    9   10    0.012560
   -1    1   10   10    0.012013
   -1    1   11   10   -0.006090
   -1    1   12   10   -0.033957
   -1    1   13   10   -0.010092
   -1    1   14   10   -0.000190
   -1    1   15   10    0.015910
   -1    1   16   10    0.001452
   -1    1   17   10   -0.012755
   -1    1   18   10   -0.000810
   -1    1    1   11   -0.001572
   -1    1    2   11    0.000482
   -1    1    3   11    0.001650
   -1    1    4   11    0.003857
   -1    1    5   11   -0.002417
   -1    1    6   11    0.002552
   -1    1    7   11    0.000550
   -1    1    8   11    0.006155
   -1    1    9   11    0.002247
   -1    1   10   11   -0.002787
   -1    1   11   11    0.000073
   -1    1   12   11    0.001107
   -1    1   13   11    0.000090
   -1    1   14   11    0.003967
   -1    1   15   11    0.001733
   -1    1   16   11    0.001350
   -1    1   17   11   -0.006372
   -1    1   18   11   -0.005830
   -1    1    1   12    0.004072
   -1    1    2   12    0.007740
   -1    1    3   12    0.031880
   -1    1    4   12    0.004060
   -1    1    5   12   -0.003762
   -1    1    6   12   -0.004997
   -1    1    7   12   -0.005640
   -1    1    8   12    0.066432
   -1    1    9   12   -0.003052
   -1    1   10   12   -0.009650
   -1    1   11   12    0.000812
   -1    1   12   12    0.035210
   -1    1   13   12    0.011802
   -1    1   14   12    0.002687
   -1    1   15   12   -0.030340
   -1    1   16   12   -0.015457
   -1    1   17   12   -0.019935
   -1    1   18   12   -0.000080
   -1    1    1   13   -0.025677
   -1    1    2   13    0.000263
   -1    1    3   13    0.121690
   -1    1    4   13    0.007113
   -1    1    5   13   -0.048000
   -1    1    6   13    0.065412
   -1    1    7   13    0.014607
   -1    1    8   13    0.075283
   -1    1    9   13    0.059385
   -1    1   10   13   -0.020938
   -1    1   11   13   -0.013660
   -1    1   12   13    0.007225
   -1    1   13   13   -0.062390
   -1    1   14   13   -0.012410
   -1    1   15   13    0.005998
   -1    1   16   13    0.098415
   -1    1   17   13   -0.022892
   -1    1   18   13   -0.044740
   -1    1    1   14    0.000210
   -1    1    2   14    0.000725
   -1    1    3   14    0.000590
   -1    1    4   14    0.000323
   -1    1    5   14   -0.002225
   -1    1    6   14    0.001823
   -1    1    7   14   -0.000003
   -1    1    8   14   -0.001255
   -1    1    9   14   -0.001850
   -1    1   10   14    0.001032
   -1    1   11   14   -0.000200
   -1    1   12   14    0.001415
   -1    1   13   14   -0.000152
   -1    1   14   14   -0.001537
   -1    1   15   14   -0.002660
   -1    1   16   14    0.001262
   -1    1   17   14    0.002802
   -1    1   18   14    0.002200
   -1    1    1   15   -0.026768
   -1    1    2   15   -0.004412
   -1    1    3   15   -0.058730
   -1    1    4   15   -0.008010
   -1    1    5   15   -0.005777
   -1    1    6   15    0.002705
   -1    1    7   15   -0.003693
   -1    1    8   15   -0.003498
   -1    1    9   15   -0.002380
   -1    1   10   15   -0.002737
   -1    1   11   15   -0.004005
   -1    1   12   15   -0.023123
   -1    1   13   15   -0.006505
   -1    1   14   15    0.012665
   -1    1   15   15    0.029642
   -1    1   16   15    0.033595
   -1    1   17   15   -0.027602
   -1    1   18   15   -0.030757
   -1    1    1   16   -0.011383
   -1    1    2   16   -0.000865
   -1    1    3   16   -0.030310
   -1    1    4   16   -0.007355
   -1    1    5   16    0.007542
   -1    1    6   16    0.000423
   -1    1    7   16   -0.001347
   -1    1    8   16    0.008805
   -1    1    9   16   -0.003693
   -1    1   10   16    0.004105
   -1    1   11   16    0.002028
   -1    1   12   16   -0.011542
   -1    1   13   16   -0.002748
   -1    1   14   16   -0.001175
   -1    1   15   16    0.003152
   -1    1   16   16   -0.017400
   -1    1   17   16   -0.004932
   -1    1   18   16    0.000980
   -1    1    1   17   -0.018158
   -1    1    2   17    0.000705
   -1    1    3   17    0.015817
   -1    1    4   17   -0.001475
   -1    1    5   17    0.000960
   -1    1    6   17    0.000160
   -1    1    7   17    0.001277
   -1    1    8   17   -0.008900
   -1    1    9   17   -0.001237
   -1    1   10   17   -0.001645
   -1    1   11   17    0.001020
   -1    1   12   17   -0.003805
   -1    1   13   17   -0.004715
   -1    1   14   17    0.002788
   -1    1   15   17    0.001798
   -1    1   16   17   -0.003265
   -1    1   17   17    0.000610
   -1    1   18   17   -0.007983
   -1    1    1   18    0.004855
   -1    1    2   18   -0.000850
   -1    1    3   18    0.002755
   -1    1    4   18   -0.003595
   -1    1    5   18   -0.000563
   -1    1    6   18   -0.004707
   -1    1    7   18    0.000138
   -1    1    8   18   -0.000717
   -1    1    9   18    0.004085
   -1    1   10   18    0.002312
   -1    1   11   18   -0.001380
   -1    1   12   18   -0.006175
   -1    1   13   18   -0.009700
   -1    1   14   18   -0.000127
   -1    1   15   18    0.004195
   -1    1   16   18    0.005430
   -1    1   17   18   -0.003210
   -1    1   18   18   -0.011085
    0    1    1    1    0.105737
    0    1    2    1    0.003797
    0    1    3    1   -0.031850
    0    1    4    1   -0.005010
    0    1    5    1    0.021423
    0    1    6    1   -0.017880
    0    1    7    1   -0.020520
    0    1    8    1    0.054300
    0    1    9    1   -0.003858
    0    1   10    1    0.014645
    0    1   11    1    0.004435
    0    1   12    1    0.004175
    0    1   13    1    0.027237
    0    1   14    1    0.003217
    0    1   15    1   -0.014647
    0    1   16    1   -0.025235
    0    1   17    1    0.004545
    0    1   18    1   -0.018295
    0    1    1    2    0.000023
    0    1    2    2    0.012652
    0    1    3    2    0.038825
    0    1    4    2   -0.013643
    0    1    5    2   -0.003642
    0    1    6    2    0.029425
    0    1    7    2   -0.013662
    0    1    8    2    0.059323
    0    1    9    2   -0.024370
    0    1   10    2   -0.002205
    0    1   11    2   -0.000103
    0    1   12    2    0.000043
    0    1   13    2    0.004425
    0    1   14    2    0.004475
    0    1   15    2   -0.006135
    0    1   16    2    0.005690
    0    1   17    2   -0.006570
    0    1   18    2   -0.001015
    0    1    1    3   -0.009590
    0    1    2    3   -0.003705
    0    1    3    3   -0.002903
    0    1    4    3   -0.005993
    0    1    5    3   -0.005682
    0    1    6    3   -0.024422
    0    1    7    3   -0.003952
    0    1    8    3    0.016905
    0    1    9    3   -0.002722
    0    1   10    3   -0.000645
    0    1   11    3   -0.002427
    0    1   12    3   -0.012618
    0    1   13    3    0.002460
    0    1   14    3    0.000797
    0    1   15    3    0.009132
    0    1   16    3    0.010953
    0    1   17    3   -0.013520
    0    1   18    3   -0.009252
    0    1    1    4    0.343717
    0    1    2    4   -0.002132
    0    1    3    4    1.399528
    0    1    4    4   -0.050980
    0    1    5    4   -0.005685
    0    1    6    4    0.149042
    0    1    7    4    0.015775
    0    1    8    4    0.117227
    0    1    9    4    0.003825
    0    1   10    4    0.017147
    0    1   11    4    0.000657
    0    1   12    4   -0.320730
    0    1   13    4   -0.035847
    0    1   14    4   -0.024887
    0    1   15    4    0.001592
    0    1   16    4   -0.047442
    0    1   17    4    0.004825
    0    1   18    4    0.139287
    0    1    1    5   -0.002195
    0    1    2    5    0.002505
    0    1    3    5   -0.016585
    0    1    4    5   -0.005045
    0    1    5    5    0.002595
    0    1    6    5   -0.009387
    0    1    7    5    0.000367
    0    1    8    5    0.029417
    0    1    9    5   -0.007108
    0    1   10    5    0.002332
    0    1   11    5   -0.001545
    0    1   12    5    0.002095
    0    1   13    5    0.009652
    0    1   14    5    0.002187
    0    1   15    5   -0.003820
    0    1   16    5    0.004032
    0    1   17    5    0.003138
    0    1   18    5    0.013415
    0    1    1    6    0.042298
    0    1    2    6    0.041100
    0    1    3    6    0.769120
    0    1    4    6   -0.047507
    0    1    5    6    0.015150
    0    1    6    6   -0.009632
    0    1    7    6    0.030505
    0    1    8    6    0.051453
    0    1    9    6    0.003000
    0    1   10    6   -0.010847
    0    1   11    6    0.010278
    0    1   12    6   -0.131738
    0    1   13    6   -0.031220
    0    1   14    6    0.023505
    0    1   15    6   -0.025450
    0    1   16    6   -0.036338
    0    1   17    6    0.006325
    0    1   18    6   -0.270717
    0    1    1    7    0.008802
    0    1    2    7    0.002665
    0    1    3    7   -0.041572
    0    1    4    7    0.005205
    0    1    5    7    0.024397
    0    1    6    7    0.008082
    0    1    7    7   -0.002930
    0    1    8    7    0.037792
    0    1    9    7   -0.005187
    0    1   10    7   -0.001928
    0    1   11    7   -0.000645
    0    1   12    7    0.018932
    0    1   13    7    0.012087
    0    1   14    7    0.002700
    0    1   15    7    0.007220
    0    1   16    7    0.002037
    0    1   17    7    0.002435
    0    1   18    7   -0.012487
    0    1    1    8    0.001650
    0    1    2    8    0.000522
    0    1    3    8    0.002042
    0    1    4    8    0.000253
    0    1    5    8    0.000865
    0    1    6    8   -0.002533
    0    1    7    8    0.004287
    0    1    8    8    0.007155
    0    1    9    8    0.000305
    0    1   10    8   -0.001177
    0    1   11    8    0.000000
    0    1   12    8    0.000932
    0    1   13    8    0.001167
    0    1   14    8    0.004480
    0    1   15    8   -0.004378
    0    1   16    8    0.005807
    0    1   17    8   -0.008202
    0    1   18    8   -0.004960
    0    1    1    9    0.034620
    0    1    2    9    0.004395
    0    1    3    9    0.145247
    0    1    4    9    0.064580
    0    1    5    9    0.019487
    0    1    6    9    0.097905
    0    1    7    9   -0.068955
    0    1    8    9    0.023632
    0    1    9    9   -0.028080
    0    1   10    9    0.009237
    0    1   11    9    0.010587
    0    1   12    9    0.015395
    0    1   13    9   -0.030545
    0    1   14    9    0.006597
    0    1   15    9    0.046523
    0    1   16    9   -0.060935
    0    1   17    9    0.012445
    0    1   18    9   -0.080465
    0    1    1   10    0.038585
    0    1    2   10   -0.010575
    0    1    3   10    0.117300
    0    1    4   10   -0.038415
    0    1    5   10    0.042195
    0    1    6   10   -0.035758
    0    1    7   10    0.020117
    0    1    8   10    0.005105
    0    1    9   10    0.047287
    0    1   10   10    0.001795
    0    1   11   10   -0.010275
    0    1   12   10    0.190750
    0    1   13   10    0.023247
    0    1   14   10   -0.016762
    0    1   15   10    0.066390
    0    1   16   10    0.035452
    0    1   17   10    0.114295
    0    1   18   10   -0.073392
    0    1    1   11   -0.006928
    0    1    2   11    0.022838
    0    1    3   11   -0.079182
    0    1    4   11   -0.000662
    0    1    5   11   -0.008555
    0    1    6   11    0.003672
    0    1    7   11   -0.204605
    0    1    8   11    0.094345
    0    1    9   11    0.041115
    0    1   10   11    0.001492
    0    1   11   11   -0.006875
    0    1   12   11    0.026930
    0    1   13   11    0.004705
    0    1   14   11   -0.028983
    0    1   15   11   -0.002432
    0    1   16   11   -0.023698
    0    1   17   11    0.033085
    0    1   18   11    0.055960
    0    1    1   12   -0.031642
    0    1    2   12    0.047130
    0    1    3   12    0.200122
    0    1    4   12    0.064472
    0    1    5   12   -0.189677
    0    1    6   12    0.106762
    0    1    7   12   -0.500987
    0    1    8   12   -0.186000
    0    1    9   12    0.122897
    0    1   10   12    0.007020
    0    1   11   12   -0.004732
    0    1   12   12    0.012605
    0    1   13   12    0.015807
    0    1   14   12   -0.007345
    0    1   15   12   -0.087677
    0    1   16   12   -0.053247
    0    1   17   12   -0.020735
    0    1   18   12    0.047505
    0    1    1   13   -0.171878
    0    1    2   13   -0.053032
    0    1    3   13   -0.063682
    0    1    4   13    0.128552
    0    1    5   13    0.036407
    0    1    6   13   -0.001620
    0    1    7   13    0.003710
    0    1    8   13    0.108707
    0    1    9   13   -0.679395
    0    1   10   13    0.039815
    0    1   11   13    0.026672
    0    1   12   13   -0.280630
    0    1   13   13    0.092047
    0    1   14   13   -0.072252
    0    1   15   13   -0.099013
    0    1   16   13    0.039870
    0    1   17   13    0.017255
    0    1   18   13    0.361142
    0    1    1   14    0.005140
    0    1    2   14   -0.002375
    0    1    3   14    0.002390
    0    1    4   14   -0.003402
    0    1    5   14   -0.000060
    0    1    6   14   -0.004540
    0    1    7   14    0.023012
    0    1    8   14    0.026640
    0    1    9   14   -0.012982
    0    1   10   14   -0.000087
    0    1   11   14   -0.001077
    0    1   12   14   -0.000488
    0    1   13   14    0.008640
    0    1   14   14    0.004480
    0    1   15   14   -0.003383
    0    1   16   14    0.007952
    0    1   17   14   -0.009547
    0    1   18   14    0.008010
    0    1    1   15   -0.117527
    0    1    2   15   -0.045220
    0    1    3   15    0.614422
    0    1    4   15   -0.042083
    0    1    5   15   -0.061445
    0    1    6   15   -0.203360
    0    1    7   15   -0.097633
    0    1    8   15   -0.019495
    0    1    9   15   -0.135115
    0    1   10   15    0.006245
    0    1   11   15   -0.027072
    0    1   12   15   -0.133107
    0    1   13   15    0.028860
    0    1   14   15    0.012748
    0    1   15   15    0.051720
    0    1   16   15    0.178682
    0    1   17   15   -0.061405
    0    1   18   15    0.141090
    0    1    1   16   -0.135175
    0    1    2   16    0.021528
    0    1    3   16    0.468050
    0    1    4   16    0.030932
    0    1    5   16    0.019170
    0    1    6   16   -0.149812
    0    1    7   16   -0.042000
    0    1    8   16   -0.020860
    0    1    9   16   -0.097502
    0    1   10   16    0.001180
    0    1   11   16    0.039055
    0    1   12   16   -0.203753
    0    1   13   16   -0.007557
    0    1   14   16    0.025007
    0    1   15   16    0.034305
    0    1   16   16   -0.176862
    0    1   17   16    0.012190
    0    1   18   16   -0.146617
    0    1    1   17    0.013967
    0    1    2   17    0.025592
    0    1    3   17    0.011842
    0    1    4   17    0.003270
    0    1    5   17    0.000753
    0    1    6   17    0.002590
    0    1    7   17   -0.110258
    0    1    8   17   -0.041063
    0    1    9   17   -0.059120
    0    1   10   17   -0.010040
    0    1   11   17   -0.003400
    0    1   12   17    0.024285
    0    1   13   17    0.010115
    0    1   14   17    0.009430
    0    1   15   17    0.001657
    0    1   16   17    0.005837
    0    1   17   17    0.007230
    0    1   18   17   -0.035100
    0    1    1   18   -0.009897
    0    1    2   18   -0.007342
    0    1    3   18   -0.018252
    0    1    4   18   -0.002945
    0    1    5   18   -0.019325
    0    1    6   18    0.024057
    0    1    7   18    0.040507
    0    1    8   18   -0.021797
    0    1    9   18   -0.038058
    0    1   10   18   -0.007455
    0    1   11   18   -0.003115
    0    1   12   18   -0.001165
    0    1   13   18   -0.003537
    0    1   14   18   -0.017437
    0    1   15   18   -0.009397
    0    1   16   18   -0.001663
    0    1   17   18    0.007910
    0    1   18   18    0.083897
    1    1    1    1    0.091510
    1    1    2    1   -0.046402
    1    1    3    1    0.246882
    1    1    4    1   -0.050725
    1    1    5    1   -0.076595
    1    1    6    1    0.092587
    1    1    7    1    0.405925
    1    1    8    1   -0.083963
    1    1    9    1    0.319375
    1    1   10    1    0.034337
    1    1   11    1    0.000950
    1    1   12    1    0.045347
    1    1   13    1   -0.085748
    1    1   14    1   -0.048815
    1    1   15    1   -0.083232
    1    1   16    1    0.085187
    1    1   17    1    0.023065
    1    1   18    1    0.055008
    1    1    1    2   -0.004678
    1    1    2    2   -0.014082
    1    1    3    2    0.006895
    1    1    4    2   -0.010975
    1    1    5    2   -0.001053
    1    1    6    2    0.006945
    1    1    7    2    0.088442
    1    1    8    2    0.003605
    1    1    9    2   -0.013042
    1    1   10    2    0.000687
    1    1   11    2    0.001252
    1    1   12    2   -0.008230
    1    1   13    2    0.001340
    1    1   14    2   -0.001150
    1    1   15    2   -0.016912
    1    1   16    2    0.013035
    1    1   17    2    0.012010
    1    1   18    2    0.371815
    1    1    1    3    0.009967
    1    1    2    3   -0.010945
    1    1    3    3   -0.022825
    1    1    4    3    0.063435
    1    1    5    3   -0.002942
    1    1    6    3   -0.026523
    1    1    7    3   -0.083557
    1    1    8    3   -0.012273
    1    1    9    3   -0.123237
    1    1   10    3    0.015625
    1    1   11    3    0.011782
    1    1   12    3   -0.011595
    1    1   13    3    0.012675
    1    1   14    3   -0.005715
    1    1   15    3    0.034125
    1    1   16    3   -0.077450
    1    1   17    3    0.018470
    1    1   18    3    0.177362
    1    1    1    4    0.142762
    1    1    2    4   -0.431360
    1    1    3    4    0.179500
    1    1    4    4   -0.058082
    1    1    5    4    0.178625
    1    1    6    4    0.633350
    1    1    7    4    1.948992
    1    1    8    4    0.034647
    1    1    9    4    0.126318
    1    1   10    4   -0.289652
    1    1   11    4    0.149805
    1    1   12    4   -1.041370
    1    1   13    4   -0.343878
    1    1   14    4   -0.051440
    1    1   15    4    0.372123
    1    1   16    4    0.171703
    1    1   17    4    0.281285
    1    1   18    4   -0.763735
    1    1    1    5    0.007632
    1    1    2    5   -0.003107
    1    1    3    5   -0.016102
    1    1    4    5    0.002325
    1    1    5    5    0.018905
    1    1    6    5   -0.020137
    1    1    7    5    0.022725
    1    1    8    5    0.003793
    1    1    9    5    0.043702
    1    1   10    5    0.007507
    1    1   11    5    0.000035
    1    1   12    5    0.004395
    1    1   13    5    0.005870
    1    1   14    5    0.000812
    1    1   15    5    0.000602
    1    1   16    5    0.015302
    1    1   17    5   -0.002750
    1    1   18    5   -0.215340
    1    1    1    6   -0.011975
    1    1    2    6    0.018267
    1    1    3    6    0.013657
    1    1    4    6   -0.075717
    1    1    5    6    0.007880
    1    1    6    6    0.075030
    1    1    7    6   -0.011980
    1    1    8    6    0.009237
    1    1    9    6    0.163708
    1    1   10    6    0.208745
    1    1   11    6   -0.007098
    1    1   12    6    0.095142
    1    1   13    6   -0.025208
    1    1   14    6    0.012175
    1    1   15    6   -0.193072
    1    1   16    6    0.007412
    1    1   17    6    0.013253
    1    1   18    6    1.168145
    1    1    1    7    0.006137
    1    1    2    7    0.006070
    1    1    3    7    0.000845
    1    1    4    7    0.016447
    1    1    5    7    0.006490
    1    1    6    7   -0.001522
    1    1    7    7   -0.066373
    1    1    8    7    0.001060
    1    1    9    7   -0.017035
    1    1   10    7   -0.011122
    1    1   11    7    0.000950
    1    1   12    7   -0.014455
    1    1   13    7    0.024222
    1    1   14    7   -0.000187
    1    1   15    7   -0.005935
    1    1   16    7    0.016670
    1    1   17    7   -0.006310
    1    1   18    7   -0.105042
    1    1    1    8   -0.006750
    1    1    2    8    0.013805
    1    1    3    8   -0.006280
    1    1    4    8   -0.002047
    1    1    5    8    0.006307
    1    1    6    8   -0.001408
    1    1    7    8   -0.156532
    1    1    8    8    0.001865
    1    1    9    8    0.007312
    1    1   10    8    0.003858
    1    1   11    8   -0.002295
    1    1   12    8    0.015910
    1    1   13    8    0.000652
    1    1   14    8    0.003560
    1    1   15    8   -0.018560
    1    1   16    8   -0.000202
    1    1   17    8    0.006258
    1    1   18    8    0.007992
    1    1    1    9   -0.019242
    1    1    2    9   -0.006817
    1    1    3    9    0.006305
    1    1    4    9   -0.027778
    1    1    5    9   -0.006730
    1    1    6    9    0.003395
    1    1    7    9    0.135990
    1    1    8    9   -0.000192
    1    1    9    9   -0.202470
    1    1   10    9    0.036582
    1    1   11    9   -0.006952
    1    1   12    9    0.001533
    1    1   13    9    0.039367
    1    1   14    9   -0.006215
    1    1   15    9   -0.010110
    1    1   16    9    0.004360
    1    1   17    9    0.003130
    1    1   18    9   -0.471645
    1    1    1   10    0.007790
    1    1    2   10    0.146207
    1    1    3   10    0.096868
    1    1    4   10    1.318297
    1    1    5   10    0.276997
    1    1    6   10    0.640275
    1    1    7   10   -0.171157
    1    1    8   10    0.189560
    1    1    9   10    0.202533
    1    1   10   10    0.115102
    1    1   11   10    0.104685
    1    1   12   10    0.495785
    1    1   13   10    0.047507
    1    1   14   10   -0.228307
    1    1   15   10    0.130260
    1    1   16   10   -0.122477
    1    1   17   10   -0.507855
    1    1   18   10   -0.035330
    1    1    1   11    0.004107
    1    1    2   11   -0.016625
    1    1    3   11   -0.001775
    1    1    4   11   -0.033970
    1    1    5   11    0.018783
    1    1    6   11   -0.042395
    1    1    7   11    0.051457
    1    1    8   11    0.003602
    1    1    9   11    0.060967
    1    1   10   11   -0.021300
    1    1   11   11    0.004377
    1    1   12   11   -0.001050
    1    1   13   11    0.019625
    1    1   14   11   -0.003770
    1    1   15   11   -0.053020
    1    1   16   11    0.017775
    1    1   17   11   -0.060595
    1    1   18   11   -0.076090
    1    1    1   12    0.009598
    1    1    2   12   -0.002563
    1    1    3   12    0.003725
    1    1    4   12    0.032342
    1    1    5   12    0.003490
    1    1    6   12    0.086100
    1    1    7   12   -0.050760
    1    1    8   12    0.003892
    1    1    9   12    0.024925
    1    1   10   12    0.032357
    1    1   11   12    0.006175
    1    1   12   12    0.017440
    1    1   13   12    0.041820
    1    1   14   12   -0.000517
    1    1   15   12   -0.002027
    1    1   16   12    0.001637
    1    1   17   12    0.008460
    1    1   18   12    0.738260
    1    1    1   13   -0.005725
    1    1    2   13    0.013683
    1    1    3   13   -0.002955
    1    1    4   13   -0.012590
    1    1    5   13   -0.004120
    1    1    6   13    0.030970
    1    1    7   13    0.006045
    1    1    8   13   -0.002965
    1    1    9   13   -0.007180
    1    1   10   13    0.013165
    1    1   11   13   -0.000590
    1    1   12   13   -0.066335
    1    1   13   13    0.200245
    1    1   14   13   -0.004635
    1    1   15   13    0.039557
    1    1   16   13    0.006423
    1    1   17   13   -0.030502
    1    1   18   13    0.169915
    1    1    1   14   -0.006707
    1    1    2   14   -0.023550
    1    1    3   14   -0.000902
    1    1    4   14   -0.012650
    1    1    5   14    0.023360
    1    1    6   14   -0.008507
    1    1    7   14   -0.069452
    1    1    8   14    0.005095
    1    1    9   14    0.011602
    1    1   10   14   -0.000037
    1    1   11   14    0.007440
    1    1   12   14    0.019318
    1    1   13   14    0.002872
    1    1   14   14   -0.000380
    1    1   15   14    0.019727
    1    1   16   14    0.001660
    1    1   17   14    0.026150
    1    1   18   14   -0.016820
    1    1    1   15   -0.005600
    1    1    2   15   -0.000572
    1    1    3   15   -0.018202
    1    1    4   15   -0.089135
    1    1    5   15   -0.000085
    1    1    6   15    0.101313
    1    1    7   15   -0.147220
    1    1    8   15   -0.006332
    1    1    9   15   -0.278145
    1    1   10   15    0.177970
    1    1   11   15   -0.014422
    1    1   12   15   -0.183035
    1    1   13   15    0.085852
    1    1   14   15    0.000982
    1    1   15   15    0.090402
    1    1   16   15    0.087390
    1    1   17   15    0.010465
    1    1   18   15   -0.381220
    1    1    1   16   -0.011265
    1    1    2   16   -0.005183
    1    1    3   16   -0.025925
    1    1    4   16   -0.035817
    1    1    5   16    0.026437
    1    1    6   16    0.198095
    1    1    7   16   -0.241435
    1    1    8   16    0.013855
    1    1    9   16   -0.190645
    1    1   10   16    0.336562
    1    1   11   16    0.015327
    1    1   12   16    0.084610
    1    1   13   16   -0.007360
    1    1   14   16    0.014590
    1    1   15   16    0.214080
    1    1   16   16   -0.184588
    1    1   17   16    0.078452
    1    1   18   16   -0.033490
    1    1    1   17    0.005322
    1    1    2   17   -0.033865
    1    1    3   17    0.000520
    1    1    4   17    0.000245
    1    1    5   17    0.042230
    1    1    6   17   -0.003710
    1    1    7   17    0.465520
    1    1    8   17    0.026332
    1    1    9   17   -0.004622
    1    1   10   17   -0.000050
    1    1   11   17    0.020132
    1    1   12   17    0.002140
    1    1   13   17   -0.004045
    1    1   14   17   -0.003525
    1    1   15   17   -0.027402
    1    1   16   17    0.019673
    1    1   17   17    0.014240
    1    1   18   17   -0.056235
    1    1    1   18    0.000160
    1    1    2   18    0.027125
    1    1    3   18    0.041937
    1    1    4   18    0.007735
    1    1    5   18   -0.015030
    1    1    6   18    0.000875
    1    1    7   18   -0.020650
    1    1    8   18   -0.023748
    1    1    9   18   -0.018943
    1    1   10   18   -0.033140
    1    1   11   18   -0.008852
    1    1   12   18    0.037657
    1    1   13   18    0.040555
    1    1   14   18    0.000345
    1    1   15   18    0.011575
    1    1   16   18   -0.007493
    1    1   17   18   -0.012427
    1    1   18   18    0.029205
