 ir1  ir2   m    n          ReH 
   -1   -1    1    1   -0.030375
   -1   -1    2    1   -0.011042
   -1   -1    3    1    0.051860
   -1   -1    4    1   -0.005642
   -1   -1    5    1   -0.011180
   -1   -1    6    1    0.008247
   -1   -1    7    1   -0.007052
   -1   -1    8    1   -0.005422
   -1   -1    9    1   -0.010422
   -1   -1   10    1    1.695347
   -1   -1   11    1   -0.005973
   -1   -1   12    1    0.004193
   -1   -1   13    1    0.022270
   -1   -1   14    1   -0.050553
   -1   -1   15    1   -0.014632
   -1   -1   16    1   -0.044472
   -1   -1   17    1    0.006867
   -1   -1   18    1   -0.069200
   -1   -1    1    2    0.009547
   -1   -1    2    2    0.003847
   -1   -1    3    2    0.015297
   -1   -1    4    2    0.001815
   -1   -1    5    2   -0.000912
   -1   -1    6    2    0.002755
   -1   -1    7    2   -0.017660
   -1   -1    8    2   -0.000535
   -1   -1    9    2    0.032625
   -1   -1   10    2   -0.081192
   -1   -1   11    2   -0.014772
   -1   -1   12    2   -0.005643
   -1   -1   13    2   -0.017415
   -1   -1   14    2    0.015937
   -1   -1   15    2   -0.003043
   -1   -1   16    2   -0.042485
   -1   -1   17    2   -0.002972
   -1   -1   18    2   -0.040252
   -1   -1    1    3    0.011395
   -1   -1    2    3    0.002497
   -1   -1    3    3   -0.110570
   -1   -1    4    3   -0.024685
   -1   -1    5    3    0.015362
   -1   -1    6    3   -0.010980
   -1   -1    7    3    0.002360
   -1   -1    8    3    0.024338
   -1   -1    9    3    0.020697
   -1   -1   10    3    1.036787
   -1   -1   11    3    0.014150
   -1   -1   12    3   -0.023758
   -1   -1   13    3    0.001850
   -1   -1   14    3   -0.006445
   -1   -1   15    3    0.016815
   -1   -1   16    3    0.028792
   -1   -1   17    3   -0.022323
   -1   -1   18    3    0.036938
   -1   -1    1    4   -0.062235
   -1   -1    2    4    0.019540
   -1   -1    3    4    0.024383
   -1   -1    4    4    0.029665
   -1   -1    5    4   -0.023580
   -1   -1    6    4   -0.000245
   -1   -1    7    4   -0.334410
   -1   -1    8    4   -0.007947
   -1   -1    9    4    0.279140
   -1   -1   10    4   -0.418660
   -1   -1   11    4    0.108115
   -1   -1   12    4    0.035605
   -1   -1   13    4   -0.077942
   -1   -1   14    4    0.067233
   -1   -1   15    4    0.301420
   -1   -1   16    4   -0.305078
   -1   -1   17    4    0.002972
   -1   -1   18    4    0.224855
   -1   -1    1    5   -0.053090
   -1   -1    2    5   -0.004925
   -1   -1    3    5    0.047657
   -1   -1    4    5    0.005137
   -1   -1    5    5   -0.003220
   -1   -1    6    5    0.003890
   -1   -1    7    5   -0.012473
   -1   -1    8    5    0.011765
   -1   -1    9    5    0.004137
   -1   -1   10    5   -0.180787
   -1   -1   11    5    0.002470
   -1   -1   12    5    0.004425
   -1   -1   13    5    0.000782
   -1   -1   14    5   -0.024365
   -1   -1   15    5   -0.006280
   -1   -1   16    5   -0.006700
   -1   -1   17    5   -0.060005
   -1   -1   18    5   -0.006983
   -1   -1    1    6   -0.063842
   -1   -1    2    6    0.014630
   -1   -1    3    6   -0.088667
   -1   -1    4    6    0.102155
   -1   -1    5    6   -0.020192
   -1   -1    6    6   -0.052830
   -1   -1    7    6    0.209882
   -1   -1    8    6   -0.002645
   -1   -1    9    6   -0.275830
   -1   -1   10    6    0.997282
   -1   -1   11    6   -0.339925
   -1   -1   12    6   -0.379167
   -1   -1   13    6    0.046338
   -1   -1   14    6   -0.216747
   -1   -1   15    6   -0.081627
   -1   -1   16    6   -0.295137
   -1   -1   17    6   -0.016410
   -1   -1   18    6   -0.075275
   -1   -1    1    7    0.082892
   -1   -1    2    7    0.007117
   -1   -1    3    7    0.005652
   -1   -1    4    7   -0.357080
   -1   -1    5    7   -0.006950
   -1   -1    6    7   -0.005752
   -1   -1    7    7    0.066212
   -1   -1    8    7   -0.000350
   -1   -1    9    7   -0.033397
   -1   -1   10    7   -0.124893
   -1   -1   11    7   -0.053023
   -1   -1   12    7    0.531282
   -1   -1   13    7   -0.098725
   -1   -1   14    7   -0.031468
   -1   -1   15    7   -0.004592
   -1   -1   16    7    0.074367
   -1   -1   17    7   -0.007622
   -1   -1   18    7   -0.274188
   -1   -1    1    8   -0.060722
   -1   -1    2    8    0.000243
   -1   -1    3    8    0.037785
   -1   -1    4    8    0.007350
   -1   -1    5    8    0.000813
   -1   -1    6    8    0.001835
   -1   -1    7    8   -0.004680
   -1   -1    8    8    0.005122
   -1   -1    9    8    0.002312
   -1   -1   10    8   -0.205472
   -1   -1   11    8    0.000957
   -1   -1   12    8    0.002475
   -1   -1   13    8   -0.002698
   -1   -1   14    8   -0.007807
   -1   -1   15    8    0.006843
   -1   -1   16    8    0.001955
   -1   -1   17    8    0.003995
   -1   -1   18    8   -0.003810
   -1   -1    1    9    0.001072
   -1   -1    2    9    0.028050
   -1   -1    3    9   -0.117280
   -1   -1    4    9   -0.021763
   -1   -1    5    9    0.044375
   -1   -1    6    9   -0.021865
   -1   -1    7    9   -0.130817
   -1   -1    8    9   -0.178480
   -1   -1    9    9    0.126635
   -1   -1   10    9   -0.282295
   -1   -1   11    9   -0.182553
   -1   -1   12    9    0.082192
   -1   -1   13    9   -0.006887
   -1   -1   14    9    0.063860
   -1   -1   15    9    0.005125
   -1   -1   16    9   -0.016165
   -1   -1   17    9    0.647903
   -1   -1   18    9    0.028780
   -1   -1    1   10    0.002305
   -1   -1    2   10    0.000467
   -1   -1    3   10    0.002312
   -1   -1    4   10   -0.000480
   -1   -1    5   10   -0.000805
   -1   -1    6   10    0.000157
   -1   -1    7   10   -0.001378
   -1   -1    8   10   -0.000365
   -1   -1    9   10    0.001455
   -1   -1   10   10   -0.012390
   -1   -1   11   10   -0.002120
   -1   -1   12   10    0.005545
   -1   -1   13   10   -0.000805
   -1   -1   14   10   -0.001325
   -1   -1   15   10    0.003150
   -1   -1   16   10   -0.002082
   -1   -1   17   10    0.000008
   -1   -1   18   10   -0.000810
   -1   -1    1   11   -0.009847
   -1   -1    2   11   -0.004877
   -1   -1    3   11    0.010280
   -1   -1    4   11   -0.001478
   -1   -1    5   11    0.000660
   -1   -1    6   11   -0.000417
   -1   -1    7   11    0.003745
   -1   -1    8   11    0.009158
   -1   -1    9   11   -0.011322
   -1   -1   10   11   -0.017608
   -1   -1   11   11    0.010030
   -1   -1   12   11   -0.014493
   -1   -1   13   11    0.012610
   -1   -1   14   11   -0.011727
   -1   -1   15   11   -0.008012
   -1   -1   16   11    0.012252
   -1   -1   17   11   -0.020807
   -1   -1   18   11    0.015365
   -1   -1    1   12   -0.018362
   -1   -1    2   12    0.000575
   -1   -1    3   12   -0.099045
   -1   -1    4   12    0.141317
   -1   -1    5   12    0.016212
   -1   -1    6   12   -0.001195
   -1   -1    7   12    0.005258
   -1   -1    8   12    0.015095
   -1   -1    9   12    0.022487
   -1   -1   10   12    0.197482
   -1   -1   11   12   -0.018613
   -1   -1   12   12   -0.170423
   -1   -1   13   12    0.011577
   -1   -1   14   12    0.001788
   -1   -1   15   12    0.014185
   -1   -1   16   12    0.026100
   -1   -1   17   12   -0.007810
   -1   -1   18   12    0.067880
   -1   -1    1   13   -0.004695
   -1   -1    2   13   -0.035725
   -1   -1    3   13    0.037110
   -1   -1    4   13   -0.021552
   -1   -1    5   13    0.007783
   -1   -1    6   13    0.009945
   -1   -1    7   13    0.106250
   -1   -1    8   13    0.004425
   -1   -1    9   13   -0.094037
   -1   -1   10   13    0.148017
   -1   -1   11   13    0.160205
   -1   -1   12   13    0.006460
   -1   -1   13   13    0.085398
   -1   -1   14   13    0.023695
   -1   -1   15   13   -0.027600
   -1   -1   16   13    0.177012
   -1   -1   17   13    0.018120
   -1   -1   18   13    0.089908
   -1   -1    1   14   -0.010780
   -1   -1    2   14    0.001465
   -1   -1    3   14    0.004410
   -1   -1    4   14   -0.003185
   -1   -1    5   14    0.002450
   -1   -1    6   14    0.001310
   -1   -1    7   14    0.000468
   -1   -1    8   14   -0.006122
   -1   -1    9   14    0.004540
   -1   -1   10   14   -0.166515
   -1   -1   11   14   -0.000860
   -1   -1   12   14    0.004707
   -1   -1   13   14   -0.000545
   -1   -1   14   14    0.010650
   -1   -1   15   14   -0.004420
   -1   -1   16   14   -0.008367
   -1   -1   17   14    0.024712
   -1   -1   18   14   -0.000530
   -1   -1    1   15   -0.081085
   -1   -1    2   15    0.025872
   -1   -1    3   15    0.017455
   -1   -1    4   15    0.004372
   -1   -1    5   15   -0.003597
   -1   -1    6   15   -0.001863
   -1   -1    7   15    0.016535
   -1   -1    8   15   -0.025610
   -1   -1    9   15   -0.008182
   -1   -1   10   15   -0.046823
   -1   -1   11   15   -0.072970
   -1   -1   12   15    0.036862
   -1   -1   13   15   -0.056077
   -1   -1   14   15    0.036745
   -1   -1   15   15   -0.026070
   -1   -1   16   15    0.036495
   -1   -1   17   15   -0.009097
   -1   -1   18   15   -0.134835
   -1   -1    1   16   -0.087640
   -1   -1    2   16   -0.002082
   -1   -1    3   16    0.017625
   -1   -1    4   16    0.012255
   -1   -1    5   16   -0.007233
   -1   -1    6   16    0.000325
   -1   -1    7   16   -0.000095
   -1   -1    8   16   -0.010013
   -1   -1    9   16   -0.016715
   -1   -1   10   16    1.227975
   -1   -1   11   16   -0.006655
   -1   -1   12   16   -0.008330
   -1   -1   13   16   -0.004032
   -1   -1   14   16   -0.004505
   -1   -1   15   16    0.019315
   -1   -1   16   16    0.044135
   -1   -1   17   16    0.001310
   -1   -1   18   16    0.030705
   -1   -1    1   17    0.027490
   -1   -1    2   17    0.009550
   -1   -1    3   17   -0.006430
   -1   -1    4   17   -0.007507
   -1   -1    5   17   -0.000525
   -1   -1    6   17   -0.001972
   -1   -1    7   17    0.024540
   -1   -1    8   17    0.004058
   -1   -1    9   17   -0.023977
   -1   -1   10   17   -0.157210
   -1   -1   11   17   -0.088077
   -1   -1   12   17   -0.048975
   -1   -1   13   17   -0.033517
   -1   -1   14   17   -0.019485
   -1   -1   15   17   -0.048435
   -1   -1   16   17    0.000632
   -1   -1   17   17   -0.014092
   -1   -1   18   17    0.000872
   -1   -1    1   18   -0.010887
   -1   -1    2   18    0.001082
   -1   -1    3   18    0.015632
   -1   -1    4   18   -0.002750
   -1   -1    5   18   -0.005630
   -1   -1    6   18    0.002327
   -1   -1    7   18   -0.027662
   -1   -1    8   18   -0.002187
   -1   -1    9   18    0.011940
   -1   -1   10   18    0.030998
   -1   -1   11   18    0.000290
   -1   -1   12   18    0.025382
   -1   -1   13   18    0.000372
   -1   -1   14   18   -0.007752
   -1   -1   15   18   -0.006252
   -1   -1   16   18   -0.036323
   -1   -1   17   18    0.001012
   -1   -1   18   18    0.057615
    0   -1    1    1    0.028428
    0   -1    2    1    0.016720
    0   -1    3    1    0.055197
    0   -1    4    1    0.121315
    0   -1    5    1    0.003232
    0   -1    6    1    0.015370
    0   -1    7    1    0.172905
    0   -1    8    1   -0.016878
    0   -1    9    1   -0.128697
    0   -1   10    1    0.339750
    0   -1   11    1    0.023537
    0   -1   12    1    0.922737
    0   -1   13    1    0.036453
    0   -1   14    1    0.010410
    0   -1   15    1   -0.096240
    0   -1   16    1    0.246798
    0   -1   17    1   -0.001225
    0   -1   18    1   -0.783578
    0   -1    1    2    0.000252
    0   -1    2    2   -0.008742
    0   -1    3    2    0.009173
    0   -1    4    2   -0.027080
    0   -1    5    2   -0.000060
    0   -1    6    2    0.002752
    0   -1    7    2    0.007238
    0   -1    8    2   -0.001485
    0   -1    9    2    0.000802
    0   -1   10    2   -0.062617
    0   -1   11    2    0.016170
    0   -1   12    2   -0.196475
    0   -1   13    2    0.026562
    0   -1   14    2   -0.003662
    0   -1   15    2   -0.102435
    0   -1   16    2    0.000667
    0   -1   17    2   -0.000240
    0   -1   18    2    0.014035
    0   -1    1    3    0.154612
    0   -1    2    3   -0.022052
    0   -1    3    3   -0.117922
    0   -1    4    3   -0.044657
    0   -1    5    3    0.020643
    0   -1    6    3   -0.022112
    0   -1    7    3    0.040945
    0   -1    8    3    0.014750
    0   -1    9    3   -0.017752
    0   -1   10    3   -1.897807
    0   -1   11    3    0.037200
    0   -1   12    3    0.055820
    0   -1   13    3   -0.018482
    0   -1   14    3    0.023115
    0   -1   15    3   -0.020230
    0   -1   16    3   -0.039530
    0   -1   17    3    0.023017
    0   -1   18    3    0.407228
    0   -1    1    4   -0.011062
    0   -1    2    4    0.008945
    0   -1    3    4    0.034263
    0   -1    4    4    0.057382
    0   -1    5    4   -0.010810
    0   -1    6    4   -0.006740
    0   -1    7    4    0.016827
    0   -1    8    4   -0.003140
    0   -1    9    4   -0.022627
    0   -1   10    4    0.082895
    0   -1   11    4   -0.008395
    0   -1   12    4   -0.048953
    0   -1   13    4   -0.012238
    0   -1   14    4   -0.007995
    0   -1   15    4    0.020897
    0   -1   16    4    0.000295
    0   -1   17    4    0.005095
    0   -1   18    4    0.326972
    0   -1    1    5   -0.039898
    0   -1    2    5   -0.007520
    0   -1    3    5    0.015702
    0   -1    4    5   -0.008662
    0   -1    5    5   -0.005240
    0   -1    6    5   -0.016317
    0   -1    7    5   -0.028522
    0   -1    8    5   -0.003475
    0   -1    9    5    0.034548
    0   -1   10    5   -0.024860
    0   -1   11    5    0.037595
    0   -1   12    5    0.452170
    0   -1   13    5    0.010123
    0   -1   14    5   -0.006573
    0   -1   15    5    0.140680
    0   -1   16    5   -0.029702
    0   -1   17    5   -0.014290
    0   -1   18    5   -0.016993
    0   -1    1    6   -0.038607
    0   -1    2    6   -0.030365
    0   -1    3    6   -0.035172
    0   -1    4    6    0.016903
    0   -1    5    6    0.001442
    0   -1    6    6   -0.000575
    0   -1    7    6   -0.037617
    0   -1    8    6    0.007110
    0   -1    9    6   -0.018807
    0   -1   10    6    0.346907
    0   -1   11    6    0.014545
    0   -1   12    6    0.093183
    0   -1   13    6   -0.001282
    0   -1   14    6    0.007505
    0   -1   15    6    0.413733
    0   -1   16    6    0.020257
    0   -1   17    6   -0.011405
    0   -1   18    6   -0.039130
    0   -1    1    7   -0.031912
    0   -1    2    7   -0.004888
    0   -1    3    7    0.030650
    0   -1    4    7    0.044585
    0   -1    5    7   -0.007083
    0   -1    6    7   -0.000865
    0   -1    7    7   -0.036557
    0   -1    8    7   -0.005627
    0   -1    9    7   -0.005748
    0   -1   10    7   -0.763305
    0   -1   11    7    0.004857
    0   -1   12    7   -0.023240
    0   -1   13    7   -0.042990
    0   -1   14    7   -0.003815
    0   -1   15    7    0.071727
    0   -1   16    7    0.015777
    0   -1   17    7   -0.002397
    0   -1   18    7   -0.240283
    0   -1    1    8   -0.023182
    0   -1    2    8    0.000922
    0   -1    3    8    0.039993
    0   -1    4    8    0.020920
    0   -1    5    8   -0.040677
    0   -1    6    8   -0.047270
    0   -1    7    8    0.021395
    0   -1    8    8    0.003390
    0   -1    9    8    0.002267
    0   -1   10    8    0.069113
    0   -1   11    8    0.100947
    0   -1   12    8    0.217827
    0   -1   13    8    0.121175
    0   -1   14    8   -0.042157
    0   -1   15    8   -0.112545
    0   -1   16    8    0.018957
    0   -1   17    8   -0.020067
    0   -1   18    8   -0.025153
    0   -1    1    9    0.048267
    0   -1    2    9    0.085232
    0   -1    3    9    0.040395
    0   -1    4    9    0.006862
    0   -1    5    9   -0.004900
    0   -1    6    9    0.134015
    0   -1    7    9    0.077390
    0   -1    8    9   -0.002363
    0   -1    9    9   -0.048850
    0   -1   10    9    0.128108
    0   -1   11    9   -0.299855
    0   -1   12    9   -0.180605
    0   -1   13    9   -0.031450
    0   -1   14    9    0.008665
    0   -1   15    9   -1.878310
    0   -1   16    9   -0.033950
    0   -1   17    9    0.021700
    0   -1   18    9    0.022737
    0   -1    1   10   -0.000103
    0   -1    2   10   -0.001210
    0   -1    3   10    0.017612
    0   -1    4   10    0.001627
    0   -1    5   10   -0.002962
    0   -1    6   10    0.000875
    0   -1    7   10   -0.001487
    0   -1    8   10   -0.003075
    0   -1    9   10   -0.002017
    0   -1   10   10    0.123197
    0   -1   11   10    0.001315
    0   -1   12   10   -0.005038
    0   -1   13   10    0.001057
    0   -1   14   10   -0.002570
    0   -1   15   10   -0.005440
    0   -1   16   10   -0.003285
    0   -1   17   10    0.000980
    0   -1   18   10   -0.001062
    0   -1    1   11   -0.012427
    0   -1    2   11    0.010042
    0   -1    3   11    0.000942
    0   -1    4   11   -0.011470
    0   -1    5   11    0.000367
    0   -1    6   11   -0.010020
    0   -1    7   11   -0.019970
    0   -1    8   11    0.000425
    0   -1    9   11    0.021410
    0   -1   10   11   -0.003887
    0   -1   11   11   -0.006632
    0   -1   12   11    0.217392
    0   -1   13   11   -0.002185
    0   -1   14   11    0.003010
    0   -1   15   11    0.080423
    0   -1   16   11   -0.019965
    0   -1   17   11   -0.006105
    0   -1   18   11   -0.019547
    0   -1    1   12    0.003580
    0   -1    2   12    0.001285
    0   -1    3   12   -0.019422
    0   -1    4   12   -0.001260
    0   -1    5   12    0.003240
    0   -1    6   12    0.007645
    0   -1    7   12   -0.016445
    0   -1    8   12    0.002910
    0   -1    9   12    0.007780
    0   -1   10   12    0.054410
    0   -1   11   12   -0.001383
    0   -1   12   12   -0.006897
    0   -1   13   12    0.015093
    0   -1   14   12    0.002580
    0   -1   15   12    0.055260
    0   -1   16   12    0.004117
    0   -1   17   12   -0.005930
    0   -1   18   12   -0.008867
    0   -1    1   13    0.018330
    0   -1    2   13    0.084935
    0   -1    3   13   -0.003417
    0   -1    4   13    0.036765
    0   -1    5   13    0.006865
    0   -1    6   13    0.004030
    0   -1    7   13   -0.037312
    0   -1    8   13   -0.000065
    0   -1    9   13    0.062137
    0   -1   10   13    0.124697
    0   -1   11   13   -0.060720
    0   -1   12   13    1.317595
    0   -1   13   13   -0.120650
    0   -1   14   13    0.011792
    0   -1   15   13   -0.036380
    0   -1   16   13   -0.080375
    0   -1   17   13   -0.017960
    0   -1   18   13    0.002680
    0   -1    1   14   -0.026412
    0   -1    2   14   -0.004435
    0   -1    3   14    0.015210
    0   -1    4   14   -0.006600
    0   -1    5   14   -0.003035
    0   -1    6   14    0.007510
    0   -1    7   14   -0.008587
    0   -1    8   14   -0.001735
    0   -1    9   14    0.008252
    0   -1   10   14   -0.027032
    0   -1   11   14    0.035135
    0   -1   12   14   -0.036240
    0   -1   13   14    0.026352
    0   -1   14   14   -0.004630
    0   -1   15   14   -0.057752
    0   -1   16   14   -0.007725
    0   -1   17   14   -0.000145
    0   -1   18   14   -0.022915
    0   -1    1   15   -0.001513
    0   -1    2   15   -0.025457
    0   -1    3   15    0.002867
    0   -1    4   15    0.163915
    0   -1    5   15   -0.012467
    0   -1    6   15   -0.005745
    0   -1    7   15    0.039957
    0   -1    8   15   -0.002550
    0   -1    9   15   -0.065552
    0   -1   10   15    0.180115
    0   -1   11   15    0.023360
    0   -1   12   15   -0.026668
    0   -1   13   15   -0.095365
    0   -1   14   15   -0.022015
    0   -1   15   15    0.045010
    0   -1   16   15    0.043872
    0   -1   17   15    0.003720
    0   -1   18   15    0.000645
    0   -1    1   16    0.033293
    0   -1    2   16   -0.001310
    0   -1    3   16    0.084515
    0   -1    4   16   -0.235420
    0   -1    5   16   -0.016410
    0   -1    6   16    0.004762
    0   -1    7   16    0.000142
    0   -1    8   16   -0.016473
    0   -1    9   16   -0.011337
    0   -1   10   16    0.017635
    0   -1   11   16    0.001215
    0   -1   12   16    0.067190
    0   -1   13   16    0.337853
    0   -1   14   16   -0.011033
    0   -1   15   16   -0.071875
    0   -1   16   16   -0.053533
    0   -1   17   16   -0.001375
    0   -1   18   16    1.096460
    0   -1    1   17   -0.006845
    0   -1    2   17   -0.016490
    0   -1    3   17   -0.004340
    0   -1    4   17   -0.044317
    0   -1    5   17    0.002490
    0   -1    6   17    0.000922
    0   -1    7   17   -0.015290
    0   -1    8   17    0.004910
    0   -1    9   17   -0.001715
    0   -1   10   17   -0.006535
    0   -1   11   17    0.037275
    0   -1   12   17   -0.122260
    0   -1   13   17    0.036200
    0   -1   14   17   -0.020852
    0   -1   15   17    0.013472
    0   -1   16   17    0.001720
    0   -1   17   17   -0.017622
    0   -1   18   17   -0.032610
    0   -1    1   18    0.062855
    0   -1    2   18    0.029465
    0   -1    3   18    0.094555
    0   -1    4   18    0.023032
    0   -1    5   18   -0.001622
    0   -1    6   18    0.018000
    0   -1    7   18   -0.708190
    0   -1    8   18    0.002310
    0   -1    9   18    0.466998
    0   -1   10   18    0.907895
    0   -1   11   18    0.026453
    0   -1   12   18   -0.005410
    0   -1   13   18    0.015440
    0   -1   14   18   -0.008565
    0   -1   15   18   -0.063645
    0   -1   16   18   -1.074858
    0   -1   17   18   -0.003317
    0   -1   18   18   -0.066410
    1   -1    1    1   -0.016493
    1   -1    2    1    0.009855
    1   -1    3    1    0.000377
    1   -1    4    1    0.031640
    1   -1    5    1    0.002500
    1   -1    6    1    0.000355
    1   -1    7    1    0.001453
    1   -1    8    1   -0.003307
    1   -1    9    1    0.006455
    1   -1   10    1   -0.058062
    1   -1   11    1   -0.004390
    1   -1   12    1    0.283955
    1   -1   13    1   -0.020542
    1   -1   14    1    0.006705
    1   -1   15    1   -0.015595
    1   -1   16    1   -0.004745
    1   -1   17    1   -0.012900
    1   -1   18    1    0.002885
    1   -1    1    2    0.004782
    1   -1    2    2    0.000422
    1   -1    3    2    0.000092
    1   -1    4    2   -0.001750
    1   -1    5    2   -0.000255
    1   -1    6    2   -0.002265
    1   -1    7    2   -0.000342
    1   -1    8    2    0.000172
    1   -1    9    2    0.000677
    1   -1   10    2    0.003655
    1   -1   11    2   -0.000025
    1   -1   12    2   -0.011910
    1   -1   13    2    0.000140
    1   -1   14    2    0.000003
    1   -1   15    2   -0.001347
    1   -1   16    2    0.000042
    1   -1   17    2    0.000210
    1   -1   18    2    0.002095
    1   -1    1    3    0.028048
    1   -1    2    3   -0.006460
    1   -1    3    3   -0.006805
    1   -1    4    3   -0.017695
    1   -1    5    3    0.005912
    1   -1    6    3    0.013115
    1   -1    7    3    0.009317
    1   -1    8    3   -0.000027
    1   -1    9    3   -0.006202
    1   -1   10    3   -0.115347
    1   -1   11    3    0.001735
    1   -1   12    3   -0.129502
    1   -1   13    3    0.015000
    1   -1   14    3   -0.001305
    1   -1   15    3   -0.065015
    1   -1   16    3   -0.003762
    1   -1   17    3   -0.000932
    1   -1   18    3    0.031985
    1   -1    1    4   -0.001825
    1   -1    2    4   -0.005167
    1   -1    3    4    0.001280
    1   -1    4    4   -0.012720
    1   -1    5    4    0.000007
    1   -1    6    4   -0.009947
    1   -1    7    4   -0.002635
    1   -1    8    4    0.001913
    1   -1    9    4    0.005575
    1   -1   10    4   -0.002795
    1   -1   11    4    0.004103
    1   -1   12    4   -0.003215
    1   -1   13    4    0.020428
    1   -1   14    4   -0.002012
    1   -1   15    4   -0.013957
    1   -1   16    4   -0.002845
    1   -1   17    4    0.006452
    1   -1   18    4    0.005547
    1   -1    1    5   -0.007865
    1   -1    2    5   -0.004535
    1   -1    3    5   -0.000165
    1   -1    4    5   -0.000228
    1   -1    5    5   -0.001325
    1   -1    6    5   -0.001335
    1   -1    7    5    0.000505
    1   -1    8    5    0.000302
    1   -1    9    5   -0.003942
    1   -1   10    5   -0.000158
    1   -1   11    5    0.002112
    1   -1   12    5   -0.066090
    1   -1   13    5    0.003850
    1   -1   14    5   -0.000095
    1   -1   15    5    0.016942
    1   -1   16    5    0.005313
    1   -1   17    5    0.001030
    1   -1   18    5   -0.001388
    1   -1    1    6   -0.004932
    1   -1    2    6   -0.001260
    1   -1    3    6    0.001435
    1   -1    4    6    0.004472
    1   -1    5    6    0.000377
    1   -1    6    6    0.004050
    1   -1    7    6   -0.001362
    1   -1    8    6   -0.000907
    1   -1    9    6   -0.001510
    1   -1   10    6   -0.005435
    1   -1   11    6    0.000345
    1   -1   12    6    0.005720
    1   -1   13    6    0.000953
    1   -1   14    6    0.000303
    1   -1   15    6    0.005295
    1   -1   16    6    0.001540
    1   -1   17    6   -0.000322
    1   -1   18    6   -0.008295
    1   -1    1    7   -0.003470
    1   -1    2    7   -0.001100
    1   -1    3    7   -0.005217
    1   -1    4    7    0.001395
    1   -1    5    7    0.000835
    1   -1    6    7    0.002600
    1   -1    7    7   -0.003070
    1   -1    8    7    0.001265
    1   -1    9    7    0.002030
    1   -1   10    7    0.012557
    1   -1   11    7    0.001942
    1   -1   12    7    0.013420
    1   -1   13    7   -0.000168
    1   -1   14    7    0.000157
    1   -1   15    7   -0.015615
    1   -1   16    7   -0.001848
    1   -1   17    7    0.001527
    1   -1   18    7   -0.010307
    1   -1    1    8   -0.005440
    1   -1    2    8    0.007208
    1   -1    3    8   -0.002075
    1   -1    4    8    0.004050
    1   -1    5    8   -0.001050
    1   -1    6    8   -0.007312
    1   -1    7    8   -0.010560
    1   -1    8    8    0.000420
    1   -1    9    8    0.007530
    1   -1   10    8    0.027892
    1   -1   11    8   -0.002870
    1   -1   12    8    0.299380
    1   -1   13    8   -0.008045
    1   -1   14    8    0.002465
    1   -1   15    8    0.128672
    1   -1   16    8   -0.008462
    1   -1   17    8   -0.002340
    1   -1   18    8   -0.008665
    1   -1    1    9    0.003845
    1   -1    2    9    0.006307
    1   -1    3    9    0.001625
    1   -1    4    9    0.002812
    1   -1    5    9    0.000507
    1   -1    6    9    0.007655
    1   -1    7    9    0.003147
    1   -1    8    9   -0.000793
    1   -1    9    9   -0.004432
    1   -1   10    9    0.015382
    1   -1   11    9   -0.001357
    1   -1   12    9   -0.003405
    1   -1   13    9   -0.008875
    1   -1   14    9    0.000775
    1   -1   15    9   -0.011357
    1   -1   16    9    0.004250
    1   -1   17    9   -0.002835
    1   -1   18    9    0.006710
    1   -1    1   10   -0.004035
    1   -1    2   10   -0.001218
    1   -1    3   10    0.003967
    1   -1    4   10    0.001162
    1   -1    5   10   -0.000300
    1   -1    6   10    0.001675
    1   -1    7   10   -0.001252
    1   -1    8   10   -0.000317
    1   -1    9   10   -0.001740
    1   -1   10   10   -0.008438
    1   -1   11   10    0.002310
    1   -1   12   10   -0.004250
    1   -1   13   10    0.003240
    1   -1   14   10   -0.000390
    1   -1   15   10   -0.009300
    1   -1   16   10   -0.001285
    1   -1   17   10    0.000067
    1   -1   18   10    0.009810
    1   -1    1   11   -0.005240
    1   -1    2   11   -0.000812
    1   -1    3   11    0.000595
    1   -1    4   11    0.001285
    1   -1    5   11   -0.000385
    1   -1    6   11    0.002740
    1   -1    7   11   -0.000375
    1   -1    8   11   -0.000192
    1   -1    9   11   -0.001745
    1   -1   10   11    0.001370
    1   -1   11   11    0.000002
    1   -1   12   11   -0.008282
    1   -1   13   11   -0.000140
    1   -1   14   11    0.000150
    1   -1   15   11    0.004880
    1   -1   16   11    0.001057
    1   -1   17   11    0.000735
    1   -1   18   11   -0.002510
    1   -1    1   12    0.000250
    1   -1    2   12    0.002257
    1   -1    3   12    0.014817
    1   -1    4   12    0.001582
    1   -1    5   12   -0.002547
    1   -1    6   12   -0.000465
    1   -1    7   12   -0.002922
    1   -1    8   12   -0.003185
    1   -1    9   12   -0.003045
    1   -1   10   12    0.005602
    1   -1   11   12   -0.002453
    1   -1   12   12    0.001257
    1   -1   13   12   -0.007338
    1   -1   14   12   -0.000962
    1   -1   15   12    0.013160
    1   -1   16   12    0.000485
    1   -1   17   12   -0.002075
    1   -1   18   12   -0.011853
    1   -1    1   13   -0.013193
    1   -1    2   13   -0.001790
    1   -1    3   13   -0.003337
    1   -1    4   13    0.001437
    1   -1    5   13    0.000260
    1   -1    6   13    0.012013
    1   -1    7   13    0.000475
    1   -1    8   13   -0.000807
    1   -1    9   13   -0.004567
    1   -1   10   13    0.000452
    1   -1   11   13   -0.000612
    1   -1   12   13   -0.001578
    1   -1   13   13   -0.001938
    1   -1   14   13    0.001205
    1   -1   15   13    0.008010
    1   -1   16   13    0.001430
    1   -1   17   13   -0.000470
    1   -1   18   13   -0.001747
    1   -1    1   14   -0.006627
    1   -1    2   14   -0.001002
    1   -1    3   14   -0.000145
    1   -1    4   14    0.005292
    1   -1    5   14   -0.000602
    1   -1    6   14   -0.000815
    1   -1    7   14    0.001545
    1   -1    8   14    0.000242
    1   -1    9   14   -0.003792
    1   -1   10   14   -0.004580
    1   -1   11   14    0.001817
    1   -1   12   14   -0.030917
    1   -1   13   14   -0.002615
    1   -1   14   14    0.000050
    1   -1   15   14    0.007147
    1   -1   16   14    0.004472
    1   -1   17   14    0.000595
    1   -1   18   14   -0.002958
    1   -1    1   15    0.015337
    1   -1    2   15   -0.000318
    1   -1    3   15   -0.003042
    1   -1    4   15   -0.020045
    1   -1    5   15    0.000010
    1   -1    6   15   -0.013052
    1   -1    7   15    0.000360
    1   -1    8   15    0.002612
    1   -1    9   15    0.010483
    1   -1   10   15   -0.001685
    1   -1   11   15    0.000557
    1   -1   12   15    0.004350
    1   -1   13   15    0.010455
    1   -1   14   15   -0.002057
    1   -1   15   15   -0.008470
    1   -1   16   15   -0.001135
    1   -1   17   15    0.001090
    1   -1   18   15    0.009890
    1   -1    1   16    0.004222
    1   -1    2   16   -0.001770
    1   -1    3   16   -0.000965
    1   -1    4   16   -0.010172
    1   -1    5   16   -0.000012
    1   -1    6   16   -0.000788
    1   -1    7   16    0.001402
    1   -1    8   16    0.000390
    1   -1    9   16   -0.001652
    1   -1   10   16    0.012167
    1   -1   11   16    0.003525
    1   -1   12   16   -0.001462
    1   -1   13   16    0.005012
    1   -1   14   16   -0.000105
    1   -1   15   16   -0.033035
    1   -1   16   16   -0.010850
    1   -1   17   16    0.000852
    1   -1   18   16    0.040735
    1   -1    1   17   -0.007617
    1   -1    2   17   -0.006340
    1   -1    3   17   -0.005417
    1   -1    4   17   -0.000038
    1   -1    5   17   -0.000957
    1   -1    6   17   -0.001448
    1   -1    7   17   -0.005575
    1   -1    8   17    0.000545
    1   -1    9   17   -0.002505
    1   -1   10   17    0.001053
    1   -1   11   17    0.004092
    1   -1   12   17    0.004617
    1   -1   13   17    0.004237
    1   -1   14   17    0.001180
    1   -1   15   17    0.117385
    1   -1   16   17    0.002120
    1   -1   17   17   -0.000705
    1   -1   18   17   -0.010725
    1   -1    1   18   -0.003272
    1   -1    2   18   -0.007535
    1   -1    3   18   -0.002380
    1   -1    4   18   -0.063710
    1   -1    5   18    0.001310
    1   -1    6   18   -0.015072
    1   -1    7   18   -0.038245
    1   -1    8   18    0.000520
    1   -1    9   18    0.000653
    1   -1   10   18    0.237560
    1   -1   11   18    0.004675
    1   -1   12   18   -0.054822
    1   -1   13   18    0.044512
    1   -1   14   18    0.001085
    1   -1   15   18   -0.006352
    1   -1   16   18    0.001290
    1   -1   17   18    0.000280
    1   -1   18   18   -0.010225
   -1    0    1    1    0.046637
   -1    0    2    1   -0.000793
   -1    0    3    1    0.270072
   -1    0    4    1   -0.005392
   -1    0    5    1   -0.077512
   -1    0    6    1   -0.002050
   -1    0    7    1   -0.003965
   -1    0    8    1   -0.010605
   -1    0    9    1   -0.028085
   -1    0   10    1   -0.048407
   -1    0   11    1   -0.022717
   -1    0   12    1   -0.002828
   -1    0   13    1    0.004440
   -1    0   14    1   -0.045977
   -1    0   15    1    0.010292
   -1    0   16    1    0.001568
   -1    0   17    1   -0.003407
   -1    0   18    1    0.012892
   -1    0    1    2   -0.193422
   -1    0    2    2    0.017645
   -1    0    3    2   -0.046580
   -1    0    4    2   -0.015213
   -1    0    5    2   -0.131697
   -1    0    6    2    0.027560
   -1    0    7    2    0.006408
   -1    0    8    2    1.745377
   -1    0    9    2   -0.039562
   -1    0   10    2   -0.006137
   -1    0   11    2    0.038328
   -1    0   12    2    0.009862
   -1    0   13    2   -0.015185
   -1    0   14    2   -0.283035
   -1    0   15    2    0.086245
   -1    0   16    2    0.014785
   -1    0   17    2    1.560300
   -1    0   18    2    0.164415
   -1    0    1    3    0.064482
   -1    0    2    3    0.002002
   -1    0    3    3   -0.201230
   -1    0    4    3    0.017770
   -1    0    5    3    0.051455
   -1    0    6    3   -0.026928
   -1    0    7    3    0.087367
   -1    0    8    3   -0.012805
   -1    0    9    3    0.006217
   -1    0   10    3    0.119743
   -1    0   11    3    0.011792
   -1    0   12    3   -0.037982
   -1    0   13    3    0.012480
   -1    0   14    3    0.011772
   -1    0   15    3   -0.026733
   -1    0   16    3    0.162177
   -1    0   17    3    0.006428
   -1    0   18    3    0.020252
   -1    0    1    4   -1.795888
   -1    0    2    4    0.195925
   -1    0    3    4    0.404570
   -1    0    4    4   -0.154112
   -1    0    5    4   -0.225910
   -1    0    6    4   -0.066020
   -1    0    7    4    0.073655
   -1    0    8    4    2.246757
   -1    0    9    4    0.210295
   -1    0   10    4    0.208540
   -1    0   11    4   -0.002667
   -1    0   12    4    0.011922
   -1    0   13    4   -0.198330
   -1    0   14    4   -0.415840
   -1    0   15    4    1.144942
   -1    0   16    4    0.133848
   -1    0   17    4    0.059085
   -1    0   18    4    1.423737
   -1    0    1    5    0.025780
   -1    0    2    5   -0.004437
   -1    0    3    5   -0.022440
   -1    0    4    5   -0.006355
   -1    0    5    5   -0.001845
   -1    0    6    5    0.019968
   -1    0    7    5   -0.007255
   -1    0    8    5    0.155495
   -1    0    9    5   -0.025175
   -1    0   10    5   -0.021410
   -1    0   11    5    0.000472
   -1    0   12    5    0.007965
   -1    0   13    5   -0.002655
   -1    0   14    5   -0.025695
   -1    0   15    5    0.006995
   -1    0   16    5   -0.039840
   -1    0   17    5    0.162568
   -1    0   18    5   -0.000460
   -1    0    1    6   -0.189545
   -1    0    2    6   -0.071475
   -1    0    3    6   -2.440617
   -1    0    4    6    0.012270
   -1    0    5    6    0.136133
   -1    0    6    6    0.109242
   -1    0    7    6    0.341637
   -1    0    8    6    1.026775
   -1    0    9    6   -0.854805
   -1    0   10    6    0.009612
   -1    0   11    6    0.023232
   -1    0   12    6    0.077760
   -1    0   13    6   -0.043580
   -1    0   14    6   -0.051120
   -1    0   15    6    0.272655
   -1    0   16    6    0.132362
   -1    0   17    6    3.113742
   -1    0   18    6   -0.712657
   -1    0    1    7   -0.057995
   -1    0    2    7    0.008215
   -1    0    3    7    1.149115
   -1    0    4    7   -0.000732
   -1    0    5    7   -0.025105
   -1    0    6    7   -0.029130
   -1    0    7    7   -0.162865
   -1    0    8    7    0.192413
   -1    0    9    7   -0.067070
   -1    0   10    7    0.008112
   -1    0   11    7   -0.022875
   -1    0   12    7   -0.178075
   -1    0   13    7   -0.061922
   -1    0   14    7   -0.120458
   -1    0   15    7    0.111220
   -1    0   16    7    0.239045
   -1    0   17    7    0.448975
   -1    0   18    7    1.006850
   -1    0    1    8   -0.030345
   -1    0    2    8   -0.001347
   -1    0    3    8    0.034470
   -1    0    4    8    0.000400
   -1    0    5    8   -0.002075
   -1    0    6    8    0.002752
   -1    0    7    8   -0.015242
   -1    0    8    8    0.006235
   -1    0    9    8    0.004337
   -1    0   10    8   -0.024633
   -1    0   11    8   -0.000327
   -1    0   12    8    0.005213
   -1    0   13    8   -0.002633
   -1    0   14    8    0.005807
   -1    0   15    8    0.002270
   -1    0   16    8   -0.028243
   -1    0   17    8    0.021365
   -1    0   18    8    0.001327
   -1    0    1    9   -0.293705
   -1    0    2    9    0.008162
   -1    0    3    9    0.455215
   -1    0    4    9   -0.020502
   -1    0    5    9    0.036500
   -1    0    6    9   -0.030235
   -1    0    7    9   -0.046817
   -1    0    8    9   -0.770622
   -1    0    9    9    0.078133
   -1    0   10    9   -0.020830
   -1    0   11    9    0.022305
   -1    0   12    9   -0.000315
   -1    0   13    9    0.048797
   -1    0   14    9   -0.004110
   -1    0   15    9   -0.123060
   -1    0   16    9   -0.007787
   -1    0   17    9   -0.569375
   -1    0   18    9    0.504947
   -1    0    1   10    0.021085
   -1    0    2   10    0.017887
   -1    0    3   10    0.129697
   -1    0    4   10   -0.009415
   -1    0    5   10    0.001865
   -1    0    6   10   -0.004310
   -1    0    7   10   -0.220857
   -1    0    8   10    0.010770
   -1    0    9   10    0.187875
   -1    0   10   10    0.015070
   -1    0   11   10    0.001655
   -1    0   12   10    0.019775
   -1    0   13   10   -0.011290
   -1    0   14   10    0.030935
   -1    0   15   10    0.052115
   -1    0   16   10   -0.047655
   -1    0   17   10    0.002167
   -1    0   18   10    0.019760
   -1    0    1   11    0.293910
   -1    0    2   11   -0.029147
   -1    0    3   11   -0.018095
   -1    0    4   11    0.005810
   -1    0    5   11   -0.004890
   -1    0    6   11    0.016717
   -1    0    7   11   -0.001708
   -1    0    8   11   -0.163520
   -1    0    9   11   -0.028520
   -1    0   10   11    0.011087
   -1    0   11   11   -0.014915
   -1    0   12   11   -0.004278
   -1    0   13   11    0.001953
   -1    0   14   11   -0.106098
   -1    0   15   11   -0.016285
   -1    0   16   11   -0.016967
   -1    0   17   11    0.540715
   -1    0   18   11   -0.104790
   -1    0    1   12    1.423915
   -1    0    2   12    0.073980
   -1    0    3   12   -1.013810
   -1    0    4   12   -0.016203
   -1    0    5   12   -0.013680
   -1    0    6   12   -0.004115
   -1    0    7   12    0.104830
   -1    0    8   12    0.132745
   -1    0    9   12    0.019577
   -1    0   10   12   -0.151185
   -1    0   11   12    0.167185
   -1    0   12   12    0.017572
   -1    0   13   12    0.022570
   -1    0   14   12    0.585682
   -1    0   15   12    0.159330
   -1    0   16   12   -0.227480
   -1    0   17   12    0.028042
   -1    0   18   12    0.015385
   -1    0    1   13    1.297780
   -1    0    2   13   -0.162610
   -1    0    3   13   -0.320310
   -1    0    4   13   -0.016167
   -1    0    5   13    0.282765
   -1    0    6   13    0.069882
   -1    0    7   13   -0.099060
   -1    0    8   13   -0.686232
   -1    0    9   13   -0.156485
   -1    0   10   13   -0.024295
   -1    0   11   13   -0.111162
   -1    0   12   13   -0.023112
   -1    0   13   13    0.062675
   -1    0   14   13    0.803368
   -1    0   15   13   -0.398592
   -1    0   16   13   -0.065722
   -1    0   17   13   -0.199590
   -1    0   18   13   -0.834647
   -1    0    1   14    0.020550
   -1    0    2   14    0.002242
   -1    0    3   14   -0.025063
   -1    0    4   14   -0.006142
   -1    0    5   14   -0.020667
   -1    0    6   14    0.003550
   -1    0    7   14   -0.007283
   -1    0    8   14    0.034097
   -1    0    9   14   -0.001400
   -1    0   10   14   -0.012938
   -1    0   11   14    0.001855
   -1    0   12   14    0.005915
   -1    0   13   14   -0.002928
   -1    0   14   14   -0.006992
   -1    0   15   14    0.005812
   -1    0   16   14   -0.024347
   -1    0   17   14   -0.070192
   -1    0   18   14   -0.002512
   -1    0    1   15   -0.138337
   -1    0    2   15    0.062605
   -1    0    3   15   -0.855677
   -1    0    4   15    0.017655
   -1    0    5   15   -0.150810
   -1    0    6   15   -0.087208
   -1    0    7   15   -0.112598
   -1    0    8   15    0.630595
   -1    0    9   15    0.110017
   -1    0   10   15   -0.039200
   -1    0   11   15    0.113795
   -1    0   12   15    0.083492
   -1    0   13   15   -0.030200
   -1    0   14   15    1.179810
   -1    0   15   15   -0.129665
   -1    0   16   15   -0.013607
   -1    0   17   15   -3.551765
   -1    0   18   15   -0.035248
   -1    0    1   16    0.075087
   -1    0    2   16   -0.010903
   -1    0    3   16    0.037338
   -1    0    4   16   -0.011532
   -1    0    5   16   -0.027298
   -1    0    6   16    0.034245
   -1    0    7   16   -0.006753
   -1    0    8   16   -0.019587
   -1    0    9   16   -0.025225
   -1    0   10   16    0.034725
   -1    0   11   16   -0.004112
   -1    0   12   16   -0.016560
   -1    0   13   16   -0.000695
   -1    0   14   16   -0.029637
   -1    0   15   16   -0.023105
   -1    0   16   16   -0.170102
   -1    0   17   16    0.036435
   -1    0   18   16   -0.205357
   -1    0    1   17    1.554190
   -1    0    2   17    0.011085
   -1    0    3   17   -0.202285
   -1    0    4   17   -0.023860
   -1    0    5   17   -1.570782
   -1    0    6   17    0.011508
   -1    0    7   17   -0.004788
   -1    0    8   17    0.918960
   -1    0    9   17   -0.030633
   -1    0   10   17   -0.003257
   -1    0   11   17    0.042707
   -1    0   12   17   -0.025040
   -1    0   13   17   -0.123018
   -1    0   14   17   -3.624747
   -1    0   15   17    0.037613
   -1    0   16   17   -0.017932
   -1    0   17   17    0.022188
   -1    0   18   17   -0.347127
   -1    0    1   18   -0.104160
   -1    0    2   18   -0.004655
   -1    0    3   18    0.180312
   -1    0    4   18   -0.034713
   -1    0    5   18   -0.024827
   -1    0    6   18    0.000633
   -1    0    7   18   -0.009307
   -1    0    8   18   -0.034995
   -1    0    9   18    0.001603
   -1    0   10   18    0.956295
   -1    0   11   18   -0.003235
   -1    0   12   18    0.012945
   -1    0   13   18    0.010313
   -1    0   14   18   -0.022895
   -1    0   15   18   -0.011510
   -1    0   16   18   -0.001742
   -1    0   17   18    0.016087
   -1    0   18   18    0.225172
    0    0    1    1  -13.920758
    0    0    2    1    0.239430
    0    0    3    1    0.903325
    0    0    4    1    1.125480
    0    0    5    1    0.883122
    0    0    6    1   -0.080458
    0    0    7    1   -0.169342
    0    0    8    1    1.367878
    0    0    9    1   -0.076705
    0    0   10    1   -0.038382
    0    0   11    1    0.615127
    0    0   12    1   -1.923563
    0    0   13    1    0.627962
    0    0   14    1    0.885622
    0    0   15    1   -1.082935
    0    0   16    1    2.326760
    0    0   17    1    0.134327
    0    0   18    1   -0.165887
    0    0    1    2    0.239430
    0    0    2    2   -3.160272
    0    0    3    2   -0.186737
    0    0    4    2    0.236420
    0    0    5    2    0.449355
    0    0    6    2   -4.107737
    0    0    7    2   -0.465695
    0    0    8    2   -0.037455
    0    0    9    2    0.094375
    0    0   10    2   -0.052065
    0    0   11    2   -1.518565
    0    0   12    2   -0.582880
    0    0   13    2    4.089355
    0    0   14    2   -0.837597
    0    0   15    2    1.425810
    0    0   16    2   -0.140242
    0    0   17    2   -2.670515
    0    0   18    2   -0.168035
    0    0    1    3    0.903325
    0    0    2    3   -0.186737
    0    0    3    3   12.816247
    0    0    4    3    0.235152
    0    0    5    3   -3.189677
    0    0    6    3    0.206710
    0    0    7    3    0.767473
    0    0    8    3   -2.750820
    0    0    9    3   -2.670742
    0    0   10    3    0.078240
    0    0   11    3   -0.493880
    0    0   12    3   -0.541025
    0    0   13    3    0.122207
    0    0   14    3   -1.847467
    0    0   15    3   -0.783470
    0    0   16    3   -1.735355
    0    0   17    3   -0.784793
    0    0   18    3   -0.194137
    0    0    1    4    1.125480
    0    0    2    4    0.236420
    0    0    3    4    0.235152
    0    0    4    4  -11.030665
    0    0    5    4   -0.292052
    0    0    6    4   -0.096280
    0    0    7    4    0.525112
    0    0    8    4    0.007310
    0    0    9    4    0.889157
    0    0   10    4    0.000565
    0    0   11    4   -0.037725
    0    0   12    4    0.420917
    0    0   13    4    0.810647
    0    0   14    4   -0.158067
    0    0   15    4    2.111850
    0    0   16    4    0.008755
    0    0   17    4    2.669900
    0    0   18    4    0.793425
    0    0    1    5    0.883122
    0    0    2    5    0.449355
    0    0    3    5   -3.189677
    0    0    4    5   -0.292052
    0    0    5    5    0.434750
    0    0    6    5    0.797222
    0    0    7    5    0.239757
    0    0    8    5    0.425090
    0    0    9    5   -1.715888
    0    0   10    5   -0.019920
    0    0   11    5    1.315408
    0    0   12    5    0.077825
    0    0   13    5   -0.417725
    0    0   14    5   -0.540515
    0    0   15    5    0.766460
    0    0   16    5    0.101617
    0    0   17    5    1.255130
    0    0   18    5    0.031128
    0    0    1    6   -0.080458
    0    0    2    6   -4.107737
    0    0    3    6    0.206710
    0    0    4    6   -0.096280
    0    0    5    6    0.797222
    0    0    6    6   13.425657
    0    0    7    6    1.898792
    0    0    8    6    0.172945
    0    0    9    6   -1.417320
    0    0   10    6   -0.029295
    0    0   11    6    0.853032
    0    0   12    6    0.385720
    0    0   13    6   -0.148618
    0    0   14    6   -0.500630
    0    0   15    6   -0.548390
    0    0   16    6   -0.024137
    0    0   17    6    0.039140
    0    0   18    6    0.141815
    0    0    1    7   -0.169342
    0    0    2    7   -0.465695
    0    0    3    7    0.767473
    0    0    4    7    0.525112
    0    0    5    7    0.239757
    0    0    6    7    1.898792
    0    0    7    7   -1.896822
    0    0    8    7   -0.024085
    0    0    9    7    0.892840
    0    0   10    7    0.286770
    0    0   11    7    0.183307
    0    0   12    7   -1.953795
    0    0   13    7    0.153885
    0    0   14    7   -0.072732
    0    0   15    7   -0.523365
    0    0   16    7    1.860590
    0    0   17    7    0.031953
    0    0   18    7   -0.701815
    0    0    1    8    1.367878
    0    0    2    8   -0.037455
    0    0    3    8   -2.750820
    0    0    4    8    0.007310
    0    0    5    8    0.425090
    0    0    6    8    0.172945
    0    0    7    8   -0.024085
    0    0    8    8   -0.798800
    0    0    9    8   -0.465225
    0    0   10    8   -0.020802
    0    0   11    8    0.065640
    0    0   12    8    0.083455
    0    0   13    8   -0.174680
    0    0   14    8   -1.623478
    0    0   15    8    0.197410
    0    0   16    8    0.068360
    0    0   17    8   -0.862110
    0    0   18    8   -0.374053
    0    0    1    9   -0.076705
    0    0    2    9    0.094375
    0    0    3    9   -2.670742
    0    0    4    9    0.889157
    0    0    5    9   -1.715888
    0    0    6    9   -1.417320
    0    0    7    9    0.892840
    0    0    8    9   -0.465225
    0    0    9    9   13.115018
    0    0   10    9   -0.167327
    0    0   11    9   -0.472127
    0    0   12    9   -0.189612
    0    0   13    9   -0.026027
    0    0   14    9    0.933865
    0    0   15    9   -1.175157
    0    0   16    9    0.320630
    0    0   17    9   -0.002092
    0    0   18    9   -1.713583
    0    0    1   10   -0.038382
    0    0    2   10   -0.052065
    0    0    3   10    0.078240
    0    0    4   10    0.000565
    0    0    5   10   -0.019920
    0    0    6   10   -0.029295
    0    0    7   10    0.286770
    0    0    8   10   -0.020802
    0    0    9   10   -0.167327
    0    0   10   10    0.938930
    0    0   11   10    0.016892
    0    0   12   10   -0.728095
    0    0   13   10    0.048210
    0    0   14   10   -0.018522
    0    0   15   10    0.027985
    0    0   16   10    0.375610
    0    0   17   10    0.029575
    0    0   18   10    0.024805
    0    0    1   11    0.615127
    0    0    2   11   -1.518565
    0    0    3   11   -0.493880
    0    0    4   11   -0.037725
    0    0    5   11    1.315408
    0    0    6   11    0.853032
    0    0    7   11    0.183307
    0    0    8   11    0.065640
    0    0    9   11   -0.472127
    0    0   10   11    0.016892
    0    0   11   11   -2.246147
    0    0   12   11    0.486695
    0    0   13   11   -2.125748
    0    0   14   11   -0.049187
    0    0   15   11    0.355215
    0    0   16   11   -0.027065
    0    0   17   11   -1.187060
    0    0   18   11    0.026470
    0    0    1   12   -1.923563
    0    0    2   12   -0.582880
    0    0    3   12   -0.541025
    0    0    4   12    0.420917
    0    0    5   12    0.077825
    0    0    6   12    0.385720
    0    0    7   12   -1.953795
    0    0    8   12    0.083455
    0    0    9   12   -0.189612
    0    0   10   12   -0.728095
    0    0   11   12    0.486695
    0    0   12   12  -10.989487
    0    0   13   12    0.726720
    0    0   14   12    0.082290
    0    0   15   12    0.476307
    0    0   16   12    0.422012
    0    0   17   12    0.334637
    0    0   18   12   -1.005782
    0    0    1   13    0.627962
    0    0    2   13    4.089355
    0    0    3   13    0.122207
    0    0    4   13    0.810647
    0    0    5   13   -0.417725
    0    0    6   13   -0.148618
    0    0    7   13    0.153885
    0    0    8   13   -0.174680
    0    0    9   13   -0.026027
    0    0   10   13    0.048210
    0    0   11   13   -2.125748
    0    0   12   13    0.726720
    0    0   13   13  -15.721242
    0    0   14   13   -0.063242
    0    0   15   13    1.637493
    0    0   16   13   -0.112507
    0    0   17   13   -0.084680
    0    0   18   13   -0.119725
    0    0    1   14    0.885622
    0    0    2   14   -0.837597
    0    0    3   14   -1.847467
    0    0    4   14   -0.158067
    0    0    5   14   -0.540515
    0    0    6   14   -0.500630
    0    0    7   14   -0.072732
    0    0    8   14   -1.623478
    0    0    9   14    0.933865
    0    0   10   14   -0.018522
    0    0   11   14   -0.049187
    0    0   12   14    0.082290
    0    0   13   14   -0.063242
    0    0   14   14   -1.381927
    0    0   15   14    0.993010
    0    0   16   14    0.025245
    0    0   17   14    1.981998
    0    0   18   14    0.052217
    0    0    1   15   -1.082935
    0    0    2   15    1.425810
    0    0    3   15   -0.783470
    0    0    4   15    2.111850
    0    0    5   15    0.766460
    0    0    6   15   -0.548390
    0    0    7   15   -0.523365
    0    0    8   15    0.197410
    0    0    9   15   -1.175157
    0    0   10   15    0.027985
    0    0   11   15    0.355215
    0    0   12   15    0.476307
    0    0   13   15    1.637493
    0    0   14   15    0.993010
    0    0   15   15    3.094615
    0    0   16   15   -0.233087
    0    0   17   15   -0.267550
    0    0   18   15   -0.121673
    0    0    1   16    2.326760
    0    0    2   16   -0.140242
    0    0    3   16   -1.735355
    0    0    4   16    0.008755
    0    0    5   16    0.101617
    0    0    6   16   -0.024137
    0    0    7   16    1.860590
    0    0    8   16    0.068360
    0    0    9   16    0.320630
    0    0   10   16    0.375610
    0    0   11   16   -0.027065
    0    0   12   16    0.422012
    0    0   13   16   -0.112507
    0    0   14   16    0.025245
    0    0   15   16   -0.233087
    0    0   16   16   -4.024285
    0    0   17   16   -0.112343
    0    0   18   16    0.261920
    0    0    1   17    0.134327
    0    0    2   17   -2.670515
    0    0    3   17   -0.784793
    0    0    4   17    2.669900
    0    0    5   17    1.255130
    0    0    6   17    0.039140
    0    0    7   17    0.031953
    0    0    8   17   -0.862110
    0    0    9   17   -0.002092
    0    0   10   17    0.029575
    0    0   11   17   -1.187060
    0    0   12   17    0.334637
    0    0   13   17   -0.084680
    0    0   14   17    1.981998
    0    0   15   17   -0.267550
    0    0   16   17   -0.112343
    0    0   17   17    1.116892
    0    0   18   17   -0.011880
    0    0    1   18   -0.165887
    0    0    2   18   -0.168035
    0    0    3   18   -0.194137
    0    0    4   18    0.793425
    0    0    5   18    0.031128
    0    0    6   18    0.141815
    0    0    7   18   -0.701815
    0    0    8   18   -0.374053
    0    0    9   18   -1.713583
    0    0   10   18    0.024805
    0    0   11   18    0.026470
    0    0   12   18   -1.005782
    0    0   13   18   -0.119725
    0    0   14   18    0.052217
    0    0   15   18   -0.121673
    0    0   16   18    0.261920
    0    0   17   18   -0.011880
    0    0   18   18    2.972330
    1    0    1    1    0.046637
    1    0    2    1   -0.193422
    1    0    3    1    0.064482
    1    0    4    1   -1.795888
    1    0    5    1    0.025780
    1    0    6    1   -0.189545
    1    0    7    1   -0.057995
    1    0    8    1   -0.030345
    1    0    9    1   -0.293705
    1    0   10    1    0.021085
    1    0   11    1    0.293910
    1    0   12    1    1.423915
    1    0   13    1    1.297780
    1    0   14    1    0.020550
    1    0   15    1   -0.138337
    1    0   16    1    0.075087
    1    0   17    1    1.554190
    1    0   18    1   -0.104160
    1    0    1    2   -0.000793
    1    0    2    2    0.017645
    1    0    3    2    0.002002
    1    0    4    2    0.195925
    1    0    5    2   -0.004437
    1    0    6    2   -0.071475
    1    0    7    2    0.008215
    1    0    8    2   -0.001347
    1    0    9    2    0.008162
    1    0   10    2    0.017887
    1    0   11    2   -0.029147
    1    0   12    2    0.073980
    1    0   13    2   -0.162610
    1    0   14    2    0.002242
    1    0   15    2    0.062605
    1    0   16    2   -0.010903
    1    0   17    2    0.011085
    1    0   18    2   -0.004655
    1    0    1    3    0.270072
    1    0    2    3   -0.046580
    1    0    3    3   -0.201230
    1    0    4    3    0.404570
    1    0    5    3   -0.022440
    1    0    6    3   -2.440617
    1    0    7    3    1.149115
    1    0    8    3    0.034470
    1    0    9    3    0.455215
    1    0   10    3    0.129697
    1    0   11    3   -0.018095
    1    0   12    3   -1.013810
    1    0   13    3   -0.320310
    1    0   14    3   -0.025063
    1    0   15    3   -0.855677
    1    0   16    3    0.037338
    1    0   17    3   -0.202285
    1    0   18    3    0.180312
    1    0    1    4   -0.005392
    1    0    2    4   -0.015213
    1    0    3    4    0.017770
    1    0    4    4   -0.154112
    1    0    5    4   -0.006355
    1    0    6    4    0.012270
    1    0    7    4   -0.000732
    1    0    8    4    0.000400
    1    0    9    4   -0.020502
    1    0   10    4   -0.009415
    1    0   11    4    0.005810
    1    0   12    4   -0.016203
    1    0   13    4   -0.016167
    1    0   14    4   -0.006142
    1    0   15    4    0.017655
    1    0   16    4   -0.011532
    1    0   17    4   -0.023860
    1    0   18    4   -0.034713
    1    0    1    5   -0.077512
    1    0    2    5   -0.131697
    1    0    3    5    0.051455
    1    0    4    5   -0.225910
    1    0    5    5   -0.001845
    1    0    6    5    0.136133
    1    0    7    5   -0.025105
    1    0    8    5   -0.002075
    1    0    9    5    0.036500
    1    0   10    5    0.001865
    1    0   11    5   -0.004890
    1    0   12    5   -0.013680
    1    0   13    5    0.282765
    1    0   14    5   -0.020667
    1    0   15    5   -0.150810
    1    0   16    5   -0.027298
    1    0   17    5   -1.570782
    1    0   18    5   -0.024827
    1    0    1    6   -0.002050
    1    0    2    6    0.027560
    1    0    3    6   -0.026928
    1    0    4    6   -0.066020
    1    0    5    6    0.019968
    1    0    6    6    0.109242
    1    0    7    6   -0.029130
    1    0    8    6    0.002752
    1    0    9    6   -0.030235
    1    0   10    6   -0.004310
    1    0   11    6    0.016717
    1    0   12    6   -0.004115
    1    0   13    6    0.069882
    1    0   14    6    0.003550
    1    0   15    6   -0.087208
    1    0   16    6    0.034245
    1    0   17    6    0.011508
    1    0   18    6    0.000633
    1    0    1    7   -0.003965
    1    0    2    7    0.006408
    1    0    3    7    0.087367
    1    0    4    7    0.073655
    1    0    5    7   -0.007255
    1    0    6    7    0.341637
    1    0    7    7   -0.162865
    1    0    8    7   -0.015242
    1    0    9    7   -0.046817
    1    0   10    7   -0.220857
    1    0   11    7   -0.001708
    1    0   12    7    0.104830
    1    0   13    7   -0.099060
    1    0   14    7   -0.007283
    1    0   15    7   -0.112598
    1    0   16    7   -0.006753
    1    0   17    7   -0.004788
    1    0   18    7   -0.009307
    1    0    1    8   -0.010605
    1    0    2    8    1.745377
    1    0    3    8   -0.012805
    1    0    4    8    2.246757
    1    0    5    8    0.155495
    1    0    6    8    1.026775
    1    0    7    8    0.192413
    1    0    8    8    0.006235
    1    0    9    8   -0.770622
    1    0   10    8    0.010770
    1    0   11    8   -0.163520
    1    0   12    8    0.132745
    1    0   13    8   -0.686232
    1    0   14    8    0.034097
    1    0   15    8    0.630595
    1    0   16    8   -0.019587
    1    0   17    8    0.918960
    1    0   18    8   -0.034995
    1    0    1    9   -0.028085
    1    0    2    9   -0.039562
    1    0    3    9    0.006217
    1    0    4    9    0.210295
    1    0    5    9   -0.025175
    1    0    6    9   -0.854805
    1    0    7    9   -0.067070
    1    0    8    9    0.004337
    1    0    9    9    0.078133
    1    0   10    9    0.187875
    1    0   11    9   -0.028520
    1    0   12    9    0.019577
    1    0   13    9   -0.156485
    1    0   14    9   -0.001400
    1    0   15    9    0.110017
    1    0   16    9   -0.025225
    1    0   17    9   -0.030633
    1    0   18    9    0.001603
    1    0    1   10   -0.048407
    1    0    2   10   -0.006137
    1    0    3   10    0.119743
    1    0    4   10    0.208540
    1    0    5   10   -0.021410
    1    0    6   10    0.009612
    1    0    7   10    0.008112
    1    0    8   10   -0.024633
    1    0    9   10   -0.020830
    1    0   10   10    0.015070
    1    0   11   10    0.011087
    1    0   12   10   -0.151185
    1    0   13   10   -0.024295
    1    0   14   10   -0.012938
    1    0   15   10   -0.039200
    1    0   16   10    0.034725
    1    0   17   10   -0.003257
    1    0   18   10    0.956295
    1    0    1   11   -0.022717
    1    0    2   11    0.038328
    1    0    3   11    0.011792
    1    0    4   11   -0.002667
    1    0    5   11    0.000472
    1    0    6   11    0.023232
    1    0    7   11   -0.022875
    1    0    8   11   -0.000327
    1    0    9   11    0.022305
    1    0   10   11    0.001655
    1    0   11   11   -0.014915
    1    0   12   11    0.167185
    1    0   13   11   -0.111162
    1    0   14   11    0.001855
    1    0   15   11    0.113795
    1    0   16   11   -0.004112
    1    0   17   11    0.042707
    1    0   18   11   -0.003235
    1    0    1   12   -0.002828
    1    0    2   12    0.009862
    1    0    3   12   -0.037982
    1    0    4   12    0.011922
    1    0    5   12    0.007965
    1    0    6   12    0.077760
    1    0    7   12   -0.178075
    1    0    8   12    0.005213
    1    0    9   12   -0.000315
    1    0   10   12    0.019775
    1    0   11   12   -0.004278
    1    0   12   12    0.017572
    1    0   13   12   -0.023112
    1    0   14   12    0.005915
    1    0   15   12    0.083492
    1    0   16   12   -0.016560
    1    0   17   12   -0.025040
    1    0   18   12    0.012945
    1    0    1   13    0.004440
    1    0    2   13   -0.015185
    1    0    3   13    0.012480
    1    0    4   13   -0.198330
    1    0    5   13   -0.002655
    1    0    6   13   -0.043580
    1    0    7   13   -0.061922
    1    0    8   13   -0.002633
    1    0    9   13    0.048797
    1    0   10   13   -0.011290
    1    0   11   13    0.001953
    1    0   12   13    0.022570
    1    0   13   13    0.062675
    1    0   14   13   -0.002928
    1    0   15   13   -0.030200
    1    0   16   13   -0.000695
    1    0   17   13   -0.123018
    1    0   18   13    0.010313
    1    0    1   14   -0.045977
    1    0    2   14   -0.283035
    1    0    3   14    0.011772
    1    0    4   14   -0.415840
    1    0    5   14   -0.025695
    1    0    6   14   -0.051120
    1    0    7   14   -0.120458
    1    0    8   14    0.005807
    1    0    9   14   -0.004110
    1    0   10   14    0.030935
    1    0   11   14   -0.106098
    1    0   12   14    0.585682
    1    0   13   14    0.803368
    1    0   14   14   -0.006992
    1    0   15   14    1.179810
    1    0   16   14   -0.029637
    1    0   17   14   -3.624747
    1    0   18   14   -0.022895
    1    0    1   15    0.010292
    1    0    2   15    0.086245
    1    0    3   15   -0.026733
    1    0    4   15    1.144942
    1    0    5   15    0.006995
    1    0    6   15    0.272655
    1    0    7   15    0.111220
    1    0    8   15    0.002270
    1    0    9   15   -0.123060
    1    0   10   15    0.052115
    1    0   11   15   -0.016285
    1    0   12   15    0.159330
    1    0   13   15   -0.398592
    1    0   14   15    0.005812
    1    0   15   15   -0.129665
    1    0   16   15   -0.023105
    1    0   17   15    0.037613
    1    0   18   15   -0.011510
    1    0    1   16    0.001568
    1    0    2   16    0.014785
    1    0    3   16    0.162177
    1    0    4   16    0.133848
    1    0    5   16   -0.039840
    1    0    6   16    0.132362
    1    0    7   16    0.239045
    1    0    8   16   -0.028243
    1    0    9   16   -0.007787
    1    0   10   16   -0.047655
    1    0   11   16   -0.016967
    1    0   12   16   -0.227480
    1    0   13   16   -0.065722
    1    0   14   16   -0.024347
    1    0   15   16   -0.013607
    1    0   16   16   -0.170102
    1    0   17   16   -0.017932
    1    0   18   16   -0.001742
    1    0    1   17   -0.003407
    1    0    2   17    1.560300
    1    0    3   17    0.006428
    1    0    4   17    0.059085
    1    0    5   17    0.162568
    1    0    6   17    3.113742
    1    0    7   17    0.448975
    1    0    8   17    0.021365
    1    0    9   17   -0.569375
    1    0   10   17    0.002167
    1    0   11   17    0.540715
    1    0   12   17    0.028042
    1    0   13   17   -0.199590
    1    0   14   17   -0.070192
    1    0   15   17   -3.551765
    1    0   16   17    0.036435
    1    0   17   17    0.022188
    1    0   18   17    0.016087
    1    0    1   18    0.012892
    1    0    2   18    0.164415
    1    0    3   18    0.020252
    1    0    4   18    1.423737
    1    0    5   18   -0.000460
    1    0    6   18   -0.712657
    1    0    7   18    1.006850
    1    0    8   18    0.001327
    1    0    9   18    0.504947
    1    0   10   18    0.019760
    1    0   11   18   -0.104790
    1    0   12   18    0.015385
    1    0   13   18   -0.834647
    1    0   14   18   -0.002512
    1    0   15   18   -0.035248
    1    0   16   18   -0.205357
    1    0   17   18   -0.347127
    1    0   18   18    0.225172
   -1    1    1    1   -0.016493
   -1    1    2    1    0.004782
   -1    1    3    1    0.028048
   -1    1    4    1   -0.001825
   -1    1    5    1   -0.007865
   -1    1    6    1   -0.004932
   -1    1    7    1   -0.003470
   -1    1    8    1   -0.005440
   -1    1    9    1    0.003845
   -1    1   10    1   -0.004035
   -1    1   11    1   -0.005240
   -1    1   12    1    0.000250
   -1    1   13    1   -0.013193
   -1    1   14    1   -0.006627
   -1    1   15    1    0.015337
   -1    1   16    1    0.004222
   -1    1   17    1   -0.007617
   -1    1   18    1   -0.003272
   -1    1    1    2    0.009855
   -1    1    2    2    0.000422
   -1    1    3    2   -0.006460
   -1    1    4    2   -0.005167
   -1    1    5    2   -0.004535
   -1    1    6    2   -0.001260
   -1    1    7    2   -0.001100
   -1    1    8    2    0.007208
   -1    1    9    2    0.006307
   -1    1   10    2   -0.001218
   -1    1   11    2   -0.000812
   -1    1   12    2    0.002257
   -1    1   13    2   -0.001790
   -1    1   14    2   -0.001002
   -1    1   15    2   -0.000318
   -1    1   16    2   -0.001770
   -1    1   17    2   -0.006340
   -1    1   18    2   -0.007535
   -1    1    1    3    0.000377
   -1    1    2    3    0.000092
   -1    1    3    3   -0.006805
   -1    1    4    3    0.001280
   -1    1    5    3   -0.000165
   -1    1    6    3    0.001435
   -1    1    7    3   -0.005217
   -1    1    8    3   -0.002075
   -1    1    9    3    0.001625
   -1    1   10    3    0.003967
   -1    1   11    3    0.000595
   -1    1   12    3    0.014817
   -1    1   13    3   -0.003337
   -1    1   14    3   -0.000145
   -1    1   15    3   -0.003042
   -1    1   16    3   -0.000965
   -1    1   17    3   -0.005417
   -1    1   18    3   -0.002380
   -1    1    1    4    0.031640
   -1    1    2    4   -0.001750
   -1    1    3    4   -0.017695
   -1    1    4    4   -0.012720
   -1    1    5    4   -0.000228
   -1    1    6    4    0.004472
   -1    1    7    4    0.001395
   -1    1    8    4    0.004050
   -1    1    9    4    0.002812
   -1    1   10    4    0.001162
   -1    1   11    4    0.001285
   -1    1   12    4    0.001582
   -1    1   13    4    0.001437
   -1    1   14    4    0.005292
   -1    1   15    4   -0.020045
   -1    1   16    4   -0.010172
   -1    1   17    4   -0.000038
   -1    1   18    4   -0.063710
   -1    1    1    5    0.002500
   -1    1    2    5   -0.000255
   -1    1    3    5    0.005912
   -1    1    4    5    0.000007
   -1    1    5    5   -0.001325
   -1    1    6    5    0.000377
   -1    1    7    5    0.000835
   -1    1    8    5   -0.001050
   -1    1    9    5    0.000507
   -1    1   10    5   -0.000300
   -1    1   11    5   -0.000385
   -1    1   12    5   -0.002547
   -1    1   13    5    0.000260
   -1    1   14    5   -0.000602
   -1    1   15    5    0.000010
   -1    1   16    5   -0.000012
   -1    1   17    5   -0.000957
   -1    1   18    5    0.001310
   -1    1    1    6    0.000355
   -1    1    2    6   -0.002265
   -1    1    3    6    0.013115
   -1    1    4    6   -0.009947
   -1    1    5    6   -0.001335
   -1    1    6    6    0.004050
   -1    1    7    6    0.002600
   -1    1    8    6   -0.007312
   -1    1    9    6    0.007655
   -1    1   10    6    0.001675
   -1    1   11    6    0.002740
   -1    1   12    6   -0.000465
   -1    1   13    6    0.012013
   -1    1   14    6   -0.000815
   -1    1   15    6   -0.013052
   -1    1   16    6   -0.000788
   -1    1   17    6   -0.001448
   -1    1   18    6   -0.015072
   -1    1    1    7    0.001453
   -1    1    2    7   -0.000342
   -1    1    3    7    0.009317
   -1    1    4    7   -0.002635
   -1    1    5    7    0.000505
   -1    1    6    7   -0.001362
   -1    1    7    7   -0.003070
   -1    1    8    7   -0.010560
   -1    1    9    7    0.003147
   -1    1   10    7   -0.001252
   -1    1   11    7   -0.000375
   -1    1   12    7   -0.002922
   -1    1   13    7    0.000475
   -1    1   14    7    0.001545
   -1    1   15    7    0.000360
   -1    1   16    7    0.001402
   -1    1   17    7   -0.005575
   -1    1   18    7   -0.038245
   -1    1    1    8   -0.003307
   -1    1    2    8    0.000172
   -1    1    3    8   -0.000027
   -1    1    4    8    0.001913
   -1    1    5    8    0.000302
   -1    1    6    8   -0.000907
   -1    1    7    8    0.001265
   -1    1    8    8    0.000420
   -1    1    9    8   -0.000793
   -1    1   10    8   -0.000317
   -1    1   11    8   -0.000192
   -1    1   12    8   -0.003185
   -1    1   13    8   -0.000807
   -1    1   14    8    0.000242
   -1    1   15    8    0.002612
   -1    1   16    8    0.000390
   -1    1   17    8    0.000545
   -1    1   18    8    0.000520
   -1    1    1    9    0.006455
   -1    1    2    9    0.000677
   -1    1    3    9   -0.006202
   -1    1    4    9    0.005575
   -1    1    5    9   -0.003942
   -1    1    6    9   -0.001510
   -1    1    7    9    0.002030
   -1    1    8    9    0.007530
   -1    1    9    9   -0.004432
   -1    1   10    9   -0.001740
   -1    1   11    9   -0.001745
   -1    1   12    9   -0.003045
   -1    1   13    9   -0.004567
   -1    1   14    9   -0.003792
   -1    1   15    9    0.010483
   -1    1   16    9   -0.001652
   -1    1   17    9   -0.002505
   -1    1   18    9    0.000653
   -1    1    1   10   -0.058062
   -1    1    2   10    0.003655
   -1    1    3   10   -0.115347
   -1    1    4   10   -0.002795
   -1    1    5   10   -0.000158
   -1    1    6   10   -0.005435
   -1    1    7   10    0.012557
   -1    1    8   10    0.027892
   -1    1    9   10    0.015382
   -1    1   10   10   -0.008438
   -1    1   11   10    0.001370
   -1    1   12   10    0.005602
   -1    1   13   10    0.000452
   -1    1   14   10   -0.004580
   -1    1   15   10   -0.001685
   -1    1   16   10    0.012167
   -1    1   17   10    0.001053
   -1    1   18   10    0.237560
   -1    1    1   11   -0.004390
   -1    1    2   11   -0.000025
   -1    1    3   11    0.001735
   -1    1    4   11    0.004103
   -1    1    5   11    0.002112
   -1    1    6   11    0.000345
   -1    1    7   11    0.001942
   -1    1    8   11   -0.002870
   -1    1    9   11   -0.001357
   -1    1   10   11    0.002310
   -1    1   11   11    0.000002
   -1    1   12   11   -0.002453
   -1    1   13   11   -0.000612
   -1    1   14   11    0.001817
   -1    1   15   11    0.000557
   -1    1   16   11    0.003525
   -1    1   17   11    0.004092
   -1    1   18   11    0.004675
   -1    1    1   12    0.283955
   -1    1    2   12   -0.011910
   -1    1    3   12   -0.129502
   -1    1    4   12   -0.003215
   -1    1    5   12   -0.066090
   -1    1    6   12    0.005720
   -1    1    7   12    0.013420
   -1    1    8   12    0.299380
   -1    1    9   12   -0.003405
   -1    1   10   12   -0.004250
   -1    1   11   12   -0.008282
   -1    1   12   12    0.001257
   -1    1   13   12   -0.001578
   -1    1   14   12   -0.030917
   -1    1   15   12    0.004350
   -1    1   16   12   -0.001462
   -1    1   17   12    0.004617
   -1    1   18   12   -0.054822
   -1    1    1   13   -0.020542
   -1    1    2   13    0.000140
   -1    1    3   13    0.015000
   -1    1    4   13    0.020428
   -1    1    5   13    0.003850
   -1    1    6   13    0.000953
   -1    1    7   13   -0.000168
   -1    1    8   13   -0.008045
   -1    1    9   13   -0.008875
   -1    1   10   13    0.003240
   -1    1   11   13   -0.000140
   -1    1   12   13   -0.007338
   -1    1   13   13   -0.001938
   -1    1   14   13   -0.002615
   -1    1   15   13    0.010455
   -1    1   16   13    0.005012
   -1    1   17   13    0.004237
   -1    1   18   13    0.044512
   -1    1    1   14    0.006705
   -1    1    2   14    0.000003
   -1    1    3   14   -0.001305
   -1    1    4   14   -0.002012
   -1    1    5   14   -0.000095
   -1    1    6   14    0.000303
   -1    1    7   14    0.000157
   -1    1    8   14    0.002465
   -1    1    9   14    0.000775
   -1    1   10   14   -0.000390
   -1    1   11   14    0.000150
   -1    1   12   14   -0.000962
   -1    1   13   14    0.001205
   -1    1   14   14    0.000050
   -1    1   15   14   -0.002057
   -1    1   16   14   -0.000105
   -1    1   17   14    0.001180
   -1    1   18   14    0.001085
   -1    1    1   15   -0.015595
   -1    1    2   15   -0.001347
   -1    1    3   15   -0.065015
   -1    1    4   15   -0.013957
   -1    1    5   15    0.016942
   -1    1    6   15    0.005295
   -1    1    7   15   -0.015615
   -1    1    8   15    0.128672
   -1    1    9   15   -0.011357
   -1    1   10   15   -0.009300
   -1    1   11   15    0.004880
   -1    1   12   15    0.013160
   -1    1   13   15    0.008010
   -1    1   14   15    0.007147
   -1    1   15   15   -0.008470
   -1    1   16   15   -0.033035
   -1    1   17   15    0.117385
   -1    1   18   15   -0.006352
   -1    1    1   16   -0.004745
   -1    1    2   16    0.000042
   -1    1    3   16   -0.003762
   -1    1    4   16   -0.002845
   -1    1    5   16    0.005313
   -1    1    6   16    0.001540
   -1    1    7   16   -0.001848
   -1    1    8   16   -0.008462
   -1    1    9   16    0.004250
   -1    1   10   16   -0.001285
   -1    1   11   16    0.001057
   -1    1   12   16    0.000485
   -1    1   13   16    0.001430
   -1    1   14   16    0.004472
   -1    1   15   16   -0.001135
   -1    1   16   16   -0.010850
   -1    1   17   16    0.002120
   -1    1   18   16    0.001290
   -1    1    1   17   -0.012900
   -1    1    2   17    0.000210
   -1    1    3   17   -0.000932
   -1    1    4   17    0.006452
   -1    1    5   17    0.001030
   -1    1    6   17   -0.000322
   -1    1    7   17    0.001527
   -1    1    8   17   -0.002340
   -1    1    9   17   -0.002835
   -1    1   10   17    0.000067
   -1    1   11   17    0.000735
   -1    1   12   17   -0.002075
   -1    1   13   17   -0.000470
   -1    1   14   17    0.000595
   -1    1   15   17    0.001090
   -1    1   16   17    0.000852
   -1    1   17   17   -0.000705
   -1    1   18   17    0.000280
   -1    1    1   18    0.002885
   -1    1    2   18    0.002095
   -1    1    3   18    0.031985
   -1    1    4   18    0.005547
   -1    1    5   18   -0.001388
   -1    1    6   18   -0.008295
   -1    1    7   18   -0.010307
   -1    1    8   18   -0.008665
   -1    1    9   18    0.006710
   -1    1   10   18    0.009810
   -1    1   11   18   -0.002510
   -1    1   12   18   -0.011853
   -1    1   13   18   -0.001747
   -1    1   14   18   -0.002958
   -1    1   15   18    0.009890
   -1    1   16   18    0.040735
   -1    1   17   18   -0.010725
   -1    1   18   18   -0.010225
    0    1    1    1    0.028428
    0    1    2    1    0.000252
    0    1    3    1    0.154612
    0    1    4    1   -0.011062
    0    1    5    1   -0.039898
    0    1    6    1   -0.038607
    0    1    7    1   -0.031912
    0    1    8    1   -0.023182
    0    1    9    1    0.048267
    0    1   10    1   -0.000103
    0    1   11    1   -0.012427
    0    1   12    1    0.003580
    0    1   13    1    0.018330
    0    1   14    1   -0.026412
    0    1   15    1   -0.001513
    0    1   16    1    0.033293
    0    1   17    1   -0.006845
    0    1   18    1    0.062855
    0    1    1    2    0.016720
    0    1    2    2   -0.008742
    0    1    3    2   -0.022052
    0    1    4    2    0.008945
    0    1    5    2   -0.007520
    0    1    6    2   -0.030365
    0    1    7    2   -0.004888
    0    1    8    2    0.000922
    0    1    9    2    0.085232
    0    1   10    2   -0.001210
    0    1   11    2    0.010042
    0    1   12    2    0.001285
    0    1   13    2    0.084935
    0    1   14    2   -0.004435
    0    1   15    2   -0.025457
    0    1   16    2   -0.001310
    0    1   17    2   -0.016490
    0    1   18    2    0.029465
    0    1    1    3    0.055197
    0    1    2    3    0.009173
    0    1    3    3   -0.117922
    0    1    4    3    0.034263
    0    1    5    3    0.015702
    0    1    6    3   -0.035172
    0    1    7    3    0.030650
    0    1    8    3    0.039993
    0    1    9    3    0.040395
    0    1   10    3    0.017612
    0    1   11    3    0.000942
    0    1   12    3   -0.019422
    0    1   13    3   -0.003417
    0    1   14    3    0.015210
    0    1   15    3    0.002867
    0    1   16    3    0.084515
    0    1   17    3   -0.004340
    0    1   18    3    0.094555
    0    1    1    4    0.121315
    0    1    2    4   -0.027080
    0    1    3    4   -0.044657
    0    1    4    4    0.057382
    0    1    5    4   -0.008662
    0    1    6    4    0.016903
    0    1    7    4    0.044585
    0    1    8    4    0.020920
    0    1    9    4    0.006862
    0    1   10    4    0.001627
    0    1   11    4   -0.011470
    0    1   12    4   -0.001260
    0    1   13    4    0.036765
    0    1   14    4   -0.006600
    0    1   15    4    0.163915
    0    1   16    4   -0.235420
    0    1   17    4   -0.044317
    0    1   18    4    0.023032
    0    1    1    5    0.003232
    0    1    2    5   -0.000060
    0    1    3    5    0.020643
    0    1    4    5   -0.010810
    0    1    5    5   -0.005240
    0    1    6    5    0.001442
    0    1    7    5   -0.007083
    0    1    8    5   -0.040677
    0    1    9    5   -0.004900
    0    1   10    5   -0.002962
    0    1   11    5    0.000367
    0    1   12    5    0.003240
    0    1   13    5    0.006865
    0    1   14    5   -0.003035
    0    1   15    5   -0.012467
    0    1   16    5   -0.016410
    0    1   17    5    0.002490
    0    1   18    5   -0.001622
    0    1    1    6    0.015370
    0    1    2    6    0.002752
    0    1    3    6   -0.022112
    0    1    4    6   -0.006740
    0    1    5    6   -0.016317
    0    1    6    6   -0.000575
    0    1    7    6   -0.000865
    0    1    8    6   -0.047270
    0    1    9    6    0.134015
    0    1   10    6    0.000875
    0    1   11    6   -0.010020
    0    1   12    6    0.007645
    0    1   13    6    0.004030
    0    1   14    6    0.007510
    0    1   15    6   -0.005745
    0    1   16    6    0.004762
    0    1   17    6    0.000922
    0    1   18    6    0.018000
    0    1    1    7    0.172905
    0    1    2    7    0.007238
    0    1    3    7    0.040945
    0    1    4    7    0.016827
    0    1    5    7   -0.028522
    0    1    6    7   -0.037617
    0    1    7    7   -0.036557
    0    1    8    7    0.021395
    0    1    9    7    0.077390
    0    1   10    7   -0.001487
    0    1   11    7   -0.019970
    0    1   12    7   -0.016445
    0    1   13    7   -0.037312
    0    1   14    7   -0.008587
    0    1   15    7    0.039957
    0    1   16    7    0.000142
    0    1   17    7   -0.015290
    0    1   18    7   -0.708190
    0    1    1    8   -0.016878
    0    1    2    8   -0.001485
    0    1    3    8    0.014750
    0    1    4    8   -0.003140
    0    1    5    8   -0.003475
    0    1    6    8    0.007110
    0    1    7    8   -0.005627
    0    1    8    8    0.003390
    0    1    9    8   -0.002363
    0    1   10    8   -0.003075
    0    1   11    8    0.000425
    0    1   12    8    0.002910
    0    1   13    8   -0.000065
    0    1   14    8   -0.001735
    0    1   15    8   -0.002550
    0    1   16    8   -0.016473
    0    1   17    8    0.004910
    0    1   18    8    0.002310
    0    1    1    9   -0.128697
    0    1    2    9    0.000802
    0    1    3    9   -0.017752
    0    1    4    9   -0.022627
    0    1    5    9    0.034548
    0    1    6    9   -0.018807
    0    1    7    9   -0.005748
    0    1    8    9    0.002267
    0    1    9    9   -0.048850
    0    1   10    9   -0.002017
    0    1   11    9    0.021410
    0    1   12    9    0.007780
    0    1   13    9    0.062137
    0    1   14    9    0.008252
    0    1   15    9   -0.065552
    0    1   16    9   -0.011337
    0    1   17    9   -0.001715
    0    1   18    9    0.466998
    0    1    1   10    0.339750
    0    1    2   10   -0.062617
    0    1    3   10   -1.897807
    0    1    4   10    0.082895
    0    1    5   10   -0.024860
    0    1    6   10    0.346907
    0    1    7   10   -0.763305
    0    1    8   10    0.069113
    0    1    9   10    0.128108
    0    1   10   10    0.123197
    0    1   11   10   -0.003887
    0    1   12   10    0.054410
    0    1   13   10    0.124697
    0    1   14   10   -0.027032
    0    1   15   10    0.180115
    0    1   16   10    0.017635
    0    1   17   10   -0.006535
    0    1   18   10    0.907895
    0    1    1   11    0.023537
    0    1    2   11    0.016170
    0    1    3   11    0.037200
    0    1    4   11   -0.008395
    0    1    5   11    0.037595
    0    1    6   11    0.014545
    0    1    7   11    0.004857
    0    1    8   11    0.100947
    0    1    9   11   -0.299855
    0    1   10   11    0.001315
    0    1   11   11   -0.006632
    0    1   12   11   -0.001383
    0    1   13   11   -0.060720
    0    1   14   11    0.035135
    0    1   15   11    0.023360
    0    1   16   11    0.001215
    0    1   17   11    0.037275
    0    1   18   11    0.026453
    0    1    1   12    0.922737
    0    1    2   12   -0.196475
    0    1    3   12    0.055820
    0    1    4   12   -0.048953
    0    1    5   12    0.452170
    0    1    6   12    0.093183
    0    1    7   12   -0.023240
    0    1    8   12    0.217827
    0    1    9   12   -0.180605
    0    1   10   12   -0.005038
    0    1   11   12    0.217392
    0    1   12   12   -0.006897
    0    1   13   12    1.317595
    0    1   14   12   -0.036240
    0    1   15   12   -0.026668
    0    1   16   12    0.067190
    0    1   17   12   -0.122260
    0    1   18   12   -0.005410
    0    1    1   13    0.036453
    0    1    2   13    0.026562
    0    1    3   13   -0.018482
    0    1    4   13   -0.012238
    0    1    5   13    0.010123
    0    1    6   13   -0.001282
    0    1    7   13   -0.042990
    0    1    8   13    0.121175
    0    1    9   13   -0.031450
    0    1   10   13    0.001057
    0    1   11   13   -0.002185
    0    1   12   13    0.015093
    0    1   13   13   -0.120650
    0    1   14   13    0.026352
    0    1   15   13   -0.095365
    0    1   16   13    0.337853
    0    1   17   13    0.036200
    0    1   18   13    0.015440
    0    1    1   14    0.010410
    0    1    2   14   -0.003662
    0    1    3   14    0.023115
    0    1    4   14   -0.007995
    0    1    5   14   -0.006573
    0    1    6   14    0.007505
    0    1    7   14   -0.003815
    0    1    8   14   -0.042157
    0    1    9   14    0.008665
    0    1   10   14   -0.002570
    0    1   11   14    0.003010
    0    1   12   14    0.002580
    0    1   13   14    0.011792
    0    1   14   14   -0.004630
    0    1   15   14   -0.022015
    0    1   16   14   -0.011033
    0    1   17   14   -0.020852
    0    1   18   14   -0.008565
    0    1    1   15   -0.096240
    0    1    2   15   -0.102435
    0    1    3   15   -0.020230
    0    1    4   15    0.020897
    0    1    5   15    0.140680
    0    1    6   15    0.413733
    0    1    7   15    0.071727
    0    1    8   15   -0.112545
    0    1    9   15   -1.878310
    0    1   10   15   -0.005440
    0    1   11   15    0.080423
    0    1   12   15    0.055260
    0    1   13   15   -0.036380
    0    1   14   15   -0.057752
    0    1   15   15    0.045010
    0    1   16   15   -0.071875
    0    1   17   15    0.013472
    0    1   18   15   -0.063645
    0    1    1   16    0.246798
    0    1    2   16    0.000667
    0    1    3   16   -0.039530
    0    1    4   16    0.000295
    0    1    5   16   -0.029702
    0    1    6   16    0.020257
    0    1    7   16    0.015777
    0    1    8   16    0.018957
    0    1    9   16   -0.033950
    0    1   10   16   -0.003285
    0    1   11   16   -0.019965
    0    1   12   16    0.004117
    0    1   13   16   -0.080375
    0    1   14   16   -0.007725
    0    1   15   16    0.043872
    0    1   16   16   -0.053533
    0    1   17   16    0.001720
    0    1   18   16   -1.074858
    0    1    1   17   -0.001225
    0    1    2   17   -0.000240
    0    1    3   17    0.023017
    0    1    4   17    0.005095
    0    1    5   17   -0.014290
    0    1    6   17   -0.011405
    0    1    7   17   -0.002397
    0    1    8   17   -0.020067
    0    1    9   17    0.021700
    0    1   10   17    0.000980
    0    1   11   17   -0.006105
    0    1   12   17   -0.005930
    0    1   13   17   -0.017960
    0    1   14   17   -0.000145
    0    1   15   17    0.003720
    0    1   16   17   -0.001375
    0    1   17   17   -0.017622
    0    1   18   17   -0.003317
    0    1    1   18   -0.783578
    0    1    2   18    0.014035
    0    1    3   18    0.407228
    0    1    4   18    0.326972
    0    1    5   18   -0.016993
    0    1    6   18   -0.039130
    0    1    7   18   -0.240283
    0    1    8   18   -0.025153
    0    1    9   18    0.022737
    0    1   10   18   -0.001062
    0    1   11   18   -0.019547
    0    1   12   18   -0.008867
    0    1   13   18    0.002680
    0    1   14   18   -0.022915
    0    1   15   18    0.000645
    0    1   16   18    1.096460
    0    1   17   18   -0.032610
    0    1   18   18   -0.066410
    1    1    1    1   -0.030375
    1    1    2    1    0.009547
    1    1    3    1    0.011395
    1    1    4    1   -0.062235
    1    1    5    1   -0.053090
    1    1    6    1   -0.063842
    1    1    7    1    0.082892
    1    1    8    1   -0.060722
    1    1    9    1    0.001072
    1    1   10    1    0.002305
    1    1   11    1   -0.009847
    1    1   12    1   -0.018362
    1    1   13    1   -0.004695
    1    1   14    1   -0.010780
    1    1   15    1   -0.081085
    1    1   16    1   -0.087640
    1    1   17    1    0.027490
    1    1   18    1   -0.010887
    1    1    1    2   -0.011042
    1    1    2    2    0.003847
    1    1    3    2    0.002497
    1    1    4    2    0.019540
    1    1    5    2   -0.004925
    1    1    6    2    0.014630
    1    1    7    2    0.007117
    1    1    8    2    0.000243
    1    1    9    2    0.028050
    1    1   10    2    0.000467
    1    1   11    2   -0.004877
    1    1   12    2    0.000575
    1    1   13    2   -0.035725
    1    1   14    2    0.001465
    1    1   15    2    0.025872
    1    1   16    2   -0.002082
    1    1   17    2    0.009550
    1    1   18    2    0.001082
    1    1    1    3    0.051860
    1    1    2    3    0.015297
    1    1    3    3   -0.110570
    1    1    4    3    0.024383
    1    1    5    3    0.047657
    1    1    6    3   -0.088667
    1    1    7    3    0.005652
    1    1    8    3    0.037785
    1    1    9    3   -0.117280
    1    1   10    3    0.002312
    1    1   11    3    0.010280
    1    1   12    3   -0.099045
    1    1   13    3    0.037110
    1    1   14    3    0.004410
    1    1   15    3    0.017455
    1    1   16    3    0.017625
    1    1   17    3   -0.006430
    1    1   18    3    0.015632
    1    1    1    4   -0.005642
    1    1    2    4    0.001815
    1    1    3    4   -0.024685
    1    1    4    4    0.029665
    1    1    5    4    0.005137
    1    1    6    4    0.102155
    1    1    7    4   -0.357080
    1    1    8    4    0.007350
    1    1    9    4   -0.021763
    1    1   10    4   -0.000480
    1    1   11    4   -0.001478
    1    1   12    4    0.141317
    1    1   13    4   -0.021552
    1    1   14    4   -0.003185
    1    1   15    4    0.004372
    1    1   16    4    0.012255
    1    1   17    4   -0.007507
    1    1   18    4   -0.002750
    1    1    1    5   -0.011180
    1    1    2    5   -0.000912
    1    1    3    5    0.015362
    1    1    4    5   -0.023580
    1    1    5    5   -0.003220
    1    1    6    5   -0.020192
    1    1    7    5   -0.006950
    1    1    8    5    0.000813
    1    1    9    5    0.044375
    1    1   10    5   -0.000805
    1    1   11    5    0.000660
    1    1   12    5    0.016212
    1    1   13    5    0.007783
    1    1   14    5    0.002450
    1    1   15    5   -0.003597
    1    1   16    5   -0.007233
    1    1   17    5   -0.000525
    1    1   18    5   -0.005630
    1    1    1    6    0.008247
    1    1    2    6    0.002755
    1    1    3    6   -0.010980
    1    1    4    6   -0.000245
    1    1    5    6    0.003890
    1    1    6    6   -0.052830
    1    1    7    6   -0.005752
    1    1    8    6    0.001835
    1    1    9    6   -0.021865
    1    1   10    6    0.000157
    1    1   11    6   -0.000417
    1    1   12    6   -0.001195
    1    1   13    6    0.009945
    1    1   14    6    0.001310
    1    1   15    6   -0.001863
    1    1   16    6    0.000325
    1    1   17    6   -0.001972
    1    1   18    6    0.002327
    1    1    1    7   -0.007052
    1    1    2    7   -0.017660
    1    1    3    7    0.002360
    1    1    4    7   -0.334410
    1    1    5    7   -0.012473
    1    1    6    7    0.209882
    1    1    7    7    0.066212
    1    1    8    7   -0.004680
    1    1    9    7   -0.130817
    1    1   10    7   -0.001378
    1    1   11    7    0.003745
    1    1   12    7    0.005258
    1    1   13    7    0.106250
    1    1   14    7    0.000468
    1    1   15    7    0.016535
    1    1   16    7   -0.000095
    1    1   17    7    0.024540
    1    1   18    7   -0.027662
    1    1    1    8   -0.005422
    1    1    2    8   -0.000535
    1    1    3    8    0.024338
    1    1    4    8   -0.007947
    1    1    5    8    0.011765
    1    1    6    8   -0.002645
    1    1    7    8   -0.000350
    1    1    8    8    0.005122
    1    1    9    8   -0.178480
    1    1   10    8   -0.000365
    1    1   11    8    0.009158
    1    1   12    8    0.015095
    1    1   13    8    0.004425
    1    1   14    8   -0.006122
    1    1   15    8   -0.025610
    1    1   16    8   -0.010013
    1    1   17    8    0.004058
    1    1   18    8   -0.002187
    1    1    1    9   -0.010422
    1    1    2    9    0.032625
    1    1    3    9    0.020697
    1    1    4    9    0.279140
    1    1    5    9    0.004137
    1    1    6    9   -0.275830
    1    1    7    9   -0.033397
    1    1    8    9    0.002312
    1    1    9    9    0.126635
    1    1   10    9    0.001455
    1    1   11    9   -0.011322
    1    1   12    9    0.022487
    1    1   13    9   -0.094037
    1    1   14    9    0.004540
    1    1   15    9   -0.008182
    1    1   16    9   -0.016715
    1    1   17    9   -0.023977
    1    1   18    9    0.011940
    1    1    1   10    1.695347
    1    1    2   10   -0.081192
    1    1    3   10    1.036787
    1    1    4   10   -0.418660
    1    1    5   10   -0.180787
    1    1    6   10    0.997282
    1    1    7   10   -0.124893
    1    1    8   10   -0.205472
    1    1    9   10   -0.282295
    1    1   10   10   -0.012390
    1    1   11   10   -0.017608
    1    1   12   10    0.197482
    1    1   13   10    0.148017
    1    1   14   10   -0.166515
    1    1   15   10   -0.046823
    1    1   16   10    1.227975
    1    1   17   10   -0.157210
    1    1   18   10    0.030998
    1    1    1   11   -0.005973
    1    1    2   11   -0.014772
    1    1    3   11    0.014150
    1    1    4   11    0.108115
    1    1    5   11    0.002470
    1    1    6   11   -0.339925
    1    1    7   11   -0.053023
    1    1    8   11    0.000957
    1    1    9   11   -0.182553
    1    1   10   11   -0.002120
    1    1   11   11    0.010030
    1    1   12   11   -0.018613
    1    1   13   11    0.160205
    1    1   14   11   -0.000860
    1    1   15   11   -0.072970
    1    1   16   11   -0.006655
    1    1   17   11   -0.088077
    1    1   18   11    0.000290
    1    1    1   12    0.004193
    1    1    2   12   -0.005643
    1    1    3   12   -0.023758
    1    1    4   12    0.035605
    1    1    5   12    0.004425
    1    1    6   12   -0.379167
    1    1    7   12    0.531282
    1    1    8   12    0.002475
    1    1    9   12    0.082192
    1    1   10   12    0.005545
    1    1   11   12   -0.014493
    1    1   12   12   -0.170423
    1    1   13   12    0.006460
    1    1   14   12    0.004707
    1    1   15   12    0.036862
    1    1   16   12   -0.008330
    1    1   17   12   -0.048975
    1    1   18   12    0.025382
    1    1    1   13    0.022270
    1    1    2   13   -0.017415
    1    1    3   13    0.001850
    1    1    4   13   -0.077942
    1    1    5   13    0.000782
    1    1    6   13    0.046338
    1    1    7   13   -0.098725
    1    1    8   13   -0.002698
    1    1    9   13   -0.006887
    1    1   10   13   -0.000805
    1    1   11   13    0.012610
    1    1   12   13    0.011577
    1    1   13   13    0.085398
    1    1   14   13   -0.000545
    1    1   15   13   -0.056077
    1    1   16   13   -0.004032
    1    1   17   13   -0.033517
    1    1   18   13    0.000372
    1    1    1   14   -0.050553
    1    1    2   14    0.015937
    1    1    3   14   -0.006445
    1    1    4   14    0.067233
    1    1    5   14   -0.024365
    1    1    6   14   -0.216747
    1    1    7   14   -0.031468
    1    1    8   14   -0.007807
    1    1    9   14    0.063860
    1    1   10   14   -0.001325
    1    1   11   14   -0.011727
    1    1   12   14    0.001788
    1    1   13   14    0.023695
    1    1   14   14    0.010650
    1    1   15   14    0.036745
    1    1   16   14   -0.004505
    1    1   17   14   -0.019485
    1    1   18   14   -0.007752
    1    1    1   15   -0.014632
    1    1    2   15   -0.003043
    1    1    3   15    0.016815
    1    1    4   15    0.301420
    1    1    5   15   -0.006280
    1    1    6   15   -0.081627
    1    1    7   15   -0.004592
    1    1    8   15    0.006843
    1    1    9   15    0.005125
    1    1   10   15    0.003150
    1    1   11   15   -0.008012
    1    1   12   15    0.014185
    1    1   13   15   -0.027600
    1    1   14   15   -0.004420
    1    1   15   15   -0.026070
    1    1   16   15    0.019315
    1    1   17   15   -0.048435
    1    1   18   15   -0.006252
    1    1    1   16   -0.044472
    1    1    2   16   -0.042485
    1    1    3   16    0.028792
    1    1    4   16   -0.305078
    1    1    5   16   -0.006700
    1    1    6   16   -0.295137
    1    1    7   16    0.074367
    1    1    8   16    0.001955
    1    1    9   16   -0.016165
    1    1   10   16   -0.002082
    1    1   11   16    0.012252
    1    1   12   16    0.026100
    1    1   13   16    0.177012
    1    1   14   16   -0.008367
    1    1   15   16    0.036495
    1    1   16   16    0.044135
    1    1   17   16    0.000632
    1    1   18   16   -0.036323
    1    1    1   17    0.006867
    1    1    2   17   -0.002972
    1    1    3   17   -0.022323
    1    1    4   17    0.002972
    1    1    5   17   -0.060005
    1    1    6   17   -0.016410
    1    1    7   17   -0.007622
    1    1    8   17    0.003995
    1    1    9   17    0.647903
    1    1   10   17    0.000008
    1    1   11   17   -0.020807
    1    1   12   17   -0.007810
    1    1   13   17    0.018120
    1    1   14   17    0.024712
    1    1   15   17   -0.009097
    1    1   16   17    0.001310
    1    1   17   17   -0.014092
    1    1   18   17    0.001012
    1    1    1   18   -0.069200
    1    1    2   18   -0.040252
    1    1    3   18    0.036938
    1    1    4   18    0.224855
    1    1    5   18   -0.006983
    1    1    6   18   -0.075275
    1    1    7   18   -0.274188
    1    1    8   18   -0.003810
    1    1    9   18    0.028780
    1    1   10   18   -0.000810
    1    1   11   18    0.015365
    1    1   12   18    0.067880
    1    1   13   18    0.089908
    1    1   14   18   -0.000530
    1    1   15   18   -0.134835
    1    1   16   18    0.030705
    1    1   17   18    0.000872
    1    1   18   18    0.057615
