 ir1  ir2   m    n          ReH 
   -1   -1    1    1   -0.098220
   -1   -1    2    1    0.002832
   -1   -1    3    1    0.106045
   -1   -1    4    1   -0.046415
   -1   -1    5    1   -0.010710
   -1   -1    6    1   -0.005097
   -1   -1    7    1   -0.016002
   -1   -1    8    1    0.017182
   -1   -1    9    1   -0.005490
   -1   -1   10    1   -0.094677
   -1   -1   11    1   -0.007965
   -1   -1   12    1   -0.005023
   -1   -1   13    1   -0.007377
   -1   -1   14    1   -0.005638
   -1   -1   15    1   -0.019557
   -1   -1   16    1    0.013707
   -1   -1   17    1    0.004740
   -1   -1   18    1   -0.023020
   -1   -1    1    2   -0.074900
   -1   -1    2    2    0.009187
   -1   -1    3    2   -0.075575
   -1   -1    4    2    0.015855
   -1   -1    5    2   -0.001488
   -1   -1    6    2   -0.021342
   -1   -1    7    2    0.016190
   -1   -1    8    2   -0.551000
   -1   -1    9    2   -0.016058
   -1   -1   10    2    0.040152
   -1   -1   11    2   -0.006320
   -1   -1   12    2   -0.001857
   -1   -1   13    2    0.009935
   -1   -1   14    2    0.012830
   -1   -1   15    2    0.009187
   -1   -1   16    2    0.051502
   -1   -1   17    2    0.000650
   -1   -1   18    2    0.043557
   -1   -1    1    3    0.025415
   -1   -1    2    3   -0.001740
   -1   -1    3    3    0.011487
   -1   -1    4    3    0.005922
   -1   -1    5    3    0.002165
   -1   -1    6    3   -0.003073
   -1   -1    7    3    0.037422
   -1   -1    8    3    0.000727
   -1   -1    9    3   -0.017028
   -1   -1   10    3   -0.012040
   -1   -1   11    3    0.006012
   -1   -1   12    3   -0.023567
   -1   -1   13    3    0.005275
   -1   -1   14    3   -0.006108
   -1   -1   15    3   -0.009355
   -1   -1   16    3    0.072737
   -1   -1   17    3    0.024310
   -1   -1   18    3   -0.024082
   -1   -1    1    4    0.062710
   -1   -1    2    4    0.008910
   -1   -1    3    4   -0.106917
   -1   -1    4    4   -0.074078
   -1   -1    5    4    0.000807
   -1   -1    6    4   -0.013177
   -1   -1    7    4   -0.035045
   -1   -1    8    4   -0.015690
   -1   -1    9    4   -0.097493
   -1   -1   10    4    0.026280
   -1   -1   11    4   -0.003540
   -1   -1   12    4    0.021037
   -1   -1   13    4   -0.006440
   -1   -1   14    4   -0.002512
   -1   -1   15    4   -0.313512
   -1   -1   16    4    0.056252
   -1   -1   17    4   -0.006740
   -1   -1   18    4   -0.043783
   -1   -1    1    5   -0.068972
   -1   -1    2    5   -0.000782
   -1   -1    3    5    0.030902
   -1   -1    4    5   -0.001762
   -1   -1    5    5    0.003195
   -1   -1    6    5   -0.007832
   -1   -1    7    5    0.020267
   -1   -1    8    5   -0.036715
   -1   -1    9    5    0.001567
   -1   -1   10    5    0.011425
   -1   -1   11    5    0.003372
   -1   -1   12    5   -0.010272
   -1   -1   13    5    0.013527
   -1   -1   14    5    0.015040
   -1   -1   15    5    0.006145
   -1   -1   16    5    0.029457
   -1   -1   17    5    0.000337
   -1   -1   18    5   -0.040462
   -1   -1    1    6    0.064810
   -1   -1    2    6    0.012195
   -1   -1    3    6   -0.610617
   -1   -1    4    6    0.185400
   -1   -1    5    6   -0.017050
   -1   -1    6    6    0.146832
   -1   -1    7    6   -0.203390
   -1   -1    8    6    0.388062
   -1   -1    9    6   -0.290190
   -1   -1   10    6   -0.000160
   -1   -1   11    6    0.129417
   -1   -1   12    6    0.119927
   -1   -1   13    6   -0.013677
   -1   -1   14    6    0.039543
   -1   -1   15    6   -1.194730
   -1   -1   16    6   -1.204028
   -1   -1   17    6    0.014385
   -1   -1   18    6   -0.202357
   -1   -1    1    7   -0.002150
   -1   -1    2    7   -0.002878
   -1   -1    3    7    0.255810
   -1   -1    4    7   -0.008197
   -1   -1    5    7   -0.002223
   -1   -1    6    7    0.017265
   -1   -1    7    7    0.047400
   -1   -1    8    7    0.145742
   -1   -1    9    7    0.058592
   -1   -1   10    7   -0.297152
   -1   -1   11    7    0.007655
   -1   -1   12    7    0.073332
   -1   -1   13    7    0.003690
   -1   -1   14    7   -0.003548
   -1   -1   15    7    0.097375
   -1   -1   16    7   -0.103055
   -1   -1   17    7    0.040205
   -1   -1   18    7   -0.148355
   -1   -1    1    8   -0.014190
   -1   -1    2    8   -0.000372
   -1   -1    3    8   -0.004318
   -1   -1    4    8    0.001975
   -1   -1    5    8   -0.003305
   -1   -1    6    8    0.000880
   -1   -1    7    8   -0.004142
   -1   -1    8    8    0.004100
   -1   -1    9    8    0.003443
   -1   -1   10    8    0.000465
   -1   -1   11    8    0.000335
   -1   -1   12    8    0.001913
   -1   -1   13    8   -0.001420
   -1   -1   14    8    0.002813
   -1   -1   15    8   -0.002433
   -1   -1   16    8   -0.002035
   -1   -1   17    8   -0.013160
   -1   -1   18    8   -0.001430
   -1   -1    1    9    0.215280
   -1   -1    2    9   -0.033062
   -1   -1    3    9    0.309015
   -1   -1    4    9   -0.077562
   -1   -1    5    9   -0.014667
   -1   -1    6    9    0.074440
   -1   -1    7    9   -0.097335
   -1   -1    8    9    0.022040
   -1   -1    9    9    0.060838
   -1   -1   10    9   -0.130098
   -1   -1   11    9    0.040453
   -1   -1   12    9    0.086645
   -1   -1   13    9   -0.048612
   -1   -1   14    9   -0.062892
   -1   -1   15    9   -0.045185
   -1   -1   16    9   -0.192737
   -1   -1   17    9    0.012317
   -1   -1   18    9    0.004177
   -1   -1    1   10    0.010943
   -1   -1    2   10    0.029675
   -1   -1    3   10    0.351648
   -1   -1    4   10   -0.014700
   -1   -1    5   10    0.021718
   -1   -1    6   10    0.015745
   -1   -1    7   10   -0.002887
   -1   -1    8   10   -0.001175
   -1   -1    9   10   -0.073037
   -1   -1   10   10    0.163802
   -1   -1   11   10   -0.069082
   -1   -1   12   10    0.063300
   -1   -1   13   10   -0.212705
   -1   -1   14   10   -0.057355
   -1   -1   15   10    0.518695
   -1   -1   16   10    0.055598
   -1   -1   17   10   -0.005810
   -1   -1   18   10    0.233447
   -1   -1    1   11   -0.018388
   -1   -1    2   11   -0.000240
   -1   -1    3   11    0.013158
   -1   -1    4   11    0.008455
   -1   -1    5   11    0.000965
   -1   -1    6   11    0.005410
   -1   -1    7   11    0.000870
   -1   -1    8   11    0.213665
   -1   -1    9   11    0.001540
   -1   -1   10   11   -0.004837
   -1   -1   11   11   -0.007407
   -1   -1   12   11   -0.000335
   -1   -1   13   11   -0.000785
   -1   -1   14   11   -0.001327
   -1   -1   15   11    0.019283
   -1   -1   16   11   -0.021045
   -1   -1   17   11   -0.001992
   -1   -1   18   11   -0.006115
   -1   -1    1   12   -0.010717
   -1   -1    2   12    0.018722
   -1   -1    3   12    0.192435
   -1   -1    4   12   -0.101747
   -1   -1    5   12   -0.000370
   -1   -1    6   12   -0.023297
   -1   -1    7   12   -0.001855
   -1   -1    8   12   -0.221860
   -1   -1    9   12   -0.011360
   -1   -1   10   12    0.149735
   -1   -1   11   12   -0.029978
   -1   -1   12   12    0.022783
   -1   -1   13   12   -0.121828
   -1   -1   14   12   -0.018762
   -1   -1   15   12    0.290957
   -1   -1   16   12    0.094827
   -1   -1   17   12   -0.007130
   -1   -1   18   12    0.202348
   -1   -1    1   13   -0.029185
   -1   -1    2   13    0.058130
   -1   -1    3   13    0.498667
   -1   -1    4   13   -0.232840
   -1   -1    5   13    0.032137
   -1   -1    6   13    0.009267
   -1   -1    7   13   -0.001548
   -1   -1    8   13   -0.282577
   -1   -1    9   13   -0.077180
   -1   -1   10   13    0.249842
   -1   -1   11   13   -0.043687
   -1   -1   12   13   -0.002023
   -1   -1   13   13   -0.454430
   -1   -1   14   13    0.006783
   -1   -1   15   13    0.567947
   -1   -1   16   13    0.115720
   -1   -1   17   13   -0.008855
   -1   -1   18   13    0.058627
   -1   -1    1   14    0.012523
   -1   -1    2   14    0.000112
   -1   -1    3   14   -0.009890
   -1   -1    4   14    0.005655
   -1   -1    5   14    0.003332
   -1   -1    6   14   -0.007682
   -1   -1    7   14    0.028788
   -1   -1    8   14   -0.048235
   -1   -1    9   14   -0.009565
   -1   -1   10   14   -0.009367
   -1   -1   11   14    0.004567
   -1   -1   12   14   -0.006455
   -1   -1   13   14    0.017392
   -1   -1   14   14    0.005665
   -1   -1   15   14   -0.001605
   -1   -1   16   14    0.033282
   -1   -1   17   14    0.010230
   -1   -1   18   14   -0.030637
   -1   -1    1   15   -0.010565
   -1   -1    2   15    0.008570
   -1   -1    3   15    0.001167
   -1   -1    4   15   -0.034265
   -1   -1    5   15    0.002802
   -1   -1    6   15   -0.002012
   -1   -1    7   15   -0.019078
   -1   -1    8   15    0.027253
   -1   -1    9   15   -0.028810
   -1   -1   10   15   -0.000195
   -1   -1   11   15    0.029945
   -1   -1   12   15    0.004132
   -1   -1   13   15   -0.028880
   -1   -1   14   15    0.016605
   -1   -1   15   15   -0.144517
   -1   -1   16   15    0.025020
   -1   -1   17   15    0.001495
   -1   -1   18   15   -0.081212
   -1   -1    1   16    0.036390
   -1   -1    2   16   -0.012372
   -1   -1    3   16    0.059257
   -1   -1    4   16    0.049570
   -1   -1    5   16   -0.016560
   -1   -1    6   16    0.004432
   -1   -1    7   16    0.006263
   -1   -1    8   16   -0.007387
   -1   -1    9   16    0.052635
   -1   -1   10   16    0.006870
   -1   -1   11   16   -0.028415
   -1   -1   12   16   -0.057257
   -1   -1   13   16    0.064095
   -1   -1   14   16   -0.030787
   -1   -1   15   16    0.132630
   -1   -1   16   16   -0.001165
   -1   -1   17   16    0.009992
   -1   -1   18   16    0.077592
   -1   -1    1   17    0.016172
   -1   -1    2   17    0.009447
   -1   -1    3   17   -0.016052
   -1   -1    4   17   -0.001715
   -1   -1    5   17    0.007010
   -1   -1    6   17    0.007213
   -1   -1    7   17    0.005155
   -1   -1    8   17    0.563747
   -1   -1    9   17   -0.025227
   -1   -1   10   17   -0.000455
   -1   -1   11   17   -0.050850
   -1   -1   12   17   -0.043200
   -1   -1   13   17   -0.005320
   -1   -1   14   17    0.000222
   -1   -1   15   17   -0.013978
   -1   -1   16   17   -0.032897
   -1   -1   17   17    0.011318
   -1   -1   18   17   -0.059097
   -1   -1    1   18    0.019012
   -1   -1    2   18   -0.004915
   -1   -1    3   18   -0.027320
   -1   -1    4   18   -0.019075
   -1   -1    5   18   -0.015415
   -1   -1    6   18    0.009540
   -1   -1    7   18   -0.088815
   -1   -1    8   18    0.012167
   -1   -1    9   18    0.053280
   -1   -1   10   18    0.074585
   -1   -1   11   18   -0.003175
   -1   -1   12   18    0.017750
   -1   -1   13   18   -0.049080
   -1   -1   14   18   -0.019150
   -1   -1   15   18    0.019607
   -1   -1   16   18   -0.054862
   -1   -1   17   18   -0.050028
   -1   -1   18   18    0.128195
    0   -1    1    1   -0.124305
    0   -1    2    1    0.101170
    0   -1    3    1    0.113947
    0   -1    4    1   -0.051353
    0   -1    5    1    0.029138
    0   -1    6    1    0.152902
    0   -1    7    1   -0.221202
    0   -1    8    1    0.033780
    0   -1    9    1   -0.575970
    0   -1   10    1    0.141552
    0   -1   11    1   -0.080427
    0   -1   12    1   -0.069795
    0   -1   13    1   -0.154018
    0   -1   14    1    0.047490
    0   -1   15    1   -0.842108
    0   -1   16    1   -0.431900
    0   -1   17    1    0.070875
    0   -1   18    1   -0.054717
    0   -1    1    2   -0.005665
    0   -1    2    2   -0.000202
    0   -1    3    2   -0.015547
    0   -1    4    2    0.046322
    0   -1    5    2   -0.001060
    0   -1    6    2   -0.013285
    0   -1    7    2   -0.007575
    0   -1    8    2    0.015612
    0   -1    9    2   -0.009627
    0   -1   10    2   -0.004610
    0   -1   11    2    0.008185
    0   -1   12    2    0.012293
    0   -1   13    2   -0.000835
    0   -1   14    2    0.000037
    0   -1   15    2    0.000263
    0   -1   16    2    0.014780
    0   -1   17    2   -0.003600
    0   -1   18    2   -0.001145
    0   -1    1    3   -0.000742
    0   -1    2    3   -0.017622
    0   -1    3    3    0.018098
    0   -1    4    3   -0.001128
    0   -1    5    3   -0.009598
    0   -1    6    3   -0.027502
    0   -1    7    3    0.036512
    0   -1    8    3    1.204533
    0   -1    9    3    0.077687
    0   -1   10    3   -0.087215
    0   -1   11    3    0.007797
    0   -1   12    3   -0.186215
    0   -1   13    3    0.066507
    0   -1   14    3   -0.003270
    0   -1   15    3    0.011028
    0   -1   16    3    0.114563
    0   -1   17    3    0.021627
    0   -1   18    3   -0.070740
    0   -1    1    4    0.005075
    0   -1    2    4    0.033127
    0   -1    3    4    0.017892
    0   -1    4    4   -0.030295
    0   -1    5    4    0.006922
    0   -1    6    4    0.026255
    0   -1    7    4   -0.056787
    0   -1    8    4    0.033460
    0   -1    9    4   -0.188807
    0   -1   10    4    0.001602
    0   -1   11    4    0.016495
    0   -1   12    4   -0.202905
    0   -1   13    4   -0.044275
    0   -1   14    4    0.015447
    0   -1   15    4   -0.202905
    0   -1   16    4   -0.113922
    0   -1   17    4    0.029540
    0   -1   18    4   -0.019900
    0   -1    1    5    0.007265
    0   -1    2    5   -0.009540
    0   -1    3    5   -0.024630
    0   -1    4    5    0.053300
    0   -1    5    5   -0.003660
    0   -1    6    5   -0.011610
    0   -1    7    5   -0.008955
    0   -1    8    5    0.884512
    0   -1    9    5    0.021840
    0   -1   10    5   -0.029337
    0   -1   11    5   -0.001443
    0   -1   12    5    0.191502
    0   -1   13    5    0.035630
    0   -1   14    5    0.002430
    0   -1   15    5   -0.039502
    0   -1   16    5   -0.007877
    0   -1   17    5   -0.021305
    0   -1   18    5   -0.030128
    0   -1    1    6    0.003693
    0   -1    2    6    0.003812
    0   -1    3    6    0.030807
    0   -1    4    6    0.007342
    0   -1    5    6    0.005030
    0   -1    6    6    0.015760
    0   -1    7    6    0.021015
    0   -1    8    6   -0.007070
    0   -1    9    6   -0.037742
    0   -1   10    6   -0.052960
    0   -1   11    6   -0.002155
    0   -1   12    6   -0.042097
    0   -1   13    6    0.042025
    0   -1   14    6    0.003300
    0   -1   15    6    0.063187
    0   -1   16    6   -0.083305
    0   -1   17    6    0.006805
    0   -1   18    6   -0.020813
    0   -1    1    7    0.047350
    0   -1    2    7   -0.005768
    0   -1    3    7    0.030822
    0   -1    4    7   -0.084685
    0   -1    5    7    0.000710
    0   -1    6    7    0.061567
    0   -1    7    7   -0.052218
    0   -1    8    7    0.043137
    0   -1    9    7   -0.031602
    0   -1   10    7   -0.085957
    0   -1   11    7    0.029900
    0   -1   12    7    0.148055
    0   -1   13    7    0.202387
    0   -1   14    7    0.021505
    0   -1   15    7   -0.200900
    0   -1   16    7    0.033345
    0   -1   17    7    0.001553
    0   -1   18    7   -0.099685
    0   -1    1    8   -0.036705
    0   -1    2    8    0.061538
    0   -1    3    8    0.081885
    0   -1    4    8   -0.077692
    0   -1    5    8   -0.017530
    0   -1    6    8    0.001917
    0   -1    7    8    0.004665
    0   -1    8    8   -0.006467
    0   -1    9    8   -0.006193
    0   -1   10    8    0.026398
    0   -1   11    8   -0.547115
    0   -1   12    8    0.010712
    0   -1   13    8   -0.056505
    0   -1   14    8   -0.018392
    0   -1   15    8   -0.032572
    0   -1   16    8    0.011562
    0   -1   17    8    0.004778
    0   -1   18    8    0.003257
    0   -1    1    9    0.033232
    0   -1    2    9    0.023077
    0   -1    3    9    0.128600
    0   -1    4    9   -0.377170
    0   -1    5    9    0.010732
    0   -1    6    9    0.027310
    0   -1    7    9    0.017837
    0   -1    8    9   -0.015330
    0   -1    9    9    0.029155
    0   -1   10    9    0.058850
    0   -1   11    9   -0.061193
    0   -1   12    9    0.019492
    0   -1   13    9    0.008147
    0   -1   14    9    0.003370
    0   -1   15    9    0.034278
    0   -1   16    9   -0.007920
    0   -1   17    9   -0.010012
    0   -1   18    9    0.010185
    0   -1    1   10    0.000422
    0   -1    2   10    0.002285
    0   -1    3   10   -0.096737
    0   -1    4   10   -0.000370
    0   -1    5   10    0.001718
    0   -1    6   10    0.017812
    0   -1    7   10   -0.024320
    0   -1    8   10    0.126900
    0   -1    9   10   -0.036655
    0   -1   10   10    0.063317
    0   -1   11   10    0.000135
    0   -1   12   10    0.078183
    0   -1   13   10   -0.003390
    0   -1   14   10    0.007795
    0   -1   15   10   -0.153042
    0   -1   16   10   -0.154938
    0   -1   17   10    0.000062
    0   -1   18   10    0.009012
    0   -1    1   11    0.000260
    0   -1    2   11   -0.005118
    0   -1    3   11   -0.007525
    0   -1    4   11    0.030345
    0   -1    5   11   -0.000698
    0   -1    6   11    0.001182
    0   -1    7   11   -0.001095
    0   -1    8   11    0.015310
    0   -1    9   11    0.012450
    0   -1   10   11   -0.001437
    0   -1   11   11    0.004377
    0   -1   12   11    0.001850
    0   -1   13   11    0.001105
    0   -1   14   11    0.000412
    0   -1   15   11   -0.000795
    0   -1   16   11   -0.002720
    0   -1   17   11   -0.001045
    0   -1   18   11   -0.005332
    0   -1    1   12    0.001780
    0   -1    2   12    0.005540
    0   -1    3   12   -0.054640
    0   -1    4   12    0.053112
    0   -1    5   12   -0.004505
    0   -1    6   12    0.003402
    0   -1    7   12    0.014575
    0   -1    8   12   -0.049492
    0   -1    9   12   -0.002845
    0   -1   10   12    0.041277
    0   -1   11   12    0.003985
    0   -1   12   12    0.052295
    0   -1   13   12    0.072220
    0   -1   14   12    0.001640
    0   -1   15   12   -0.007673
    0   -1   16   12   -0.000628
    0   -1   17   12   -0.011942
    0   -1   18   12   -0.012472
    0   -1    1   13   -0.000288
    0   -1    2   13    0.016297
    0   -1    3   13   -0.017977
    0   -1    4   13   -0.014285
    0   -1    5   13    0.005577
    0   -1    6   13    0.005313
    0   -1    7   13    0.002455
    0   -1    8   13   -0.002745
    0   -1    9   13   -0.056112
    0   -1   10   13    0.029445
    0   -1   11   13    0.010843
    0   -1   12   13   -0.087380
    0   -1   13   13   -0.077470
    0   -1   14   13    0.001388
    0   -1   15   13   -0.031740
    0   -1   16   13    0.040990
    0   -1   17   13    0.013455
    0   -1   18   13    0.008672
    0   -1    1   14    0.016685
    0   -1    2   14   -0.009073
    0   -1    3   14    0.010897
    0   -1    4   14    0.004773
    0   -1    5   14   -0.003647
    0   -1    6   14    0.001150
    0   -1    7   14   -0.004260
    0   -1    8   14   -1.360555
    0   -1    9   14    0.004390
    0   -1   10   14   -0.032512
    0   -1   11   14    0.012640
    0   -1   12   14   -0.028472
    0   -1   13   14    0.019090
    0   -1   14   14    0.003560
    0   -1   15   14   -0.008452
    0   -1   16   14   -0.013243
    0   -1   17   14    0.002250
    0   -1   18   14   -0.012977
    0   -1    1   15    0.009893
    0   -1    2   15    0.020483
    0   -1    3   15    0.035312
    0   -1    4   15   -0.025135
    0   -1    5   15    0.009560
    0   -1    6   15    0.007588
    0   -1    7   15   -0.016642
    0   -1    8   15   -0.047472
    0   -1    9   15   -0.089237
    0   -1   10   15    0.005082
    0   -1   11   15    0.002390
    0   -1   12   15   -0.050632
    0   -1   13   15   -0.044863
    0   -1   14   15    0.000110
    0   -1   15   15   -0.008405
    0   -1   16   15   -0.002345
    0   -1   17   15    0.006400
    0   -1   18   15   -0.020515
    0   -1    1   16    0.023767
    0   -1    2   16   -0.008323
    0   -1    3   16   -0.041185
    0   -1    4   16   -0.015097
    0   -1    5   16   -0.008847
    0   -1    6   16   -0.038073
    0   -1    7   16    0.024390
    0   -1    8   16    0.011283
    0   -1    9   16    0.047345
    0   -1   10   16   -0.072228
    0   -1   11   16   -0.005397
    0   -1   12   16   -0.027838
    0   -1   13   16    0.128925
    0   -1   14   16    0.006775
    0   -1   15   16   -0.000770
    0   -1   16   16   -0.037663
    0   -1   17   16    0.010250
    0   -1   18   16   -0.031562
    0   -1    1   17    0.011972
    0   -1    2   17   -0.009720
    0   -1    3   17    0.023272
    0   -1    4   17   -0.009357
    0   -1    5   17    0.004193
    0   -1    6   17    0.006987
    0   -1    7   17   -0.000187
    0   -1    8   17   -0.003082
    0   -1    9   17   -0.001402
    0   -1   10   17   -0.011307
    0   -1   11   17    0.072060
    0   -1   12   17   -0.032475
    0   -1   13   17    0.008890
    0   -1   14   17    0.013797
    0   -1   15   17    0.047868
    0   -1   16   17    0.005650
    0   -1   17   17    0.010708
    0   -1   18   17   -0.023765
    0   -1    1   18   -0.018798
    0   -1    2   18    0.039050
    0   -1    3   18   -0.144417
    0   -1    4   18    0.020748
    0   -1    5   18    0.010782
    0   -1    6   18    0.014617
    0   -1    7   18   -0.014285
    0   -1    8   18    1.146385
    0   -1    9   18   -0.099560
    0   -1   10   18    0.102447
    0   -1   11   18    0.007105
    0   -1   12   18    0.417263
    0   -1   13   18   -0.116073
    0   -1   14   18   -0.006880
    0   -1   15   18   -0.081065
    0   -1   16   18   -0.206368
    0   -1   17   18   -0.046527
    0   -1   18   18    0.105977
    1   -1    1    1    0.011645
    1   -1    2    1    0.023217
    1   -1    3    1   -0.007485
    1   -1    4    1    0.002825
    1   -1    5    1    0.010330
    1   -1    6    1    0.045712
    1   -1    7    1    0.019238
    1   -1    8    1   -0.008390
    1   -1    9    1   -0.095102
    1   -1   10    1   -0.018970
    1   -1   11    1   -0.000182
    1   -1   12    1    0.010365
    1   -1   13    1    0.060782
    1   -1   14    1   -0.000747
    1   -1   15    1    0.022832
    1   -1   16    1   -0.024400
    1   -1   17    1    0.007530
    1   -1   18    1    0.008657
    1   -1    1    2    0.004355
    1   -1    2    2    0.000198
    1   -1    3    2   -0.000240
    1   -1    4    2   -0.006575
    1   -1    5    2    0.000098
    1   -1    6    2    0.007122
    1   -1    7    2   -0.000565
    1   -1    8    2   -0.000365
    1   -1    9    2   -0.001877
    1   -1   10    2    0.001910
    1   -1   11    2    0.000572
    1   -1   12    2   -0.007302
    1   -1   13    2   -0.004632
    1   -1   14    2    0.000253
    1   -1   15    2   -0.004820
    1   -1   16    2    0.000065
    1   -1   17    2    0.001127
    1   -1   18    2   -0.005758
    1   -1    1    3   -0.004732
    1   -1    2    3   -0.001015
    1   -1    3    3    0.006345
    1   -1    4    3   -0.031250
    1   -1    5    3    0.000552
    1   -1    6    3   -0.010218
    1   -1    7    3    0.003412
    1   -1    8    3   -0.004070
    1   -1    9    3   -0.018930
    1   -1   10    3   -0.035787
    1   -1   11    3   -0.001070
    1   -1   12    3   -0.037187
    1   -1   13    3   -0.002775
    1   -1   14    3    0.000550
    1   -1   15    3   -0.015640
    1   -1   16    3   -0.007180
    1   -1   17    3   -0.000847
    1   -1   18    3    0.016552
    1   -1    1    4    0.000920
    1   -1    2    4    0.007173
    1   -1    3    4   -0.006047
    1   -1    4    4    0.010278
    1   -1    5    4    0.002465
    1   -1    6    4    0.018695
    1   -1    7    4    0.013525
    1   -1    8    4    0.005732
    1   -1    9    4   -0.027967
    1   -1   10    4   -0.025215
    1   -1   11    4    0.001118
    1   -1   12    4   -0.018985
    1   -1   13    4    0.046232
    1   -1   14    4    0.003797
    1   -1   15    4    0.012825
    1   -1   16    4   -0.005477
    1   -1   17    4    0.005803
    1   -1   18    4   -0.010053
    1   -1    1    5    0.002752
    1   -1    2    5    0.000610
    1   -1    3    5    0.000300
    1   -1    4    5   -0.000820
    1   -1    5    5    0.000855
    1   -1    6    5    0.002040
    1   -1    7    5   -0.000657
    1   -1    8    5    0.001370
    1   -1    9    5   -0.003445
    1   -1   10    5    0.001322
    1   -1   11    5   -0.000560
    1   -1   12    5   -0.013635
    1   -1   13    5    0.003597
    1   -1   14    5    0.000525
    1   -1   15    5    0.003985
    1   -1   16    5   -0.000137
    1   -1   17    5    0.004032
    1   -1   18    5   -0.000355
    1   -1    1    6    0.002107
    1   -1    2    6    0.002437
    1   -1    3    6    0.006467
    1   -1    4    6    0.014047
    1   -1    5    6    0.004220
    1   -1    6    6   -0.007867
    1   -1    7    6    0.004185
    1   -1    8    6    0.000287
    1   -1    9    6   -0.021230
    1   -1   10    6   -0.007180
    1   -1   11    6   -0.000242
    1   -1   12    6   -0.015647
    1   -1   13    6    0.006825
    1   -1   14    6    0.000437
    1   -1   15    6    0.010738
    1   -1   16    6   -0.013025
    1   -1   17    6   -0.000067
    1   -1   18    6   -0.001187
    1   -1    1    7   -0.001205
    1   -1    2    7    0.007227
    1   -1    3    7    0.023160
    1   -1    4    7   -0.003752
    1   -1    5    7    0.005905
    1   -1    6    7    0.027532
    1   -1    7    7    0.013085
    1   -1    8    7    0.000195
    1   -1    9    7   -0.030592
    1   -1   10    7   -0.011130
    1   -1   11    7   -0.003713
    1   -1   12    7   -0.044163
    1   -1   13    7   -0.007443
    1   -1   14    7    0.000930
    1   -1   15    7    0.041760
    1   -1   16    7    0.008483
    1   -1   17    7    0.004730
    1   -1   18    7   -0.001740
    1   -1    1    8    0.000538
    1   -1    2    8    0.002002
    1   -1    3    8    0.000542
    1   -1    4    8   -0.024803
    1   -1    5    8    0.000718
    1   -1    6    8   -0.000417
    1   -1    7    8    0.000755
    1   -1    8    8   -0.000015
    1   -1    9    8   -0.000178
    1   -1   10    8    0.001652
    1   -1   11    8   -0.000277
    1   -1   12    8   -0.005930
    1   -1   13    8   -0.013100
    1   -1   14    8    0.000245
    1   -1   15    8    0.001705
    1   -1   16    8    0.003225
    1   -1   17    8    0.000278
    1   -1   18    8   -0.000565
    1   -1    1    9   -0.016538
    1   -1    2    9    0.000788
    1   -1    3    9    0.007477
    1   -1    4    9    0.042068
    1   -1    5    9    0.000530
    1   -1    6    9   -0.008830
    1   -1    7    9    0.011305
    1   -1    8    9    0.001133
    1   -1    9    9   -0.003023
    1   -1   10    9    0.000015
    1   -1   11    9   -0.000770
    1   -1   12    9    0.023762
    1   -1   13    9    0.017323
    1   -1   14    9   -0.000212
    1   -1   15    9    0.012533
    1   -1   16    9   -0.009860
    1   -1   17    9   -0.001373
    1   -1   18    9    0.010925
    1   -1    1   10   -0.002905
    1   -1    2   10   -0.001685
    1   -1    3   10   -0.002305
    1   -1    4   10   -0.011137
    1   -1    5   10   -0.002797
    1   -1    6   10    0.007668
    1   -1    7   10    0.008270
    1   -1    8   10   -0.005205
    1   -1    9   10    0.017787
    1   -1   10   10    0.013342
    1   -1   11   10   -0.002867
    1   -1   12   10    0.060712
    1   -1   13   10    0.010077
    1   -1   14   10    0.001535
    1   -1   15   10    0.017930
    1   -1   16   10   -0.001865
    1   -1   17   10    0.000058
    1   -1   18   10   -0.005420
    1   -1    1   11    0.001997
    1   -1    2   11    0.000115
    1   -1    3   11   -0.000805
    1   -1    4   11    0.002625
    1   -1    5   11    0.000625
    1   -1    6   11    0.001892
    1   -1    7   11    0.000430
    1   -1    8   11    0.000520
    1   -1    9   11   -0.002240
    1   -1   10   11   -0.000580
    1   -1   11   11    0.000325
    1   -1   12   11   -0.004210
    1   -1   13   11    0.001337
    1   -1   14   11    0.000605
    1   -1   15   11   -0.000987
    1   -1   16   11   -0.002442
    1   -1   17   11    0.001693
    1   -1   18   11   -0.002322
    1   -1    1   12    0.003365
    1   -1    2   12    0.000375
    1   -1    3   12    0.011075
    1   -1    4   12    0.011680
    1   -1    5   12    0.002120
    1   -1    6   12    0.003972
    1   -1    7   12    0.011705
    1   -1    8   12   -0.000010
    1   -1    9   12    0.005520
    1   -1   10   12   -0.001548
    1   -1   11   12    0.000402
    1   -1   12   12    0.004202
    1   -1   13   12    0.022675
    1   -1   14   12    0.001548
    1   -1   15   12    0.013367
    1   -1   16   12   -0.009697
    1   -1   17   12    0.000625
    1   -1   18   12   -0.018710
    1   -1    1   13   -0.004035
    1   -1    2   13    0.002822
    1   -1    3   13   -0.006848
    1   -1    4   13    0.001830
    1   -1    5   13    0.001795
    1   -1    6   13    0.008170
    1   -1    7   13    0.004390
    1   -1    8   13    0.002100
    1   -1    9   13   -0.012438
    1   -1   10   13   -0.017990
    1   -1   11   13    0.001705
    1   -1   12   13   -0.021522
    1   -1   13   13   -0.006723
    1   -1   14   13    0.000075
    1   -1   15   13   -0.000970
    1   -1   16   13    0.004012
    1   -1   17   13    0.003185
    1   -1   18   13    0.007825
    1   -1    1   14   -0.003760
    1   -1    2   14   -0.003130
    1   -1    3   14    0.006320
    1   -1    4   14    0.011272
    1   -1    5   14   -0.000757
    1   -1    6   14    0.004810
    1   -1    7   14   -0.001215
    1   -1    8   14   -0.001420
    1   -1    9   14    0.006452
    1   -1   10   14   -0.010332
    1   -1   11   14   -0.002917
    1   -1   12   14   -0.011042
    1   -1   13   14    0.006522
    1   -1   14   14    0.001507
    1   -1   15   14    0.012717
    1   -1   16   14   -0.002900
    1   -1   17   14    0.000612
    1   -1   18   14   -0.005298
    1   -1    1   15   -0.001375
    1   -1    2   15    0.002545
    1   -1    3   15   -0.005545
    1   -1    4   15   -0.005797
    1   -1    5   15    0.002017
    1   -1    6   15    0.008232
    1   -1    7   15    0.007930
    1   -1    8   15    0.001352
    1   -1    9   15   -0.006778
    1   -1   10   15    0.002592
    1   -1   11   15    0.000310
    1   -1   12   15   -0.019590
    1   -1   13   15   -0.009960
    1   -1   14   15   -0.000732
    1   -1   15   15    0.012920
    1   -1   16   15    0.009960
    1   -1   17   15    0.001302
    1   -1   18   15    0.007082
    1   -1    1   16   -0.003445
    1   -1    2   16   -0.003912
    1   -1    3   16    0.010902
    1   -1    4   16   -0.016792
    1   -1    5   16   -0.001777
    1   -1    6   16   -0.015290
    1   -1    7   16    0.004917
    1   -1    8   16   -0.000150
    1   -1    9   16    0.024250
    1   -1   10   16   -0.026333
    1   -1   11   16   -0.003195
    1   -1   12   16   -0.002805
    1   -1   13   16    0.008757
    1   -1   14   16   -0.000025
    1   -1   15   16    0.021988
    1   -1   16   16   -0.005955
    1   -1   17   16   -0.003520
    1   -1   18   16    0.003190
    1   -1    1   17    0.002367
    1   -1    2   17    0.001650
    1   -1    3   17    0.007112
    1   -1    4   17   -0.002158
    1   -1    5   17    0.002648
    1   -1    6   17    0.000930
    1   -1    7   17    0.001000
    1   -1    8   17    0.000500
    1   -1    9   17   -0.010897
    1   -1   10   17    0.000285
    1   -1   11   17   -0.003297
    1   -1   12   17   -0.017600
    1   -1   13   17   -0.013665
    1   -1   14   17    0.001500
    1   -1   15   17    0.013767
    1   -1   16   17   -0.000322
    1   -1   17   17   -0.000215
    1   -1   18   17   -0.003492
    1   -1    1   18    0.006470
    1   -1    2   18    0.007200
    1   -1    3   18   -0.015402
    1   -1    4   18   -0.027998
    1   -1    5   18   -0.003200
    1   -1    6   18   -0.029237
    1   -1    7   18   -0.005010
    1   -1    8   18   -0.006358
    1   -1    9   18    0.011185
    1   -1   10   18    0.044755
    1   -1   11   18    0.007565
    1   -1   12   18    0.149835
    1   -1   13   18   -0.043027
    1   -1   14   18   -0.006355
    1   -1   15   18   -0.029458
    1   -1   16   18    0.022240
    1   -1   17   18   -0.016167
    1   -1   18   18    0.017315
   -1    0    1    1   -0.261085
   -1    0    2    1   -0.000080
   -1    0    3    1   -0.057923
   -1    0    4    1    0.017735
   -1    0    5    1    0.021250
   -1    0    6    1   -0.002805
   -1    0    7    1    0.017012
   -1    0    8    1   -0.022252
   -1    0    9    1    0.008715
   -1    0   10    1    0.045700
   -1    0   11    1    0.005360
   -1    0   12    1    0.011477
   -1    0   13    1   -0.010430
   -1    0   14    1    0.043083
   -1    0   15    1    0.008570
   -1    0   16    1    0.015155
   -1    0   17    1   -0.016510
   -1    0   18    1   -0.021875
   -1    0    1    2    0.122773
   -1    0    2    2   -0.000432
   -1    0    3    2   -0.270565
   -1    0    4    2   -0.005482
   -1    0    5    2    0.015048
   -1    0    6    2    0.002435
   -1    0    7    2    0.054883
   -1    0    8    2    0.626542
   -1    0    9    2    0.059610
   -1    0   10    2   -0.378078
   -1    0   11    2    0.009410
   -1    0   12    2   -0.010532
   -1    0   13    2    0.000497
   -1    0   14    2    0.037498
   -1    0   15    2   -0.056675
   -1    0   16    2   -0.036682
   -1    0   17    2    1.368240
   -1    0   18    2    0.180865
   -1    0    1    3    0.402415
   -1    0    2    3    0.014327
   -1    0    3    3    0.072695
   -1    0    4    3   -0.022227
   -1    0    5    3    0.086957
   -1    0    6    3    0.016663
   -1    0    7    3    0.458635
   -1    0    8    3    0.031040
   -1    0    9    3   -0.030082
   -1    0   10    3   -0.132527
   -1    0   11    3   -0.013640
   -1    0   12    3    0.012985
   -1    0   13    3   -0.021465
   -1    0   14    3    0.150220
   -1    0   15    3    0.107787
   -1    0   16    3    0.207455
   -1    0   17    3    0.235385
   -1    0   18    3   -0.746073
   -1    0    1    4    1.288825
   -1    0    2    4    0.080082
   -1    0    3    4   -0.015557
   -1    0    4    4    0.128197
   -1    0    5    4   -0.036687
   -1    0    6    4   -0.003052
   -1    0    7    4    0.518667
   -1    0    8    4   -0.609250
   -1    0    9    4   -1.084180
   -1    0   10    4   -0.249262
   -1    0   11    4    0.035067
   -1    0   12    4    0.013040
   -1    0   13    4   -0.033532
   -1    0   14    4   -0.643535
   -1    0   15    4    0.112012
   -1    0   16    4   -0.090490
   -1    0   17    4   -3.052472
   -1    0   18    4   -0.898960
   -1    0    1    5   -0.126815
   -1    0    2    5    0.004387
   -1    0    3    5    0.045370
   -1    0    4    5    0.008255
   -1    0    5    5   -0.007170
   -1    0    6    5    0.001373
   -1    0    7    5    0.041490
   -1    0    8    5    0.055755
   -1    0    9    5   -0.006933
   -1    0   10    5   -0.098088
   -1    0   11    5    0.001648
   -1    0   12    5   -0.004465
   -1    0   13    5    0.018737
   -1    0   14    5   -0.015130
   -1    0   15    5    0.008875
   -1    0   16    5   -0.005815
   -1    0   17    5   -0.087572
   -1    0   18    5    0.040680
   -1    0    1    6    0.641720
   -1    0    2    6   -0.089427
   -1    0    3    6    0.438645
   -1    0    4    6   -1.695288
   -1    0    5    6   -0.289268
   -1    0    6    6   -0.076875
   -1    0    7    6   -1.115940
   -1    0    8    6   -0.130355
   -1    0    9    6    0.039192
   -1    0   10    6   -0.688688
   -1    0   11    6   -0.003342
   -1    0   12    6   -0.010375
   -1    0   13    6    0.098808
   -1    0   14    6   -0.372357
   -1    0   15    6    0.162350
   -1    0   16    6    0.854660
   -1    0   17    6   -0.091105
   -1    0   18    6    0.703037
   -1    0    1    7    0.174918
   -1    0    2    7   -0.020015
   -1    0    3    7    0.216130
   -1    0    4    7   -0.169495
   -1    0    5    7   -0.022375
   -1    0    6    7    0.013332
   -1    0    7    7    0.244290
   -1    0    8    7   -0.015343
   -1    0    9    7    0.070255
   -1    0   10    7   -0.486330
   -1    0   11    7   -0.010520
   -1    0   12    7    0.020285
   -1    0   13    7    0.028962
   -1    0   14    7   -0.159497
   -1    0   15    7   -0.125180
   -1    0   16    7    0.052175
   -1    0   17    7    0.043552
   -1    0   18    7    0.334998
   -1    0    1    8    0.011345
   -1    0    2    8    0.000695
   -1    0    3    8   -0.000862
   -1    0    4    8    0.001405
   -1    0    5    8    0.001945
   -1    0    6    8    0.001755
   -1    0    7    8    0.002437
   -1    0    8    8   -0.003795
   -1    0    9    8   -0.003490
   -1    0   10    8    0.003593
   -1    0   11    8    0.001907
   -1    0   12    8   -0.001888
   -1    0   13    8   -0.001305
   -1    0   14    8   -0.001980
   -1    0   15    8    0.000332
   -1    0   16    8   -0.005660
   -1    0   17    8   -0.011165
   -1    0   18    8   -0.026395
   -1    0    1    9   -0.988142
   -1    0    2    9   -0.024015
   -1    0    3    9    1.326607
   -1    0    4    9    0.061820
   -1    0    5    9   -0.037547
   -1    0    6    9   -0.028290
   -1    0    7    9   -0.447555
   -1    0    8    9   -0.056200
   -1    0    9    9   -0.071578
   -1    0   10    9    1.298687
   -1    0   11    9   -0.083277
   -1    0   12    9    0.026382
   -1    0   13    9   -0.089907
   -1    0   14    9   -0.011577
   -1    0   15    9    0.097958
   -1    0   16    9    0.144202
   -1    0   17    9    0.417840
   -1    0   18    9    0.170985
   -1    0    1   10    0.485290
   -1    0    2   10    0.083660
   -1    0    3   10   -0.100970
   -1    0    4   10    0.335675
   -1    0    5   10    0.542185
   -1    0    6   10   -0.007630
   -1    0    7   10    1.471595
   -1    0    8   10   -0.342518
   -1    0    9   10   -0.887210
   -1    0   10   10    0.355347
   -1    0   11   10   -0.072755
   -1    0   12   10    0.255430
   -1    0   13   10   -0.322150
   -1    0   14   10    0.692095
   -1    0   15   10    0.894625
   -1    0   16   10   -0.128890
   -1    0   17   10   -1.263478
   -1    0   18   10   -2.481148
   -1    0    1   11   -0.335880
   -1    0    2   11   -0.002817
   -1    0    3   11    0.075692
   -1    0    4   11   -0.010697
   -1    0    5   11    0.003720
   -1    0    6   11   -0.005012
   -1    0    7   11   -0.137252
   -1    0    8   11   -0.156512
   -1    0    9   11    0.045623
   -1    0   10   11    0.072575
   -1    0   11   11    0.006085
   -1    0   12   11   -0.003215
   -1    0   13   11   -0.002227
   -1    0   14   11    0.031427
   -1    0   15   11   -0.038030
   -1    0   16   11   -0.084638
   -1    0   17   11    0.496257
   -1    0   18   11    0.128172
   -1    0    1   12    0.466507
   -1    0    2   12   -0.236410
   -1    0    3   12    0.576202
   -1    0    4   12   -0.073597
   -1    0    5   12   -0.276695
   -1    0    6   12   -0.007225
   -1    0    7   12   -1.325325
   -1    0    8   12   -0.144707
   -1    0    9   12    0.801625
   -1    0   10   12   -0.574827
   -1    0   11   12   -0.148698
   -1    0   12   12   -0.027915
   -1    0   13   12   -0.222667
   -1    0   14   12    0.067940
   -1    0   15   12   -0.540350
   -1    0   16   12    1.005482
   -1    0   17   12   -0.888535
   -1    0   18   12   -1.299673
   -1    0    1   13    0.586562
   -1    0    2   13   -0.074257
   -1    0    3   13    0.174865
   -1    0    4   13    0.767482
   -1    0    5   13   -0.087557
   -1    0    6   13   -0.046875
   -1    0    7   13    1.037115
   -1    0    8   13    0.607292
   -1    0    9   13    0.489398
   -1    0   10   13    0.543722
   -1    0   11   13    0.025760
   -1    0   12   13    0.089993
   -1    0   13   13   -0.009692
   -1    0   14   13    0.344120
   -1    0   15   13   -0.513705
   -1    0   16   13   -0.644110
   -1    0   17   13    1.581908
   -1    0   18   13   -1.691850
   -1    0    1   14   -0.028063
   -1    0    2   14    0.007962
   -1    0    3   14   -0.003352
   -1    0    4   14    0.035700
   -1    0    5   14    0.019875
   -1    0    6   14    0.005275
   -1    0    7   14    0.118455
   -1    0    8   14    0.030875
   -1    0    9   14   -0.038167
   -1    0   10   14   -0.043315
   -1    0   11   14    0.000448
   -1    0   12   14   -0.005307
   -1    0   13   14    0.012180
   -1    0   14   14    0.005020
   -1    0   15   14    0.034072
   -1    0   16   14    0.040262
   -1    0   17   14    0.018763
   -1    0   18   14   -0.030857
   -1    0    1   15    0.472172
   -1    0    2   15   -0.024512
   -1    0    3   15    0.173840
   -1    0    4   15   -0.265203
   -1    0    5   15    0.071563
   -1    0    6   15    0.006720
   -1    0    7   15    0.776135
   -1    0    8   15    0.022355
   -1    0    9   15   -0.090875
   -1    0   10   15    0.099380
   -1    0   11   15   -0.038475
   -1    0   12   15    0.031582
   -1    0   13   15    0.013777
   -1    0   14   15    0.134270
   -1    0   15   15    0.027330
   -1    0   16   15    0.397505
   -1    0   17   15    0.386065
   -1    0   18   15   -0.356660
   -1    0    1   16    0.010297
   -1    0    2   16    0.007830
   -1    0    3   16    0.164637
   -1    0    4   16    0.284940
   -1    0    5   16   -0.097558
   -1    0    6   16   -0.033540
   -1    0    7   16   -0.775110
   -1    0    8   16   -0.045550
   -1    0    9   16    0.015805
   -1    0   10   16   -0.571802
   -1    0   11   16    0.008580
   -1    0   12   16    0.003135
   -1    0   13   16    0.066045
   -1    0   14   16   -0.443010
   -1    0   15   16   -0.052857
   -1    0   16   16   -0.201088
   -1    0   17   16   -0.189020
   -1    0   18   16    1.236815
   -1    0    1   17    0.071885
   -1    0    2   17   -0.088630
   -1    0    3   17    2.101995
   -1    0    4   17    0.065225
   -1    0    5   17   -0.969512
   -1    0    6   17   -0.009412
   -1    0    7   17    0.043735
   -1    0    8   17   -0.005845
   -1    0    9   17   -0.029765
   -1    0   10   17    0.302515
   -1    0   11   17   -0.045725
   -1    0   12   17   -0.017935
   -1    0   13   17    0.002602
   -1    0   14   17   -3.101890
   -1    0   15   17    0.000612
   -1    0   16   17    0.029518
   -1    0   17   17    0.003608
   -1    0   18   17    1.427427
   -1    0    1   18    0.157285
   -1    0    2   18   -0.028477
   -1    0    3   18   -0.086977
   -1    0    4   18   -0.089380
   -1    0    5   18   -0.085978
   -1    0    6   18   -0.009047
   -1    0    7   18   -0.384922
   -1    0    8   18   -0.032307
   -1    0    9   18    0.141740
   -1    0   10   18    0.194377
   -1    0   11   18    0.001818
   -1    0   12   18    0.007250
   -1    0   13   18   -0.024027
   -1    0   14   18   -0.029142
   -1    0   15   18   -0.152570
   -1    0   16   18   -0.158355
   -1    0   17   18   -0.136157
   -1    0   18   18    0.238260
    0    0    1    1    9.507230
    0    0    2    1   -0.471320
    0    0    3    1   -0.051287
    0    0    4    1    1.522647
    0    0    5    1   -0.556697
    0    0    6    1   -0.044977
    0    0    7    1    0.716838
    0    0    8    1   -0.944757
    0    0    9    1    0.873310
    0    0   10    1   -0.169680
    0    0   11    1   -0.233907
    0    0   12    1    0.112495
    0    0   13    1   -0.048315
    0    0   14    1   -1.741315
    0    0   15    1   -0.853855
    0    0   16    1    0.389402
    0    0   17    1   -2.119435
    0    0   18    1   -0.755252
    0    0    1    2   -0.471320
    0    0    2    2    0.263475
    0    0    3    2   -0.005727
    0    0    4    2    0.328058
    0    0    5    2   -0.275180
    0    0    6    2    0.743460
    0    0    7    2   -0.070757
    0    0    8    2   -0.050863
    0    0    9    2    0.694418
    0    0   10    2    0.088193
    0    0   11    2    0.011030
    0    0   12    2    0.251852
    0    0   13    2    0.033168
    0    0   14    2   -1.051305
    0    0   15    2    0.078335
    0    0   16    2   -0.723290
    0    0   17    2   -1.937600
    0    0   18    2    0.301962
    0    0    1    3   -0.051287
    0    0    2    3   -0.005727
    0    0    3    3   -7.169460
    0    0    4    3   -0.903372
    0    0    5    3    1.191985
    0    0    6    3    0.407717
    0    0    7    3   -0.136768
    0    0    8    3    0.059010
    0    0    9    3    0.809752
    0    0   10    3   -0.388120
    0    0   11    3    0.580470
    0    0   12    3    0.897960
    0    0   13    3    0.559655
    0    0   14    3    1.011450
    0    0   15    3    0.406582
    0    0   16    3    1.383422
    0    0   17    3    0.107237
    0    0   18    3    1.019570
    0    0    1    4    1.522647
    0    0    2    4    0.328058
    0    0    3    4   -0.903372
    0    0    4    4   10.290262
    0    0    5    4    0.133550
    0    0    6    4    0.884320
    0    0    7    4    2.774512
    0    0    8    4    0.026590
    0    0    9    4   -3.575770
    0    0   10    4   -0.920957
    0    0   11    4   -0.003792
    0    0   12    4    0.005908
    0    0   13    4   -0.775170
    0    0   14    4   -0.252440
    0    0   15    4    2.096940
    0    0   16    4    0.691772
    0    0   17    4    0.102165
    0    0   18    4    0.067143
    0    0    1    5   -0.556697
    0    0    2    5   -0.275180
    0    0    3    5    1.191985
    0    0    4    5    0.133550
    0    0    5    5    0.565592
    0    0    6    5    0.133248
    0    0    7    5    0.274015
    0    0    8    5   -0.814905
    0    0    9    5   -2.649952
    0    0   10    5   -0.320290
    0    0   11    5   -0.206780
    0    0   12    5    0.142050
    0    0   13    5    0.102975
    0    0   14    5   -0.489202
    0    0   15    5    0.727768
    0    0   16    5   -0.279963
    0    0   17    5    1.513457
    0    0   18    5    1.397992
    0    0    1    6   -0.044977
    0    0    2    6    0.743460
    0    0    3    6    0.407717
    0    0    4    6    0.884320
    0    0    5    6    0.133248
    0    0    6    6   -0.931902
    0    0    7    6   -1.501683
    0    0    8    6   -0.015335
    0    0    9    6   -2.475775
    0    0   10    6    0.081553
    0    0   11    6   -0.137410
    0    0   12    6    0.258043
    0    0   13    6    1.842590
    0    0   14    6    0.058142
    0    0   15    6    0.573932
    0    0   16    6    0.457622
    0    0   17    6   -0.141825
    0    0   18    6   -0.098920
    0    0    1    7    0.716838
    0    0    2    7   -0.070757
    0    0    3    7   -0.136768
    0    0    4    7    2.774512
    0    0    5    7    0.274015
    0    0    6    7   -1.501683
    0    0    7    7   -1.843670
    0    0    8    7    0.187062
    0    0    9    7    0.123187
    0    0   10    7    0.191412
    0    0   11    7   -0.141172
    0    0   12    7   -0.537485
    0    0   13    7    0.302475
    0    0   14    7   -0.046163
    0    0   15    7    0.680990
    0    0   16    7   -1.973230
    0    0   17    7   -0.092712
    0    0   18    7    0.074965
    0    0    1    8   -0.944757
    0    0    2    8   -0.050863
    0    0    3    8    0.059010
    0    0    4    8    0.026590
    0    0    5    8   -0.814905
    0    0    6    8   -0.015335
    0    0    7    8    0.187062
    0    0    8    8   -0.878442
    0    0    9    8   -0.428607
    0    0   10    8    0.006005
    0    0   11    8    0.498557
    0    0   12    8    0.156380
    0    0   13    8    0.017737
    0    0   14    8    1.026667
    0    0   15    8    0.011100
    0    0   16    8    0.007688
    0    0   17    8   -1.059327
    0    0   18    8    0.203043
    0    0    1    9    0.873310
    0    0    2    9    0.694418
    0    0    3    9    0.809752
    0    0    4    9   -3.575770
    0    0    5    9   -2.649952
    0    0    6    9   -2.475775
    0    0    7    9    0.123187
    0    0    8    9   -0.428607
    0    0    9    9    3.470500
    0    0   10    9    0.751445
    0    0   11    9   -0.633660
    0    0   12    9   -1.063135
    0    0   13    9   -1.793557
    0    0   14    9   -0.373987
    0    0   15    9   -1.377973
    0    0   16    9    1.903970
    0    0   17    9   -0.229138
    0    0   18    9   -0.912743
    0    0    1   10   -0.169680
    0    0    2   10    0.088193
    0    0    3   10   -0.388120
    0    0    4   10   -0.920957
    0    0    5   10   -0.320290
    0    0    6   10    0.081553
    0    0    7   10    0.191412
    0    0    8   10    0.006005
    0    0    9   10    0.751445
    0    0   10   10    1.390347
    0    0   11   10    0.084005
    0    0   12   10   -0.932457
    0    0   13   10   -0.369125
    0    0   14   10   -0.236620
    0    0   15   10   -0.411165
    0    0   16   10    1.739585
    0    0   17   10   -0.095960
    0    0   18   10   -0.503120
    0    0    1   11   -0.233907
    0    0    2   11    0.011030
    0    0    3   11    0.580470
    0    0    4   11   -0.003792
    0    0    5   11   -0.206780
    0    0    6   11   -0.137410
    0    0    7   11   -0.141172
    0    0    8   11    0.498557
    0    0    9   11   -0.633660
    0    0   10   11    0.084005
    0    0   11   11   -0.190925
    0    0   12   11    0.417297
    0    0   13   11   -0.024133
    0    0   14   11   -0.418675
    0    0   15   11   -0.252582
    0    0   16   11   -0.270147
    0    0   17   11   -0.761315
    0    0   18   11    0.508945
    0    0    1   12    0.112495
    0    0    2   12    0.251852
    0    0    3   12    0.897960
    0    0    4   12    0.005908
    0    0    5   12    0.142050
    0    0    6   12    0.258043
    0    0    7   12   -0.537485
    0    0    8   12    0.156380
    0    0    9   12   -1.063135
    0    0   10   12   -0.932457
    0    0   11   12    0.417297
    0    0   12   12   -8.601730
    0    0   13   12   -1.461108
    0    0   14   12    0.013555
    0    0   15   12   -0.623430
    0    0   16   12   -0.011923
    0    0   17   12    1.418717
    0    0   18   12    0.841648
    0    0    1   13   -0.048315
    0    0    2   13    0.033168
    0    0    3   13    0.559655
    0    0    4   13   -0.775170
    0    0    5   13    0.102975
    0    0    6   13    1.842590
    0    0    7   13    0.302475
    0    0    8   13    0.017737
    0    0    9   13   -1.793557
    0    0   10   13   -0.369125
    0    0   11   13   -0.024133
    0    0   12   13   -1.461108
    0    0   13   13    2.319227
    0    0   14   13    0.075880
    0    0   15   13    0.966490
    0    0   16   13   -0.504550
    0    0   17   13    0.012937
    0    0   18   13   -0.010552
    0    0    1   14   -1.741315
    0    0    2   14   -1.051305
    0    0    3   14    1.011450
    0    0    4   14   -0.252440
    0    0    5   14   -0.489202
    0    0    6   14    0.058142
    0    0    7   14   -0.046163
    0    0    8   14    1.026667
    0    0    9   14   -0.373987
    0    0   10   14   -0.236620
    0    0   11   14   -0.418675
    0    0   12   14    0.013555
    0    0   13   14    0.075880
    0    0   14   14   -1.029085
    0    0   15   14    0.189083
    0    0   16   14   -0.356022
    0    0   17   14    1.931495
    0    0   18   14    1.438180
    0    0    1   15   -0.853855
    0    0    2   15    0.078335
    0    0    3   15    0.406582
    0    0    4   15    2.096940
    0    0    5   15    0.727768
    0    0    6   15    0.573932
    0    0    7   15    0.680990
    0    0    8   15    0.011100
    0    0    9   15   -1.377973
    0    0   10   15   -0.411165
    0    0   11   15   -0.252582
    0    0   12   15   -0.623430
    0    0   13   15    0.966490
    0    0   14   15    0.189083
    0    0   15   15    1.591223
    0    0   16   15   -0.367123
    0    0   17   15    0.061365
    0    0   18   15   -0.888808
    0    0    1   16    0.389402
    0    0    2   16   -0.723290
    0    0    3   16    1.383422
    0    0    4   16    0.691772
    0    0    5   16   -0.279963
    0    0    6   16    0.457622
    0    0    7   16   -1.973230
    0    0    8   16    0.007688
    0    0    9   16    1.903970
    0    0   10   16    1.739585
    0    0   11   16   -0.270147
    0    0   12   16   -0.011923
    0    0   13   16   -0.504550
    0    0   14   16   -0.356022
    0    0   15   16   -0.367123
    0    0   16   16   -2.875225
    0    0   17   16   -0.055317
    0    0   18   16    1.218675
    0    0    1   17   -2.119435
    0    0    2   17   -1.937600
    0    0    3   17    0.107237
    0    0    4   17    0.102165
    0    0    5   17    1.513457
    0    0    6   17   -0.141825
    0    0    7   17   -0.092712
    0    0    8   17   -1.059327
    0    0    9   17   -0.229138
    0    0   10   17   -0.095960
    0    0   11   17   -0.761315
    0    0   12   17    1.418717
    0    0   13   17    0.012937
    0    0   14   17    1.931495
    0    0   15   17    0.061365
    0    0   16   17   -0.055317
    0    0   17   17   -1.947317
    0    0   18   17    0.957185
    0    0    1   18   -0.755252
    0    0    2   18    0.301962
    0    0    3   18    1.019570
    0    0    4   18    0.067143
    0    0    5   18    1.397992
    0    0    6   18   -0.098920
    0    0    7   18    0.074965
    0    0    8   18    0.203043
    0    0    9   18   -0.912743
    0    0   10   18   -0.503120
    0    0   11   18    0.508945
    0    0   12   18    0.841648
    0    0   13   18   -0.010552
    0    0   14   18    1.438180
    0    0   15   18   -0.888808
    0    0   16   18    1.218675
    0    0   17   18    0.957185
    0    0   18   18  -12.563935
    1    0    1    1   -0.261085
    1    0    2    1    0.122773
    1    0    3    1    0.402415
    1    0    4    1    1.288825
    1    0    5    1   -0.126815
    1    0    6    1    0.641720
    1    0    7    1    0.174918
    1    0    8    1    0.011345
    1    0    9    1   -0.988142
    1    0   10    1    0.485290
    1    0   11    1   -0.335880
    1    0   12    1    0.466507
    1    0   13    1    0.586562
    1    0   14    1   -0.028063
    1    0   15    1    0.472172
    1    0   16    1    0.010297
    1    0   17    1    0.071885
    1    0   18    1    0.157285
    1    0    1    2   -0.000080
    1    0    2    2   -0.000432
    1    0    3    2    0.014327
    1    0    4    2    0.080082
    1    0    5    2    0.004387
    1    0    6    2   -0.089427
    1    0    7    2   -0.020015
    1    0    8    2    0.000695
    1    0    9    2   -0.024015
    1    0   10    2    0.083660
    1    0   11    2   -0.002817
    1    0   12    2   -0.236410
    1    0   13    2   -0.074257
    1    0   14    2    0.007962
    1    0   15    2   -0.024512
    1    0   16    2    0.007830
    1    0   17    2   -0.088630
    1    0   18    2   -0.028477
    1    0    1    3   -0.057923
    1    0    2    3   -0.270565
    1    0    3    3    0.072695
    1    0    4    3   -0.015557
    1    0    5    3    0.045370
    1    0    6    3    0.438645
    1    0    7    3    0.216130
    1    0    8    3   -0.000862
    1    0    9    3    1.326607
    1    0   10    3   -0.100970
    1    0   11    3    0.075692
    1    0   12    3    0.576202
    1    0   13    3    0.174865
    1    0   14    3   -0.003352
    1    0   15    3    0.173840
    1    0   16    3    0.164637
    1    0   17    3    2.101995
    1    0   18    3   -0.086977
    1    0    1    4    0.017735
    1    0    2    4   -0.005482
    1    0    3    4   -0.022227
    1    0    4    4    0.128197
    1    0    5    4    0.008255
    1    0    6    4   -1.695288
    1    0    7    4   -0.169495
    1    0    8    4    0.001405
    1    0    9    4    0.061820
    1    0   10    4    0.335675
    1    0   11    4   -0.010697
    1    0   12    4   -0.073597
    1    0   13    4    0.767482
    1    0   14    4    0.035700
    1    0   15    4   -0.265203
    1    0   16    4    0.284940
    1    0   17    4    0.065225
    1    0   18    4   -0.089380
    1    0    1    5    0.021250
    1    0    2    5    0.015048
    1    0    3    5    0.086957
    1    0    4    5   -0.036687
    1    0    5    5   -0.007170
    1    0    6    5   -0.289268
    1    0    7    5   -0.022375
    1    0    8    5    0.001945
    1    0    9    5   -0.037547
    1    0   10    5    0.542185
    1    0   11    5    0.003720
    1    0   12    5   -0.276695
    1    0   13    5   -0.087557
    1    0   14    5    0.019875
    1    0   15    5    0.071563
    1    0   16    5   -0.097558
    1    0   17    5   -0.969512
    1    0   18    5   -0.085978
    1    0    1    6   -0.002805
    1    0    2    6    0.002435
    1    0    3    6    0.016663
    1    0    4    6   -0.003052
    1    0    5    6    0.001373
    1    0    6    6   -0.076875
    1    0    7    6    0.013332
    1    0    8    6    0.001755
    1    0    9    6   -0.028290
    1    0   10    6   -0.007630
    1    0   11    6   -0.005012
    1    0   12    6   -0.007225
    1    0   13    6   -0.046875
    1    0   14    6    0.005275
    1    0   15    6    0.006720
    1    0   16    6   -0.033540
    1    0   17    6   -0.009412
    1    0   18    6   -0.009047
    1    0    1    7    0.017012
    1    0    2    7    0.054883
    1    0    3    7    0.458635
    1    0    4    7    0.518667
    1    0    5    7    0.041490
    1    0    6    7   -1.115940
    1    0    7    7    0.244290
    1    0    8    7    0.002437
    1    0    9    7   -0.447555
    1    0   10    7    1.471595
    1    0   11    7   -0.137252
    1    0   12    7   -1.325325
    1    0   13    7    1.037115
    1    0   14    7    0.118455
    1    0   15    7    0.776135
    1    0   16    7   -0.775110
    1    0   17    7    0.043735
    1    0   18    7   -0.384922
    1    0    1    8   -0.022252
    1    0    2    8    0.626542
    1    0    3    8    0.031040
    1    0    4    8   -0.609250
    1    0    5    8    0.055755
    1    0    6    8   -0.130355
    1    0    7    8   -0.015343
    1    0    8    8   -0.003795
    1    0    9    8   -0.056200
    1    0   10    8   -0.342518
    1    0   11    8   -0.156512
    1    0   12    8   -0.144707
    1    0   13    8    0.607292
    1    0   14    8    0.030875
    1    0   15    8    0.022355
    1    0   16    8   -0.045550
    1    0   17    8   -0.005845
    1    0   18    8   -0.032307
    1    0    1    9    0.008715
    1    0    2    9    0.059610
    1    0    3    9   -0.030082
    1    0    4    9   -1.084180
    1    0    5    9   -0.006933
    1    0    6    9    0.039192
    1    0    7    9    0.070255
    1    0    8    9   -0.003490
    1    0    9    9   -0.071578
    1    0   10    9   -0.887210
    1    0   11    9    0.045623
    1    0   12    9    0.801625
    1    0   13    9    0.489398
    1    0   14    9   -0.038167
    1    0   15    9   -0.090875
    1    0   16    9    0.015805
    1    0   17    9   -0.029765
    1    0   18    9    0.141740
    1    0    1   10    0.045700
    1    0    2   10   -0.378078
    1    0    3   10   -0.132527
    1    0    4   10   -0.249262
    1    0    5   10   -0.098088
    1    0    6   10   -0.688688
    1    0    7   10   -0.486330
    1    0    8   10    0.003593
    1    0    9   10    1.298687
    1    0   10   10    0.355347
    1    0   11   10    0.072575
    1    0   12   10   -0.574827
    1    0   13   10    0.543722
    1    0   14   10   -0.043315
    1    0   15   10    0.099380
    1    0   16   10   -0.571802
    1    0   17   10    0.302515
    1    0   18   10    0.194377
    1    0    1   11    0.005360
    1    0    2   11    0.009410
    1    0    3   11   -0.013640
    1    0    4   11    0.035067
    1    0    5   11    0.001648
    1    0    6   11   -0.003342
    1    0    7   11   -0.010520
    1    0    8   11    0.001907
    1    0    9   11   -0.083277
    1    0   10   11   -0.072755
    1    0   11   11    0.006085
    1    0   12   11   -0.148698
    1    0   13   11    0.025760
    1    0   14   11    0.000448
    1    0   15   11   -0.038475
    1    0   16   11    0.008580
    1    0   17   11   -0.045725
    1    0   18   11    0.001818
    1    0    1   12    0.011477
    1    0    2   12   -0.010532
    1    0    3   12    0.012985
    1    0    4   12    0.013040
    1    0    5   12   -0.004465
    1    0    6   12   -0.010375
    1    0    7   12    0.020285
    1    0    8   12   -0.001888
    1    0    9   12    0.026382
    1    0   10   12    0.255430
    1    0   11   12   -0.003215
    1    0   12   12   -0.027915
    1    0   13   12    0.089993
    1    0   14   12   -0.005307
    1    0   15   12    0.031582
    1    0   16   12    0.003135
    1    0   17   12   -0.017935
    1    0   18   12    0.007250
    1    0    1   13   -0.010430
    1    0    2   13    0.000497
    1    0    3   13   -0.021465
    1    0    4   13   -0.033532
    1    0    5   13    0.018737
    1    0    6   13    0.098808
    1    0    7   13    0.028962
    1    0    8   13   -0.001305
    1    0    9   13   -0.089907
    1    0   10   13   -0.322150
    1    0   11   13   -0.002227
    1    0   12   13   -0.222667
    1    0   13   13   -0.009692
    1    0   14   13    0.012180
    1    0   15   13    0.013777
    1    0   16   13    0.066045
    1    0   17   13    0.002602
    1    0   18   13   -0.024027
    1    0    1   14    0.043083
    1    0    2   14    0.037498
    1    0    3   14    0.150220
    1    0    4   14   -0.643535
    1    0    5   14   -0.015130
    1    0    6   14   -0.372357
    1    0    7   14   -0.159497
    1    0    8   14   -0.001980
    1    0    9   14   -0.011577
    1    0   10   14    0.692095
    1    0   11   14    0.031427
    1    0   12   14    0.067940
    1    0   13   14    0.344120
    1    0   14   14    0.005020
    1    0   15   14    0.134270
    1    0   16   14   -0.443010
    1    0   17   14   -3.101890
    1    0   18   14   -0.029142
    1    0    1   15    0.008570
    1    0    2   15   -0.056675
    1    0    3   15    0.107787
    1    0    4   15    0.112012
    1    0    5   15    0.008875
    1    0    6   15    0.162350
    1    0    7   15   -0.125180
    1    0    8   15    0.000332
    1    0    9   15    0.097958
    1    0   10   15    0.894625
    1    0   11   15   -0.038030
    1    0   12   15   -0.540350
    1    0   13   15   -0.513705
    1    0   14   15    0.034072
    1    0   15   15    0.027330
    1    0   16   15   -0.052857
    1    0   17   15    0.000612
    1    0   18   15   -0.152570
    1    0    1   16    0.015155
    1    0    2   16   -0.036682
    1    0    3   16    0.207455
    1    0    4   16   -0.090490
    1    0    5   16   -0.005815
    1    0    6   16    0.854660
    1    0    7   16    0.052175
    1    0    8   16   -0.005660
    1    0    9   16    0.144202
    1    0   10   16   -0.128890
    1    0   11   16   -0.084638
    1    0   12   16    1.005482
    1    0   13   16   -0.644110
    1    0   14   16    0.040262
    1    0   15   16    0.397505
    1    0   16   16   -0.201088
    1    0   17   16    0.029518
    1    0   18   16   -0.158355
    1    0    1   17   -0.016510
    1    0    2   17    1.368240
    1    0    3   17    0.235385
    1    0    4   17   -3.052472
    1    0    5   17   -0.087572
    1    0    6   17   -0.091105
    1    0    7   17    0.043552
    1    0    8   17   -0.011165
    1    0    9   17    0.417840
    1    0   10   17   -1.263478
    1    0   11   17    0.496257
    1    0   12   17   -0.888535
    1    0   13   17    1.581908
    1    0   14   17    0.018763
    1    0   15   17    0.386065
    1    0   16   17   -0.189020
    1    0   17   17    0.003608
    1    0   18   17   -0.136157
    1    0    1   18   -0.021875
    1    0    2   18    0.180865
    1    0    3   18   -0.746073
    1    0    4   18   -0.898960
    1    0    5   18    0.040680
    1    0    6   18    0.703037
    1    0    7   18    0.334998
    1    0    8   18   -0.026395
    1    0    9   18    0.170985
    1    0   10   18   -2.481148
    1    0   11   18    0.128172
    1    0   12   18   -1.299673
    1    0   13   18   -1.691850
    1    0   14   18   -0.030857
    1    0   15   18   -0.356660
    1    0   16   18    1.236815
    1    0   17   18    1.427427
    1    0   18   18    0.238260
   -1    1    1    1    0.011645
   -1    1    2    1    0.004355
   -1    1    3    1   -0.004732
   -1    1    4    1    0.000920
   -1    1    5    1    0.002752
   -1    1    6    1    0.002107
   -1    1    7    1   -0.001205
   -1    1    8    1    0.000538
   -1    1    9    1   -0.016538
   -1    1   10    1   -0.002905
   -1    1   11    1    0.001997
   -1    1   12    1    0.003365
   -1    1   13    1   -0.004035
   -1    1   14    1   -0.003760
   -1    1   15    1   -0.001375
   -1    1   16    1   -0.003445
   -1    1   17    1    0.002367
   -1    1   18    1    0.006470
   -1    1    1    2    0.023217
   -1    1    2    2    0.000198
   -1    1    3    2   -0.001015
   -1    1    4    2    0.007173
   -1    1    5    2    0.000610
   -1    1    6    2    0.002437
   -1    1    7    2    0.007227
   -1    1    8    2    0.002002
   -1    1    9    2    0.000788
   -1    1   10    2   -0.001685
   -1    1   11    2    0.000115
   -1    1   12    2    0.000375
   -1    1   13    2    0.002822
   -1    1   14    2   -0.003130
   -1    1   15    2    0.002545
   -1    1   16    2   -0.003912
   -1    1   17    2    0.001650
   -1    1   18    2    0.007200
   -1    1    1    3   -0.007485
   -1    1    2    3   -0.000240
   -1    1    3    3    0.006345
   -1    1    4    3   -0.006047
   -1    1    5    3    0.000300
   -1    1    6    3    0.006467
   -1    1    7    3    0.023160
   -1    1    8    3    0.000542
   -1    1    9    3    0.007477
   -1    1   10    3   -0.002305
   -1    1   11    3   -0.000805
   -1    1   12    3    0.011075
   -1    1   13    3   -0.006848
   -1    1   14    3    0.006320
   -1    1   15    3   -0.005545
   -1    1   16    3    0.010902
   -1    1   17    3    0.007112
   -1    1   18    3   -0.015402
   -1    1    1    4    0.002825
   -1    1    2    4   -0.006575
   -1    1    3    4   -0.031250
   -1    1    4    4    0.010278
   -1    1    5    4   -0.000820
   -1    1    6    4    0.014047
   -1    1    7    4   -0.003752
   -1    1    8    4   -0.024803
   -1    1    9    4    0.042068
   -1    1   10    4   -0.011137
   -1    1   11    4    0.002625
   -1    1   12    4    0.011680
   -1    1   13    4    0.001830
   -1    1   14    4    0.011272
   -1    1   15    4   -0.005797
   -1    1   16    4   -0.016792
   -1    1   17    4   -0.002158
   -1    1   18    4   -0.027998
   -1    1    1    5    0.010330
   -1    1    2    5    0.000098
   -1    1    3    5    0.000552
   -1    1    4    5    0.002465
   -1    1    5    5    0.000855
   -1    1    6    5    0.004220
   -1    1    7    5    0.005905
   -1    1    8    5    0.000718
   -1    1    9    5    0.000530
   -1    1   10    5   -0.002797
   -1    1   11    5    0.000625
   -1    1   12    5    0.002120
   -1    1   13    5    0.001795
   -1    1   14    5   -0.000757
   -1    1   15    5    0.002017
   -1    1   16    5   -0.001777
   -1    1   17    5    0.002648
   -1    1   18    5   -0.003200
   -1    1    1    6    0.045712
   -1    1    2    6    0.007122
   -1    1    3    6   -0.010218
   -1    1    4    6    0.018695
   -1    1    5    6    0.002040
   -1    1    6    6   -0.007867
   -1    1    7    6    0.027532
   -1    1    8    6   -0.000417
   -1    1    9    6   -0.008830
   -1    1   10    6    0.007668
   -1    1   11    6    0.001892
   -1    1   12    6    0.003972
   -1    1   13    6    0.008170
   -1    1   14    6    0.004810
   -1    1   15    6    0.008232
   -1    1   16    6   -0.015290
   -1    1   17    6    0.000930
   -1    1   18    6   -0.029237
   -1    1    1    7    0.019238
   -1    1    2    7   -0.000565
   -1    1    3    7    0.003412
   -1    1    4    7    0.013525
   -1    1    5    7   -0.000657
   -1    1    6    7    0.004185
   -1    1    7    7    0.013085
   -1    1    8    7    0.000755
   -1    1    9    7    0.011305
   -1    1   10    7    0.008270
   -1    1   11    7    0.000430
   -1    1   12    7    0.011705
   -1    1   13    7    0.004390
   -1    1   14    7   -0.001215
   -1    1   15    7    0.007930
   -1    1   16    7    0.004917
   -1    1   17    7    0.001000
   -1    1   18    7   -0.005010
   -1    1    1    8   -0.008390
   -1    1    2    8   -0.000365
   -1    1    3    8   -0.004070
   -1    1    4    8    0.005732
   -1    1    5    8    0.001370
   -1    1    6    8    0.000287
   -1    1    7    8    0.000195
   -1    1    8    8   -0.000015
   -1    1    9    8    0.001133
   -1    1   10    8   -0.005205
   -1    1   11    8    0.000520
   -1    1   12    8   -0.000010
   -1    1   13    8    0.002100
   -1    1   14    8   -0.001420
   -1    1   15    8    0.001352
   -1    1   16    8   -0.000150
   -1    1   17    8    0.000500
   -1    1   18    8   -0.006358
   -1    1    1    9   -0.095102
   -1    1    2    9   -0.001877
   -1    1    3    9   -0.018930
   -1    1    4    9   -0.027967
   -1    1    5    9   -0.003445
   -1    1    6    9   -0.021230
   -1    1    7    9   -0.030592
   -1    1    8    9   -0.000178
   -1    1    9    9   -0.003023
   -1    1   10    9    0.017787
   -1    1   11    9   -0.002240
   -1    1   12    9    0.005520
   -1    1   13    9   -0.012438
   -1    1   14    9    0.006452
   -1    1   15    9   -0.006778
   -1    1   16    9    0.024250
   -1    1   17    9   -0.010897
   -1    1   18    9    0.011185
   -1    1    1   10   -0.018970
   -1    1    2   10    0.001910
   -1    1    3   10   -0.035787
   -1    1    4   10   -0.025215
   -1    1    5   10    0.001322
   -1    1    6   10   -0.007180
   -1    1    7   10   -0.011130
   -1    1    8   10    0.001652
   -1    1    9   10    0.000015
   -1    1   10   10    0.013342
   -1    1   11   10   -0.000580
   -1    1   12   10   -0.001548
   -1    1   13   10   -0.017990
   -1    1   14   10   -0.010332
   -1    1   15   10    0.002592
   -1    1   16   10   -0.026333
   -1    1   17   10    0.000285
   -1    1   18   10    0.044755
   -1    1    1   11   -0.000182
   -1    1    2   11    0.000572
   -1    1    3   11   -0.001070
   -1    1    4   11    0.001118
   -1    1    5   11   -0.000560
   -1    1    6   11   -0.000242
   -1    1    7   11   -0.003713
   -1    1    8   11   -0.000277
   -1    1    9   11   -0.000770
   -1    1   10   11   -0.002867
   -1    1   11   11    0.000325
   -1    1   12   11    0.000402
   -1    1   13   11    0.001705
   -1    1   14   11   -0.002917
   -1    1   15   11    0.000310
   -1    1   16   11   -0.003195
   -1    1   17   11   -0.003297
   -1    1   18   11    0.007565
   -1    1    1   12    0.010365
   -1    1    2   12   -0.007302
   -1    1    3   12   -0.037187
   -1    1    4   12   -0.018985
   -1    1    5   12   -0.013635
   -1    1    6   12   -0.015647
   -1    1    7   12   -0.044163
   -1    1    8   12   -0.005930
   -1    1    9   12    0.023762
   -1    1   10   12    0.060712
   -1    1   11   12   -0.004210
   -1    1   12   12    0.004202
   -1    1   13   12   -0.021522
   -1    1   14   12   -0.011042
   -1    1   15   12   -0.019590
   -1    1   16   12   -0.002805
   -1    1   17   12   -0.017600
   -1    1   18   12    0.149835
   -1    1    1   13    0.060782
   -1    1    2   13   -0.004632
   -1    1    3   13   -0.002775
   -1    1    4   13    0.046232
   -1    1    5   13    0.003597
   -1    1    6   13    0.006825
   -1    1    7   13   -0.007443
   -1    1    8   13   -0.013100
   -1    1    9   13    0.017323
   -1    1   10   13    0.010077
   -1    1   11   13    0.001337
   -1    1   12   13    0.022675
   -1    1   13   13   -0.006723
   -1    1   14   13    0.006522
   -1    1   15   13   -0.009960
   -1    1   16   13    0.008757
   -1    1   17   13   -0.013665
   -1    1   18   13   -0.043027
   -1    1    1   14   -0.000747
   -1    1    2   14    0.000253
   -1    1    3   14    0.000550
   -1    1    4   14    0.003797
   -1    1    5   14    0.000525
   -1    1    6   14    0.000437
   -1    1    7   14    0.000930
   -1    1    8   14    0.000245
   -1    1    9   14   -0.000212
   -1    1   10   14    0.001535
   -1    1   11   14    0.000605
   -1    1   12   14    0.001548
   -1    1   13   14    0.000075
   -1    1   14   14    0.001507
   -1    1   15   14   -0.000732
   -1    1   16   14   -0.000025
   -1    1   17   14    0.001500
   -1    1   18   14   -0.006355
   -1    1    1   15    0.022832
   -1    1    2   15   -0.004820
   -1    1    3   15   -0.015640
   -1    1    4   15    0.012825
   -1    1    5   15    0.003985
   -1    1    6   15    0.010738
   -1    1    7   15    0.041760
   -1    1    8   15    0.001705
   -1    1    9   15    0.012533
   -1    1   10   15    0.017930
   -1    1   11   15   -0.000987
   -1    1   12   15    0.013367
   -1    1   13   15   -0.000970
   -1    1   14   15    0.012717
   -1    1   15   15    0.012920
   -1    1   16   15    0.021988
   -1    1   17   15    0.013767
   -1    1   18   15   -0.029458
   -1    1    1   16   -0.024400
   -1    1    2   16    0.000065
   -1    1    3   16   -0.007180
   -1    1    4   16   -0.005477
   -1    1    5   16   -0.000137
   -1    1    6   16   -0.013025
   -1    1    7   16    0.008483
   -1    1    8   16    0.003225
   -1    1    9   16   -0.009860
   -1    1   10   16   -0.001865
   -1    1   11   16   -0.002442
   -1    1   12   16   -0.009697
   -1    1   13   16    0.004012
   -1    1   14   16   -0.002900
   -1    1   15   16    0.009960
   -1    1   16   16   -0.005955
   -1    1   17   16   -0.000322
   -1    1   18   16    0.022240
   -1    1    1   17    0.007530
   -1    1    2   17    0.001127
   -1    1    3   17   -0.000847
   -1    1    4   17    0.005803
   -1    1    5   17    0.004032
   -1    1    6   17   -0.000067
   -1    1    7   17    0.004730
   -1    1    8   17    0.000278
   -1    1    9   17   -0.001373
   -1    1   10   17    0.000058
   -1    1   11   17    0.001693
   -1    1   12   17    0.000625
   -1    1   13   17    0.003185
   -1    1   14   17    0.000612
   -1    1   15   17    0.001302
   -1    1   16   17   -0.003520
   -1    1   17   17   -0.000215
   -1    1   18   17   -0.016167
   -1    1    1   18    0.008657
   -1    1    2   18   -0.005758
   -1    1    3   18    0.016552
   -1    1    4   18   -0.010053
   -1    1    5   18   -0.000355
   -1    1    6   18   -0.001187
   -1    1    7   18   -0.001740
   -1    1    8   18   -0.000565
   -1    1    9   18    0.010925
   -1    1   10   18   -0.005420
   -1    1   11   18   -0.002322
   -1    1   12   18   -0.018710
   -1    1   13   18    0.007825
   -1    1   14   18   -0.005298
   -1    1   15   18    0.007082
   -1    1   16   18    0.003190
   -1    1   17   18   -0.003492
   -1    1   18   18    0.017315
    0    1    1    1   -0.124305
    0    1    2    1   -0.005665
    0    1    3    1   -0.000742
    0    1    4    1    0.005075
    0    1    5    1    0.007265
    0    1    6    1    0.003693
    0    1    7    1    0.047350
    0    1    8    1   -0.036705
    0    1    9    1    0.033232
    0    1   10    1    0.000422
    0    1   11    1    0.000260
    0    1   12    1    0.001780
    0    1   13    1   -0.000288
    0    1   14    1    0.016685
    0    1   15    1    0.009893
    0    1   16    1    0.023767
    0    1   17    1    0.011972
    0    1   18    1   -0.018798
    0    1    1    2    0.101170
    0    1    2    2   -0.000202
    0    1    3    2   -0.017622
    0    1    4    2    0.033127
    0    1    5    2   -0.009540
    0    1    6    2    0.003812
    0    1    7    2   -0.005768
    0    1    8    2    0.061538
    0    1    9    2    0.023077
    0    1   10    2    0.002285
    0    1   11    2   -0.005118
    0    1   12    2    0.005540
    0    1   13    2    0.016297
    0    1   14    2   -0.009073
    0    1   15    2    0.020483
    0    1   16    2   -0.008323
    0    1   17    2   -0.009720
    0    1   18    2    0.039050
    0    1    1    3    0.113947
    0    1    2    3   -0.015547
    0    1    3    3    0.018098
    0    1    4    3    0.017892
    0    1    5    3   -0.024630
    0    1    6    3    0.030807
    0    1    7    3    0.030822
    0    1    8    3    0.081885
    0    1    9    3    0.128600
    0    1   10    3   -0.096737
    0    1   11    3   -0.007525
    0    1   12    3   -0.054640
    0    1   13    3   -0.017977
    0    1   14    3    0.010897
    0    1   15    3    0.035312
    0    1   16    3   -0.041185
    0    1   17    3    0.023272
    0    1   18    3   -0.144417
    0    1    1    4   -0.051353
    0    1    2    4    0.046322
    0    1    3    4   -0.001128
    0    1    4    4   -0.030295
    0    1    5    4    0.053300
    0    1    6    4    0.007342
    0    1    7    4   -0.084685
    0    1    8    4   -0.077692
    0    1    9    4   -0.377170
    0    1   10    4   -0.000370
    0    1   11    4    0.030345
    0    1   12    4    0.053112
    0    1   13    4   -0.014285
    0    1   14    4    0.004773
    0    1   15    4   -0.025135
    0    1   16    4   -0.015097
    0    1   17    4   -0.009357
    0    1   18    4    0.020748
    0    1    1    5    0.029138
    0    1    2    5   -0.001060
    0    1    3    5   -0.009598
    0    1    4    5    0.006922
    0    1    5    5   -0.003660
    0    1    6    5    0.005030
    0    1    7    5    0.000710
    0    1    8    5   -0.017530
    0    1    9    5    0.010732
    0    1   10    5    0.001718
    0    1   11    5   -0.000698
    0    1   12    5   -0.004505
    0    1   13    5    0.005577
    0    1   14    5   -0.003647
    0    1   15    5    0.009560
    0    1   16    5   -0.008847
    0    1   17    5    0.004193
    0    1   18    5    0.010782
    0    1    1    6    0.152902
    0    1    2    6   -0.013285
    0    1    3    6   -0.027502
    0    1    4    6    0.026255
    0    1    5    6   -0.011610
    0    1    6    6    0.015760
    0    1    7    6    0.061567
    0    1    8    6    0.001917
    0    1    9    6    0.027310
    0    1   10    6    0.017812
    0    1   11    6    0.001182
    0    1   12    6    0.003402
    0    1   13    6    0.005313
    0    1   14    6    0.001150
    0    1   15    6    0.007588
    0    1   16    6   -0.038073
    0    1   17    6    0.006987
    0    1   18    6    0.014617
    0    1    1    7   -0.221202
    0    1    2    7   -0.007575
    0    1    3    7    0.036512
    0    1    4    7   -0.056787
    0    1    5    7   -0.008955
    0    1    6    7    0.021015
    0    1    7    7   -0.052218
    0    1    8    7    0.004665
    0    1    9    7    0.017837
    0    1   10    7   -0.024320
    0    1   11    7   -0.001095
    0    1   12    7    0.014575
    0    1   13    7    0.002455
    0    1   14    7   -0.004260
    0    1   15    7   -0.016642
    0    1   16    7    0.024390
    0    1   17    7   -0.000187
    0    1   18    7   -0.014285
    0    1    1    8    0.033780
    0    1    2    8    0.015612
    0    1    3    8    1.204533
    0    1    4    8    0.033460
    0    1    5    8    0.884512
    0    1    6    8   -0.007070
    0    1    7    8    0.043137
    0    1    8    8   -0.006467
    0    1    9    8   -0.015330
    0    1   10    8    0.126900
    0    1   11    8    0.015310
    0    1   12    8   -0.049492
    0    1   13    8   -0.002745
    0    1   14    8   -1.360555
    0    1   15    8   -0.047472
    0    1   16    8    0.011283
    0    1   17    8   -0.003082
    0    1   18    8    1.146385
    0    1    1    9   -0.575970
    0    1    2    9   -0.009627
    0    1    3    9    0.077687
    0    1    4    9   -0.188807
    0    1    5    9    0.021840
    0    1    6    9   -0.037742
    0    1    7    9   -0.031602
    0    1    8    9   -0.006193
    0    1    9    9    0.029155
    0    1   10    9   -0.036655
    0    1   11    9    0.012450
    0    1   12    9   -0.002845
    0    1   13    9   -0.056112
    0    1   14    9    0.004390
    0    1   15    9   -0.089237
    0    1   16    9    0.047345
    0    1   17    9   -0.001402
    0    1   18    9   -0.099560
    0    1    1   10    0.141552
    0    1    2   10   -0.004610
    0    1    3   10   -0.087215
    0    1    4   10    0.001602
    0    1    5   10   -0.029337
    0    1    6   10   -0.052960
    0    1    7   10   -0.085957
    0    1    8   10    0.026398
    0    1    9   10    0.058850
    0    1   10   10    0.063317
    0    1   11   10   -0.001437
    0    1   12   10    0.041277
    0    1   13   10    0.029445
    0    1   14   10   -0.032512
    0    1   15   10    0.005082
    0    1   16   10   -0.072228
    0    1   17   10   -0.011307
    0    1   18   10    0.102447
    0    1    1   11   -0.080427
    0    1    2   11    0.008185
    0    1    3   11    0.007797
    0    1    4   11    0.016495
    0    1    5   11   -0.001443
    0    1    6   11   -0.002155
    0    1    7   11    0.029900
    0    1    8   11   -0.547115
    0    1    9   11   -0.061193
    0    1   10   11    0.000135
    0    1   11   11    0.004377
    0    1   12   11    0.003985
    0    1   13   11    0.010843
    0    1   14   11    0.012640
    0    1   15   11    0.002390
    0    1   16   11   -0.005397
    0    1   17   11    0.072060
    0    1   18   11    0.007105
    0    1    1   12   -0.069795
    0    1    2   12    0.012293
    0    1    3   12   -0.186215
    0    1    4   12   -0.202905
    0    1    5   12    0.191502
    0    1    6   12   -0.042097
    0    1    7   12    0.148055
    0    1    8   12    0.010712
    0    1    9   12    0.019492
    0    1   10   12    0.078183
    0    1   11   12    0.001850
    0    1   12   12    0.052295
    0    1   13   12   -0.087380
    0    1   14   12   -0.028472
    0    1   15   12   -0.050632
    0    1   16   12   -0.027838
    0    1   17   12   -0.032475
    0    1   18   12    0.417263
    0    1    1   13   -0.154018
    0    1    2   13   -0.000835
    0    1    3   13    0.066507
    0    1    4   13   -0.044275
    0    1    5   13    0.035630
    0    1    6   13    0.042025
    0    1    7   13    0.202387
    0    1    8   13   -0.056505
    0    1    9   13    0.008147
    0    1   10   13   -0.003390
    0    1   11   13    0.001105
    0    1   12   13    0.072220
    0    1   13   13   -0.077470
    0    1   14   13    0.019090
    0    1   15   13   -0.044863
    0    1   16   13    0.128925
    0    1   17   13    0.008890
    0    1   18   13   -0.116073
    0    1    1   14    0.047490
    0    1    2   14    0.000037
    0    1    3   14   -0.003270
    0    1    4   14    0.015447
    0    1    5   14    0.002430
    0    1    6   14    0.003300
    0    1    7   14    0.021505
    0    1    8   14   -0.018392
    0    1    9   14    0.003370
    0    1   10   14    0.007795
    0    1   11   14    0.000412
    0    1   12   14    0.001640
    0    1   13   14    0.001388
    0    1   14   14    0.003560
    0    1   15   14    0.000110
    0    1   16   14    0.006775
    0    1   17   14    0.013797
    0    1   18   14   -0.006880
    0    1    1   15   -0.842108
    0    1    2   15    0.000263
    0    1    3   15    0.011028
    0    1    4   15   -0.202905
    0    1    5   15   -0.039502
    0    1    6   15    0.063187
    0    1    7   15   -0.200900
    0    1    8   15   -0.032572
    0    1    9   15    0.034278
    0    1   10   15   -0.153042
    0    1   11   15   -0.000795
    0    1   12   15   -0.007673
    0    1   13   15   -0.031740
    0    1   14   15   -0.008452
    0    1   15   15   -0.008405
    0    1   16   15   -0.000770
    0    1   17   15    0.047868
    0    1   18   15   -0.081065
    0    1    1   16   -0.431900
    0    1    2   16    0.014780
    0    1    3   16    0.114563
    0    1    4   16   -0.113922
    0    1    5   16   -0.007877
    0    1    6   16   -0.083305
    0    1    7   16    0.033345
    0    1    8   16    0.011562
    0    1    9   16   -0.007920
    0    1   10   16   -0.154938
    0    1   11   16   -0.002720
    0    1   12   16   -0.000628
    0    1   13   16    0.040990
    0    1   14   16   -0.013243
    0    1   15   16   -0.002345
    0    1   16   16   -0.037663
    0    1   17   16    0.005650
    0    1   18   16   -0.206368
    0    1    1   17    0.070875
    0    1    2   17   -0.003600
    0    1    3   17    0.021627
    0    1    4   17    0.029540
    0    1    5   17   -0.021305
    0    1    6   17    0.006805
    0    1    7   17    0.001553
    0    1    8   17    0.004778
    0    1    9   17   -0.010012
    0    1   10   17    0.000062
    0    1   11   17   -0.001045
    0    1   12   17   -0.011942
    0    1   13   17    0.013455
    0    1   14   17    0.002250
    0    1   15   17    0.006400
    0    1   16   17    0.010250
    0    1   17   17    0.010708
    0    1   18   17   -0.046527
    0    1    1   18   -0.054717
    0    1    2   18   -0.001145
    0    1    3   18   -0.070740
    0    1    4   18   -0.019900
    0    1    5   18   -0.030128
    0    1    6   18   -0.020813
    0    1    7   18   -0.099685
    0    1    8   18    0.003257
    0    1    9   18    0.010185
    0    1   10   18    0.009012
    0    1   11   18   -0.005332
    0    1   12   18   -0.012472
    0    1   13   18    0.008672
    0    1   14   18   -0.012977
    0    1   15   18   -0.020515
    0    1   16   18   -0.031562
    0    1   17   18   -0.023765
    0    1   18   18    0.105977
    1    1    1    1   -0.098220
    1    1    2    1   -0.074900
    1    1    3    1    0.025415
    1    1    4    1    0.062710
    1    1    5    1   -0.068972
    1    1    6    1    0.064810
    1    1    7    1   -0.002150
    1    1    8    1   -0.014190
    1    1    9    1    0.215280
    1    1   10    1    0.010943
    1    1   11    1   -0.018388
    1    1   12    1   -0.010717
    1    1   13    1   -0.029185
    1    1   14    1    0.012523
    1    1   15    1   -0.010565
    1    1   16    1    0.036390
    1    1   17    1    0.016172
    1    1   18    1    0.019012
    1    1    1    2    0.002832
    1    1    2    2    0.009187
    1    1    3    2   -0.001740
    1    1    4    2    0.008910
    1    1    5    2   -0.000782
    1    1    6    2    0.012195
    1    1    7    2   -0.002878
    1    1    8    2   -0.000372
    1    1    9    2   -0.033062
    1    1   10    2    0.029675
    1    1   11    2   -0.000240
    1    1   12    2    0.018722
    1    1   13    2    0.058130
    1    1   14    2    0.000112
    1    1   15    2    0.008570
    1    1   16    2   -0.012372
    1    1   17    2    0.009447
    1    1   18    2   -0.004915
    1    1    1    3    0.106045
    1    1    2    3   -0.075575
    1    1    3    3    0.011487
    1    1    4    3   -0.106917
    1    1    5    3    0.030902
    1    1    6    3   -0.610617
    1    1    7    3    0.255810
    1    1    8    3   -0.004318
    1    1    9    3    0.309015
    1    1   10    3    0.351648
    1    1   11    3    0.013158
    1    1   12    3    0.192435
    1    1   13    3    0.498667
    1    1   14    3   -0.009890
    1    1   15    3    0.001167
    1    1   16    3    0.059257
    1    1   17    3   -0.016052
    1    1   18    3   -0.027320
    1    1    1    4   -0.046415
    1    1    2    4    0.015855
    1    1    3    4    0.005922
    1    1    4    4   -0.074078
    1    1    5    4   -0.001762
    1    1    6    4    0.185400
    1    1    7    4   -0.008197
    1    1    8    4    0.001975
    1    1    9    4   -0.077562
    1    1   10    4   -0.014700
    1    1   11    4    0.008455
    1    1   12    4   -0.101747
    1    1   13    4   -0.232840
    1    1   14    4    0.005655
    1    1   15    4   -0.034265
    1    1   16    4    0.049570
    1    1   17    4   -0.001715
    1    1   18    4   -0.019075
    1    1    1    5   -0.010710
    1    1    2    5   -0.001488
    1    1    3    5    0.002165
    1    1    4    5    0.000807
    1    1    5    5    0.003195
    1    1    6    5   -0.017050
    1    1    7    5   -0.002223
    1    1    8    5   -0.003305
    1    1    9    5   -0.014667
    1    1   10    5    0.021718
    1    1   11    5    0.000965
    1    1   12    5   -0.000370
    1    1   13    5    0.032137
    1    1   14    5    0.003332
    1    1   15    5    0.002802
    1    1   16    5   -0.016560
    1    1   17    5    0.007010
    1    1   18    5   -0.015415
    1    1    1    6   -0.005097
    1    1    2    6   -0.021342
    1    1    3    6   -0.003073
    1    1    4    6   -0.013177
    1    1    5    6   -0.007832
    1    1    6    6    0.146832
    1    1    7    6    0.017265
    1    1    8    6    0.000880
    1    1    9    6    0.074440
    1    1   10    6    0.015745
    1    1   11    6    0.005410
    1    1   12    6   -0.023297
    1    1   13    6    0.009267
    1    1   14    6   -0.007682
    1    1   15    6   -0.002012
    1    1   16    6    0.004432
    1    1   17    6    0.007213
    1    1   18    6    0.009540
    1    1    1    7   -0.016002
    1    1    2    7    0.016190
    1    1    3    7    0.037422
    1    1    4    7   -0.035045
    1    1    5    7    0.020267
    1    1    6    7   -0.203390
    1    1    7    7    0.047400
    1    1    8    7   -0.004142
    1    1    9    7   -0.097335
    1    1   10    7   -0.002887
    1    1   11    7    0.000870
    1    1   12    7   -0.001855
    1    1   13    7   -0.001548
    1    1   14    7    0.028788
    1    1   15    7   -0.019078
    1    1   16    7    0.006263
    1    1   17    7    0.005155
    1    1   18    7   -0.088815
    1    1    1    8    0.017182
    1    1    2    8   -0.551000
    1    1    3    8    0.000727
    1    1    4    8   -0.015690
    1    1    5    8   -0.036715
    1    1    6    8    0.388062
    1    1    7    8    0.145742
    1    1    8    8    0.004100
    1    1    9    8    0.022040
    1    1   10    8   -0.001175
    1    1   11    8    0.213665
    1    1   12    8   -0.221860
    1    1   13    8   -0.282577
    1    1   14    8   -0.048235
    1    1   15    8    0.027253
    1    1   16    8   -0.007387
    1    1   17    8    0.563747
    1    1   18    8    0.012167
    1    1    1    9   -0.005490
    1    1    2    9   -0.016058
    1    1    3    9   -0.017028
    1    1    4    9   -0.097493
    1    1    5    9    0.001567
    1    1    6    9   -0.290190
    1    1    7    9    0.058592
    1    1    8    9    0.003443
    1    1    9    9    0.060838
    1    1   10    9   -0.073037
    1    1   11    9    0.001540
    1    1   12    9   -0.011360
    1    1   13    9   -0.077180
    1    1   14    9   -0.009565
    1    1   15    9   -0.028810
    1    1   16    9    0.052635
    1    1   17    9   -0.025227
    1    1   18    9    0.053280
    1    1    1   10   -0.094677
    1    1    2   10    0.040152
    1    1    3   10   -0.012040
    1    1    4   10    0.026280
    1    1    5   10    0.011425
    1    1    6   10   -0.000160
    1    1    7   10   -0.297152
    1    1    8   10    0.000465
    1    1    9   10   -0.130098
    1    1   10   10    0.163802
    1    1   11   10   -0.004837
    1    1   12   10    0.149735
    1    1   13   10    0.249842
    1    1   14   10   -0.009367
    1    1   15   10   -0.000195
    1    1   16   10    0.006870
    1    1   17   10   -0.000455
    1    1   18   10    0.074585
    1    1    1   11   -0.007965
    1    1    2   11   -0.006320
    1    1    3   11    0.006012
    1    1    4   11   -0.003540
    1    1    5   11    0.003372
    1    1    6   11    0.129417
    1    1    7   11    0.007655
    1    1    8   11    0.000335
    1    1    9   11    0.040453
    1    1   10   11   -0.069082
    1    1   11   11   -0.007407
    1    1   12   11   -0.029978
    1    1   13   11   -0.043687
    1    1   14   11    0.004567
    1    1   15   11    0.029945
    1    1   16   11   -0.028415
    1    1   17   11   -0.050850
    1    1   18   11   -0.003175
    1    1    1   12   -0.005023
    1    1    2   12   -0.001857
    1    1    3   12   -0.023567
    1    1    4   12    0.021037
    1    1    5   12   -0.010272
    1    1    6   12    0.119927
    1    1    7   12    0.073332
    1    1    8   12    0.001913
    1    1    9   12    0.086645
    1    1   10   12    0.063300
    1    1   11   12   -0.000335
    1    1   12   12    0.022783
    1    1   13   12   -0.002023
    1    1   14   12   -0.006455
    1    1   15   12    0.004132
    1    1   16   12   -0.057257
    1    1   17   12   -0.043200
    1    1   18   12    0.017750
    1    1    1   13   -0.007377
    1    1    2   13    0.009935
    1    1    3   13    0.005275
    1    1    4   13   -0.006440
    1    1    5   13    0.013527
    1    1    6   13   -0.013677
    1    1    7   13    0.003690
    1    1    8   13   -0.001420
    1    1    9   13   -0.048612
    1    1   10   13   -0.212705
    1    1   11   13   -0.000785
    1    1   12   13   -0.121828
    1    1   13   13   -0.454430
    1    1   14   13    0.017392
    1    1   15   13   -0.028880
    1    1   16   13    0.064095
    1    1   17   13   -0.005320
    1    1   18   13   -0.049080
    1    1    1   14   -0.005638
    1    1    2   14    0.012830
    1    1    3   14   -0.006108
    1    1    4   14   -0.002512
    1    1    5   14    0.015040
    1    1    6   14    0.039543
    1    1    7   14   -0.003548
    1    1    8   14    0.002813
    1    1    9   14   -0.062892
    1    1   10   14   -0.057355
    1    1   11   14   -0.001327
    1    1   12   14   -0.018762
    1    1   13   14    0.006783
    1    1   14   14    0.005665
    1    1   15   14    0.016605
    1    1   16   14   -0.030787
    1    1   17   14    0.000222
    1    1   18   14   -0.019150
    1    1    1   15   -0.019557
    1    1    2   15    0.009187
    1    1    3   15   -0.009355
    1    1    4   15   -0.313512
    1    1    5   15    0.006145
    1    1    6   15   -1.194730
    1    1    7   15    0.097375
    1    1    8   15   -0.002433
    1    1    9   15   -0.045185
    1    1   10   15    0.518695
    1    1   11   15    0.019283
    1    1   12   15    0.290957
    1    1   13   15    0.567947
    1    1   14   15   -0.001605
    1    1   15   15   -0.144517
    1    1   16   15    0.132630
    1    1   17   15   -0.013978
    1    1   18   15    0.019607
    1    1    1   16    0.013707
    1    1    2   16    0.051502
    1    1    3   16    0.072737
    1    1    4   16    0.056252
    1    1    5   16    0.029457
    1    1    6   16   -1.204028
    1    1    7   16   -0.103055
    1    1    8   16   -0.002035
    1    1    9   16   -0.192737
    1    1   10   16    0.055598
    1    1   11   16   -0.021045
    1    1   12   16    0.094827
    1    1   13   16    0.115720
    1    1   14   16    0.033282
    1    1   15   16    0.025020
    1    1   16   16   -0.001165
    1    1   17   16   -0.032897
    1    1   18   16   -0.054862
    1    1    1   17    0.004740
    1    1    2   17    0.000650
    1    1    3   17    0.024310
    1    1    4   17   -0.006740
    1    1    5   17    0.000337
    1    1    6   17    0.014385
    1    1    7   17    0.040205
    1    1    8   17   -0.013160
    1    1    9   17    0.012317
    1    1   10   17   -0.005810
    1    1   11   17   -0.001992
    1    1   12   17   -0.007130
    1    1   13   17   -0.008855
    1    1   14   17    0.010230
    1    1   15   17    0.001495
    1    1   16   17    0.009992
    1    1   17   17    0.011318
    1    1   18   17   -0.050028
    1    1    1   18   -0.023020
    1    1    2   18    0.043557
    1    1    3   18   -0.024082
    1    1    4   18   -0.043783
    1    1    5   18   -0.040462
    1    1    6   18   -0.202357
    1    1    7   18   -0.148355
    1    1    8   18   -0.001430
    1    1    9   18    0.004177
    1    1   10   18    0.233447
    1    1   11   18   -0.006115
    1    1   12   18    0.202348
    1    1   13   18    0.058627
    1    1   14   18   -0.030637
    1    1   15   18   -0.081212
    1    1   16   18    0.077592
    1    1   17   18   -0.059097
    1    1   18   18    0.128195
