 ir1  ir2   m    n          ReH 
   -1   -1    1    1   -0.097107
   -1   -1    2    1   -0.004347
   -1   -1    3    1   -0.029620
   -1   -1    4    1    0.115495
   -1   -1    5    1   -0.002045
   -1   -1    6    1   -0.046020
   -1   -1    7    1    0.019338
   -1   -1    8    1    0.004645
   -1   -1    9    1    0.015477
   -1   -1   10    1    0.325485
   -1   -1   11    1   -0.003278
   -1   -1   12    1   -0.032297
   -1   -1   13    1   -0.008223
   -1   -1   14    1    0.011043
   -1   -1   15    1   -0.034350
   -1   -1   16    1   -0.023193
   -1   -1   17    1    0.004980
   -1   -1   18    1    0.014640
   -1   -1    1    2   -0.091952
   -1   -1    2    2    0.029572
   -1   -1    3    2   -0.028452
   -1   -1    4    2    0.109727
   -1   -1    5    2   -0.007490
   -1   -1    6    2    0.064345
   -1   -1    7    2   -0.013427
   -1   -1    8    2   -0.004728
   -1   -1    9    2    0.003950
   -1   -1   10    2    0.073145
   -1   -1   11    2   -0.034135
   -1   -1   12    2    0.013860
   -1   -1   13    2    0.007902
   -1   -1   14    2   -0.020250
   -1   -1   15    2    0.122917
   -1   -1   16    2    0.045427
   -1   -1   17    2    0.009750
   -1   -1   18    2    0.001225
   -1   -1    1    3   -0.062702
   -1   -1    2    3    0.010757
   -1   -1    3    3    0.056415
   -1   -1    4    3   -0.005580
   -1   -1    5    3    0.015172
   -1   -1    6    3    0.068000
   -1   -1    7    3    0.017115
   -1   -1    8    3    0.020055
   -1   -1    9    3    0.014600
   -1   -1   10    3    0.417807
   -1   -1   11    3    0.009038
   -1   -1   12    3    0.042540
   -1   -1   13    3    0.057295
   -1   -1   14    3    0.003768
   -1   -1   15    3    0.719060
   -1   -1   16    3   -0.134200
   -1   -1   17    3    0.007627
   -1   -1   18    3   -0.010672
   -1   -1    1    4    0.057310
   -1   -1    2    4   -0.012905
   -1   -1    3    4   -0.043415
   -1   -1    4    4    0.252352
   -1   -1    5    4   -0.003527
   -1   -1    6    4   -0.051167
   -1   -1    7    4   -0.016145
   -1   -1    8    4   -0.003215
   -1   -1    9    4   -0.015775
   -1   -1   10    4    0.185592
   -1   -1   11    4   -0.001003
   -1   -1   12    4   -0.036230
   -1   -1   13    4    0.005022
   -1   -1   14    4    0.000205
   -1   -1   15    4   -0.076245
   -1   -1   16    4   -0.052122
   -1   -1   17    4   -0.005980
   -1   -1   18    4    0.006480
   -1   -1    1    5   -0.112225
   -1   -1    2    5    0.009970
   -1   -1    3    5   -0.019807
   -1   -1    4    5   -0.038677
   -1   -1    5    5   -0.013777
   -1   -1    6    5    0.016552
   -1   -1    7    5   -0.004752
   -1   -1    8    5    0.013740
   -1   -1    9    5   -0.003262
   -1   -1   10    5    0.047892
   -1   -1   11    5    0.005727
   -1   -1   12    5    0.005877
   -1   -1   13    5    0.001455
   -1   -1   14    5    0.016445
   -1   -1   15    5   -0.056667
   -1   -1   16    5    0.049265
   -1   -1   17    5   -0.001040
   -1   -1   18    5   -0.008230
   -1   -1    1    6    0.130018
   -1   -1    2    6    0.004482
   -1   -1    3    6    0.025398
   -1   -1    4    6    1.089617
   -1   -1    5    6    0.021545
   -1   -1    6    6    0.036958
   -1   -1    7    6    0.012157
   -1   -1    8    6   -0.003710
   -1   -1    9    6   -0.017417
   -1   -1   10    6   -0.180225
   -1   -1   11    6    0.053235
   -1   -1   12    6    0.062582
   -1   -1   13    6    0.006810
   -1   -1   14    6    0.002028
   -1   -1   15    6   -0.330088
   -1   -1   16    6   -0.142142
   -1   -1   17    6   -0.004950
   -1   -1   18    6    0.003805
   -1   -1    1    7    0.304160
   -1   -1    2    7    0.076070
   -1   -1    3    7   -0.204912
   -1   -1    4    7    0.529940
   -1   -1    5    7    0.040593
   -1   -1    6    7    0.004435
   -1   -1    7    7    0.083535
   -1   -1    8    7   -0.055227
   -1   -1    9    7   -0.020777
   -1   -1   10    7    0.219898
   -1   -1   11    7   -0.111527
   -1   -1   12    7    0.015965
   -1   -1   13    7   -0.020385
   -1   -1   14    7   -0.583592
   -1   -1   15    7   -0.307272
   -1   -1   16    7   -0.162863
   -1   -1   17    7   -0.131197
   -1   -1   18    7    0.317700
   -1   -1    1    8   -0.074452
   -1   -1    2    8    0.005530
   -1   -1    3    8   -0.043705
   -1   -1    4    8    0.044615
   -1   -1    5    8   -0.007462
   -1   -1    6    8    0.011277
   -1   -1    7    8   -0.002210
   -1   -1    8    8    0.017997
   -1   -1    9    8   -0.003455
   -1   -1   10    8    0.076930
   -1   -1   11    8    0.004795
   -1   -1   12    8    0.008042
   -1   -1   13    8    0.003652
   -1   -1   14    8    0.010973
   -1   -1   15    8    0.008802
   -1   -1   16    8   -0.001463
   -1   -1   17    8   -0.018220
   -1   -1   18    8   -0.012060
   -1   -1    1    9    0.554892
   -1   -1    2    9    0.151520
   -1   -1    3    9    0.128073
   -1   -1    4    9   -0.336942
   -1   -1    5    9   -0.037360
   -1   -1    6    9    0.138170
   -1   -1    7    9    0.125860
   -1   -1    8    9   -0.071157
   -1   -1    9    9   -0.035922
   -1   -1   10    9   -0.081815
   -1   -1   11    9    0.012313
   -1   -1   12    9    0.037905
   -1   -1   13    9   -0.015595
   -1   -1   14    9   -0.174957
   -1   -1   15    9   -0.464420
   -1   -1   16    9   -2.391785
   -1   -1   17    9   -0.152127
   -1   -1   18    9    1.335117
   -1   -1    1   10    0.050225
   -1   -1    2   10    0.002112
   -1   -1    3   10    0.014055
   -1   -1    4   10    0.001498
   -1   -1    5   10   -0.002660
   -1   -1    6   10    0.013970
   -1   -1    7   10   -0.003678
   -1   -1    8   10    0.000048
   -1   -1    9   10    0.033705
   -1   -1   10   10    0.065765
   -1   -1   11   10   -0.005202
   -1   -1   12   10   -0.092603
   -1   -1   13   10   -0.208330
   -1   -1   14   10    0.017192
   -1   -1   15   10   -0.130795
   -1   -1   16   10    0.004340
   -1   -1   17   10    0.003142
   -1   -1   18   10    0.029480
   -1   -1    1   11    0.002195
   -1   -1    2   11   -0.003517
   -1   -1    3   11    0.018755
   -1   -1    4   11    0.036862
   -1   -1    5   11    0.008052
   -1   -1    6   11    0.000035
   -1   -1    7   11    0.008117
   -1   -1    8   11    0.002912
   -1   -1    9   11   -0.003272
   -1   -1   10   11   -0.022058
   -1   -1   11   11    0.016162
   -1   -1   12   11    0.006562
   -1   -1   13   11   -0.008535
   -1   -1   14   11    0.006707
   -1   -1   15   11   -0.072387
   -1   -1   16   11   -0.014195
   -1   -1   17   11    0.002057
   -1   -1   18   11    0.017932
   -1   -1    1   12    0.091915
   -1   -1    2   12   -0.179640
   -1   -1    3   12   -0.013490
   -1   -1    4   12   -1.227315
   -1   -1    5   12   -0.015650
   -1   -1    6   12   -1.233225
   -1   -1    7   12   -0.094060
   -1   -1    8   12    0.002838
   -1   -1    9   12    0.009132
   -1   -1   10   12    0.051237
   -1   -1   11   12   -0.029970
   -1   -1   12   12    0.000210
   -1   -1   13   12   -0.006982
   -1   -1   14   12   -0.038210
   -1   -1   15   12   -0.250052
   -1   -1   16   12   -0.950867
   -1   -1   17   12    0.024520
   -1   -1   18   12    0.293262
   -1   -1    1   13   -0.033355
   -1   -1    2   13   -0.008205
   -1   -1    3   13   -0.016705
   -1   -1    4   13   -1.012420
   -1   -1    5   13    0.007722
   -1   -1    6   13   -0.004282
   -1   -1    7   13   -0.014227
   -1   -1    8   13    0.006140
   -1   -1    9   13    0.004475
   -1   -1   10   13   -0.212480
   -1   -1   11   13    0.044303
   -1   -1   12   13    0.010157
   -1   -1   13   13   -0.029720
   -1   -1   14   13    0.005107
   -1   -1   15   13    0.090040
   -1   -1   16   13    0.021580
   -1   -1   17   13    0.002693
   -1   -1   18   13    0.047507
   -1   -1    1   14    0.004422
   -1   -1    2   14    0.006435
   -1   -1    3   14   -0.003247
   -1   -1    4   14   -0.005727
   -1   -1    5   14    0.001827
   -1   -1    6   14    0.042213
   -1   -1    7   14    0.001565
   -1   -1    8   14    0.002870
   -1   -1    9   14    0.002110
   -1   -1   10   14   -0.126205
   -1   -1   11   14    0.002180
   -1   -1   12   14    0.017575
   -1   -1   13   14    0.013857
   -1   -1   14   14   -0.001670
   -1   -1   15   14    0.139610
   -1   -1   16   14   -0.012230
   -1   -1   17   14   -0.000745
   -1   -1   18   14    0.000330
   -1   -1    1   15    0.090985
   -1   -1    2   15   -0.009117
   -1   -1    3   15    0.016340
   -1   -1    4   15    3.626410
   -1   -1    5   15    0.000623
   -1   -1    6   15    0.017282
   -1   -1    7   15   -0.008720
   -1   -1    8   15   -0.001482
   -1   -1    9   15    0.007363
   -1   -1   10   15   -0.365357
   -1   -1   11   15    0.028260
   -1   -1   12   15    0.021507
   -1   -1   13   15   -0.013662
   -1   -1   14   15    0.034980
   -1   -1   15   15    0.139462
   -1   -1   16   15   -0.016395
   -1   -1   17   15    0.000062
   -1   -1   18   15    0.013027
   -1   -1    1   16   -0.091805
   -1   -1    2   16   -0.015910
   -1   -1    3   16   -0.174882
   -1   -1    4   16    0.777077
   -1   -1    5   16    0.000407
   -1   -1    6   16   -0.051213
   -1   -1    7   16   -0.004150
   -1   -1    8   16    0.013155
   -1   -1    9   16    0.052262
   -1   -1   10   16   -3.063617
   -1   -1   11   16   -0.007132
   -1   -1   12   16   -0.008873
   -1   -1   13   16   -0.026457
   -1   -1   14   16   -0.000372
   -1   -1   15   16    0.021282
   -1   -1   16   16   -0.102785
   -1   -1   17   16    0.000548
   -1   -1   18   16    0.025255
   -1   -1    1   17   -0.018537
   -1   -1    2   17    0.004230
   -1   -1    3   17   -0.033478
   -1   -1    4   17   -0.009837
   -1   -1    5   17   -0.006795
   -1   -1    6   17   -0.020815
   -1   -1    7   17   -0.010887
   -1   -1    8   17   -0.002252
   -1   -1    9   17    0.003565
   -1   -1   10   17   -0.168145
   -1   -1   11   17   -0.038452
   -1   -1   12   17    0.000857
   -1   -1   13   17   -0.006642
   -1   -1   14   17   -0.004840
   -1   -1   15   17    0.000267
   -1   -1   16   17    0.022855
   -1   -1   17   17    0.004502
   -1   -1   18   17   -0.006392
   -1   -1    1   18    0.079270
   -1   -1    2   18   -0.011130
   -1   -1    3   18    0.067135
   -1   -1    4   18   -0.425575
   -1   -1    5   18    0.020188
   -1   -1    6   18   -0.015152
   -1   -1    7   18   -0.024577
   -1   -1    8   18   -0.009945
   -1   -1    9   18    0.007403
   -1   -1   10   18   -2.238157
   -1   -1   11   18   -0.027202
   -1   -1   12   18   -0.017243
   -1   -1   13   18   -0.016788
   -1   -1   14   18   -0.039950
   -1   -1   15   18   -0.097140
   -1   -1   16   18    0.055505
   -1   -1   17   18   -0.014645
   -1   -1   18   18    0.172547
    0   -1    1    1    0.044292
    0   -1    2    1   -0.007547
    0   -1    3    1    0.010242
    0   -1    4    1   -0.891665
    0   -1    5    1    0.016405
    0   -1    6    1   -0.021195
    0   -1    7    1   -0.039427
    0   -1    8    1   -0.006785
    0   -1    9    1   -0.025137
    0   -1   10    1   -0.211675
    0   -1   11    1   -0.036728
    0   -1   12    1    0.469197
    0   -1   13    1    0.080730
    0   -1   14    1    0.014802
    0   -1   15    1   -0.340157
    0   -1   16    1   -0.073682
    0   -1   17    1   -0.021520
    0   -1   18    1    0.020903
    0   -1    1    2   -0.000587
    0   -1    2    2    0.024057
    0   -1    3    2    0.002990
    0   -1    4    2    0.040675
    0   -1    5    2    0.003073
    0   -1    6    2    0.020307
    0   -1    7    2   -0.024470
    0   -1    8    2    0.001400
    0   -1    9    2    0.003445
    0   -1   10    2   -0.060943
    0   -1   11    2   -0.003270
    0   -1   12    2    0.059778
    0   -1   13    2   -0.021742
    0   -1   14    2    0.007285
    0   -1   15    2   -0.025940
    0   -1   16    2   -0.002210
    0   -1   17    2   -0.001182
    0   -1   18    2    0.004672
    0   -1    1    3    0.068135
    0   -1    2    3   -0.004370
    0   -1    3    3    0.012370
    0   -1    4    3   -0.142792
    0   -1    5    3    0.010722
    0   -1    6    3    0.076250
    0   -1    7    3    0.064337
    0   -1    8    3    0.017127
    0   -1    9    3   -0.015950
    0   -1   10    3   -0.180835
    0   -1   11    3    0.014860
    0   -1   12    3   -0.028185
    0   -1   13    3   -0.009560
    0   -1   14    3    0.045730
    0   -1   15    3    0.274958
    0   -1   16    3   -0.030902
    0   -1   17    3    0.009498
    0   -1   18    3   -0.016238
    0   -1    1    4   -0.052722
    0   -1    2    4   -0.004825
    0   -1    3    4   -0.069710
    0   -1    4    4    0.038627
    0   -1    5    4   -0.009630
    0   -1    6    4   -0.056922
    0   -1    7    4   -0.004805
    0   -1    8    4    0.002570
    0   -1    9    4   -0.016688
    0   -1   10    4   -0.053890
    0   -1   11    4   -0.011838
    0   -1   12    4   -0.085357
    0   -1   13    4    0.301202
    0   -1   14    4   -0.023285
    0   -1   15    4    0.743522
    0   -1   16    4   -0.055912
    0   -1   17    4   -0.007505
    0   -1   18    4   -0.012875
    0   -1    1    5    0.002212
    0   -1    2    5    0.017900
    0   -1    3    5   -0.014893
    0   -1    4    5    0.067955
    0   -1    5    5   -0.007832
    0   -1    6    5   -0.038397
    0   -1    7    5   -0.020375
    0   -1    8    5    0.000145
    0   -1    9    5    0.010313
    0   -1   10    5   -0.083635
    0   -1   11    5   -0.023217
    0   -1   12    5    0.416137
    0   -1   13    5   -0.016578
    0   -1   14    5   -0.001090
    0   -1   15    5   -0.138190
    0   -1   16    5   -0.001160
    0   -1   17    5   -0.007277
    0   -1   18    5   -0.001320
    0   -1    1    6   -0.014535
    0   -1    2    6    0.066098
    0   -1    3    6   -0.007982
    0   -1    4    6   -0.011300
    0   -1    5    6    0.022055
    0   -1    6    6    0.195563
    0   -1    7    6   -0.060760
    0   -1    8    6    0.011670
    0   -1    9    6    0.013237
    0   -1   10    6    0.060462
    0   -1   11    6   -0.045795
    0   -1   12    6    0.255040
    0   -1   13    6   -0.052467
    0   -1   14    6    0.032622
    0   -1   15    6    0.047712
    0   -1   16    6   -0.068197
    0   -1   17    6   -0.057615
    0   -1   18    6   -0.006275
    0   -1    1    7    0.020725
    0   -1    2    7    0.212902
    0   -1    3    7   -0.000350
    0   -1    4    7    0.055780
    0   -1    5    7   -0.003622
    0   -1    6    7   -0.213922
    0   -1    7    7   -0.035165
    0   -1    8    7    0.003400
    0   -1    9    7    0.018195
    0   -1   10    7    0.267898
    0   -1   11    7   -0.102012
    0   -1   12    7    0.222062
    0   -1   13    7   -0.082545
    0   -1   14    7    0.008505
    0   -1   15    7   -0.023475
    0   -1   16    7    0.023920
    0   -1   17    7   -0.082310
    0   -1   18    7    0.006060
    0   -1    1    8    0.032338
    0   -1    2    8   -0.034830
    0   -1    3    8    0.057360
    0   -1    4    8   -0.054960
    0   -1    5    8    0.031080
    0   -1    6    8   -0.020147
    0   -1    7    8    0.074715
    0   -1    8    8    0.006435
    0   -1    9    8   -0.012577
    0   -1   10    8   -0.090792
    0   -1   11    8    0.013825
    0   -1   12    8    0.253535
    0   -1   13    8    0.024620
    0   -1   14    8    0.029755
    0   -1   15    8   -0.025452
    0   -1   16    8   -0.056118
    0   -1   17    8    0.022790
    0   -1   18    8    0.048080
    0   -1    1    9    0.056215
    0   -1    2    9   -0.073578
    0   -1    3    9    0.051035
    0   -1    4    9    0.196500
    0   -1    5    9   -0.042470
    0   -1    6    9   -0.397557
    0   -1    7    9   -0.113625
    0   -1    8    9   -0.010542
    0   -1    9    9   -0.009050
    0   -1   10    9    0.073995
    0   -1   11    9   -0.028857
    0   -1   12    9    0.026580
    0   -1   13    9   -0.150287
    0   -1   14    9    0.015502
    0   -1   15    9   -1.346542
    0   -1   16    9    0.842915
    0   -1   17    9    0.010132
    0   -1   18    9    0.628308
    0   -1    1   10    0.003887
    0   -1    2   10   -0.001395
    0   -1    3   10   -0.015975
    0   -1    4   10    0.024175
    0   -1    5   10   -0.000918
    0   -1    6   10    0.002862
    0   -1    7   10    0.007137
    0   -1    8   10   -0.002977
    0   -1    9   10   -0.002035
    0   -1   10   10   -0.135440
    0   -1   11   10    0.000728
    0   -1   12   10    0.013158
    0   -1   13   10    0.016958
    0   -1   14   10   -0.003365
    0   -1   15   10    0.037560
    0   -1   16   10    0.005803
    0   -1   17   10   -0.006260
    0   -1   18   10   -0.009835
    0   -1    1   11    0.004840
    0   -1    2   11    0.007105
    0   -1    3   11   -0.002763
    0   -1    4   11    0.028813
    0   -1    5   11    0.000225
    0   -1    6   11    0.006523
    0   -1    7   11   -0.004680
    0   -1    8   11    0.000195
    0   -1    9   11    0.003318
    0   -1   10   11    0.020090
    0   -1   11   11   -0.008542
    0   -1   12   11    0.087485
    0   -1   13   11   -0.009645
    0   -1   14   11    0.001745
    0   -1   15   11   -0.025642
    0   -1   16   11   -0.001483
    0   -1   17   11   -0.013722
    0   -1   18   11    0.000717
    0   -1    1   12   -0.022022
    0   -1    2   12   -0.004510
    0   -1    3   12   -0.021507
    0   -1    4   12   -0.010422
    0   -1    5   12    0.004570
    0   -1    6   12   -0.264310
    0   -1    7   12    0.020682
    0   -1    8   12    0.002075
    0   -1    9   12    0.001470
    0   -1   10   12   -0.059180
    0   -1   11   12   -0.002407
    0   -1   12   12    0.049937
    0   -1   13   12    0.173528
    0   -1   14   12    0.001670
    0   -1   15   12    0.036817
    0   -1   16   12   -0.015525
    0   -1   17   12   -0.002442
    0   -1   18   12    0.032205
    0   -1    1   13   -0.020597
    0   -1    2   13    0.015040
    0   -1    3   13   -0.016182
    0   -1    4   13    0.014250
    0   -1    5   13    0.004170
    0   -1    6   13    0.048442
    0   -1    7   13   -0.001367
    0   -1    8   13    0.002425
    0   -1    9   13   -0.005202
    0   -1   10   13   -0.031380
    0   -1   11   13   -0.001605
    0   -1   12   13    0.053488
    0   -1   13   13    0.018200
    0   -1   14   13    0.002070
    0   -1   15   13   -0.055135
    0   -1   16   13   -0.020687
    0   -1   17   13   -0.004967
    0   -1   18   13   -0.003090
    0   -1    1   14   -0.014970
    0   -1    2   14    0.004485
    0   -1    3   14   -0.004437
    0   -1    4   14    0.123810
    0   -1    5   14    0.003070
    0   -1    6   14    0.038115
    0   -1    7   14    0.016112
    0   -1    8   14    0.002752
    0   -1    9   14    0.000887
    0   -1   10   14    0.017180
    0   -1   11   14   -0.010292
    0   -1   12   14   -0.035373
    0   -1   13   14   -0.013710
    0   -1   14   14    0.002037
    0   -1   15   14   -0.003247
    0   -1   16   14    0.000515
    0   -1   17   14    0.006358
    0   -1   18   14    0.001065
    0   -1    1   15    0.007170
    0   -1    2   15   -0.016372
    0   -1    3   15   -0.003935
    0   -1    4   15    0.100657
    0   -1    5   15   -0.001823
    0   -1    6   15   -0.050727
    0   -1    7   15    0.011170
    0   -1    8   15    0.000122
    0   -1    9   15   -0.007750
    0   -1   10   15    0.049842
    0   -1   11   15    0.002740
    0   -1   12   15    0.016385
    0   -1   13   15   -0.006840
    0   -1   14   15   -0.001497
    0   -1   15   15   -0.046965
    0   -1   16   15    0.033105
    0   -1   17   15   -0.001845
    0   -1   18   15    0.007345
    0   -1    1   16   -0.054765
    0   -1    2   16   -0.016970
    0   -1    3   16   -0.059570
    0   -1    4   16   -0.820655
    0   -1    5   16   -0.006978
    0   -1    6   16   -0.123573
    0   -1    7   16    0.017025
    0   -1    8   16   -0.003272
    0   -1    9   16   -0.059895
    0   -1   10   16   -0.086517
    0   -1   11   16    0.016145
    0   -1   12   16    0.252585
    0   -1   13   16    0.309317
    0   -1   14   16   -0.038470
    0   -1   15   16    1.224567
    0   -1   16   16    0.029255
    0   -1   17   16    0.010400
    0   -1   18   16    0.031447
    0   -1    1   17    0.015795
    0   -1    2   17    0.004882
    0   -1    3   17   -0.012232
    0   -1    4   17   -0.191877
    0   -1    5   17    0.001280
    0   -1    6   17    0.024973
    0   -1    7   17    0.002735
    0   -1    8   17   -0.001852
    0   -1    9   17    0.002615
    0   -1   10   17   -0.009942
    0   -1   11   17    0.081090
    0   -1   12   17   -0.014082
    0   -1   13   17   -0.004970
    0   -1   14   17   -0.010515
    0   -1   15   17    0.011753
    0   -1   16   17    0.018918
    0   -1   17   17    0.002643
    0   -1   18   17    0.010515
    0   -1    1   18    0.101827
    0   -1    2   18    0.009505
    0   -1    3   18    0.024977
    0   -1    4   18    0.706275
    0   -1    5   18    0.003443
    0   -1    6   18   -0.015720
    0   -1    7   18   -0.122295
    0   -1    8   18   -0.004555
    0   -1    9   18    0.031135
    0   -1   10   18    0.115395
    0   -1   11   18   -0.015267
    0   -1   12   18   -0.058202
    0   -1   13   18   -0.168022
    0   -1   14   18    0.008020
    0   -1   15   18   -0.469910
    0   -1   16   18   -0.026202
    0   -1   17   18   -0.044902
    0   -1   18   18   -0.039180
    1   -1    1    1    0.019685
    1   -1    2    1    0.009915
    1   -1    3    1    0.014977
    1   -1    4    1    0.034693
    1   -1    5    1    0.002845
    1   -1    6    1   -0.009265
    1   -1    7    1   -0.036393
    1   -1    8    1    0.002702
    1   -1    9    1   -0.004712
    1   -1   10    1    0.145592
    1   -1   11    1   -0.026460
    1   -1   12    1    0.252047
    1   -1   13    1   -0.030190
    1   -1   14    1    0.011635
    1   -1   15    1   -0.057355
    1   -1   16    1   -0.019012
    1   -1   17    1   -0.042560
    1   -1   18    1   -0.002230
    1   -1    1    2   -0.004810
    1   -1    2    2    0.000192
    1   -1    3    2    0.001295
    1   -1    4    2   -0.001942
    1   -1    5    2    0.000387
    1   -1    6    2   -0.008010
    1   -1    7    2   -0.001572
    1   -1    8    2    0.000370
    1   -1    9    2    0.002940
    1   -1   10    2    0.006895
    1   -1   11    2   -0.000990
    1   -1   12    2    0.000440
    1   -1   13    2   -0.006132
    1   -1   14    2    0.000215
    1   -1   15    2   -0.004217
    1   -1   16    2   -0.003203
    1   -1   17    2    0.002040
    1   -1   18    2   -0.000773
    1   -1    1    3   -0.010052
    1   -1    2    3   -0.014702
    1   -1    3    3    0.013430
    1   -1    4    3   -0.043257
    1   -1    5    3   -0.003077
    1   -1    6    3    0.084012
    1   -1    7    3    0.001820
    1   -1    8    3    0.000705
    1   -1    9    3   -0.007452
    1   -1   10    3    0.047230
    1   -1   11    3    0.003560
    1   -1   12    3    0.038390
    1   -1   13    3    0.027827
    1   -1   14    3   -0.001213
    1   -1   15    3    0.111182
    1   -1   16    3   -0.008440
    1   -1   17    3    0.002820
    1   -1   18    3   -0.015362
    1   -1    1    4   -0.024210
    1   -1    2    4    0.013022
    1   -1    3    4   -0.014068
    1   -1    4    4    0.003498
    1   -1    5    4    0.009645
    1   -1    6    4    0.063253
    1   -1    7    4    0.013025
    1   -1    8    4    0.006247
    1   -1    9    4   -0.013538
    1   -1   10    4    0.015845
    1   -1   11    4    0.005642
    1   -1   12    4    0.060253
    1   -1   13    4    0.055620
    1   -1   14    4    0.002085
    1   -1   15    4    0.347160
    1   -1   16    4   -0.021110
    1   -1   17    4    0.011623
    1   -1   18    4   -0.007812
    1   -1    1    5   -0.003672
    1   -1    2    5   -0.001135
    1   -1    3    5   -0.005340
    1   -1    4    5   -0.001020
    1   -1    5    5   -0.000092
    1   -1    6    5   -0.003278
    1   -1    7    5    0.003015
    1   -1    8    5   -0.000228
    1   -1    9    5    0.000817
    1   -1   10    5   -0.033500
    1   -1   11    5    0.001070
    1   -1   12    5   -0.025128
    1   -1   13    5    0.000225
    1   -1   14    5   -0.001000
    1   -1   15    5   -0.001097
    1   -1   16    5   -0.000932
    1   -1   17    5    0.003627
    1   -1   18    5   -0.002942
    1   -1    1    6   -0.034520
    1   -1    2    6   -0.003490
    1   -1    3    6   -0.011055
    1   -1    4    6   -0.012890
    1   -1    5    6    0.003152
    1   -1    6    6   -0.009033
    1   -1    7    6   -0.007815
    1   -1    8    6    0.003018
    1   -1    9    6    0.011065
    1   -1   10    6    0.031715
    1   -1   11    6   -0.006995
    1   -1   12    6    0.036625
    1   -1   13    6   -0.003123
    1   -1   14    6    0.002862
    1   -1   15    6    0.011610
    1   -1   16    6   -0.009430
    1   -1   17    6    0.001035
    1   -1   18    6   -0.002877
    1   -1    1    7   -0.009720
    1   -1    2    7   -0.005945
    1   -1    3    7    0.004695
    1   -1    4    7    0.004788
    1   -1    5    7    0.000670
    1   -1    6    7   -0.006485
    1   -1    7    7    0.006872
    1   -1    8    7   -0.000262
    1   -1    9    7   -0.000230
    1   -1   10    7   -0.016105
    1   -1   11    7   -0.001540
    1   -1   12    7    0.001910
    1   -1   13    7    0.030152
    1   -1   14    7    0.000580
    1   -1   15    7    0.031585
    1   -1   16    7   -0.007925
    1   -1   17    7   -0.000733
    1   -1   18    7    0.018197
    1   -1    1    8   -0.002680
    1   -1    2    8   -0.014322
    1   -1    3    8   -0.005852
    1   -1    4    8   -0.002572
    1   -1    5    8   -0.000082
    1   -1    6    8   -0.004635
    1   -1    7    8    0.002082
    1   -1    8    8   -0.000852
    1   -1    9    8    0.002732
    1   -1   10    8    0.088152
    1   -1   11    8   -0.000192
    1   -1   12    8    0.027832
    1   -1   13    8    0.004365
    1   -1   14    8   -0.002550
    1   -1   15    8    0.006467
    1   -1   16    8    0.000158
    1   -1   17    8   -0.026572
    1   -1   18    8   -0.000622
    1   -1    1    9   -0.011567
    1   -1    2    9    0.012490
    1   -1    3    9   -0.019830
    1   -1    4    9    0.011388
    1   -1    5    9    0.001395
    1   -1    6    9   -0.033535
    1   -1    7    9    0.009610
    1   -1    8    9    0.000885
    1   -1    9    9    0.004965
    1   -1   10    9   -0.033293
    1   -1   11    9    0.001810
    1   -1   12    9   -0.019705
    1   -1   13    9   -0.031837
    1   -1   14    9    0.000317
    1   -1   15    9   -0.009705
    1   -1   16    9   -0.026535
    1   -1   17    9   -0.001878
    1   -1   18    9   -0.006003
    1   -1    1   10   -0.002447
    1   -1    2   10    0.001192
    1   -1    3   10   -0.005998
    1   -1    4   10   -0.005460
    1   -1    5   10    0.001275
    1   -1    6   10   -0.010057
    1   -1    7   10    0.006253
    1   -1    8   10   -0.000527
    1   -1    9   10   -0.000058
    1   -1   10   10   -0.005115
    1   -1   11   10    0.000072
    1   -1   12   10    0.004315
    1   -1   13   10   -0.005182
    1   -1   14   10   -0.000390
    1   -1   15   10   -0.005172
    1   -1   16   10    0.005480
    1   -1   17   10    0.000700
    1   -1   18   10   -0.006730
    1   -1    1   11   -0.000505
    1   -1    2   11    0.000250
    1   -1    3   11   -0.001522
    1   -1    4   11   -0.000435
    1   -1    5   11    0.000315
    1   -1    6   11   -0.001147
    1   -1    7   11   -0.000840
    1   -1    8   11   -0.000075
    1   -1    9   11    0.001560
    1   -1   10   11   -0.000830
    1   -1   11   11   -0.000220
    1   -1   12   11   -0.001670
    1   -1   13   11   -0.001920
    1   -1   14   11   -0.000027
    1   -1   15   11   -0.000522
    1   -1   16   11   -0.001950
    1   -1   17   11    0.000490
    1   -1   18   11   -0.000782
    1   -1    1   12   -0.019755
    1   -1    2   12   -0.003598
    1   -1    3   12   -0.013885
    1   -1    4   12   -0.001640
    1   -1    5   12   -0.000287
    1   -1    6   12   -0.023240
    1   -1    7   12    0.002628
    1   -1    8   12    0.000775
    1   -1    9   12    0.004535
    1   -1   10   12    0.002730
    1   -1   11   12   -0.001517
    1   -1   12   12   -0.011805
    1   -1   13   12   -0.004042
    1   -1   14   12   -0.002107
    1   -1   15   12   -0.010352
    1   -1   16   12   -0.004482
    1   -1   17   12    0.004117
    1   -1   18   12    0.004718
    1   -1    1   13   -0.010622
    1   -1    2   13    0.001650
    1   -1    3   13   -0.000862
    1   -1    4   13   -0.006042
    1   -1    5   13   -0.000127
    1   -1    6   13   -0.002615
    1   -1    7   13    0.002533
    1   -1    8   13    0.000790
    1   -1    9   13   -0.000730
    1   -1   10   13    0.020605
    1   -1   11   13    0.000118
    1   -1   12   13    0.004930
    1   -1   13   13    0.002897
    1   -1   14   13    0.000702
    1   -1   15   13    0.018440
    1   -1   16   13    0.005912
    1   -1   17   13    0.002713
    1   -1   18   13    0.002190
    1   -1    1   14   -0.004625
    1   -1    2   14   -0.003237
    1   -1    3   14    0.000018
    1   -1    4   14   -0.005842
    1   -1    5   14   -0.000630
    1   -1    6   14   -0.005295
    1   -1    7   14    0.004535
    1   -1    8   14   -0.000490
    1   -1    9   14   -0.000255
    1   -1   10   14   -0.018997
    1   -1   11   14    0.002332
    1   -1   12   14   -0.021490
    1   -1   13   14    0.001727
    1   -1   14   14   -0.000777
    1   -1   15   14    0.006527
    1   -1   16   14    0.002472
    1   -1   17   14    0.004310
    1   -1   18   14   -0.003192
    1   -1    1   15   -0.007705
    1   -1    2   15    0.002707
    1   -1    3   15    0.003147
    1   -1    4   15   -0.003205
    1   -1    5   15    0.000320
    1   -1    6   15    0.021680
    1   -1    7   15    0.006553
    1   -1    8   15    0.000147
    1   -1    9   15    0.000042
    1   -1   10   15    0.007545
    1   -1   11   15    0.001190
    1   -1   12   15   -0.002028
    1   -1   13   15   -0.004440
    1   -1   14   15    0.001423
    1   -1   15   15    0.013187
    1   -1   16   15    0.007503
    1   -1   17   15    0.002005
    1   -1   18   15   -0.005682
    1   -1    1   16    0.017100
    1   -1    2   16    0.008427
    1   -1    3   16    0.019902
    1   -1    4   16    0.024732
    1   -1    5   16    0.001423
    1   -1    6   16    0.011545
    1   -1    7   16    0.003877
    1   -1    8   16    0.000565
    1   -1    9   16   -0.012390
    1   -1   10   16    0.118815
    1   -1   11   16   -0.000850
    1   -1   12   16    0.041412
    1   -1   13   16   -0.004625
    1   -1   14   16    0.005823
    1   -1   15   16   -0.010720
    1   -1   16   16    0.011997
    1   -1   17   16    0.003412
    1   -1   18   16   -0.021495
    1   -1    1   17   -0.000525
    1   -1    2   17    0.005395
    1   -1    3   17   -0.000813
    1   -1    4   17   -0.005057
    1   -1    5   17    0.000292
    1   -1    6   17    0.002767
    1   -1    7   17   -0.003017
    1   -1    8   17    0.000197
    1   -1    9   17    0.000685
    1   -1   10   17   -0.003635
    1   -1   11   17   -0.002195
    1   -1   12   17   -0.003210
    1   -1   13   17    0.002568
    1   -1   14   17    0.000140
    1   -1   15   17    0.006380
    1   -1   16   17   -0.002817
    1   -1   17   17    0.000492
    1   -1   18   17    0.002665
    1   -1    1   18   -0.010528
    1   -1    2   18    0.003125
    1   -1    3   18    0.003532
    1   -1    4   18    0.044220
    1   -1    5   18   -0.003527
    1   -1    6   18    0.010265
    1   -1    7   18   -0.015137
    1   -1    8   18    0.001015
    1   -1    9   18   -0.010363
    1   -1   10   18    0.034823
    1   -1   11   18   -0.005452
    1   -1   12   18    0.024505
    1   -1   13   18    0.018367
    1   -1   14   18    0.002575
    1   -1   15   18   -0.006690
    1   -1   16   18   -0.002162
    1   -1   17   18   -0.017510
    1   -1   18   18   -0.022320
   -1    0    1    1   -0.048007
   -1    0    2    1   -0.014062
   -1    0    3    1    1.061490
   -1    0    4    1   -0.058525
   -1    0    5    1   -0.014502
   -1    0    6    1   -0.035025
   -1    0    7    1    0.027678
   -1    0    8    1    0.028207
   -1    0    9    1    0.000128
   -1    0   10    1    0.007320
   -1    0   11    1    0.004780
   -1    0   12    1   -0.034197
   -1    0   13    1   -0.002962
   -1    0   14    1    0.003180
   -1    0   15    1   -0.002860
   -1    0   16    1    0.031180
   -1    0   17    1   -0.080165
   -1    0   18    1   -0.006523
   -1    0    1    2   -0.062890
   -1    0    2    2    0.020270
   -1    0    3    2   -3.144137
   -1    0    4    2   -0.376737
   -1    0    5    2    0.113973
   -1    0    6    2    0.082702
   -1    0    7    2    0.022657
   -1    0    8    2   -0.044727
   -1    0    9    2   -0.059575
   -1    0   10    2    0.015700
   -1    0   11    2    0.019340
   -1    0   12    2   -0.003927
   -1    0   13    2    0.054427
   -1    0   14    2    0.044858
   -1    0   15    2    0.016595
   -1    0   16    2   -0.196492
   -1    0   17    2    1.606497
   -1    0   18    2    0.052987
   -1    0    1    3   -0.562765
   -1    0    2    3    0.032802
   -1    0    3    3   -0.384480
   -1    0    4    3    0.583695
   -1    0    5    3    0.071640
   -1    0    6    3   -0.044825
   -1    0    7    3   -0.020772
   -1    0    8    3    0.094570
   -1    0    9    3    0.213615
   -1    0   10    3    0.000840
   -1    0   11    3    0.005120
   -1    0   12    3    0.015230
   -1    0   13    3   -0.091900
   -1    0   14    3    0.023655
   -1    0   15    3   -0.015910
   -1    0   16    3   -0.781570
   -1    0   17    3    0.004862
   -1    0   18    3   -0.109575
   -1    0    1    4    0.201813
   -1    0    2    4    0.001190
   -1    0    3    4    0.322578
   -1    0    4    4   -0.381945
   -1    0    5    4   -0.019725
   -1    0    6    4   -0.013850
   -1    0    7    4   -0.001793
   -1    0    8    4   -0.027457
   -1    0    9    4   -0.029240
   -1    0   10    4   -1.494845
   -1    0   11    4   -0.005762
   -1    0   12    4   -0.016053
   -1    0   13    4    0.003875
   -1    0   14    4   -0.022467
   -1    0   15    4    0.003967
   -1    0   16    4    0.138092
   -1    0   17    4   -0.007825
   -1    0   18    4    0.053160
   -1    0    1    5   -0.100695
   -1    0    2    5    0.007465
   -1    0    3    5    0.395317
   -1    0    4    5    0.061265
   -1    0    5    5   -0.012842
   -1    0    6    5    0.020592
   -1    0    7    5   -0.007370
   -1    0    8    5   -0.006005
   -1    0    9    5   -0.021522
   -1    0   10    5   -0.000373
   -1    0   11    5    0.003250
   -1    0   12    5    0.002808
   -1    0   13    5    0.015385
   -1    0   14    5    0.017865
   -1    0   15    5    0.004970
   -1    0   16    5    0.041070
   -1    0   17    5   -0.089800
   -1    0   18    5   -0.077790
   -1    0    1    6    0.850695
   -1    0    2    6    0.026795
   -1    0    3    6    3.444082
   -1    0    4    6   -0.713477
   -1    0    5    6    0.066845
   -1    0    6    6    0.257040
   -1    0    7    6   -0.012595
   -1    0    8    6   -0.501842
   -1    0    9    6   -0.204430
   -1    0   10    6    0.070635
   -1    0   11    6   -0.004675
   -1    0   12    6   -0.004568
   -1    0   13    6    0.084397
   -1    0   14    6    0.128742
   -1    0   15    6   -0.175000
   -1    0   16    6   -0.347737
   -1    0   17    6   -0.284583
   -1    0   18    6   -0.779105
   -1    0    1    7   -0.261120
   -1    0    2    7   -0.032942
   -1    0    3    7   -0.457285
   -1    0    4    7    0.445190
   -1    0    5    7    0.185015
   -1    0    6    7   -0.264742
   -1    0    7    7   -0.025260
   -1    0    8    7   -0.883757
   -1    0    9    7   -0.107885
   -1    0   10    7    0.016707
   -1    0   11    7   -0.057920
   -1    0   12    7    0.012048
   -1    0   13    7    0.082150
   -1    0   14    7    0.462517
   -1    0   15    7    0.015775
   -1    0   16    7   -0.165915
   -1    0   17    7    0.294237
   -1    0   18    7   -0.688545
   -1    0    1    8   -0.019685
   -1    0    2    8    0.003710
   -1    0    3    8   -0.116235
   -1    0    4    8    0.092045
   -1    0    5    8    0.004972
   -1    0    6    8    0.014465
   -1    0    7    8   -0.001537
   -1    0    8    8   -0.005090
   -1    0    9    8   -0.002120
   -1    0   10    8    0.006197
   -1    0   11    8    0.000407
   -1    0   12    8    0.002472
   -1    0   13    8    0.003572
   -1    0   14    8    0.004542
   -1    0   15    8    0.002943
   -1    0   16    8   -0.018527
   -1    0   17    8    0.007715
   -1    0   18    8   -0.014595
   -1    0    1    9    0.138332
   -1    0    2    9    0.012470
   -1    0    3    9   -0.455465
   -1    0    4    9   -0.096680
   -1    0    5    9   -0.024667
   -1    0    6    9    0.007017
   -1    0    7    9    0.042820
   -1    0    8    9    0.043360
   -1    0    9    9    0.143115
   -1    0   10    9   -0.010158
   -1    0   11    9    0.001700
   -1    0   12    9    0.016657
   -1    0   13    9   -0.031867
   -1    0   14    9   -0.129990
   -1    0   15    9    0.006057
   -1    0   16    9    0.188565
   -1    0   17    9   -0.000032
   -1    0   18    9   -0.174503
   -1    0    1   10   -2.548192
   -1    0    2   10    0.203915
   -1    0    3   10   -3.077075
   -1    0    4   10    0.972127
   -1    0    5   10   -1.009705
   -1    0    6   10   -0.416010
   -1    0    7   10   -0.209563
   -1    0    8   10   -0.159100
   -1    0    9   10   -1.416192
   -1    0   10   10    0.162242
   -1    0   11   10    0.175125
   -1    0   12   10   -0.171295
   -1    0   13   10    1.484630
   -1    0   14   10   -0.076452
   -1    0   15   10    0.109582
   -1    0   16   10    3.035912
   -1    0   17   10   -0.008052
   -1    0   18   10   -1.020202
   -1    0    1   11   -0.242320
   -1    0    2   11    0.007270
   -1    0    3   11   -0.451645
   -1    0    4   11    0.034155
   -1    0    5   11    0.061630
   -1    0    6   11   -0.016923
   -1    0    7   11    0.003445
   -1    0    8   11    0.002207
   -1    0    9   11   -0.047055
   -1    0   10   11    0.002102
   -1    0   11   11    0.003290
   -1    0   12   11   -0.002717
   -1    0   13   11    0.020562
   -1    0   14   11    0.095470
   -1    0   15   11    0.011737
   -1    0   16   11   -0.057838
   -1    0   17   11    0.575110
   -1    0   18   11   -0.154672
   -1    0    1   12    1.823238
   -1    0    2   12   -0.065717
   -1    0    3   12    0.240438
   -1    0    4   12   -0.949460
   -1    0    5   12    0.101355
   -1    0    6   12    0.167625
   -1    0    7   12    0.115730
   -1    0    8   12   -0.167272
   -1    0    9   12   -0.741915
   -1    0   10   12    0.042370
   -1    0   11   12    0.031147
   -1    0   12   12    0.017210
   -1    0   13   12    0.225428
   -1    0   14   12   -0.218857
   -1    0   15   12   -0.010782
   -1    0   16   12   -0.341205
   -1    0   17   12    0.022240
   -1    0   18   12    0.267170
   -1    0    1   13    0.189690
   -1    0    2   13    0.134815
   -1    0    3   13    0.413595
   -1    0    4   13    0.141090
   -1    0    5   13    0.059297
   -1    0    6   13   -0.115990
   -1    0    7   13    0.008953
   -1    0    8   13    0.054905
   -1    0    9   13   -0.200010
   -1    0   10   13    0.018565
   -1    0   11   13    0.010127
   -1    0   12   13    0.016862
   -1    0   13   13    0.019705
   -1    0   14   13   -0.263975
   -1    0   15   13    0.257637
   -1    0   16   13   -0.809067
   -1    0   17   13    0.377635
   -1    0   18   13    1.461388
   -1    0    1   14   -0.066500
   -1    0    2   14    0.011002
   -1    0    3   14   -0.071760
   -1    0    4   14    0.170500
   -1    0    5   14    0.009702
   -1    0    6   14    0.025332
   -1    0    7   14   -0.007428
   -1    0    8   14   -0.009235
   -1    0    9   14    0.038510
   -1    0   10   14    0.013082
   -1    0   11   14    0.004240
   -1    0   12   14    0.006350
   -1    0   13   14   -0.013497
   -1    0   14   14   -0.001497
   -1    0   15   14   -0.000693
   -1    0   16   14   -0.161775
   -1    0   17   14   -0.020035
   -1    0   18   14   -0.006025
   -1    0    1   15    0.388867
   -1    0    2   15    0.186688
   -1    0    3   15    0.550927
   -1    0    4   15    0.713475
   -1    0    5   15    0.072322
   -1    0    6   15    0.094547
   -1    0    7   15    0.192235
   -1    0    8   15   -0.283667
   -1    0    9   15    0.054825
   -1    0   10   15   -0.053755
   -1    0   11   15    0.041970
   -1    0   12   15   -0.005695
   -1    0   13   15    0.068035
   -1    0   14   15    0.018827
   -1    0   15   15    0.194035
   -1    0   16   15    0.187978
   -1    0   17   15   -0.282565
   -1    0   18   15    0.009163
   -1    0    1   16    0.069097
   -1    0    2   16    0.015160
   -1    0    3   16    0.190217
   -1    0    4   16   -0.440012
   -1    0    5   16   -0.052442
   -1    0    6   16   -0.091615
   -1    0    7   16    0.026240
   -1    0    8   16    0.046347
   -1    0    9   16    0.018417
   -1    0   10   16    0.071535
   -1    0   11   16    0.001378
   -1    0   12   16   -0.008270
   -1    0   13   16   -0.009355
   -1    0   14   16   -0.043670
   -1    0   15   16    0.054422
   -1    0   16   16    0.136550
   -1    0   17   16   -0.101760
   -1    0   18   16    0.045012
   -1    0    1   17    2.313665
   -1    0    2   17   -0.101675
   -1    0    3   17    0.844280
   -1    0    4   17    0.120482
   -1    0    5   17   -0.474915
   -1    0    6   17   -0.100882
   -1    0    7   17   -0.045532
   -1    0    8   17    0.292893
   -1    0    9   17   -0.046210
   -1    0   10   17   -0.021157
   -1    0   11   17    0.058480
   -1    0   12   17    0.015632
   -1    0   13   17    0.021550
   -1    0   14   17   -1.822890
   -1    0   15   17    0.011202
   -1    0   16   17   -1.090495
   -1    0   17   17   -0.000622
   -1    0   18   17    0.353775
   -1    0    1   18    0.177577
   -1    0    2   18    0.039532
   -1    0    3   18    0.160945
   -1    0    4   18   -0.378078
   -1    0    5   18   -0.007462
   -1    0    6   18    0.000887
   -1    0    7   18    0.071510
   -1    0    8   18   -0.001547
   -1    0    9   18   -0.065617
   -1    0   10   18    0.037020
   -1    0   11   18    0.016108
   -1    0   12   18    0.009977
   -1    0   13   18    0.016923
   -1    0   14   18   -0.022582
   -1    0   15   18    0.036257
   -1    0   16   18    0.307642
   -1    0   17   18    0.014897
   -1    0   18   18    0.092742
    0    0    1    1   -0.768930
    0    0    2    1    0.083915
    0    0    3    1   -0.155292
    0    0    4    1   -0.384470
    0    0    5    1   -1.017490
    0    0    6    1    0.687880
    0    0    7    1    0.054012
    0    0    8    1    0.454472
    0    0    9    1    0.142402
    0    0   10    1   -0.069757
    0    0   11    1   -0.144935
    0    0   12    1    0.036860
    0    0   13    1   -0.189338
    0    0   14    1   -0.964502
    0    0   15    1   -0.074970
    0    0   16    1    3.191705
    0    0   17    1   -1.829978
    0    0   18    1   -0.340483
    0    0    1    2    0.083915
    0    0    2    2    0.894110
    0    0    3    2    0.523510
    0    0    4    2   -0.163060
    0    0    5    2   -0.133008
    0    0    6    2   -3.076527
    0    0    7    2    3.478580
    0    0    8    2   -0.073777
    0    0    9    2   -0.314470
    0    0   10    2    0.172778
    0    0   11    2    2.026395
    0    0   12    2   -0.495860
    0    0   13    2   -0.374500
    0    0   14    2   -0.835435
    0    0   15    2   -0.144402
    0    0   16    2   -0.537152
    0    0   17    2   -1.342757
    0    0   18    2    0.136690
    0    0    1    3   -0.155292
    0    0    2    3    0.523510
    0    0    3    3    6.763188
    0    0    4    3   -0.700305
    0    0    5    3   -0.869597
    0    0    6    3   -0.297160
    0    0    7    3   -0.149230
    0    0    8    3    0.564137
    0    0    9    3   -1.208572
    0    0   10    3   -0.098095
    0    0   11    3   -0.385475
    0    0   12    3    0.433765
    0    0   13    3   -0.350705
    0    0   14    3   -1.008687
    0    0   15    3    0.012400
    0    0   16    3    2.499297
    0    0   17    3   -0.233867
    0    0   18    3   -2.391435
    0    0    1    4   -0.384470
    0    0    2    4   -0.163060
    0    0    3    4   -0.700305
    0    0    4    4    3.390852
    0    0    5    4    0.161485
    0    0    6    4   -0.598430
    0    0    7    4   -0.064982
    0    0    8    4    0.008657
    0    0    9    4    0.443515
    0    0   10    4    0.089592
    0    0   11    4   -0.080157
    0    0   12    4   -0.063575
    0    0   13    4    0.167062
    0    0   14    4   -0.143113
    0    0   15    4    0.320457
    0    0   16    4   -2.786095
    0    0   17    4   -0.030030
    0    0   18    4    0.017757
    0    0    1    5   -1.017490
    0    0    2    5   -0.133008
    0    0    3    5   -0.869597
    0    0    4    5    0.161485
    0    0    5    5   -2.200290
    0    0    6    5   -0.704097
    0    0    7    5   -0.519502
    0    0    8    5   -0.724333
    0    0    9    5    0.284207
    0    0   10    5    0.017055
    0    0   11    5   -0.616407
    0    0   12    5    0.198917
    0    0   13    5   -0.064187
    0    0   14    5   -0.470792
    0    0   15    5   -0.006045
    0    0   16    5    0.990088
    0    0   17    5    1.851713
    0    0   18    5   -0.451118
    0    0    1    6    0.687880
    0    0    2    6   -3.076527
    0    0    3    6   -0.297160
    0    0    4    6   -0.598430
    0    0    5    6   -0.704097
    0    0    6    6  -11.413040
    0    0    7    6   -1.758068
    0    0    8    6   -0.347062
    0    0    9    6    0.153147
    0    0   10    6    0.056848
    0    0   11    6   -1.864997
    0    0   12    6    0.823105
    0    0   13    6   -1.556272
    0    0   14    6   -0.449595
    0    0   15    6   -1.708385
    0    0   16    6    2.138320
    0    0   17    6    0.031990
    0    0   18    6    0.074730
    0    0    1    7    0.054012
    0    0    2    7    3.478580
    0    0    3    7   -0.149230
    0    0    4    7   -0.064982
    0    0    5    7   -0.519502
    0    0    6    7   -1.758068
    0    0    7    7   -1.086413
    0    0    8    7   -0.160272
    0    0    9    7    0.757577
    0    0   10    7    0.115735
    0    0   11    7   -1.405680
    0    0   12    7    0.431350
    0    0   13    7   -0.210915
    0    0   14    7    0.161598
    0    0   15    7   -0.799645
    0    0   16    7    0.154680
    0    0   17    7   -1.205367
    0    0   18    7    0.930370
    0    0    1    8    0.454472
    0    0    2    8   -0.073777
    0    0    3    8    0.564137
    0    0    4    8    0.008657
    0    0    5    8   -0.724333
    0    0    6    8   -0.347062
    0    0    7    8   -0.160272
    0    0    8    8   -0.737660
    0    0    9    8   -0.048237
    0    0   10    8    0.039467
    0    0   11    8   -0.047235
    0    0   12    8    0.011055
    0    0   13    8   -0.001892
    0    0   14    8    0.527907
    0    0   15    8    0.010105
    0    0   16    8    0.125172
    0    0   17    8   -2.089472
    0    0   18    8   -0.010933
    0    0    1    9    0.142402
    0    0    2    9   -0.314470
    0    0    3    9   -1.208572
    0    0    4    9    0.443515
    0    0    5    9    0.284207
    0    0    6    9    0.153147
    0    0    7    9    0.757577
    0    0    8    9   -0.048237
    0    0    9    9   -0.310095
    0    0   10    9   -0.212390
    0    0   11    9    0.101642
    0    0   12    9   -0.941035
    0    0   13    9   -0.222610
    0    0   14    9    0.179570
    0    0   15    9    0.073520
    0    0   16    9   -1.520067
    0    0   17    9    0.058940
    0    0   18    9    0.744855
    0    0    1   10   -0.069757
    0    0    2   10    0.172778
    0    0    3   10   -0.098095
    0    0    4   10    0.089592
    0    0    5   10    0.017055
    0    0    6   10    0.056848
    0    0    7   10    0.115735
    0    0    8   10    0.039467
    0    0    9   10   -0.212390
    0    0   10   10   -5.084190
    0    0   11   10   -0.042687
    0    0   12   10    1.715100
    0    0   13   10    0.962922
    0    0   14   10    0.007395
    0    0   15   10   -0.202215
    0    0   16   10   -0.018683
    0    0   17   10    0.737640
    0    0   18   10    0.226778
    0    0    1   11   -0.144935
    0    0    2   11    2.026395
    0    0    3   11   -0.385475
    0    0    4   11   -0.080157
    0    0    5   11   -0.616407
    0    0    6   11   -1.864997
    0    0    7   11   -1.405680
    0    0    8   11   -0.047235
    0    0    9   11    0.101642
    0    0   10   11   -0.042687
    0    0   11   11    0.008128
    0    0   12   11    1.010760
    0    0   13   11   -0.173565
    0    0   14   11    0.436895
    0    0   15   11   -0.102287
    0    0   16   11    0.287837
    0    0   17   11   -0.803508
    0    0   18   11   -0.026140
    0    0    1   12    0.036860
    0    0    2   12   -0.495860
    0    0    3   12    0.433765
    0    0    4   12   -0.063575
    0    0    5   12    0.198917
    0    0    6   12    0.823105
    0    0    7   12    0.431350
    0    0    8   12    0.011055
    0    0    9   12   -0.941035
    0    0   10   12    1.715100
    0    0   11   12    1.010760
    0    0   12   12  -10.462957
    0    0   13   12    0.253793
    0    0   14   12    0.076115
    0    0   15   12    0.003145
    0    0   16   12    0.072413
    0    0   17   12    0.754192
    0    0   18   12    0.008837
    0    0    1   13   -0.189338
    0    0    2   13   -0.374500
    0    0    3   13   -0.350705
    0    0    4   13    0.167062
    0    0    5   13   -0.064187
    0    0    6   13   -1.556272
    0    0    7   13   -0.210915
    0    0    8   13   -0.001892
    0    0    9   13   -0.222610
    0    0   10   13    0.962922
    0    0   11   13   -0.173565
    0    0   12   13    0.253793
    0    0   13   13    0.455810
    0    0   14   13   -0.444265
    0    0   15   13   -2.345115
    0    0   16   13    0.978205
    0    0   17   13    0.066687
    0    0   18   13    0.854312
    0    0    1   14   -0.964502
    0    0    2   14   -0.835435
    0    0    3   14   -1.008687
    0    0    4   14   -0.143113
    0    0    5   14   -0.470792
    0    0    6   14   -0.449595
    0    0    7   14    0.161598
    0    0    8   14    0.527907
    0    0    9   14    0.179570
    0    0   10   14    0.007395
    0    0   11   14    0.436895
    0    0   12   14    0.076115
    0    0   13   14   -0.444265
    0    0   14   14    1.490812
    0    0   15   14   -0.014840
    0    0   16   14    0.757812
    0    0   17   14    2.686053
    0    0   18   14   -0.738022
    0    0    1   15   -0.074970
    0    0    2   15   -0.144402
    0    0    3   15    0.012400
    0    0    4   15    0.320457
    0    0    5   15   -0.006045
    0    0    6   15   -1.708385
    0    0    7   15   -0.799645
    0    0    8   15    0.010105
    0    0    9   15    0.073520
    0    0   10   15   -0.202215
    0    0   11   15   -0.102287
    0    0   12   15    0.003145
    0    0   13   15   -2.345115
    0    0   14   15   -0.014840
    0    0   15   15   -1.056997
    0    0   16   15   -0.841723
    0    0   17   15    0.039660
    0    0   18   15   -1.074702
    0    0    1   16    3.191705
    0    0    2   16   -0.537152
    0    0    3   16    2.499297
    0    0    4   16   -2.786095
    0    0    5   16    0.990088
    0    0    6   16    2.138320
    0    0    7   16    0.154680
    0    0    8   16    0.125172
    0    0    9   16   -1.520067
    0    0   10   16   -0.018683
    0    0   11   16    0.287837
    0    0   12   16    0.072413
    0    0   13   16    0.978205
    0    0   14   16    0.757812
    0    0   15   16   -0.841723
    0    0   16   16   -8.507552
    0    0   17   16   -0.062060
    0    0   18   16   -4.859575
    0    0    1   17   -1.829978
    0    0    2   17   -1.342757
    0    0    3   17   -0.233867
    0    0    4   17   -0.030030
    0    0    5   17    1.851713
    0    0    6   17    0.031990
    0    0    7   17   -1.205367
    0    0    8   17   -2.089472
    0    0    9   17    0.058940
    0    0   10   17    0.737640
    0    0   11   17   -0.803508
    0    0   12   17    0.754192
    0    0   13   17    0.066687
    0    0   14   17    2.686053
    0    0   15   17    0.039660
    0    0   16   17   -0.062060
    0    0   17   17   -0.810298
    0    0   18   17    0.095622
    0    0    1   18   -0.340483
    0    0    2   18    0.136690
    0    0    3   18   -2.391435
    0    0    4   18    0.017757
    0    0    5   18   -0.451118
    0    0    6   18    0.074730
    0    0    7   18    0.930370
    0    0    8   18   -0.010933
    0    0    9   18    0.744855
    0    0   10   18    0.226778
    0    0   11   18   -0.026140
    0    0   12   18    0.008837
    0    0   13   18    0.854312
    0    0   14   18   -0.738022
    0    0   15   18   -1.074702
    0    0   16   18   -4.859575
    0    0   17   18    0.095622
    0    0   18   18   -1.454597
    1    0    1    1   -0.048007
    1    0    2    1   -0.062890
    1    0    3    1   -0.562765
    1    0    4    1    0.201813
    1    0    5    1   -0.100695
    1    0    6    1    0.850695
    1    0    7    1   -0.261120
    1    0    8    1   -0.019685
    1    0    9    1    0.138332
    1    0   10    1   -2.548192
    1    0   11    1   -0.242320
    1    0   12    1    1.823238
    1    0   13    1    0.189690
    1    0   14    1   -0.066500
    1    0   15    1    0.388867
    1    0   16    1    0.069097
    1    0   17    1    2.313665
    1    0   18    1    0.177577
    1    0    1    2   -0.014062
    1    0    2    2    0.020270
    1    0    3    2    0.032802
    1    0    4    2    0.001190
    1    0    5    2    0.007465
    1    0    6    2    0.026795
    1    0    7    2   -0.032942
    1    0    8    2    0.003710
    1    0    9    2    0.012470
    1    0   10    2    0.203915
    1    0   11    2    0.007270
    1    0   12    2   -0.065717
    1    0   13    2    0.134815
    1    0   14    2    0.011002
    1    0   15    2    0.186688
    1    0   16    2    0.015160
    1    0   17    2   -0.101675
    1    0   18    2    0.039532
    1    0    1    3    1.061490
    1    0    2    3   -3.144137
    1    0    3    3   -0.384480
    1    0    4    3    0.322578
    1    0    5    3    0.395317
    1    0    6    3    3.444082
    1    0    7    3   -0.457285
    1    0    8    3   -0.116235
    1    0    9    3   -0.455465
    1    0   10    3   -3.077075
    1    0   11    3   -0.451645
    1    0   12    3    0.240438
    1    0   13    3    0.413595
    1    0   14    3   -0.071760
    1    0   15    3    0.550927
    1    0   16    3    0.190217
    1    0   17    3    0.844280
    1    0   18    3    0.160945
    1    0    1    4   -0.058525
    1    0    2    4   -0.376737
    1    0    3    4    0.583695
    1    0    4    4   -0.381945
    1    0    5    4    0.061265
    1    0    6    4   -0.713477
    1    0    7    4    0.445190
    1    0    8    4    0.092045
    1    0    9    4   -0.096680
    1    0   10    4    0.972127
    1    0   11    4    0.034155
    1    0   12    4   -0.949460
    1    0   13    4    0.141090
    1    0   14    4    0.170500
    1    0   15    4    0.713475
    1    0   16    4   -0.440012
    1    0   17    4    0.120482
    1    0   18    4   -0.378078
    1    0    1    5   -0.014502
    1    0    2    5    0.113973
    1    0    3    5    0.071640
    1    0    4    5   -0.019725
    1    0    5    5   -0.012842
    1    0    6    5    0.066845
    1    0    7    5    0.185015
    1    0    8    5    0.004972
    1    0    9    5   -0.024667
    1    0   10    5   -1.009705
    1    0   11    5    0.061630
    1    0   12    5    0.101355
    1    0   13    5    0.059297
    1    0   14    5    0.009702
    1    0   15    5    0.072322
    1    0   16    5   -0.052442
    1    0   17    5   -0.474915
    1    0   18    5   -0.007462
    1    0    1    6   -0.035025
    1    0    2    6    0.082702
    1    0    3    6   -0.044825
    1    0    4    6   -0.013850
    1    0    5    6    0.020592
    1    0    6    6    0.257040
    1    0    7    6   -0.264742
    1    0    8    6    0.014465
    1    0    9    6    0.007017
    1    0   10    6   -0.416010
    1    0   11    6   -0.016923
    1    0   12    6    0.167625
    1    0   13    6   -0.115990
    1    0   14    6    0.025332
    1    0   15    6    0.094547
    1    0   16    6   -0.091615
    1    0   17    6   -0.100882
    1    0   18    6    0.000887
    1    0    1    7    0.027678
    1    0    2    7    0.022657
    1    0    3    7   -0.020772
    1    0    4    7   -0.001793
    1    0    5    7   -0.007370
    1    0    6    7   -0.012595
    1    0    7    7   -0.025260
    1    0    8    7   -0.001537
    1    0    9    7    0.042820
    1    0   10    7   -0.209563
    1    0   11    7    0.003445
    1    0   12    7    0.115730
    1    0   13    7    0.008953
    1    0   14    7   -0.007428
    1    0   15    7    0.192235
    1    0   16    7    0.026240
    1    0   17    7   -0.045532
    1    0   18    7    0.071510
    1    0    1    8    0.028207
    1    0    2    8   -0.044727
    1    0    3    8    0.094570
    1    0    4    8   -0.027457
    1    0    5    8   -0.006005
    1    0    6    8   -0.501842
    1    0    7    8   -0.883757
    1    0    8    8   -0.005090
    1    0    9    8    0.043360
    1    0   10    8   -0.159100
    1    0   11    8    0.002207
    1    0   12    8   -0.167272
    1    0   13    8    0.054905
    1    0   14    8   -0.009235
    1    0   15    8   -0.283667
    1    0   16    8    0.046347
    1    0   17    8    0.292893
    1    0   18    8   -0.001547
    1    0    1    9    0.000128
    1    0    2    9   -0.059575
    1    0    3    9    0.213615
    1    0    4    9   -0.029240
    1    0    5    9   -0.021522
    1    0    6    9   -0.204430
    1    0    7    9   -0.107885
    1    0    8    9   -0.002120
    1    0    9    9    0.143115
    1    0   10    9   -1.416192
    1    0   11    9   -0.047055
    1    0   12    9   -0.741915
    1    0   13    9   -0.200010
    1    0   14    9    0.038510
    1    0   15    9    0.054825
    1    0   16    9    0.018417
    1    0   17    9   -0.046210
    1    0   18    9   -0.065617
    1    0    1   10    0.007320
    1    0    2   10    0.015700
    1    0    3   10    0.000840
    1    0    4   10   -1.494845
    1    0    5   10   -0.000373
    1    0    6   10    0.070635
    1    0    7   10    0.016707
    1    0    8   10    0.006197
    1    0    9   10   -0.010158
    1    0   10   10    0.162242
    1    0   11   10    0.002102
    1    0   12   10    0.042370
    1    0   13   10    0.018565
    1    0   14   10    0.013082
    1    0   15   10   -0.053755
    1    0   16   10    0.071535
    1    0   17   10   -0.021157
    1    0   18   10    0.037020
    1    0    1   11    0.004780
    1    0    2   11    0.019340
    1    0    3   11    0.005120
    1    0    4   11   -0.005762
    1    0    5   11    0.003250
    1    0    6   11   -0.004675
    1    0    7   11   -0.057920
    1    0    8   11    0.000407
    1    0    9   11    0.001700
    1    0   10   11    0.175125
    1    0   11   11    0.003290
    1    0   12   11    0.031147
    1    0   13   11    0.010127
    1    0   14   11    0.004240
    1    0   15   11    0.041970
    1    0   16   11    0.001378
    1    0   17   11    0.058480
    1    0   18   11    0.016108
    1    0    1   12   -0.034197
    1    0    2   12   -0.003927
    1    0    3   12    0.015230
    1    0    4   12   -0.016053
    1    0    5   12    0.002808
    1    0    6   12   -0.004568
    1    0    7   12    0.012048
    1    0    8   12    0.002472
    1    0    9   12    0.016657
    1    0   10   12   -0.171295
    1    0   11   12   -0.002717
    1    0   12   12    0.017210
    1    0   13   12    0.016862
    1    0   14   12    0.006350
    1    0   15   12   -0.005695
    1    0   16   12   -0.008270
    1    0   17   12    0.015632
    1    0   18   12    0.009977
    1    0    1   13   -0.002962
    1    0    2   13    0.054427
    1    0    3   13   -0.091900
    1    0    4   13    0.003875
    1    0    5   13    0.015385
    1    0    6   13    0.084397
    1    0    7   13    0.082150
    1    0    8   13    0.003572
    1    0    9   13   -0.031867
    1    0   10   13    1.484630
    1    0   11   13    0.020562
    1    0   12   13    0.225428
    1    0   13   13    0.019705
    1    0   14   13   -0.013497
    1    0   15   13    0.068035
    1    0   16   13   -0.009355
    1    0   17   13    0.021550
    1    0   18   13    0.016923
    1    0    1   14    0.003180
    1    0    2   14    0.044858
    1    0    3   14    0.023655
    1    0    4   14   -0.022467
    1    0    5   14    0.017865
    1    0    6   14    0.128742
    1    0    7   14    0.462517
    1    0    8   14    0.004542
    1    0    9   14   -0.129990
    1    0   10   14   -0.076452
    1    0   11   14    0.095470
    1    0   12   14   -0.218857
    1    0   13   14   -0.263975
    1    0   14   14   -0.001497
    1    0   15   14    0.018827
    1    0   16   14   -0.043670
    1    0   17   14   -1.822890
    1    0   18   14   -0.022582
    1    0    1   15   -0.002860
    1    0    2   15    0.016595
    1    0    3   15   -0.015910
    1    0    4   15    0.003967
    1    0    5   15    0.004970
    1    0    6   15   -0.175000
    1    0    7   15    0.015775
    1    0    8   15    0.002943
    1    0    9   15    0.006057
    1    0   10   15    0.109582
    1    0   11   15    0.011737
    1    0   12   15   -0.010782
    1    0   13   15    0.257637
    1    0   14   15   -0.000693
    1    0   15   15    0.194035
    1    0   16   15    0.054422
    1    0   17   15    0.011202
    1    0   18   15    0.036257
    1    0    1   16    0.031180
    1    0    2   16   -0.196492
    1    0    3   16   -0.781570
    1    0    4   16    0.138092
    1    0    5   16    0.041070
    1    0    6   16   -0.347737
    1    0    7   16   -0.165915
    1    0    8   16   -0.018527
    1    0    9   16    0.188565
    1    0   10   16    3.035912
    1    0   11   16   -0.057838
    1    0   12   16   -0.341205
    1    0   13   16   -0.809067
    1    0   14   16   -0.161775
    1    0   15   16    0.187978
    1    0   16   16    0.136550
    1    0   17   16   -1.090495
    1    0   18   16    0.307642
    1    0    1   17   -0.080165
    1    0    2   17    1.606497
    1    0    3   17    0.004862
    1    0    4   17   -0.007825
    1    0    5   17   -0.089800
    1    0    6   17   -0.284583
    1    0    7   17    0.294237
    1    0    8   17    0.007715
    1    0    9   17   -0.000032
    1    0   10   17   -0.008052
    1    0   11   17    0.575110
    1    0   12   17    0.022240
    1    0   13   17    0.377635
    1    0   14   17   -0.020035
    1    0   15   17   -0.282565
    1    0   16   17   -0.101760
    1    0   17   17   -0.000622
    1    0   18   17    0.014897
    1    0    1   18   -0.006523
    1    0    2   18    0.052987
    1    0    3   18   -0.109575
    1    0    4   18    0.053160
    1    0    5   18   -0.077790
    1    0    6   18   -0.779105
    1    0    7   18   -0.688545
    1    0    8   18   -0.014595
    1    0    9   18   -0.174503
    1    0   10   18   -1.020202
    1    0   11   18   -0.154672
    1    0   12   18    0.267170
    1    0   13   18    1.461388
    1    0   14   18   -0.006025
    1    0   15   18    0.009163
    1    0   16   18    0.045012
    1    0   17   18    0.353775
    1    0   18   18    0.092742
   -1    1    1    1    0.019685
   -1    1    2    1   -0.004810
   -1    1    3    1   -0.010052
   -1    1    4    1   -0.024210
   -1    1    5    1   -0.003672
   -1    1    6    1   -0.034520
   -1    1    7    1   -0.009720
   -1    1    8    1   -0.002680
   -1    1    9    1   -0.011567
   -1    1   10    1   -0.002447
   -1    1   11    1   -0.000505
   -1    1   12    1   -0.019755
   -1    1   13    1   -0.010622
   -1    1   14    1   -0.004625
   -1    1   15    1   -0.007705
   -1    1   16    1    0.017100
   -1    1   17    1   -0.000525
   -1    1   18    1   -0.010528
   -1    1    1    2    0.009915
   -1    1    2    2    0.000192
   -1    1    3    2   -0.014702
   -1    1    4    2    0.013022
   -1    1    5    2   -0.001135
   -1    1    6    2   -0.003490
   -1    1    7    2   -0.005945
   -1    1    8    2   -0.014322
   -1    1    9    2    0.012490
   -1    1   10    2    0.001192
   -1    1   11    2    0.000250
   -1    1   12    2   -0.003598
   -1    1   13    2    0.001650
   -1    1   14    2   -0.003237
   -1    1   15    2    0.002707
   -1    1   16    2    0.008427
   -1    1   17    2    0.005395
   -1    1   18    2    0.003125
   -1    1    1    3    0.014977
   -1    1    2    3    0.001295
   -1    1    3    3    0.013430
   -1    1    4    3   -0.014068
   -1    1    5    3   -0.005340
   -1    1    6    3   -0.011055
   -1    1    7    3    0.004695
   -1    1    8    3   -0.005852
   -1    1    9    3   -0.019830
   -1    1   10    3   -0.005998
   -1    1   11    3   -0.001522
   -1    1   12    3   -0.013885
   -1    1   13    3   -0.000862
   -1    1   14    3    0.000018
   -1    1   15    3    0.003147
   -1    1   16    3    0.019902
   -1    1   17    3   -0.000813
   -1    1   18    3    0.003532
   -1    1    1    4    0.034693
   -1    1    2    4   -0.001942
   -1    1    3    4   -0.043257
   -1    1    4    4    0.003498
   -1    1    5    4   -0.001020
   -1    1    6    4   -0.012890
   -1    1    7    4    0.004788
   -1    1    8    4   -0.002572
   -1    1    9    4    0.011388
   -1    1   10    4   -0.005460
   -1    1   11    4   -0.000435
   -1    1   12    4   -0.001640
   -1    1   13    4   -0.006042
   -1    1   14    4   -0.005842
   -1    1   15    4   -0.003205
   -1    1   16    4    0.024732
   -1    1   17    4   -0.005057
   -1    1   18    4    0.044220
   -1    1    1    5    0.002845
   -1    1    2    5    0.000387
   -1    1    3    5   -0.003077
   -1    1    4    5    0.009645
   -1    1    5    5   -0.000092
   -1    1    6    5    0.003152
   -1    1    7    5    0.000670
   -1    1    8    5   -0.000082
   -1    1    9    5    0.001395
   -1    1   10    5    0.001275
   -1    1   11    5    0.000315
   -1    1   12    5   -0.000287
   -1    1   13    5   -0.000127
   -1    1   14    5   -0.000630
   -1    1   15    5    0.000320
   -1    1   16    5    0.001423
   -1    1   17    5    0.000292
   -1    1   18    5   -0.003527
   -1    1    1    6   -0.009265
   -1    1    2    6   -0.008010
   -1    1    3    6    0.084012
   -1    1    4    6    0.063253
   -1    1    5    6   -0.003278
   -1    1    6    6   -0.009033
   -1    1    7    6   -0.006485
   -1    1    8    6   -0.004635
   -1    1    9    6   -0.033535
   -1    1   10    6   -0.010057
   -1    1   11    6   -0.001147
   -1    1   12    6   -0.023240
   -1    1   13    6   -0.002615
   -1    1   14    6   -0.005295
   -1    1   15    6    0.021680
   -1    1   16    6    0.011545
   -1    1   17    6    0.002767
   -1    1   18    6    0.010265
   -1    1    1    7   -0.036393
   -1    1    2    7   -0.001572
   -1    1    3    7    0.001820
   -1    1    4    7    0.013025
   -1    1    5    7    0.003015
   -1    1    6    7   -0.007815
   -1    1    7    7    0.006872
   -1    1    8    7    0.002082
   -1    1    9    7    0.009610
   -1    1   10    7    0.006253
   -1    1   11    7   -0.000840
   -1    1   12    7    0.002628
   -1    1   13    7    0.002533
   -1    1   14    7    0.004535
   -1    1   15    7    0.006553
   -1    1   16    7    0.003877
   -1    1   17    7   -0.003017
   -1    1   18    7   -0.015137
   -1    1    1    8    0.002702
   -1    1    2    8    0.000370
   -1    1    3    8    0.000705
   -1    1    4    8    0.006247
   -1    1    5    8   -0.000228
   -1    1    6    8    0.003018
   -1    1    7    8   -0.000262
   -1    1    8    8   -0.000852
   -1    1    9    8    0.000885
   -1    1   10    8   -0.000527
   -1    1   11    8   -0.000075
   -1    1   12    8    0.000775
   -1    1   13    8    0.000790
   -1    1   14    8   -0.000490
   -1    1   15    8    0.000147
   -1    1   16    8    0.000565
   -1    1   17    8    0.000197
   -1    1   18    8    0.001015
   -1    1    1    9   -0.004712
   -1    1    2    9    0.002940
   -1    1    3    9   -0.007452
   -1    1    4    9   -0.013538
   -1    1    5    9    0.000817
   -1    1    6    9    0.011065
   -1    1    7    9   -0.000230
   -1    1    8    9    0.002732
   -1    1    9    9    0.004965
   -1    1   10    9   -0.000058
   -1    1   11    9    0.001560
   -1    1   12    9    0.004535
   -1    1   13    9   -0.000730
   -1    1   14    9   -0.000255
   -1    1   15    9    0.000042
   -1    1   16    9   -0.012390
   -1    1   17    9    0.000685
   -1    1   18    9   -0.010363
   -1    1    1   10    0.145592
   -1    1    2   10    0.006895
   -1    1    3   10    0.047230
   -1    1    4   10    0.015845
   -1    1    5   10   -0.033500
   -1    1    6   10    0.031715
   -1    1    7   10   -0.016105
   -1    1    8   10    0.088152
   -1    1    9   10   -0.033293
   -1    1   10   10   -0.005115
   -1    1   11   10   -0.000830
   -1    1   12   10    0.002730
   -1    1   13   10    0.020605
   -1    1   14   10   -0.018997
   -1    1   15   10    0.007545
   -1    1   16   10    0.118815
   -1    1   17   10   -0.003635
   -1    1   18   10    0.034823
   -1    1    1   11   -0.026460
   -1    1    2   11   -0.000990
   -1    1    3   11    0.003560
   -1    1    4   11    0.005642
   -1    1    5   11    0.001070
   -1    1    6   11   -0.006995
   -1    1    7   11   -0.001540
   -1    1    8   11   -0.000192
   -1    1    9   11    0.001810
   -1    1   10   11    0.000072
   -1    1   11   11   -0.000220
   -1    1   12   11   -0.001517
   -1    1   13   11    0.000118
   -1    1   14   11    0.002332
   -1    1   15   11    0.001190
   -1    1   16   11   -0.000850
   -1    1   17   11   -0.002195
   -1    1   18   11   -0.005452
   -1    1    1   12    0.252047
   -1    1    2   12    0.000440
   -1    1    3   12    0.038390
   -1    1    4   12    0.060253
   -1    1    5   12   -0.025128
   -1    1    6   12    0.036625
   -1    1    7   12    0.001910
   -1    1    8   12    0.027832
   -1    1    9   12   -0.019705
   -1    1   10   12    0.004315
   -1    1   11   12   -0.001670
   -1    1   12   12   -0.011805
   -1    1   13   12    0.004930
   -1    1   14   12   -0.021490
   -1    1   15   12   -0.002028
   -1    1   16   12    0.041412
   -1    1   17   12   -0.003210
   -1    1   18   12    0.024505
   -1    1    1   13   -0.030190
   -1    1    2   13   -0.006132
   -1    1    3   13    0.027827
   -1    1    4   13    0.055620
   -1    1    5   13    0.000225
   -1    1    6   13   -0.003123
   -1    1    7   13    0.030152
   -1    1    8   13    0.004365
   -1    1    9   13   -0.031837
   -1    1   10   13   -0.005182
   -1    1   11   13   -0.001920
   -1    1   12   13   -0.004042
   -1    1   13   13    0.002897
   -1    1   14   13    0.001727
   -1    1   15   13   -0.004440
   -1    1   16   13   -0.004625
   -1    1   17   13    0.002568
   -1    1   18   13    0.018367
   -1    1    1   14    0.011635
   -1    1    2   14    0.000215
   -1    1    3   14   -0.001213
   -1    1    4   14    0.002085
   -1    1    5   14   -0.001000
   -1    1    6   14    0.002862
   -1    1    7   14    0.000580
   -1    1    8   14   -0.002550
   -1    1    9   14    0.000317
   -1    1   10   14   -0.000390
   -1    1   11   14   -0.000027
   -1    1   12   14   -0.002107
   -1    1   13   14    0.000702
   -1    1   14   14   -0.000777
   -1    1   15   14    0.001423
   -1    1   16   14    0.005823
   -1    1   17   14    0.000140
   -1    1   18   14    0.002575
   -1    1    1   15   -0.057355
   -1    1    2   15   -0.004217
   -1    1    3   15    0.111182
   -1    1    4   15    0.347160
   -1    1    5   15   -0.001097
   -1    1    6   15    0.011610
   -1    1    7   15    0.031585
   -1    1    8   15    0.006467
   -1    1    9   15   -0.009705
   -1    1   10   15   -0.005172
   -1    1   11   15   -0.000522
   -1    1   12   15   -0.010352
   -1    1   13   15    0.018440
   -1    1   14   15    0.006527
   -1    1   15   15    0.013187
   -1    1   16   15   -0.010720
   -1    1   17   15    0.006380
   -1    1   18   15   -0.006690
   -1    1    1   16   -0.019012
   -1    1    2   16   -0.003203
   -1    1    3   16   -0.008440
   -1    1    4   16   -0.021110
   -1    1    5   16   -0.000932
   -1    1    6   16   -0.009430
   -1    1    7   16   -0.007925
   -1    1    8   16    0.000158
   -1    1    9   16   -0.026535
   -1    1   10   16    0.005480
   -1    1   11   16   -0.001950
   -1    1   12   16   -0.004482
   -1    1   13   16    0.005912
   -1    1   14   16    0.002472
   -1    1   15   16    0.007503
   -1    1   16   16    0.011997
   -1    1   17   16   -0.002817
   -1    1   18   16   -0.002162
   -1    1    1   17   -0.042560
   -1    1    2   17    0.002040
   -1    1    3   17    0.002820
   -1    1    4   17    0.011623
   -1    1    5   17    0.003627
   -1    1    6   17    0.001035
   -1    1    7   17   -0.000733
   -1    1    8   17   -0.026572
   -1    1    9   17   -0.001878
   -1    1   10   17    0.000700
   -1    1   11   17    0.000490
   -1    1   12   17    0.004117
   -1    1   13   17    0.002713
   -1    1   14   17    0.004310
   -1    1   15   17    0.002005
   -1    1   16   17    0.003412
   -1    1   17   17    0.000492
   -1    1   18   17   -0.017510
   -1    1    1   18   -0.002230
   -1    1    2   18   -0.000773
   -1    1    3   18   -0.015362
   -1    1    4   18   -0.007812
   -1    1    5   18   -0.002942
   -1    1    6   18   -0.002877
   -1    1    7   18    0.018197
   -1    1    8   18   -0.000622
   -1    1    9   18   -0.006003
   -1    1   10   18   -0.006730
   -1    1   11   18   -0.000782
   -1    1   12   18    0.004718
   -1    1   13   18    0.002190
   -1    1   14   18   -0.003192
   -1    1   15   18   -0.005682
   -1    1   16   18   -0.021495
   -1    1   17   18    0.002665
   -1    1   18   18   -0.022320
    0    1    1    1    0.044292
    0    1    2    1   -0.000587
    0    1    3    1    0.068135
    0    1    4    1   -0.052722
    0    1    5    1    0.002212
    0    1    6    1   -0.014535
    0    1    7    1    0.020725
    0    1    8    1    0.032338
    0    1    9    1    0.056215
    0    1   10    1    0.003887
    0    1   11    1    0.004840
    0    1   12    1   -0.022022
    0    1   13    1   -0.020597
    0    1   14    1   -0.014970
    0    1   15    1    0.007170
    0    1   16    1   -0.054765
    0    1   17    1    0.015795
    0    1   18    1    0.101827
    0    1    1    2   -0.007547
    0    1    2    2    0.024057
    0    1    3    2   -0.004370
    0    1    4    2   -0.004825
    0    1    5    2    0.017900
    0    1    6    2    0.066098
    0    1    7    2    0.212902
    0    1    8    2   -0.034830
    0    1    9    2   -0.073578
    0    1   10    2   -0.001395
    0    1   11    2    0.007105
    0    1   12    2   -0.004510
    0    1   13    2    0.015040
    0    1   14    2    0.004485
    0    1   15    2   -0.016372
    0    1   16    2   -0.016970
    0    1   17    2    0.004882
    0    1   18    2    0.009505
    0    1    1    3    0.010242
    0    1    2    3    0.002990
    0    1    3    3    0.012370
    0    1    4    3   -0.069710
    0    1    5    3   -0.014893
    0    1    6    3   -0.007982
    0    1    7    3   -0.000350
    0    1    8    3    0.057360
    0    1    9    3    0.051035
    0    1   10    3   -0.015975
    0    1   11    3   -0.002763
    0    1   12    3   -0.021507
    0    1   13    3   -0.016182
    0    1   14    3   -0.004437
    0    1   15    3   -0.003935
    0    1   16    3   -0.059570
    0    1   17    3   -0.012232
    0    1   18    3    0.024977
    0    1    1    4   -0.891665
    0    1    2    4    0.040675
    0    1    3    4   -0.142792
    0    1    4    4    0.038627
    0    1    5    4    0.067955
    0    1    6    4   -0.011300
    0    1    7    4    0.055780
    0    1    8    4   -0.054960
    0    1    9    4    0.196500
    0    1   10    4    0.024175
    0    1   11    4    0.028813
    0    1   12    4   -0.010422
    0    1   13    4    0.014250
    0    1   14    4    0.123810
    0    1   15    4    0.100657
    0    1   16    4   -0.820655
    0    1   17    4   -0.191877
    0    1   18    4    0.706275
    0    1    1    5    0.016405
    0    1    2    5    0.003073
    0    1    3    5    0.010722
    0    1    4    5   -0.009630
    0    1    5    5   -0.007832
    0    1    6    5    0.022055
    0    1    7    5   -0.003622
    0    1    8    5    0.031080
    0    1    9    5   -0.042470
    0    1   10    5   -0.000918
    0    1   11    5    0.000225
    0    1   12    5    0.004570
    0    1   13    5    0.004170
    0    1   14    5    0.003070
    0    1   15    5   -0.001823
    0    1   16    5   -0.006978
    0    1   17    5    0.001280
    0    1   18    5    0.003443
    0    1    1    6   -0.021195
    0    1    2    6    0.020307
    0    1    3    6    0.076250
    0    1    4    6   -0.056922
    0    1    5    6   -0.038397
    0    1    6    6    0.195563
    0    1    7    6   -0.213922
    0    1    8    6   -0.020147
    0    1    9    6   -0.397557
    0    1   10    6    0.002862
    0    1   11    6    0.006523
    0    1   12    6   -0.264310
    0    1   13    6    0.048442
    0    1   14    6    0.038115
    0    1   15    6   -0.050727
    0    1   16    6   -0.123573
    0    1   17    6    0.024973
    0    1   18    6   -0.015720
    0    1    1    7   -0.039427
    0    1    2    7   -0.024470
    0    1    3    7    0.064337
    0    1    4    7   -0.004805
    0    1    5    7   -0.020375
    0    1    6    7   -0.060760
    0    1    7    7   -0.035165
    0    1    8    7    0.074715
    0    1    9    7   -0.113625
    0    1   10    7    0.007137
    0    1   11    7   -0.004680
    0    1   12    7    0.020682
    0    1   13    7   -0.001367
    0    1   14    7    0.016112
    0    1   15    7    0.011170
    0    1   16    7    0.017025
    0    1   17    7    0.002735
    0    1   18    7   -0.122295
    0    1    1    8   -0.006785
    0    1    2    8    0.001400
    0    1    3    8    0.017127
    0    1    4    8    0.002570
    0    1    5    8    0.000145
    0    1    6    8    0.011670
    0    1    7    8    0.003400
    0    1    8    8    0.006435
    0    1    9    8   -0.010542
    0    1   10    8   -0.002977
    0    1   11    8    0.000195
    0    1   12    8    0.002075
    0    1   13    8    0.002425
    0    1   14    8    0.002752
    0    1   15    8    0.000122
    0    1   16    8   -0.003272
    0    1   17    8   -0.001852
    0    1   18    8   -0.004555
    0    1    1    9   -0.025137
    0    1    2    9    0.003445
    0    1    3    9   -0.015950
    0    1    4    9   -0.016688
    0    1    5    9    0.010313
    0    1    6    9    0.013237
    0    1    7    9    0.018195
    0    1    8    9   -0.012577
    0    1    9    9   -0.009050
    0    1   10    9   -0.002035
    0    1   11    9    0.003318
    0    1   12    9    0.001470
    0    1   13    9   -0.005202
    0    1   14    9    0.000887
    0    1   15    9   -0.007750
    0    1   16    9   -0.059895
    0    1   17    9    0.002615
    0    1   18    9    0.031135
    0    1    1   10   -0.211675
    0    1    2   10   -0.060943
    0    1    3   10   -0.180835
    0    1    4   10   -0.053890
    0    1    5   10   -0.083635
    0    1    6   10    0.060462
    0    1    7   10    0.267898
    0    1    8   10   -0.090792
    0    1    9   10    0.073995
    0    1   10   10   -0.135440
    0    1   11   10    0.020090
    0    1   12   10   -0.059180
    0    1   13   10   -0.031380
    0    1   14   10    0.017180
    0    1   15   10    0.049842
    0    1   16   10   -0.086517
    0    1   17   10   -0.009942
    0    1   18   10    0.115395
    0    1    1   11   -0.036728
    0    1    2   11   -0.003270
    0    1    3   11    0.014860
    0    1    4   11   -0.011838
    0    1    5   11   -0.023217
    0    1    6   11   -0.045795
    0    1    7   11   -0.102012
    0    1    8   11    0.013825
    0    1    9   11   -0.028857
    0    1   10   11    0.000728
    0    1   11   11   -0.008542
    0    1   12   11   -0.002407
    0    1   13   11   -0.001605
    0    1   14   11   -0.010292
    0    1   15   11    0.002740
    0    1   16   11    0.016145
    0    1   17   11    0.081090
    0    1   18   11   -0.015267
    0    1    1   12    0.469197
    0    1    2   12    0.059778
    0    1    3   12   -0.028185
    0    1    4   12   -0.085357
    0    1    5   12    0.416137
    0    1    6   12    0.255040
    0    1    7   12    0.222062
    0    1    8   12    0.253535
    0    1    9   12    0.026580
    0    1   10   12    0.013158
    0    1   11   12    0.087485
    0    1   12   12    0.049937
    0    1   13   12    0.053488
    0    1   14   12   -0.035373
    0    1   15   12    0.016385
    0    1   16   12    0.252585
    0    1   17   12   -0.014082
    0    1   18   12   -0.058202
    0    1    1   13    0.080730
    0    1    2   13   -0.021742
    0    1    3   13   -0.009560
    0    1    4   13    0.301202
    0    1    5   13   -0.016578
    0    1    6   13   -0.052467
    0    1    7   13   -0.082545
    0    1    8   13    0.024620
    0    1    9   13   -0.150287
    0    1   10   13    0.016958
    0    1   11   13   -0.009645
    0    1   12   13    0.173528
    0    1   13   13    0.018200
    0    1   14   13   -0.013710
    0    1   15   13   -0.006840
    0    1   16   13    0.309317
    0    1   17   13   -0.004970
    0    1   18   13   -0.168022
    0    1    1   14    0.014802
    0    1    2   14    0.007285
    0    1    3   14    0.045730
    0    1    4   14   -0.023285
    0    1    5   14   -0.001090
    0    1    6   14    0.032622
    0    1    7   14    0.008505
    0    1    8   14    0.029755
    0    1    9   14    0.015502
    0    1   10   14   -0.003365
    0    1   11   14    0.001745
    0    1   12   14    0.001670
    0    1   13   14    0.002070
    0    1   14   14    0.002037
    0    1   15   14   -0.001497
    0    1   16   14   -0.038470
    0    1   17   14   -0.010515
    0    1   18   14    0.008020
    0    1    1   15   -0.340157
    0    1    2   15   -0.025940
    0    1    3   15    0.274958
    0    1    4   15    0.743522
    0    1    5   15   -0.138190
    0    1    6   15    0.047712
    0    1    7   15   -0.023475
    0    1    8   15   -0.025452
    0    1    9   15   -1.346542
    0    1   10   15    0.037560
    0    1   11   15   -0.025642
    0    1   12   15    0.036817
    0    1   13   15   -0.055135
    0    1   14   15   -0.003247
    0    1   15   15   -0.046965
    0    1   16   15    1.224567
    0    1   17   15    0.011753
    0    1   18   15   -0.469910
    0    1    1   16   -0.073682
    0    1    2   16   -0.002210
    0    1    3   16   -0.030902
    0    1    4   16   -0.055912
    0    1    5   16   -0.001160
    0    1    6   16   -0.068197
    0    1    7   16    0.023920
    0    1    8   16   -0.056118
    0    1    9   16    0.842915
    0    1   10   16    0.005803
    0    1   11   16   -0.001483
    0    1   12   16   -0.015525
    0    1   13   16   -0.020687
    0    1   14   16    0.000515
    0    1   15   16    0.033105
    0    1   16   16    0.029255
    0    1   17   16    0.018918
    0    1   18   16   -0.026202
    0    1    1   17   -0.021520
    0    1    2   17   -0.001182
    0    1    3   17    0.009498
    0    1    4   17   -0.007505
    0    1    5   17   -0.007277
    0    1    6   17   -0.057615
    0    1    7   17   -0.082310
    0    1    8   17    0.022790
    0    1    9   17    0.010132
    0    1   10   17   -0.006260
    0    1   11   17   -0.013722
    0    1   12   17   -0.002442
    0    1   13   17   -0.004967
    0    1   14   17    0.006358
    0    1   15   17   -0.001845
    0    1   16   17    0.010400
    0    1   17   17    0.002643
    0    1   18   17   -0.044902
    0    1    1   18    0.020903
    0    1    2   18    0.004672
    0    1    3   18   -0.016238
    0    1    4   18   -0.012875
    0    1    5   18   -0.001320
    0    1    6   18   -0.006275
    0    1    7   18    0.006060
    0    1    8   18    0.048080
    0    1    9   18    0.628308
    0    1   10   18   -0.009835
    0    1   11   18    0.000717
    0    1   12   18    0.032205
    0    1   13   18   -0.003090
    0    1   14   18    0.001065
    0    1   15   18    0.007345
    0    1   16   18    0.031447
    0    1   17   18    0.010515
    0    1   18   18   -0.039180
    1    1    1    1   -0.097107
    1    1    2    1   -0.091952
    1    1    3    1   -0.062702
    1    1    4    1    0.057310
    1    1    5    1   -0.112225
    1    1    6    1    0.130018
    1    1    7    1    0.304160
    1    1    8    1   -0.074452
    1    1    9    1    0.554892
    1    1   10    1    0.050225
    1    1   11    1    0.002195
    1    1   12    1    0.091915
    1    1   13    1   -0.033355
    1    1   14    1    0.004422
    1    1   15    1    0.090985
    1    1   16    1   -0.091805
    1    1   17    1   -0.018537
    1    1   18    1    0.079270
    1    1    1    2   -0.004347
    1    1    2    2    0.029572
    1    1    3    2    0.010757
    1    1    4    2   -0.012905
    1    1    5    2    0.009970
    1    1    6    2    0.004482
    1    1    7    2    0.076070
    1    1    8    2    0.005530
    1    1    9    2    0.151520
    1    1   10    2    0.002112
    1    1   11    2   -0.003517
    1    1   12    2   -0.179640
    1    1   13    2   -0.008205
    1    1   14    2    0.006435
    1    1   15    2   -0.009117
    1    1   16    2   -0.015910
    1    1   17    2    0.004230
    1    1   18    2   -0.011130
    1    1    1    3   -0.029620
    1    1    2    3   -0.028452
    1    1    3    3    0.056415
    1    1    4    3   -0.043415
    1    1    5    3   -0.019807
    1    1    6    3    0.025398
    1    1    7    3   -0.204912
    1    1    8    3   -0.043705
    1    1    9    3    0.128073
    1    1   10    3    0.014055
    1    1   11    3    0.018755
    1    1   12    3   -0.013490
    1    1   13    3   -0.016705
    1    1   14    3   -0.003247
    1    1   15    3    0.016340
    1    1   16    3   -0.174882
    1    1   17    3   -0.033478
    1    1   18    3    0.067135
    1    1    1    4    0.115495
    1    1    2    4    0.109727
    1    1    3    4   -0.005580
    1    1    4    4    0.252352
    1    1    5    4   -0.038677
    1    1    6    4    1.089617
    1    1    7    4    0.529940
    1    1    8    4    0.044615
    1    1    9    4   -0.336942
    1    1   10    4    0.001498
    1    1   11    4    0.036862
    1    1   12    4   -1.227315
    1    1   13    4   -1.012420
    1    1   14    4   -0.005727
    1    1   15    4    3.626410
    1    1   16    4    0.777077
    1    1   17    4   -0.009837
    1    1   18    4   -0.425575
    1    1    1    5   -0.002045
    1    1    2    5   -0.007490
    1    1    3    5    0.015172
    1    1    4    5   -0.003527
    1    1    5    5   -0.013777
    1    1    6    5    0.021545
    1    1    7    5    0.040593
    1    1    8    5   -0.007462
    1    1    9    5   -0.037360
    1    1   10    5   -0.002660
    1    1   11    5    0.008052
    1    1   12    5   -0.015650
    1    1   13    5    0.007722
    1    1   14    5    0.001827
    1    1   15    5    0.000623
    1    1   16    5    0.000407
    1    1   17    5   -0.006795
    1    1   18    5    0.020188
    1    1    1    6   -0.046020
    1    1    2    6    0.064345
    1    1    3    6    0.068000
    1    1    4    6   -0.051167
    1    1    5    6    0.016552
    1    1    6    6    0.036958
    1    1    7    6    0.004435
    1    1    8    6    0.011277
    1    1    9    6    0.138170
    1    1   10    6    0.013970
    1    1   11    6    0.000035
    1    1   12    6   -1.233225
    1    1   13    6   -0.004282
    1    1   14    6    0.042213
    1    1   15    6    0.017282
    1    1   16    6   -0.051213
    1    1   17    6   -0.020815
    1    1   18    6   -0.015152
    1    1    1    7    0.019338
    1    1    2    7   -0.013427
    1    1    3    7    0.017115
    1    1    4    7   -0.016145
    1    1    5    7   -0.004752
    1    1    6    7    0.012157
    1    1    7    7    0.083535
    1    1    8    7   -0.002210
    1    1    9    7    0.125860
    1    1   10    7   -0.003678
    1    1   11    7    0.008117
    1    1   12    7   -0.094060
    1    1   13    7   -0.014227
    1    1   14    7    0.001565
    1    1   15    7   -0.008720
    1    1   16    7   -0.004150
    1    1   17    7   -0.010887
    1    1   18    7   -0.024577
    1    1    1    8    0.004645
    1    1    2    8   -0.004728
    1    1    3    8    0.020055
    1    1    4    8   -0.003215
    1    1    5    8    0.013740
    1    1    6    8   -0.003710
    1    1    7    8   -0.055227
    1    1    8    8    0.017997
    1    1    9    8   -0.071157
    1    1   10    8    0.000048
    1    1   11    8    0.002912
    1    1   12    8    0.002838
    1    1   13    8    0.006140
    1    1   14    8    0.002870
    1    1   15    8   -0.001482
    1    1   16    8    0.013155
    1    1   17    8   -0.002252
    1    1   18    8   -0.009945
    1    1    1    9    0.015477
    1    1    2    9    0.003950
    1    1    3    9    0.014600
    1    1    4    9   -0.015775
    1    1    5    9   -0.003262
    1    1    6    9   -0.017417
    1    1    7    9   -0.020777
    1    1    8    9   -0.003455
    1    1    9    9   -0.035922
    1    1   10    9    0.033705
    1    1   11    9   -0.003272
    1    1   12    9    0.009132
    1    1   13    9    0.004475
    1    1   14    9    0.002110
    1    1   15    9    0.007363
    1    1   16    9    0.052262
    1    1   17    9    0.003565
    1    1   18    9    0.007403
    1    1    1   10    0.325485
    1    1    2   10    0.073145
    1    1    3   10    0.417807
    1    1    4   10    0.185592
    1    1    5   10    0.047892
    1    1    6   10   -0.180225
    1    1    7   10    0.219898
    1    1    8   10    0.076930
    1    1    9   10   -0.081815
    1    1   10   10    0.065765
    1    1   11   10   -0.022058
    1    1   12   10    0.051237
    1    1   13   10   -0.212480
    1    1   14   10   -0.126205
    1    1   15   10   -0.365357
    1    1   16   10   -3.063617
    1    1   17   10   -0.168145
    1    1   18   10   -2.238157
    1    1    1   11   -0.003278
    1    1    2   11   -0.034135
    1    1    3   11    0.009038
    1    1    4   11   -0.001003
    1    1    5   11    0.005727
    1    1    6   11    0.053235
    1    1    7   11   -0.111527
    1    1    8   11    0.004795
    1    1    9   11    0.012313
    1    1   10   11   -0.005202
    1    1   11   11    0.016162
    1    1   12   11   -0.029970
    1    1   13   11    0.044303
    1    1   14   11    0.002180
    1    1   15   11    0.028260
    1    1   16   11   -0.007132
    1    1   17   11   -0.038452
    1    1   18   11   -0.027202
    1    1    1   12   -0.032297
    1    1    2   12    0.013860
    1    1    3   12    0.042540
    1    1    4   12   -0.036230
    1    1    5   12    0.005877
    1    1    6   12    0.062582
    1    1    7   12    0.015965
    1    1    8   12    0.008042
    1    1    9   12    0.037905
    1    1   10   12   -0.092603
    1    1   11   12    0.006562
    1    1   12   12    0.000210
    1    1   13   12    0.010157
    1    1   14   12    0.017575
    1    1   15   12    0.021507
    1    1   16   12   -0.008873
    1    1   17   12    0.000857
    1    1   18   12   -0.017243
    1    1    1   13   -0.008223
    1    1    2   13    0.007902
    1    1    3   13    0.057295
    1    1    4   13    0.005022
    1    1    5   13    0.001455
    1    1    6   13    0.006810
    1    1    7   13   -0.020385
    1    1    8   13    0.003652
    1    1    9   13   -0.015595
    1    1   10   13   -0.208330
    1    1   11   13   -0.008535
    1    1   12   13   -0.006982
    1    1   13   13   -0.029720
    1    1   14   13    0.013857
    1    1   15   13   -0.013662
    1    1   16   13   -0.026457
    1    1   17   13   -0.006642
    1    1   18   13   -0.016788
    1    1    1   14    0.011043
    1    1    2   14   -0.020250
    1    1    3   14    0.003768
    1    1    4   14    0.000205
    1    1    5   14    0.016445
    1    1    6   14    0.002028
    1    1    7   14   -0.583592
    1    1    8   14    0.010973
    1    1    9   14   -0.174957
    1    1   10   14    0.017192
    1    1   11   14    0.006707
    1    1   12   14   -0.038210
    1    1   13   14    0.005107
    1    1   14   14   -0.001670
    1    1   15   14    0.034980
    1    1   16   14   -0.000372
    1    1   17   14   -0.004840
    1    1   18   14   -0.039950
    1    1    1   15   -0.034350
    1    1    2   15    0.122917
    1    1    3   15    0.719060
    1    1    4   15   -0.076245
    1    1    5   15   -0.056667
    1    1    6   15   -0.330088
    1    1    7   15   -0.307272
    1    1    8   15    0.008802
    1    1    9   15   -0.464420
    1    1   10   15   -0.130795
    1    1   11   15   -0.072387
    1    1   12   15   -0.250052
    1    1   13   15    0.090040
    1    1   14   15    0.139610
    1    1   15   15    0.139462
    1    1   16   15    0.021282
    1    1   17   15    0.000267
    1    1   18   15   -0.097140
    1    1    1   16   -0.023193
    1    1    2   16    0.045427
    1    1    3   16   -0.134200
    1    1    4   16   -0.052122
    1    1    5   16    0.049265
    1    1    6   16   -0.142142
    1    1    7   16   -0.162863
    1    1    8   16   -0.001463
    1    1    9   16   -2.391785
    1    1   10   16    0.004340
    1    1   11   16   -0.014195
    1    1   12   16   -0.950867
    1    1   13   16    0.021580
    1    1   14   16   -0.012230
    1    1   15   16   -0.016395
    1    1   16   16   -0.102785
    1    1   17   16    0.022855
    1    1   18   16    0.055505
    1    1    1   17    0.004980
    1    1    2   17    0.009750
    1    1    3   17    0.007627
    1    1    4   17   -0.005980
    1    1    5   17   -0.001040
    1    1    6   17   -0.004950
    1    1    7   17   -0.131197
    1    1    8   17   -0.018220
    1    1    9   17   -0.152127
    1    1   10   17    0.003142
    1    1   11   17    0.002057
    1    1   12   17    0.024520
    1    1   13   17    0.002693
    1    1   14   17   -0.000745
    1    1   15   17    0.000062
    1    1   16   17    0.000548
    1    1   17   17    0.004502
    1    1   18   17   -0.014645
    1    1    1   18    0.014640
    1    1    2   18    0.001225
    1    1    3   18   -0.010672
    1    1    4   18    0.006480
    1    1    5   18   -0.008230
    1    1    6   18    0.003805
    1    1    7   18    0.317700
    1    1    8   18   -0.012060
    1    1    9   18    1.335117
    1    1   10   18    0.029480
    1    1   11   18    0.017932
    1    1   12   18    0.293262
    1    1   13   18    0.047507
    1    1   14   18    0.000330
    1    1   15   18    0.013027
    1    1   16   18    0.025255
    1    1   17   18   -0.006392
    1    1   18   18    0.172547
