 ir1  ir2   m    n          ReH 
   -1   -1    1    1   -0.112013
   -1   -1    2    1   -0.002243
   -1   -1    3    1   -0.071830
   -1   -1    4    1   -0.065925
   -1   -1    5    1    0.004058
   -1   -1    6    1   -0.007577
   -1   -1    7    1    0.000013
   -1   -1    8    1    0.036847
   -1   -1    9    1   -0.042937
   -1   -1   10    1    1.050115
   -1   -1   11    1    0.002160
   -1   -1   12    1    0.010257
   -1   -1   13    1    0.012412
   -1   -1   14    1    0.012192
   -1   -1   15    1    0.006085
   -1   -1   16    1    0.006027
   -1   -1   17    1   -0.002977
   -1   -1   18    1   -0.042775
   -1   -1    1    2   -0.060140
   -1   -1    2    2   -0.004892
   -1   -1    3    2    0.021938
   -1   -1    4    2   -0.002665
   -1   -1    5    2    0.005903
   -1   -1    6    2   -0.005970
   -1   -1    7    2   -0.023172
   -1   -1    8    2   -0.729247
   -1   -1    9    2    0.057775
   -1   -1   10    2    0.274605
   -1   -1   11    2    0.025497
   -1   -1   12    2   -0.013267
   -1   -1   13    2    0.014135
   -1   -1   14    2   -0.005543
   -1   -1   15    2    0.029050
   -1   -1   16    2    0.027928
   -1   -1   17    2   -0.004077
   -1   -1   18    2   -0.020885
   -1   -1    1    3    0.025732
   -1   -1    2    3   -0.001007
   -1   -1    3    3    0.047767
   -1   -1    4    3   -0.001352
   -1   -1    5    3   -0.006700
   -1   -1    6    3   -0.041450
   -1   -1    7    3    0.015213
   -1   -1    8    3   -0.010812
   -1   -1    9    3   -0.017312
   -1   -1   10    3    0.127293
   -1   -1   11    3    0.009580
   -1   -1   12    3   -0.005885
   -1   -1   13    3    0.008352
   -1   -1   14    3   -0.007890
   -1   -1   15    3   -0.001408
   -1   -1   16    3   -0.059590
   -1   -1   17    3    0.014937
   -1   -1   18    3    0.028770
   -1   -1    1    4    0.852542
   -1   -1    2    4    0.028673
   -1   -1    3    4   -0.034175
   -1   -1    4    4    0.210790
   -1   -1    5    4    0.043195
   -1   -1    6    4   -0.073798
   -1   -1    7    4    0.125707
   -1   -1    8    4    1.470543
   -1   -1    9    4    0.052922
   -1   -1   10    4   -3.926460
   -1   -1   11    4    0.144772
   -1   -1   12    4   -0.079302
   -1   -1   13    4    0.086887
   -1   -1   14    4    0.044100
   -1   -1   15    4    0.240973
   -1   -1   16    4   -0.085405
   -1   -1   17    4    0.021275
   -1   -1   18    4   -0.032720
   -1   -1    1    5   -0.095627
   -1   -1    2    5   -0.001635
   -1   -1    3    5    0.002725
   -1   -1    4    5    0.014022
   -1   -1    5    5    0.000135
   -1   -1    6    5   -0.013625
   -1   -1    7    5    0.036900
   -1   -1    8    5   -0.051107
   -1   -1    9    5    0.001525
   -1   -1   10    5   -0.031118
   -1   -1   11    5    0.010847
   -1   -1   12    5   -0.010307
   -1   -1   13    5    0.020130
   -1   -1   14    5    0.008365
   -1   -1   15    5    0.031607
   -1   -1   16    5   -0.006162
   -1   -1   17    5   -0.007152
   -1   -1   18    5    0.031202
   -1   -1    1    6    0.057478
   -1   -1    2    6   -0.033317
   -1   -1    3    6    0.315737
   -1   -1    4    6   -0.017482
   -1   -1    5    6    0.015185
   -1   -1    6    6    0.057787
   -1   -1    7    6    0.069102
   -1   -1    8    6    0.067612
   -1   -1    9    6   -0.101300
   -1   -1   10    6   -0.405165
   -1   -1   11    6   -0.053003
   -1   -1   12    6    0.010202
   -1   -1   13    6   -0.041270
   -1   -1   14    6   -0.011760
   -1   -1   15    6   -0.024503
   -1   -1   16    6    0.397847
   -1   -1   17    6    0.012075
   -1   -1   18    6   -0.048755
   -1   -1    1    7    0.112403
   -1   -1    2    7    0.013370
   -1   -1    3    7   -0.081565
   -1   -1    4    7    0.022077
   -1   -1    5    7    0.017707
   -1   -1    6    7   -0.037465
   -1   -1    7    7   -0.155527
   -1   -1    8    7   -0.075500
   -1   -1    9    7   -0.062617
   -1   -1   10    7   -0.068038
   -1   -1   11    7   -0.221413
   -1   -1   12    7    0.027170
   -1   -1   13    7   -0.049675
   -1   -1   14    7   -0.184737
   -1   -1   15    7   -0.228672
   -1   -1   16    7   -0.201350
   -1   -1   17    7   -0.027665
   -1   -1   18    7   -0.054125
   -1   -1    1    8   -0.043455
   -1   -1    2    8    0.000982
   -1   -1    3    8    0.003110
   -1   -1    4    8    0.011860
   -1   -1    5    8    0.000895
   -1   -1    6    8   -0.002145
   -1   -1    7    8   -0.005715
   -1   -1    8    8    0.008740
   -1   -1    9    8    0.001795
   -1   -1   10    8    0.104003
   -1   -1   11    8    0.000275
   -1   -1   12    8    0.000615
   -1   -1   13    8   -0.001290
   -1   -1   14    8    0.005962
   -1   -1   15    8   -0.000315
   -1   -1   16    8   -0.000360
   -1   -1   17    8   -0.000257
   -1   -1   18    8   -0.003140
   -1   -1    1    9   -0.032895
   -1   -1    2    9   -0.032135
   -1   -1    3    9    0.104852
   -1   -1    4    9   -0.001447
   -1   -1    5    9    0.006450
   -1   -1    6    9   -0.067420
   -1   -1    7    9   -0.120360
   -1   -1    8    9    0.031845
   -1   -1    9    9    0.172377
   -1   -1   10    9   -0.088447
   -1   -1   11    9   -0.050958
   -1   -1   12    9   -0.004052
   -1   -1   13    9   -0.015222
   -1   -1   14    9    0.005780
   -1   -1   15    9   -0.338610
   -1   -1   16    9    0.524992
   -1   -1   17    9    0.009420
   -1   -1   18    9   -0.041407
   -1   -1    1   10    0.090127
   -1   -1    2   10   -0.002905
   -1   -1    3   10    0.112845
   -1   -1    4   10   -0.062705
   -1   -1    5   10   -0.000907
   -1   -1    6   10    0.051635
   -1   -1    7   10   -0.018610
   -1   -1    8   10   -0.007295
   -1   -1    9   10    0.030722
   -1   -1   10   10    0.178327
   -1   -1   11   10   -0.005220
   -1   -1   12   10   -0.001705
   -1   -1   13   10    0.023422
   -1   -1   14   10   -0.013242
   -1   -1   15   10    0.026620
   -1   -1   16   10    0.012985
   -1   -1   17   10   -0.003280
   -1   -1   18   10    0.020200
   -1   -1    1   11   -0.026190
   -1   -1    2   11   -0.000337
   -1   -1    3   11    0.009487
   -1   -1    4   11   -0.003777
   -1   -1    5   11    0.000890
   -1   -1    6   11   -0.005585
   -1   -1    7   11   -0.042570
   -1   -1    8   11    0.164940
   -1   -1    9   11   -0.008805
   -1   -1   10   11    0.201340
   -1   -1   11   11   -0.000465
   -1   -1   12   11   -0.003120
   -1   -1   13   11    0.009822
   -1   -1   14   11   -0.000997
   -1   -1   15   11   -0.040765
   -1   -1   16   11    0.011100
   -1   -1   17   11   -0.003348
   -1   -1   18   11    0.001002
   -1   -1    1   12    0.053843
   -1   -1    2   12    0.044855
   -1   -1    3   12   -0.054902
   -1   -1    4   12    0.009770
   -1   -1    5   12    0.000550
   -1   -1    6   12    0.068183
   -1   -1    7   12    0.663975
   -1   -1    8   12   -0.131018
   -1   -1    9   12    0.024245
   -1   -1   10   12   -0.505593
   -1   -1   11   12    0.142173
   -1   -1   12   12   -0.081660
   -1   -1   13   12   -0.100340
   -1   -1   14   12   -0.013997
   -1   -1   15   12   -0.025922
   -1   -1   16   12   -0.876640
   -1   -1   17   12    0.005478
   -1   -1   18   12    0.116150
   -1   -1    1   13   -0.193773
   -1   -1    2   13   -0.034975
   -1   -1    3   13    0.111283
   -1   -1    4   13    0.001910
   -1   -1    5   13    0.030467
   -1   -1    6   13   -0.017488
   -1   -1    7   13   -0.529878
   -1   -1    8   13   -0.463770
   -1   -1    9   13   -0.037970
   -1   -1   10   13   -0.381313
   -1   -1   11   13    0.074115
   -1   -1   12   13   -0.078860
   -1   -1   13   13    0.179863
   -1   -1   14   13    0.106720
   -1   -1   15   13   -0.241635
   -1   -1   16   13   -0.036265
   -1   -1   17   13    0.006328
   -1   -1   18   13   -0.112910
   -1   -1    1   14    0.009808
   -1   -1    2   14   -0.000842
   -1   -1    3   14    0.003355
   -1   -1    4   14    0.002427
   -1   -1    5   14   -0.000187
   -1   -1    6   14   -0.000915
   -1   -1    7   14    0.014555
   -1   -1    8   14   -0.031245
   -1   -1    9   14    0.004552
   -1   -1   10   14    0.011235
   -1   -1   11   14    0.002910
   -1   -1   12   14   -0.002065
   -1   -1   13   14    0.002182
   -1   -1   14   14    0.000465
   -1   -1   15   14    0.019360
   -1   -1   16   14    0.009617
   -1   -1   17   14   -0.000397
   -1   -1   18   14   -0.001962
   -1   -1    1   15   -0.114290
   -1   -1    2   15   -0.004207
   -1   -1    3   15    0.013112
   -1   -1    4   15   -0.032150
   -1   -1    5   15    0.030115
   -1   -1    6   15    0.019792
   -1   -1    7   15   -0.084968
   -1   -1    8   15   -0.229902
   -1   -1    9   15    0.045252
   -1   -1   10   15    1.463895
   -1   -1   11   15    0.010547
   -1   -1   12   15    0.034963
   -1   -1   13   15   -0.087867
   -1   -1   14   15    0.030557
   -1   -1   15   15   -0.156917
   -1   -1   16   15   -0.002887
   -1   -1   17   15   -0.004867
   -1   -1   18   15   -0.105732
   -1   -1    1   16    0.164572
   -1   -1    2   16    0.003592
   -1   -1    3   16   -0.108777
   -1   -1    4   16    0.030283
   -1   -1    5   16   -0.001578
   -1   -1    6   16    0.006683
   -1   -1    7   16    0.118673
   -1   -1    8   16    0.155002
   -1   -1    9   16    0.011835
   -1   -1   10   16   -0.180962
   -1   -1   11   16    0.001455
   -1   -1   12   16    0.076290
   -1   -1   13   16   -0.074127
   -1   -1   14   16   -0.015725
   -1   -1   15   16    0.258825
   -1   -1   16   16   -0.105100
   -1   -1   17   16   -0.017582
   -1   -1   18   16    0.000977
   -1   -1    1   17    0.035763
   -1   -1    2   17   -0.007298
   -1   -1    3   17   -0.026685
   -1   -1    4   17   -0.002857
   -1   -1    5   17    0.002917
   -1   -1    6   17   -0.010608
   -1   -1    7   17   -0.013893
   -1   -1    8   17   -0.021290
   -1   -1    9   17   -0.006935
   -1   -1   10   17   -0.025025
   -1   -1   11   17    0.082522
   -1   -1   12   17    0.005205
   -1   -1   13   17    0.031932
   -1   -1   14   17   -0.004295
   -1   -1   15   17    0.005075
   -1   -1   16   17   -0.005500
   -1   -1   17   17   -0.007250
   -1   -1   18   17   -0.009187
   -1   -1    1   18   -0.006160
   -1   -1    2   18    0.002360
   -1   -1    3   18   -0.135960
   -1   -1    4   18    0.012675
   -1   -1    5   18    0.030187
   -1   -1    6   18   -0.042972
   -1   -1    7   18   -0.089257
   -1   -1    8   18   -0.115697
   -1   -1    9   18   -0.016980
   -1   -1   10   18    0.093260
   -1   -1   11   18   -0.009955
   -1   -1   12   18   -0.017690
   -1   -1   13   18    0.012165
   -1   -1   14   18   -0.046917
   -1   -1   15   18   -0.084112
   -1   -1   16   18    0.017173
   -1   -1   17   18    0.000770
   -1   -1   18   18   -0.181430
    0   -1    1    1   -0.156787
    0   -1    2    1    0.002217
    0   -1    3    1   -0.043222
    0   -1    4    1    0.027570
    0   -1    5    1    0.000635
    0   -1    6    1   -0.027215
    0   -1    7    1   -0.042115
    0   -1    8    1   -0.001535
    0   -1    9    1    0.008195
    0   -1   10    1   -0.499207
    0   -1   11    1   -0.109385
    0   -1   12    1   -0.002880
    0   -1   13    1   -0.073910
    0   -1   14    1   -0.018560
    0   -1   15    1   -0.220570
    0   -1   16    1    0.138257
    0   -1   17    1    0.046600
    0   -1   18    1   -0.024647
    0   -1    1    2   -0.002617
    0   -1    2    2    0.015827
    0   -1    3    2    0.000890
    0   -1    4    2    0.013020
    0   -1    5    2   -0.000705
    0   -1    6    2    0.003665
    0   -1    7    2   -0.394905
    0   -1    8    2    0.010728
    0   -1    9    2    1.269145
    0   -1   10    2    0.033847
    0   -1   11    2   -0.022635
    0   -1   12    2    0.003080
    0   -1   13    2    0.062775
    0   -1   14    2    0.003272
    0   -1   15    2   -0.004690
    0   -1   16    2   -0.005143
    0   -1   17    2   -0.009298
    0   -1   18    2    0.000135
    0   -1    1    3   -0.257188
    0   -1    2    3    0.000152
    0   -1    3    3    0.003592
    0   -1    4    3   -0.130857
    0   -1    5    3   -0.053617
    0   -1    6    3    0.151450
    0   -1    7    3   -0.700782
    0   -1    8    3   -0.209012
    0   -1    9    3   -0.004253
    0   -1   10    3    1.400487
    0   -1   11    3   -0.081347
    0   -1   12    3    0.152560
    0   -1   13    3   -0.179610
    0   -1   14    3   -0.026828
    0   -1   15    3   -0.139765
    0   -1   16    3    0.137193
    0   -1   17    3   -0.002890
    0   -1   18    3    0.055707
    0   -1    1    4    0.013600
    0   -1    2    4   -0.021315
    0   -1    3    4    0.002105
    0   -1    4    4   -0.085867
    0   -1    5    4    0.000150
    0   -1    6    4   -0.032225
    0   -1    7    4    0.316932
    0   -1    8    4    0.001615
    0   -1    9    4   -0.191640
    0   -1   10    4    0.040893
    0   -1   11    4    0.015920
    0   -1   12    4   -0.024565
    0   -1   13    4   -0.288097
    0   -1   14    4   -0.017603
    0   -1   15    4   -0.115472
    0   -1   16    4    0.127375
    0   -1   17    4    0.096950
    0   -1   18    4    0.074307
    0   -1    1    5    0.010137
    0   -1    2    5   -0.001040
    0   -1    3    5    0.001400
    0   -1    4    5    0.002472
    0   -1    5    5   -0.001870
    0   -1    6    5    0.005748
    0   -1    7    5   -1.315195
    0   -1    8    5    0.878110
    0   -1    9    5    0.574797
    0   -1   10    5    0.051612
    0   -1   11    5   -0.020467
    0   -1   12    5   -0.007338
    0   -1   13    5   -0.165655
    0   -1   14    5   -0.003650
    0   -1   15    5    0.002645
    0   -1   16    5    0.003457
    0   -1   17    5    0.044200
    0   -1   18    5    0.004640
    0   -1    1    6   -0.015222
    0   -1    2    6   -0.012080
    0   -1    3    6   -0.043567
    0   -1    4    6   -0.009270
    0   -1    5    6    0.018905
    0   -1    6    6   -0.013557
    0   -1    7    6    0.545612
    0   -1    8    6   -0.188740
    0   -1    9    6    0.465495
    0   -1   10    6    1.214182
    0   -1   11    6   -0.014327
    0   -1   12    6    0.021565
    0   -1   13    6   -0.027913
    0   -1   14    6    0.001370
    0   -1   15    6   -0.053193
    0   -1   16    6    0.065967
    0   -1   17    6    0.010942
    0   -1   18    6    0.023182
    0   -1    1    7   -0.003058
    0   -1    2    7   -0.013973
    0   -1    3    7   -0.022113
    0   -1    4    7   -0.009855
    0   -1    5    7   -0.000100
    0   -1    6    7    0.014412
    0   -1    7    7   -0.057403
    0   -1    8    7    0.003917
    0   -1    9    7   -0.092510
    0   -1   10    7    0.058805
    0   -1   11    7   -0.018482
    0   -1   12    7    0.032760
    0   -1   13    7   -0.466167
    0   -1   14    7    0.002808
    0   -1   15    7    0.031165
    0   -1   16    7   -0.041170
    0   -1   17    7    0.070172
    0   -1   18    7   -0.033117
    0   -1    1    8   -0.017452
    0   -1    2    8    0.043230
    0   -1    3    8    0.007043
    0   -1    4    8    0.007247
    0   -1    5    8   -0.016827
    0   -1    6    8    0.011325
    0   -1    7    8   -0.003102
    0   -1    8    8   -0.005290
    0   -1    9    8    0.054810
    0   -1   10    8    0.031612
    0   -1   11    8   -0.545095
    0   -1   12    8   -0.000035
    0   -1   13    8   -0.153577
    0   -1   14    8   -0.003902
    0   -1   15    8    0.008900
    0   -1   16    8   -0.103435
    0   -1   17    8    0.019725
    0   -1   18    8    0.019487
    0   -1    1    9   -0.008915
    0   -1    2    9   -0.003507
    0   -1    3    9    0.007698
    0   -1    4    9    0.005135
    0   -1    5    9   -0.002090
    0   -1    6    9   -0.028202
    0   -1    7    9   -0.007678
    0   -1    8    9   -0.006478
    0   -1    9    9    0.211443
    0   -1   10    9   -0.024738
    0   -1   11    9   -0.001455
    0   -1   12    9   -0.004970
    0   -1   13    9   -0.017947
    0   -1   14    9    0.001182
    0   -1   15    9   -0.036942
    0   -1   16    9    0.011428
    0   -1   17    9    0.004915
    0   -1   18    9   -0.037712
    0   -1    1   10    0.038895
    0   -1    2   10   -0.001520
    0   -1    3   10   -0.051412
    0   -1    4   10    0.005200
    0   -1    5   10    0.005197
    0   -1    6   10    0.006027
    0   -1    7   10   -0.082368
    0   -1    8   10   -0.000398
    0   -1    9   10    0.112945
    0   -1   10   10    0.065975
    0   -1   11   10   -0.025475
    0   -1   12   10    0.006837
    0   -1   13   10    0.020350
    0   -1   14   10    0.007178
    0   -1   15   10    0.011612
    0   -1   16   10    0.116297
    0   -1   17   10   -0.023932
    0   -1   18   10    0.017355
    0   -1    1   11   -0.000730
    0   -1    2   11    0.003962
    0   -1    3   11   -0.000547
    0   -1    4   11   -0.006730
    0   -1    5   11    0.000375
    0   -1    6   11    0.004490
    0   -1    7   11   -0.313098
    0   -1    8   11    0.073450
    0   -1    9   11    0.121672
    0   -1   10   11    0.022535
    0   -1   11   11   -0.002940
    0   -1   12   11    0.002930
    0   -1   13   11   -0.041877
    0   -1   14   11    0.001133
    0   -1   15   11    0.008285
    0   -1   16   11   -0.017227
    0   -1   17   11    0.008670
    0   -1   18   11   -0.001378
    0   -1    1   12    0.002360
    0   -1    2   12   -0.000050
    0   -1    3   12    0.001352
    0   -1    4   12    0.007287
    0   -1    5   12    0.003618
    0   -1    6   12    0.005853
    0   -1    7   12    0.678118
    0   -1    8   12   -0.005795
    0   -1    9   12    0.110772
    0   -1   10   12   -0.036235
    0   -1   11   12   -0.000170
    0   -1   12   12   -0.013967
    0   -1   13   12   -0.030525
    0   -1   14   12   -0.003110
    0   -1   15   12   -0.002510
    0   -1   16   12   -0.008362
    0   -1   17   12   -0.001015
    0   -1   18   12   -0.008927
    0   -1    1   13   -0.010405
    0   -1    2   13    0.011328
    0   -1    3   13    0.003802
    0   -1    4   13    0.032322
    0   -1    5   13   -0.000850
    0   -1    6   13    0.016012
    0   -1    7   13   -1.477742
    0   -1    8   13   -0.026660
    0   -1    9   13   -0.295635
    0   -1   10   13    0.083780
    0   -1   11   13   -0.009242
    0   -1   12   13    0.140902
    0   -1   13   13    0.095455
    0   -1   14   13   -0.000892
    0   -1   15   13    0.033800
    0   -1   16   13    0.010665
    0   -1   17   13   -0.018590
    0   -1   18   13    0.005035
    0   -1    1   14    0.019510
    0   -1    2   14    0.002500
    0   -1    3   14    0.006193
    0   -1    4   14    0.001035
    0   -1    5   14   -0.001280
    0   -1    6   14    0.000785
    0   -1    7   14    0.044140
    0   -1    8   14   -0.535743
    0   -1    9   14    0.094842
    0   -1   10   14   -0.014797
    0   -1   11   14   -0.016942
    0   -1   12   14    0.000123
    0   -1   13   14    0.023962
    0   -1   14   14   -0.002335
    0   -1   15   14    0.021282
    0   -1   16   14   -0.011083
    0   -1   17   14   -0.007293
    0   -1   18   14    0.002807
    0   -1    1   15    0.001440
    0   -1    2   15    0.006315
    0   -1    3   15    0.009793
    0   -1    4   15    0.006725
    0   -1    5   15    0.003270
    0   -1    6   15    0.027662
    0   -1    7   15   -0.298978
    0   -1    8   15   -0.046820
    0   -1    9   15   -0.151345
    0   -1   10   15   -0.253362
    0   -1   11   15   -0.008865
    0   -1   12   15    0.124678
    0   -1   13   15    0.000388
    0   -1   14   15   -0.000950
    0   -1   15   15    0.038052
    0   -1   16   15    0.004490
    0   -1   17   15   -0.003955
    0   -1   18   15   -0.026322
    0   -1    1   16    0.005510
    0   -1    2   16   -0.055615
    0   -1    3   16    0.010957
    0   -1    4   16    0.009152
    0   -1    5   16   -0.003295
    0   -1    6   16    0.000563
    0   -1    7   16    1.437495
    0   -1    8   16    0.057787
    0   -1    9   16   -0.264043
    0   -1   10   16    0.345193
    0   -1   11   16    0.059962
    0   -1   12   16    0.071532
    0   -1   13   16    0.189223
    0   -1   14   16   -0.009065
    0   -1   15   16   -0.059547
    0   -1   16   16    0.099573
    0   -1   17   16   -0.009070
    0   -1   18   16    0.008007
    0   -1    1   17   -0.038703
    0   -1    2   17    0.014435
    0   -1    3   17    0.002545
    0   -1    4   17   -0.011972
    0   -1    5   17   -0.008448
    0   -1    6   17    0.018767
    0   -1    7   17   -0.074710
    0   -1    8   17    1.141135
    0   -1    9   17    0.139925
    0   -1   10   17    0.392322
    0   -1   11   17   -0.074445
    0   -1   12   17    0.019213
    0   -1   13   17   -0.087570
    0   -1   14   17   -0.024900
    0   -1   15   17    0.039762
    0   -1   16   17   -0.010875
    0   -1   17   17    0.001540
    0   -1   18   17    0.017875
    0   -1    1   18   -0.048367
    0   -1    2   18    0.001955
    0   -1    3   18    0.068625
    0   -1    4   18   -0.018390
    0   -1    5   18    0.013805
    0   -1    6   18   -0.012782
    0   -1    7   18    4.213647
    0   -1    8   18    0.265417
    0   -1    9   18    0.571380
    0   -1   10   18   -0.318153
    0   -1   11   18    0.013583
    0   -1   12   18   -0.019697
    0   -1   13   18    0.085197
    0   -1   14   18   -0.013550
    0   -1   15   18    0.126112
    0   -1   16   18   -0.124942
    0   -1   17   18   -0.007798
    0   -1   18   18   -0.052410
    1   -1    1    1    0.008417
    1   -1    2    1    0.007222
    1   -1    3    1   -0.005887
    1   -1    4    1    0.035287
    1   -1    5    1   -0.000652
    1   -1    6    1   -0.003608
    1   -1    7    1    0.022052
    1   -1    8    1   -0.002880
    1   -1    9    1   -0.009967
    1   -1   10    1   -0.036822
    1   -1   11    1    0.004047
    1   -1   12    1   -0.006147
    1   -1   13    1   -0.024167
    1   -1   14    1   -0.000157
    1   -1   15    1   -0.004257
    1   -1   16    1   -0.023038
    1   -1   17    1    0.040230
    1   -1   18    1   -0.000307
    1   -1    1    2    0.002337
    1   -1    2    2   -0.000788
    1   -1    3    2   -0.002125
    1   -1    4    2   -0.002047
    1   -1    5    2   -0.000782
    1   -1    6    2   -0.002543
    1   -1    7    2    0.015325
    1   -1    8    2    0.001917
    1   -1    9    2   -0.000540
    1   -1   10    2   -0.000538
    1   -1   11    2   -0.000197
    1   -1   12    2    0.005937
    1   -1   13    2    0.000103
    1   -1   14    2   -0.000037
    1   -1   15    2   -0.000218
    1   -1   16    2    0.000605
    1   -1   17    2    0.000087
    1   -1   18    2    0.003418
    1   -1    1    3    0.005780
    1   -1    2    3   -0.005435
    1   -1    3    3   -0.003575
    1   -1    4    3    0.057140
    1   -1    5    3   -0.000762
    1   -1    6    3   -0.002822
    1   -1    7    3   -0.214172
    1   -1    8    3    0.002662
    1   -1    9    3    0.117760
    1   -1   10    3   -0.004530
    1   -1   11    3   -0.004697
    1   -1   12    3   -0.118945
    1   -1   13    3   -0.026162
    1   -1   14    3    0.000490
    1   -1   15    3   -0.009355
    1   -1   16    3    0.009310
    1   -1   17    3   -0.000945
    1   -1   18    3    0.003642
    1   -1    1    4    0.032627
    1   -1    2    4   -0.000647
    1   -1    3    4   -0.002820
    1   -1    4    4   -0.042785
    1   -1    5    4   -0.001387
    1   -1    6    4    0.001575
    1   -1    7    4   -0.016245
    1   -1    8    4    0.002065
    1   -1    9    4    0.002785
    1   -1   10    4    0.038452
    1   -1   11    4   -0.002040
    1   -1   12    4   -0.006160
    1   -1   13    4    0.015145
    1   -1   14    4   -0.002648
    1   -1   15    4    0.009917
    1   -1   16    4   -0.004902
    1   -1   17    4    0.002095
    1   -1   18    4   -0.003982
    1   -1    1    5    0.000040
    1   -1    2    5    0.000250
    1   -1    3    5   -0.000132
    1   -1    4    5   -0.002410
    1   -1    5    5    0.000442
    1   -1    6    5   -0.000662
    1   -1    7    5    0.055870
    1   -1    8    5    0.003887
    1   -1    9    5   -0.018127
    1   -1   10    5   -0.002057
    1   -1   11    5   -0.000630
    1   -1   12    5   -0.013982
    1   -1   13    5   -0.014457
    1   -1   14    5    0.000520
    1   -1   15    5   -0.006745
    1   -1   16    5    0.001267
    1   -1   17    5   -0.000712
    1   -1   18    5   -0.001075
    1   -1    1    6   -0.010175
    1   -1    2    6    0.005812
    1   -1    3    6    0.000647
    1   -1    4    6   -0.006005
    1   -1    5    6    0.001525
    1   -1    6    6   -0.007572
    1   -1    7    6   -0.607357
    1   -1    8    6   -0.003120
    1   -1    9    6    0.100602
    1   -1   10    6    0.009112
    1   -1   11    6   -0.003325
    1   -1   12    6    0.057795
    1   -1   13    6    0.007665
    1   -1   14    6    0.004710
    1   -1   15    6   -0.010220
    1   -1   16    6    0.005025
    1   -1   17    6   -0.007273
    1   -1   18    6    0.021728
    1   -1    1    7   -0.021062
    1   -1    2    7    0.000330
    1   -1    3    7    0.010647
    1   -1    4    7    0.007115
    1   -1    5    7   -0.000997
    1   -1    6    7   -0.001025
    1   -1    7    7    0.018280
    1   -1    8    7    0.002227
    1   -1    9    7    0.008622
    1   -1   10    7    0.003307
    1   -1   11    7    0.002670
    1   -1   12    7   -0.018037
    1   -1   13    7    0.016108
    1   -1   14    7   -0.000520
    1   -1   15    7    0.004602
    1   -1   16    7   -0.014312
    1   -1   17    7   -0.002525
    1   -1   18    7   -0.006678
    1   -1    1    8   -0.000538
    1   -1    2    8    0.001100
    1   -1    3    8    0.001197
    1   -1    4    8    0.004132
    1   -1    5    8   -0.000540
    1   -1    6    8    0.001612
    1   -1    7    8    0.003452
    1   -1    8    8   -0.002420
    1   -1    9    8   -0.001185
    1   -1   10    8   -0.002080
    1   -1   11    8   -0.000195
    1   -1   12    8   -0.002352
    1   -1   13    8    0.017555
    1   -1   14    8   -0.000235
    1   -1   15    8    0.001735
    1   -1   16    8   -0.000128
    1   -1   17    8   -0.003162
    1   -1   18    8    0.005595
    1   -1    1    9   -0.005442
    1   -1    2    9    0.001270
    1   -1    3    9   -0.002097
    1   -1    4    9    0.000417
    1   -1    5    9   -0.000885
    1   -1    6    9    0.007257
    1   -1    7    9    0.010500
    1   -1    8    9    0.000302
    1   -1    9    9   -0.001200
    1   -1   10    9   -0.002205
    1   -1   11    9    0.000225
    1   -1   12    9   -0.008407
    1   -1   13    9    0.013737
    1   -1   14    9    0.000272
    1   -1   15    9   -0.007025
    1   -1   16    9   -0.007560
    1   -1   17    9   -0.003010
    1   -1   18    9    0.005550
    1   -1    1   10   -0.016678
    1   -1    2   10    0.000332
    1   -1    3   10   -0.003067
    1   -1    4   10    0.000515
    1   -1    5   10    0.002453
    1   -1    6   10   -0.010830
    1   -1    7   10   -0.004547
    1   -1    8   10   -0.001435
    1   -1    9   10   -0.008035
    1   -1   10   10   -0.011937
    1   -1   11   10   -0.001107
    1   -1   12   10    0.000468
    1   -1   13   10   -0.001040
    1   -1   14   10    0.003005
    1   -1   15   10   -0.010647
    1   -1   16   10    0.011435
    1   -1   17   10   -0.011785
    1   -1   18   10   -0.004032
    1   -1    1   11   -0.002505
    1   -1    2   11    0.000008
    1   -1    3   11    0.000718
    1   -1    4   11   -0.000307
    1   -1    5   11   -0.000482
    1   -1    6   11   -0.001917
    1   -1    7   11    0.007627
    1   -1    8   11    0.000455
    1   -1    9   11   -0.012403
    1   -1   10   11    0.003210
    1   -1   11   11    0.000593
    1   -1   12   11    0.001665
    1   -1   13   11   -0.002525
    1   -1   14   11    0.000022
    1   -1   15   11    0.002350
    1   -1   16   11   -0.003752
    1   -1   17   11    0.000212
    1   -1   18   11   -0.000127
    1   -1    1   12   -0.005148
    1   -1    2   12   -0.001520
    1   -1    3   12   -0.003205
    1   -1    4   12    0.001522
    1   -1    5   12   -0.000163
    1   -1    6   12   -0.000920
    1   -1    7   12    0.009740
    1   -1    8   12   -0.000177
    1   -1    9   12    0.041022
    1   -1   10   12   -0.012045
    1   -1   11   12   -0.000160
    1   -1   12   12    0.009525
    1   -1   13   12    0.005522
    1   -1   14   12   -0.001090
    1   -1   15   12   -0.001007
    1   -1   16   12    0.001385
    1   -1   17   12    0.001855
    1   -1   18   12   -0.002675
    1   -1    1   13    0.009460
    1   -1    2   13    0.004300
    1   -1    3   13    0.001080
    1   -1    4   13   -0.005972
    1   -1    5   13   -0.004832
    1   -1    6   13   -0.012310
    1   -1    7   13   -0.046905
    1   -1    8   13   -0.000757
    1   -1    9   13   -0.018980
    1   -1   10   13   -0.008555
    1   -1   11   13   -0.000488
    1   -1   12   13    0.013713
    1   -1   13   13   -0.009200
    1   -1   14   13   -0.001623
    1   -1   15   13    0.045965
    1   -1   16   13    0.007560
    1   -1   17   13   -0.004250
    1   -1   18   13    0.009482
    1   -1    1   14   -0.000430
    1   -1    2   14   -0.000175
    1   -1    3   14    0.000765
    1   -1    4   14   -0.003717
    1   -1    5   14    0.000315
    1   -1    6   14    0.001172
    1   -1    7   14    0.030472
    1   -1    8   14   -0.005070
    1   -1    9   14    0.076417
    1   -1   10   14    0.011980
    1   -1   11   14   -0.000978
    1   -1   12   14    0.002992
    1   -1   13   14    0.007325
    1   -1   14   14    0.000270
    1   -1   15   14   -0.001633
    1   -1   16   14    0.000877
    1   -1   17   14   -0.002785
    1   -1   18   14    0.000900
    1   -1    1   15    0.007915
    1   -1    2   15    0.003240
    1   -1    3   15    0.000722
    1   -1    4   15    0.013017
    1   -1    5   15   -0.005415
    1   -1    6   15   -0.000725
    1   -1    7   15    0.037332
    1   -1    8   15    0.007582
    1   -1    9   15   -0.056255
    1   -1   10   15    0.004315
    1   -1   11   15    0.003335
    1   -1   12   15    0.015083
    1   -1   13   15    0.039067
    1   -1   14   15   -0.001708
    1   -1   15   15    0.039500
    1   -1   16   15   -0.014960
    1   -1   17   15    0.000267
    1   -1   18   15    0.011302
    1   -1    1   16    0.003578
    1   -1    2   16    0.004405
    1   -1    3   16    0.000650
    1   -1    4   16   -0.002778
    1   -1    5   16   -0.000437
    1   -1    6   16    0.023733
    1   -1    7   16   -0.039335
    1   -1    8   16   -0.005317
    1   -1    9   16   -0.049962
    1   -1   10   16   -0.012117
    1   -1   11   16   -0.001115
    1   -1   12   16   -0.001318
    1   -1   13   16    0.003677
    1   -1   14   16   -0.000228
    1   -1   15   16   -0.006972
    1   -1   16   16    0.014097
    1   -1   17   16   -0.001000
    1   -1   18   16    0.013577
    1   -1    1   17   -0.001708
    1   -1    2   17   -0.001120
    1   -1    3   17    0.003207
    1   -1    4   17   -0.004387
    1   -1    5   17    0.001515
    1   -1    6   17   -0.003935
    1   -1    7   17    0.277940
    1   -1    8   17    0.012890
    1   -1    9   17   -0.075762
    1   -1   10   17   -0.031057
    1   -1   11   17    0.002187
    1   -1   12   17   -0.014205
    1   -1   13   17   -0.011905
    1   -1   14   17   -0.000583
    1   -1   15   17   -0.004945
    1   -1   16   17   -0.006128
    1   -1   17   17    0.000065
    1   -1   18   17    0.000992
    1   -1    1   18    0.005610
    1   -1    2   18   -0.002995
    1   -1    3   18   -0.007650
    1   -1    4   18    0.006770
    1   -1    5   18   -0.000737
    1   -1    6   18    0.006217
    1   -1    7   18   -0.118655
    1   -1    8   18   -0.018330
    1   -1    9   18    0.060470
    1   -1   10   18    0.014800
    1   -1   11   18   -0.002020
    1   -1   12   18    0.035735
    1   -1   13   18    0.063045
    1   -1   14   18   -0.001072
    1   -1   15   18    0.023950
    1   -1   16   18    0.010360
    1   -1   17   18    0.005887
    1   -1   18   18    0.011967
   -1    0    1    1   -0.176922
   -1    0    2    1   -0.014072
   -1    0    3    1   -0.138840
   -1    0    4    1   -0.145875
   -1    0    5    1    0.001153
   -1    0    6    1   -0.036282
   -1    0    7    1   -0.008750
   -1    0    8    1   -0.025455
   -1    0    9    1   -0.042465
   -1    0   10    1    0.002488
   -1    0   11    1    0.000632
   -1    0   12    1    0.026473
   -1    0   13    1   -0.051860
   -1    0   14    1   -0.015038
   -1    0   15    1    0.034185
   -1    0   16    1    0.034865
   -1    0   17    1    0.176300
   -1    0   18    1   -0.017733
   -1    0    1    2   -0.175472
   -1    0    2    2    0.003238
   -1    0    3    2   -0.089817
   -1    0    4    2   -0.050778
   -1    0    5    2   -0.020195
   -1    0    6    2   -0.125765
   -1    0    7    2   -0.010548
   -1    0    8    2    0.701745
   -1    0    9    2   -0.003645
   -1    0   10    2   -0.005045
   -1    0   11    2   -0.012252
   -1    0   12    2    0.006900
   -1    0   13    2   -0.022060
   -1    0   14    2    0.110435
   -1    0   15    2   -0.069532
   -1    0   16    2   -0.005267
   -1    0   17    2   -1.279645
   -1    0   18    2    0.016388
   -1    0    1    3    0.084475
   -1    0    2    3    0.001722
   -1    0    3    3   -0.128332
   -1    0    4    3   -0.032208
   -1    0    5    3    0.013797
   -1    0    6    3    0.023080
   -1    0    7    3   -0.017425
   -1    0    8    3   -0.006347
   -1    0    9    3    0.017152
   -1    0   10    3   -0.040590
   -1    0   11    3   -0.002800
   -1    0   12    3   -0.003000
   -1    0   13    3    0.013505
   -1    0   14    3   -0.000015
   -1    0   15    3    0.007245
   -1    0   16    3    0.003230
   -1    0   17    3    0.006810
   -1    0   18    3    0.008403
   -1    0    1    4    0.050385
   -1    0    2    4    0.008223
   -1    0    3    4    0.085203
   -1    0    4    4   -0.181855
   -1    0    5    4    0.079230
   -1    0    6    4    0.408690
   -1    0    7    4    0.000645
   -1    0    8    4   -0.001895
   -1    0    9    4    0.006097
   -1    0   10    4   -0.004160
   -1    0   11    4    0.022642
   -1    0   12    4    0.018787
   -1    0   13    4   -0.078042
   -1    0   14    4   -0.239592
   -1    0   15    4   -0.224072
   -1    0   16    4    0.630110
   -1    0   17    4    0.882005
   -1    0   18    4    0.090747
   -1    0    1    5   -0.122355
   -1    0    2    5    0.002260
   -1    0    3    5    0.097132
   -1    0    4    5   -0.016690
   -1    0    5    5   -0.009455
   -1    0    6    5    0.087918
   -1    0    7    5    0.000600
   -1    0    8    5    0.053170
   -1    0    9    5    0.005145
   -1    0   10    5    0.029207
   -1    0   11    5   -0.000740
   -1    0   12    5   -0.000375
   -1    0   13    5    0.004752
   -1    0   14    5    0.029473
   -1    0   15    5    0.000795
   -1    0   16    5    0.003860
   -1    0   17    5    0.098005
   -1    0   18    5    0.070515
   -1    0    1    6    0.020645
   -1    0    2    6   -0.031725
   -1    0    3    6   -0.593322
   -1    0    4    6   -0.386882
   -1    0    5    6   -0.095060
   -1    0    6    6   -0.204807
   -1    0    7    6    0.092758
   -1    0    8    6   -0.092812
   -1    0    9    6   -0.006232
   -1    0   10    6   -0.208380
   -1    0   11    6   -0.007027
   -1    0   12    6    0.031492
   -1    0   13    6   -0.044222
   -1    0   14    6    0.015203
   -1    0   15    6   -0.009672
   -1    0   16    6    0.077807
   -1    0   17    6    0.027027
   -1    0   18    6    0.477120
   -1    0    1    7    0.714920
   -1    0    2    7   -0.027167
   -1    0    3    7    0.278162
   -1    0    4    7    0.651447
   -1    0    5    7    0.022290
   -1    0    6    7   -0.277463
   -1    0    7    7   -0.028972
   -1    0    8    7   -0.744352
   -1    0    9    7    0.015160
   -1    0   10    7   -0.673045
   -1    0   11    7    0.033437
   -1    0   12    7   -0.003902
   -1    0   13    7   -0.089905
   -1    0   14    7   -0.152502
   -1    0   15    7    0.147460
   -1    0   16    7   -0.094997
   -1    0   17    7   -0.022013
   -1    0   18    7    0.370045
   -1    0    1    8   -0.005233
   -1    0    2    8    0.000093
   -1    0    3    8    0.019225
   -1    0    4    8   -0.008160
   -1    0    5    8    0.001395
   -1    0    6    8   -0.008100
   -1    0    7    8    0.002875
   -1    0    8    8   -0.003407
   -1    0    9    8   -0.004788
   -1    0   10    8    0.007525
   -1    0   11    8   -0.000495
   -1    0   12    8   -0.002640
   -1    0   13    8    0.004142
   -1    0   14    8   -0.009100
   -1    0   15    8   -0.005515
   -1    0   16    8   -0.005673
   -1    0   17    8    0.008422
   -1    0   18    8    0.010697
   -1    0    1    9   -0.621675
   -1    0    2    9    0.008210
   -1    0    3    9    0.454330
   -1    0    4    9    0.430312
   -1    0    5    9    0.000857
   -1    0    6    9    0.176700
   -1    0    7    9   -0.247207
   -1    0    8    9    0.340040
   -1    0    9    9    0.346102
   -1    0   10    9   -0.065433
   -1    0   11    9    0.140102
   -1    0   12    9    0.043750
   -1    0   13    9   -0.102385
   -1    0   14    9    0.468687
   -1    0   15    9   -0.290683
   -1    0   16    9   -0.003785
   -1    0   17    9    0.125460
   -1    0   18    9   -0.007542
   -1    0    1   10    0.433980
   -1    0    2   10   -0.008623
   -1    0    3   10   -0.160493
   -1    0    4   10   -0.544765
   -1    0    5   10    0.000458
   -1    0    6   10    0.071185
   -1    0    7   10    0.028285
   -1    0    8   10   -0.104177
   -1    0    9   10    0.010782
   -1    0   10   10    0.118100
   -1    0   11   10   -0.008460
   -1    0   12   10    0.003940
   -1    0   13   10    0.029172
   -1    0   14   10   -0.027245
   -1    0   15   10   -0.050102
   -1    0   16   10    0.023580
   -1    0   17   10    0.000212
   -1    0   18   10   -0.025850
   -1    0    1   11   -0.364425
   -1    0    2   11    0.005217
   -1    0    3   11   -0.086547
   -1    0    4   11    0.123177
   -1    0    5   11    0.040427
   -1    0    6   11   -0.075428
   -1    0    7   11   -0.002230
   -1    0    8   11   -0.256017
   -1    0    9   11    0.004055
   -1    0   10   11   -0.148745
   -1    0   11   11   -0.002713
   -1    0   12   11   -0.002457
   -1    0   13   11    0.000375
   -1    0   14   11    0.072163
   -1    0   15   11    0.019077
   -1    0   16   11   -0.022325
   -1    0   17   11   -0.586375
   -1    0   18   11    0.103337
   -1    0    1   12    0.114232
   -1    0    2   12   -0.184227
   -1    0    3   12   -0.576505
   -1    0    4   12   -0.201482
   -1    0    5   12    0.119007
   -1    0    6   12    0.533927
   -1    0    7   12    0.045420
   -1    0    8   12    0.172270
   -1    0    9   12    0.243455
   -1    0   10   12    0.246652
   -1    0   11   12   -0.016412
   -1    0   12   12    0.100992
   -1    0   13   12    0.427088
   -1    0   14   12    0.027015
   -1    0   15   12   -1.878455
   -1    0   16   12    0.248450
   -1    0   17   12    0.192620
   -1    0   18   12    0.367613
   -1    0    1   13    0.640760
   -1    0    2   13   -0.053700
   -1    0    3   13   -0.452445
   -1    0    4   13   -1.719323
   -1    0    5   13   -0.253695
   -1    0    6   13   -0.765842
   -1    0    7   13   -0.163737
   -1    0    8   13    0.650508
   -1    0    9   13   -0.088007
   -1    0   10   13    0.662952
   -1    0   11   13    0.043533
   -1    0   12   13   -0.043700
   -1    0   13   13    0.009977
   -1    0   14   13   -0.366885
   -1    0   15   13   -0.238613
   -1    0   16   13    0.283230
   -1    0   17   13    1.959320
   -1    0   18   13   -0.297535
   -1    0    1   14   -0.063117
   -1    0    2   14   -0.001520
   -1    0    3   14    0.014915
   -1    0    4   14   -0.020627
   -1    0    5   14   -0.008420
   -1    0    6   14    0.025515
   -1    0    7   14    0.001337
   -1    0    8   14    0.069495
   -1    0    9   14    0.005475
   -1    0   10   14    0.017262
   -1    0   11   14   -0.001787
   -1    0   12   14   -0.001365
   -1    0   13   14   -0.000570
   -1    0   14   14    0.011660
   -1    0   15   14   -0.005202
   -1    0   16   14    0.007880
   -1    0   17   14    0.021510
   -1    0   18   14    0.015127
   -1    0    1   15   -0.104277
   -1    0    2   15    0.031680
   -1    0    3   15   -0.406400
   -1    0    4   15    0.056107
   -1    0    5   15    0.162550
   -1    0    6   15   -0.699432
   -1    0    7   15   -0.004607
   -1    0    8   15    0.042785
   -1    0    9   15    0.013938
   -1    0   10   15   -0.141370
   -1    0   11   15    0.011382
   -1    0   12   15   -0.013290
   -1    0   13   15   -0.034627
   -1    0   14   15    0.052735
   -1    0   15   15   -0.024132
   -1    0   16   15   -0.074435
   -1    0   17   15    0.460867
   -1    0   18   15   -0.419840
   -1    0    1   16    0.616420
   -1    0    2   16   -0.019662
   -1    0    3   16    0.349280
   -1    0    4   16   -0.347662
   -1    0    5   16    0.023465
   -1    0    6   16    0.009240
   -1    0    7   16   -0.014117
   -1    0    8   16   -0.087317
   -1    0    9   16   -0.084457
   -1    0   10   16    0.785595
   -1    0   11   16   -0.006210
   -1    0   12   16    0.044583
   -1    0   13   16   -0.041278
   -1    0   14   16   -0.092475
   -1    0   15   16    0.006870
   -1    0   16   16    0.114492
   -1    0   17   16   -0.489543
   -1    0   18   16   -0.830927
   -1    0    1   17   -2.712143
   -1    0    2   17   -0.011543
   -1    0    3   17    0.109180
   -1    0    4   17    0.196882
   -1    0    5   17    1.475175
   -1    0    6   17   -0.076475
   -1    0    7   17   -0.047285
   -1    0    8   17   -1.764343
   -1    0    9   17   -0.081278
   -1    0   10   17   -0.340330
   -1    0   11   17   -0.037902
   -1    0   12   17    0.018777
   -1    0   13   17   -0.018177
   -1    0   14   17    2.390252
   -1    0   15   17    0.028420
   -1    0   16   17   -0.085005
   -1    0   17   17    0.023490
   -1    0   18   17   -0.177032
   -1    0    1   18    0.229052
   -1    0    2   18   -0.029997
   -1    0    3   18   -0.617760
   -1    0    4   18    0.205080
   -1    0    5   18    0.022952
   -1    0    6   18    0.086337
   -1    0    7   18   -0.002055
   -1    0    8   18   -0.019715
   -1    0    9   18   -0.037847
   -1    0   10   18    0.088682
   -1    0   11   18   -0.014202
   -1    0   12   18    0.004090
   -1    0   13   18   -0.010585
   -1    0   14   18   -0.021930
   -1    0   15   18   -0.142375
   -1    0   16   18    0.095327
   -1    0   17   18    0.025957
   -1    0   18   18   -0.387037
    0    0    1    1    7.562912
    0    0    2    1   -0.282040
    0    0    3    1   -0.125422
    0    0    4    1   -0.610840
    0    0    5    1   -0.178242
    0    0    6    1    0.159017
    0    0    7    1    0.375612
    0    0    8    1   -0.982020
    0    0    9    1    0.190377
    0    0   10    1    0.442452
    0    0   11    1   -0.341735
    0    0   12    1   -0.234570
    0    0   13    1   -0.198345
    0    0   14    1   -0.842045
    0    0   15    1    0.796905
    0    0   16    1   -0.015395
    0    0   17    1    0.018305
    0    0   18    1    0.564385
    0    0    1    2   -0.282040
    0    0    2    2   -1.024392
    0    0    3    2   -0.062487
    0    0    4    2   -0.057907
    0    0    5    2    0.166015
    0    0    6    2    0.088508
    0    0    7    2   -2.199522
    0    0    8    2   -0.163195
    0    0    9    2   -0.196420
    0    0   10    2   -0.136867
    0    0   11    2    1.306357
    0    0   12    2    0.032825
    0    0   13    2    0.284797
    0    0   14    2    0.210150
    0    0   15    2   -0.501252
    0    0   16    2    3.296382
    0    0   17    2    1.695430
    0    0   18    2   -0.115673
    0    0    1    3   -0.125422
    0    0    2    3   -0.062487
    0    0    3    3    2.003837
    0    0    4    3    0.153420
    0    0    5    3    0.141620
    0    0    6    3   -0.878365
    0    0    7    3   -0.027010
    0    0    8    3   -0.085830
    0    0    9    3   -0.245767
    0    0   10    3    3.106850
    0    0   11    3   -0.097127
    0    0   12    3   -0.020995
    0    0   13    3   -0.130837
    0    0   14    3   -0.030325
    0    0   15    3    1.007382
    0    0   16    3    0.012727
    0    0   17    3   -0.189847
    0    0   18    3    0.190618
    0    0    1    4   -0.610840
    0    0    2    4   -0.057907
    0    0    3    4    0.153420
    0    0    4    4   -4.341670
    0    0    5    4    0.021793
    0    0    6    4    0.965360
    0    0    7    4    0.094365
    0    0    8    4   -0.274127
    0    0    9    4   -0.244663
    0    0   10    4    4.291355
    0    0   11    4    0.226722
    0    0   12    4    0.224280
    0    0   13    4    0.828008
    0    0   14    4    0.093617
    0    0   15    4   -0.247935
    0    0   16    4   -0.092992
    0    0   17    4    0.057890
    0    0   18    4    0.970150
    0    0    1    5   -0.178242
    0    0    2    5    0.166015
    0    0    3    5    0.141620
    0    0    4    5    0.021793
    0    0    5    5   -1.554503
    0    0    6    5   -0.120380
    0    0    7    5   -0.181965
    0    0    8    5   -1.028605
    0    0    9    5    0.076385
    0    0   10    5    0.143325
    0    0   11    5   -0.643548
    0    0   12    5    0.076942
    0    0   13    5   -0.290050
    0    0   14    5   -0.859022
    0    0   15    5   -1.001003
    0    0   16    5    1.538142
    0    0   17    5   -0.920207
    0    0   18    5    1.550148
    0    0    1    6    0.159017
    0    0    2    6    0.088508
    0    0    3    6   -0.878365
    0    0    4    6    0.965360
    0    0    5    6   -0.120380
    0    0    6    6   -2.419327
    0    0    7    6    0.485542
    0    0    8    6   -0.095963
    0    0    9    6    1.692677
    0    0   10    6   -0.262737
    0    0   11    6   -0.008075
    0    0   12    6   -0.603967
    0    0   13    6   -0.003267
    0    0   14    6   -0.077548
    0    0   15    6    0.672260
    0    0   16    6   -0.785177
    0    0   17    6   -0.139960
    0    0   18    6    2.027780
    0    0    1    7    0.375612
    0    0    2    7   -2.199522
    0    0    3    7   -0.027010
    0    0    4    7    0.094365
    0    0    5    7   -0.181965
    0    0    6    7    0.485542
    0    0    7    7    8.398035
    0    0    8    7   -0.291347
    0    0    9    7    0.454502
    0    0   10    7    0.283675
    0    0   11    7    0.135730
    0    0   12    7   -0.108148
    0    0   13    7   -1.467067
    0    0   14    7   -0.321010
    0    0   15    7   -0.141442
    0    0   16    7   -0.693285
    0    0   17    7    0.635117
    0    0   18    7   -0.442252
    0    0    1    8   -0.982020
    0    0    2    8   -0.163195
    0    0    3    8   -0.085830
    0    0    4    8   -0.274127
    0    0    5    8   -1.028605
    0    0    6    8   -0.095963
    0    0    7    8   -0.291347
    0    0    8    8   -1.960108
    0    0    9    8    0.187800
    0    0   10    8    1.009977
    0    0   11    8    0.471722
    0    0   12    8    0.060565
    0    0   13    8    0.087097
    0    0   14    8    1.580812
    0    0   15    8   -0.034658
    0    0   16    8   -0.017340
    0    0   17    8   -0.010635
    0    0   18    8   -0.069095
    0    0    1    9    0.190377
    0    0    2    9   -0.196420
    0    0    3    9   -0.245767
    0    0    4    9   -0.244663
    0    0    5    9    0.076385
    0    0    6    9    1.692677
    0    0    7    9    0.454502
    0    0    8    9    0.187800
    0    0    9    9   -9.357620
    0    0   10    9    0.515630
    0    0   11    9   -0.228950
    0    0   12    9   -0.642820
    0    0   13    9   -0.209917
    0    0   14    9    0.012698
    0    0   15    9   -1.347790
    0    0   16    9    2.336292
    0    0   17    9    0.085387
    0    0   18    9    1.613232
    0    0    1   10    0.442452
    0    0    2   10   -0.136867
    0    0    3   10    3.106850
    0    0    4   10    4.291355
    0    0    5   10    0.143325
    0    0    6   10   -0.262737
    0    0    7   10    0.283675
    0    0    8   10    1.009977
    0    0    9   10    0.515630
    0    0   10   10   -2.832358
    0    0   11   10   -0.042335
    0    0   12   10   -0.085828
    0    0   13   10   -0.826488
    0    0   14   10   -0.013845
    0    0   15   10   -0.006698
    0    0   16   10   -0.234770
    0    0   17   10    0.116790
    0    0   18   10    0.137870
    0    0    1   11   -0.341735
    0    0    2   11    1.306357
    0    0    3   11   -0.097127
    0    0    4   11    0.226722
    0    0    5   11   -0.643548
    0    0    6   11   -0.008075
    0    0    7   11    0.135730
    0    0    8   11    0.471722
    0    0    9   11   -0.228950
    0    0   10   11   -0.042335
    0    0   11   11    0.936957
    0    0   12   11   -0.050642
    0    0   13   11   -1.273913
    0    0   14   11    0.579145
    0    0   15   11   -0.364877
    0    0   16   11    0.825485
    0    0   17   11    0.771952
    0    0   18   11   -0.200005
    0    0    1   12   -0.234570
    0    0    2   12    0.032825
    0    0    3   12   -0.020995
    0    0    4   12    0.224280
    0    0    5   12    0.076942
    0    0    6   12   -0.603967
    0    0    7   12   -0.108148
    0    0    8   12    0.060565
    0    0    9   12   -0.642820
    0    0   10   12   -0.085828
    0    0   11   12   -0.050642
    0    0   12   12    0.895535
    0    0   13   12   -0.459042
    0    0   14   12   -0.003085
    0    0   15   12    0.943232
    0    0   16   12    0.667390
    0    0   17   12    0.030465
    0    0   18   12   -0.439688
    0    0    1   13   -0.198345
    0    0    2   13    0.284797
    0    0    3   13   -0.130837
    0    0    4   13    0.828008
    0    0    5   13   -0.290050
    0    0    6   13   -0.003267
    0    0    7   13   -1.467067
    0    0    8   13    0.087097
    0    0    9   13   -0.209917
    0    0   10   13   -0.826488
    0    0   11   13   -1.273913
    0    0   12   13   -0.459042
    0    0   13   13    3.547685
    0    0   14   13    0.203960
    0    0   15   13   -1.824277
    0    0   16   13    2.064692
    0    0   17   13   -3.665255
    0    0   18   13    0.142025
    0    0    1   14   -0.842045
    0    0    2   14    0.210150
    0    0    3   14   -0.030325
    0    0    4   14    0.093617
    0    0    5   14   -0.859022
    0    0    6   14   -0.077548
    0    0    7   14   -0.321010
    0    0    8   14    1.580812
    0    0    9   14    0.012698
    0    0   10   14   -0.013845
    0    0   11   14    0.579145
    0    0   12   14   -0.003085
    0    0   13   14    0.203960
    0    0   14   14   -0.507722
    0    0   15   14    0.000210
    0    0   16   14    0.015588
    0    0   17   14   -2.350237
    0    0   18   14    0.187650
    0    0    1   15    0.796905
    0    0    2   15   -0.501252
    0    0    3   15    1.007382
    0    0    4   15   -0.247935
    0    0    5   15   -1.001003
    0    0    6   15    0.672260
    0    0    7   15   -0.141442
    0    0    8   15   -0.034658
    0    0    9   15   -1.347790
    0    0   10   15   -0.006698
    0    0   11   15   -0.364877
    0    0   12   15    0.943232
    0    0   13   15   -1.824277
    0    0   14   15    0.000210
    0    0   15   15    2.562485
    0    0   16   15    1.359560
    0    0   17   15   -0.161150
    0    0   18   15    3.804765
    0    0    1   16   -0.015395
    0    0    2   16    3.296382
    0    0    3   16    0.012727
    0    0    4   16   -0.092992
    0    0    5   16    1.538142
    0    0    6   16   -0.785177
    0    0    7   16   -0.693285
    0    0    8   16   -0.017340
    0    0    9   16    2.336292
    0    0   10   16   -0.234770
    0    0   11   16    0.825485
    0    0   12   16    0.667390
    0    0   13   16    2.064692
    0    0   14   16    0.015588
    0    0   15   16    1.359560
    0    0   16   16   -7.476202
    0    0   17   16    0.325648
    0    0   18   16    0.292625
    0    0    1   17    0.018305
    0    0    2   17    1.695430
    0    0    3   17   -0.189847
    0    0    4   17    0.057890
    0    0    5   17   -0.920207
    0    0    6   17   -0.139960
    0    0    7   17    0.635117
    0    0    8   17   -0.010635
    0    0    9   17    0.085387
    0    0   10   17    0.116790
    0    0   11   17    0.771952
    0    0   12   17    0.030465
    0    0   13   17   -3.665255
    0    0   14   17   -2.350237
    0    0   15   17   -0.161150
    0    0   16   17    0.325648
    0    0   17   17    0.587237
    0    0   18   17   -0.174093
    0    0    1   18    0.564385
    0    0    2   18   -0.115673
    0    0    3   18    0.190618
    0    0    4   18    0.970150
    0    0    5   18    1.550148
    0    0    6   18    2.027780
    0    0    7   18   -0.442252
    0    0    8   18   -0.069095
    0    0    9   18    1.613232
    0    0   10   18    0.137870
    0    0   11   18   -0.200005
    0    0   12   18   -0.439688
    0    0   13   18    0.142025
    0    0   14   18    0.187650
    0    0   15   18    3.804765
    0    0   16   18    0.292625
    0    0   17   18   -0.174093
    0    0   18   18    1.220137
    1    0    1    1   -0.176922
    1    0    2    1   -0.175472
    1    0    3    1    0.084475
    1    0    4    1    0.050385
    1    0    5    1   -0.122355
    1    0    6    1    0.020645
    1    0    7    1    0.714920
    1    0    8    1   -0.005233
    1    0    9    1   -0.621675
    1    0   10    1    0.433980
    1    0   11    1   -0.364425
    1    0   12    1    0.114232
    1    0   13    1    0.640760
    1    0   14    1   -0.063117
    1    0   15    1   -0.104277
    1    0   16    1    0.616420
    1    0   17    1   -2.712143
    1    0   18    1    0.229052
    1    0    1    2   -0.014072
    1    0    2    2    0.003238
    1    0    3    2    0.001722
    1    0    4    2    0.008223
    1    0    5    2    0.002260
    1    0    6    2   -0.031725
    1    0    7    2   -0.027167
    1    0    8    2    0.000093
    1    0    9    2    0.008210
    1    0   10    2   -0.008623
    1    0   11    2    0.005217
    1    0   12    2   -0.184227
    1    0   13    2   -0.053700
    1    0   14    2   -0.001520
    1    0   15    2    0.031680
    1    0   16    2   -0.019662
    1    0   17    2   -0.011543
    1    0   18    2   -0.029997
    1    0    1    3   -0.138840
    1    0    2    3   -0.089817
    1    0    3    3   -0.128332
    1    0    4    3    0.085203
    1    0    5    3    0.097132
    1    0    6    3   -0.593322
    1    0    7    3    0.278162
    1    0    8    3    0.019225
    1    0    9    3    0.454330
    1    0   10    3   -0.160493
    1    0   11    3   -0.086547
    1    0   12    3   -0.576505
    1    0   13    3   -0.452445
    1    0   14    3    0.014915
    1    0   15    3   -0.406400
    1    0   16    3    0.349280
    1    0   17    3    0.109180
    1    0   18    3   -0.617760
    1    0    1    4   -0.145875
    1    0    2    4   -0.050778
    1    0    3    4   -0.032208
    1    0    4    4   -0.181855
    1    0    5    4   -0.016690
    1    0    6    4   -0.386882
    1    0    7    4    0.651447
    1    0    8    4   -0.008160
    1    0    9    4    0.430312
    1    0   10    4   -0.544765
    1    0   11    4    0.123177
    1    0   12    4   -0.201482
    1    0   13    4   -1.719323
    1    0   14    4   -0.020627
    1    0   15    4    0.056107
    1    0   16    4   -0.347662
    1    0   17    4    0.196882
    1    0   18    4    0.205080
    1    0    1    5    0.001153
    1    0    2    5   -0.020195
    1    0    3    5    0.013797
    1    0    4    5    0.079230
    1    0    5    5   -0.009455
    1    0    6    5   -0.095060
    1    0    7    5    0.022290
    1    0    8    5    0.001395
    1    0    9    5    0.000857
    1    0   10    5    0.000458
    1    0   11    5    0.040427
    1    0   12    5    0.119007
    1    0   13    5   -0.253695
    1    0   14    5   -0.008420
    1    0   15    5    0.162550
    1    0   16    5    0.023465
    1    0   17    5    1.475175
    1    0   18    5    0.022952
    1    0    1    6   -0.036282
    1    0    2    6   -0.125765
    1    0    3    6    0.023080
    1    0    4    6    0.408690
    1    0    5    6    0.087918
    1    0    6    6   -0.204807
    1    0    7    6   -0.277463
    1    0    8    6   -0.008100
    1    0    9    6    0.176700
    1    0   10    6    0.071185
    1    0   11    6   -0.075428
    1    0   12    6    0.533927
    1    0   13    6   -0.765842
    1    0   14    6    0.025515
    1    0   15    6   -0.699432
    1    0   16    6    0.009240
    1    0   17    6   -0.076475
    1    0   18    6    0.086337
    1    0    1    7   -0.008750
    1    0    2    7   -0.010548
    1    0    3    7   -0.017425
    1    0    4    7    0.000645
    1    0    5    7    0.000600
    1    0    6    7    0.092758
    1    0    7    7   -0.028972
    1    0    8    7    0.002875
    1    0    9    7   -0.247207
    1    0   10    7    0.028285
    1    0   11    7   -0.002230
    1    0   12    7    0.045420
    1    0   13    7   -0.163737
    1    0   14    7    0.001337
    1    0   15    7   -0.004607
    1    0   16    7   -0.014117
    1    0   17    7   -0.047285
    1    0   18    7   -0.002055
    1    0    1    8   -0.025455
    1    0    2    8    0.701745
    1    0    3    8   -0.006347
    1    0    4    8   -0.001895
    1    0    5    8    0.053170
    1    0    6    8   -0.092812
    1    0    7    8   -0.744352
    1    0    8    8   -0.003407
    1    0    9    8    0.340040
    1    0   10    8   -0.104177
    1    0   11    8   -0.256017
    1    0   12    8    0.172270
    1    0   13    8    0.650508
    1    0   14    8    0.069495
    1    0   15    8    0.042785
    1    0   16    8   -0.087317
    1    0   17    8   -1.764343
    1    0   18    8   -0.019715
    1    0    1    9   -0.042465
    1    0    2    9   -0.003645
    1    0    3    9    0.017152
    1    0    4    9    0.006097
    1    0    5    9    0.005145
    1    0    6    9   -0.006232
    1    0    7    9    0.015160
    1    0    8    9   -0.004788
    1    0    9    9    0.346102
    1    0   10    9    0.010782
    1    0   11    9    0.004055
    1    0   12    9    0.243455
    1    0   13    9   -0.088007
    1    0   14    9    0.005475
    1    0   15    9    0.013938
    1    0   16    9   -0.084457
    1    0   17    9   -0.081278
    1    0   18    9   -0.037847
    1    0    1   10    0.002488
    1    0    2   10   -0.005045
    1    0    3   10   -0.040590
    1    0    4   10   -0.004160
    1    0    5   10    0.029207
    1    0    6   10   -0.208380
    1    0    7   10   -0.673045
    1    0    8   10    0.007525
    1    0    9   10   -0.065433
    1    0   10   10    0.118100
    1    0   11   10   -0.148745
    1    0   12   10    0.246652
    1    0   13   10    0.662952
    1    0   14   10    0.017262
    1    0   15   10   -0.141370
    1    0   16   10    0.785595
    1    0   17   10   -0.340330
    1    0   18   10    0.088682
    1    0    1   11    0.000632
    1    0    2   11   -0.012252
    1    0    3   11   -0.002800
    1    0    4   11    0.022642
    1    0    5   11   -0.000740
    1    0    6   11   -0.007027
    1    0    7   11    0.033437
    1    0    8   11   -0.000495
    1    0    9   11    0.140102
    1    0   10   11   -0.008460
    1    0   11   11   -0.002713
    1    0   12   11   -0.016412
    1    0   13   11    0.043533
    1    0   14   11   -0.001787
    1    0   15   11    0.011382
    1    0   16   11   -0.006210
    1    0   17   11   -0.037902
    1    0   18   11   -0.014202
    1    0    1   12    0.026473
    1    0    2   12    0.006900
    1    0    3   12   -0.003000
    1    0    4   12    0.018787
    1    0    5   12   -0.000375
    1    0    6   12    0.031492
    1    0    7   12   -0.003902
    1    0    8   12   -0.002640
    1    0    9   12    0.043750
    1    0   10   12    0.003940
    1    0   11   12   -0.002457
    1    0   12   12    0.100992
    1    0   13   12   -0.043700
    1    0   14   12   -0.001365
    1    0   15   12   -0.013290
    1    0   16   12    0.044583
    1    0   17   12    0.018777
    1    0   18   12    0.004090
    1    0    1   13   -0.051860
    1    0    2   13   -0.022060
    1    0    3   13    0.013505
    1    0    4   13   -0.078042
    1    0    5   13    0.004752
    1    0    6   13   -0.044222
    1    0    7   13   -0.089905
    1    0    8   13    0.004142
    1    0    9   13   -0.102385
    1    0   10   13    0.029172
    1    0   11   13    0.000375
    1    0   12   13    0.427088
    1    0   13   13    0.009977
    1    0   14   13   -0.000570
    1    0   15   13   -0.034627
    1    0   16   13   -0.041278
    1    0   17   13   -0.018177
    1    0   18   13   -0.010585
    1    0    1   14   -0.015038
    1    0    2   14    0.110435
    1    0    3   14   -0.000015
    1    0    4   14   -0.239592
    1    0    5   14    0.029473
    1    0    6   14    0.015203
    1    0    7   14   -0.152502
    1    0    8   14   -0.009100
    1    0    9   14    0.468687
    1    0   10   14   -0.027245
    1    0   11   14    0.072163
    1    0   12   14    0.027015
    1    0   13   14   -0.366885
    1    0   14   14    0.011660
    1    0   15   14    0.052735
    1    0   16   14   -0.092475
    1    0   17   14    2.390252
    1    0   18   14   -0.021930
    1    0    1   15    0.034185
    1    0    2   15   -0.069532
    1    0    3   15    0.007245
    1    0    4   15   -0.224072
    1    0    5   15    0.000795
    1    0    6   15   -0.009672
    1    0    7   15    0.147460
    1    0    8   15   -0.005515
    1    0    9   15   -0.290683
    1    0   10   15   -0.050102
    1    0   11   15    0.019077
    1    0   12   15   -1.878455
    1    0   13   15   -0.238613
    1    0   14   15   -0.005202
    1    0   15   15   -0.024132
    1    0   16   15    0.006870
    1    0   17   15    0.028420
    1    0   18   15   -0.142375
    1    0    1   16    0.034865
    1    0    2   16   -0.005267
    1    0    3   16    0.003230
    1    0    4   16    0.630110
    1    0    5   16    0.003860
    1    0    6   16    0.077807
    1    0    7   16   -0.094997
    1    0    8   16   -0.005673
    1    0    9   16   -0.003785
    1    0   10   16    0.023580
    1    0   11   16   -0.022325
    1    0   12   16    0.248450
    1    0   13   16    0.283230
    1    0   14   16    0.007880
    1    0   15   16   -0.074435
    1    0   16   16    0.114492
    1    0   17   16   -0.085005
    1    0   18   16    0.095327
    1    0    1   17    0.176300
    1    0    2   17   -1.279645
    1    0    3   17    0.006810
    1    0    4   17    0.882005
    1    0    5   17    0.098005
    1    0    6   17    0.027027
    1    0    7   17   -0.022013
    1    0    8   17    0.008422
    1    0    9   17    0.125460
    1    0   10   17    0.000212
    1    0   11   17   -0.586375
    1    0   12   17    0.192620
    1    0   13   17    1.959320
    1    0   14   17    0.021510
    1    0   15   17    0.460867
    1    0   16   17   -0.489543
    1    0   17   17    0.023490
    1    0   18   17    0.025957
    1    0    1   18   -0.017733
    1    0    2   18    0.016388
    1    0    3   18    0.008403
    1    0    4   18    0.090747
    1    0    5   18    0.070515
    1    0    6   18    0.477120
    1    0    7   18    0.370045
    1    0    8   18    0.010697
    1    0    9   18   -0.007542
    1    0   10   18   -0.025850
    1    0   11   18    0.103337
    1    0   12   18    0.367613
    1    0   13   18   -0.297535
    1    0   14   18    0.015127
    1    0   15   18   -0.419840
    1    0   16   18   -0.830927
    1    0   17   18   -0.177032
    1    0   18   18   -0.387037
   -1    1    1    1    0.008417
   -1    1    2    1    0.002337
   -1    1    3    1    0.005780
   -1    1    4    1    0.032627
   -1    1    5    1    0.000040
   -1    1    6    1   -0.010175
   -1    1    7    1   -0.021062
   -1    1    8    1   -0.000538
   -1    1    9    1   -0.005442
   -1    1   10    1   -0.016678
   -1    1   11    1   -0.002505
   -1    1   12    1   -0.005148
   -1    1   13    1    0.009460
   -1    1   14    1   -0.000430
   -1    1   15    1    0.007915
   -1    1   16    1    0.003578
   -1    1   17    1   -0.001708
   -1    1   18    1    0.005610
   -1    1    1    2    0.007222
   -1    1    2    2   -0.000788
   -1    1    3    2   -0.005435
   -1    1    4    2   -0.000647
   -1    1    5    2    0.000250
   -1    1    6    2    0.005812
   -1    1    7    2    0.000330
   -1    1    8    2    0.001100
   -1    1    9    2    0.001270
   -1    1   10    2    0.000332
   -1    1   11    2    0.000008
   -1    1   12    2   -0.001520
   -1    1   13    2    0.004300
   -1    1   14    2   -0.000175
   -1    1   15    2    0.003240
   -1    1   16    2    0.004405
   -1    1   17    2   -0.001120
   -1    1   18    2   -0.002995
   -1    1    1    3   -0.005887
   -1    1    2    3   -0.002125
   -1    1    3    3   -0.003575
   -1    1    4    3   -0.002820
   -1    1    5    3   -0.000132
   -1    1    6    3    0.000647
   -1    1    7    3    0.010647
   -1    1    8    3    0.001197
   -1    1    9    3   -0.002097
   -1    1   10    3   -0.003067
   -1    1   11    3    0.000718
   -1    1   12    3   -0.003205
   -1    1   13    3    0.001080
   -1    1   14    3    0.000765
   -1    1   15    3    0.000722
   -1    1   16    3    0.000650
   -1    1   17    3    0.003207
   -1    1   18    3   -0.007650
   -1    1    1    4    0.035287
   -1    1    2    4   -0.002047
   -1    1    3    4    0.057140
   -1    1    4    4   -0.042785
   -1    1    5    4   -0.002410
   -1    1    6    4   -0.006005
   -1    1    7    4    0.007115
   -1    1    8    4    0.004132
   -1    1    9    4    0.000417
   -1    1   10    4    0.000515
   -1    1   11    4   -0.000307
   -1    1   12    4    0.001522
   -1    1   13    4   -0.005972
   -1    1   14    4   -0.003717
   -1    1   15    4    0.013017
   -1    1   16    4   -0.002778
   -1    1   17    4   -0.004387
   -1    1   18    4    0.006770
   -1    1    1    5   -0.000652
   -1    1    2    5   -0.000782
   -1    1    3    5   -0.000762
   -1    1    4    5   -0.001387
   -1    1    5    5    0.000442
   -1    1    6    5    0.001525
   -1    1    7    5   -0.000997
   -1    1    8    5   -0.000540
   -1    1    9    5   -0.000885
   -1    1   10    5    0.002453
   -1    1   11    5   -0.000482
   -1    1   12    5   -0.000163
   -1    1   13    5   -0.004832
   -1    1   14    5    0.000315
   -1    1   15    5   -0.005415
   -1    1   16    5   -0.000437
   -1    1   17    5    0.001515
   -1    1   18    5   -0.000737
   -1    1    1    6   -0.003608
   -1    1    2    6   -0.002543
   -1    1    3    6   -0.002822
   -1    1    4    6    0.001575
   -1    1    5    6   -0.000662
   -1    1    6    6   -0.007572
   -1    1    7    6   -0.001025
   -1    1    8    6    0.001612
   -1    1    9    6    0.007257
   -1    1   10    6   -0.010830
   -1    1   11    6   -0.001917
   -1    1   12    6   -0.000920
   -1    1   13    6   -0.012310
   -1    1   14    6    0.001172
   -1    1   15    6   -0.000725
   -1    1   16    6    0.023733
   -1    1   17    6   -0.003935
   -1    1   18    6    0.006217
   -1    1    1    7    0.022052
   -1    1    2    7    0.015325
   -1    1    3    7   -0.214172
   -1    1    4    7   -0.016245
   -1    1    5    7    0.055870
   -1    1    6    7   -0.607357
   -1    1    7    7    0.018280
   -1    1    8    7    0.003452
   -1    1    9    7    0.010500
   -1    1   10    7   -0.004547
   -1    1   11    7    0.007627
   -1    1   12    7    0.009740
   -1    1   13    7   -0.046905
   -1    1   14    7    0.030472
   -1    1   15    7    0.037332
   -1    1   16    7   -0.039335
   -1    1   17    7    0.277940
   -1    1   18    7   -0.118655
   -1    1    1    8   -0.002880
   -1    1    2    8    0.001917
   -1    1    3    8    0.002662
   -1    1    4    8    0.002065
   -1    1    5    8    0.003887
   -1    1    6    8   -0.003120
   -1    1    7    8    0.002227
   -1    1    8    8   -0.002420
   -1    1    9    8    0.000302
   -1    1   10    8   -0.001435
   -1    1   11    8    0.000455
   -1    1   12    8   -0.000177
   -1    1   13    8   -0.000757
   -1    1   14    8   -0.005070
   -1    1   15    8    0.007582
   -1    1   16    8   -0.005317
   -1    1   17    8    0.012890
   -1    1   18    8   -0.018330
   -1    1    1    9   -0.009967
   -1    1    2    9   -0.000540
   -1    1    3    9    0.117760
   -1    1    4    9    0.002785
   -1    1    5    9   -0.018127
   -1    1    6    9    0.100602
   -1    1    7    9    0.008622
   -1    1    8    9   -0.001185
   -1    1    9    9   -0.001200
   -1    1   10    9   -0.008035
   -1    1   11    9   -0.012403
   -1    1   12    9    0.041022
   -1    1   13    9   -0.018980
   -1    1   14    9    0.076417
   -1    1   15    9   -0.056255
   -1    1   16    9   -0.049962
   -1    1   17    9   -0.075762
   -1    1   18    9    0.060470
   -1    1    1   10   -0.036822
   -1    1    2   10   -0.000538
   -1    1    3   10   -0.004530
   -1    1    4   10    0.038452
   -1    1    5   10   -0.002057
   -1    1    6   10    0.009112
   -1    1    7   10    0.003307
   -1    1    8   10   -0.002080
   -1    1    9   10   -0.002205
   -1    1   10   10   -0.011937
   -1    1   11   10    0.003210
   -1    1   12   10   -0.012045
   -1    1   13   10   -0.008555
   -1    1   14   10    0.011980
   -1    1   15   10    0.004315
   -1    1   16   10   -0.012117
   -1    1   17   10   -0.031057
   -1    1   18   10    0.014800
   -1    1    1   11    0.004047
   -1    1    2   11   -0.000197
   -1    1    3   11   -0.004697
   -1    1    4   11   -0.002040
   -1    1    5   11   -0.000630
   -1    1    6   11   -0.003325
   -1    1    7   11    0.002670
   -1    1    8   11   -0.000195
   -1    1    9   11    0.000225
   -1    1   10   11   -0.001107
   -1    1   11   11    0.000593
   -1    1   12   11   -0.000160
   -1    1   13   11   -0.000488
   -1    1   14   11   -0.000978
   -1    1   15   11    0.003335
   -1    1   16   11   -0.001115
   -1    1   17   11    0.002187
   -1    1   18   11   -0.002020
   -1    1    1   12   -0.006147
   -1    1    2   12    0.005937
   -1    1    3   12   -0.118945
   -1    1    4   12   -0.006160
   -1    1    5   12   -0.013982
   -1    1    6   12    0.057795
   -1    1    7   12   -0.018037
   -1    1    8   12   -0.002352
   -1    1    9   12   -0.008407
   -1    1   10   12    0.000468
   -1    1   11   12    0.001665
   -1    1   12   12    0.009525
   -1    1   13   12    0.013713
   -1    1   14   12    0.002992
   -1    1   15   12    0.015083
   -1    1   16   12   -0.001318
   -1    1   17   12   -0.014205
   -1    1   18   12    0.035735
   -1    1    1   13   -0.024167
   -1    1    2   13    0.000103
   -1    1    3   13   -0.026162
   -1    1    4   13    0.015145
   -1    1    5   13   -0.014457
   -1    1    6   13    0.007665
   -1    1    7   13    0.016108
   -1    1    8   13    0.017555
   -1    1    9   13    0.013737
   -1    1   10   13   -0.001040
   -1    1   11   13   -0.002525
   -1    1   12   13    0.005522
   -1    1   13   13   -0.009200
   -1    1   14   13    0.007325
   -1    1   15   13    0.039067
   -1    1   16   13    0.003677
   -1    1   17   13   -0.011905
   -1    1   18   13    0.063045
   -1    1    1   14   -0.000157
   -1    1    2   14   -0.000037
   -1    1    3   14    0.000490
   -1    1    4   14   -0.002648
   -1    1    5   14    0.000520
   -1    1    6   14    0.004710
   -1    1    7   14   -0.000520
   -1    1    8   14   -0.000235
   -1    1    9   14    0.000272
   -1    1   10   14    0.003005
   -1    1   11   14    0.000022
   -1    1   12   14   -0.001090
   -1    1   13   14   -0.001623
   -1    1   14   14    0.000270
   -1    1   15   14   -0.001708
   -1    1   16   14   -0.000228
   -1    1   17   14   -0.000583
   -1    1   18   14   -0.001072
   -1    1    1   15   -0.004257
   -1    1    2   15   -0.000218
   -1    1    3   15   -0.009355
   -1    1    4   15    0.009917
   -1    1    5   15   -0.006745
   -1    1    6   15   -0.010220
   -1    1    7   15    0.004602
   -1    1    8   15    0.001735
   -1    1    9   15   -0.007025
   -1    1   10   15   -0.010647
   -1    1   11   15    0.002350
   -1    1   12   15   -0.001007
   -1    1   13   15    0.045965
   -1    1   14   15   -0.001633
   -1    1   15   15    0.039500
   -1    1   16   15   -0.006972
   -1    1   17   15   -0.004945
   -1    1   18   15    0.023950
   -1    1    1   16   -0.023038
   -1    1    2   16    0.000605
   -1    1    3   16    0.009310
   -1    1    4   16   -0.004902
   -1    1    5   16    0.001267
   -1    1    6   16    0.005025
   -1    1    7   16   -0.014312
   -1    1    8   16   -0.000128
   -1    1    9   16   -0.007560
   -1    1   10   16    0.011435
   -1    1   11   16   -0.003752
   -1    1   12   16    0.001385
   -1    1   13   16    0.007560
   -1    1   14   16    0.000877
   -1    1   15   16   -0.014960
   -1    1   16   16    0.014097
   -1    1   17   16   -0.006128
   -1    1   18   16    0.010360
   -1    1    1   17    0.040230
   -1    1    2   17    0.000087
   -1    1    3   17   -0.000945
   -1    1    4   17    0.002095
   -1    1    5   17   -0.000712
   -1    1    6   17   -0.007273
   -1    1    7   17   -0.002525
   -1    1    8   17   -0.003162
   -1    1    9   17   -0.003010
   -1    1   10   17   -0.011785
   -1    1   11   17    0.000212
   -1    1   12   17    0.001855
   -1    1   13   17   -0.004250
   -1    1   14   17   -0.002785
   -1    1   15   17    0.000267
   -1    1   16   17   -0.001000
   -1    1   17   17    0.000065
   -1    1   18   17    0.005887
   -1    1    1   18   -0.000307
   -1    1    2   18    0.003418
   -1    1    3   18    0.003642
   -1    1    4   18   -0.003982
   -1    1    5   18   -0.001075
   -1    1    6   18    0.021728
   -1    1    7   18   -0.006678
   -1    1    8   18    0.005595
   -1    1    9   18    0.005550
   -1    1   10   18   -0.004032
   -1    1   11   18   -0.000127
   -1    1   12   18   -0.002675
   -1    1   13   18    0.009482
   -1    1   14   18    0.000900
   -1    1   15   18    0.011302
   -1    1   16   18    0.013577
   -1    1   17   18    0.000992
   -1    1   18   18    0.011967
    0    1    1    1   -0.156787
    0    1    2    1   -0.002617
    0    1    3    1   -0.257188
    0    1    4    1    0.013600
    0    1    5    1    0.010137
    0    1    6    1   -0.015222
    0    1    7    1   -0.003058
    0    1    8    1   -0.017452
    0    1    9    1   -0.008915
    0    1   10    1    0.038895
    0    1   11    1   -0.000730
    0    1   12    1    0.002360
    0    1   13    1   -0.010405
    0    1   14    1    0.019510
    0    1   15    1    0.001440
    0    1   16    1    0.005510
    0    1   17    1   -0.038703
    0    1   18    1   -0.048367
    0    1    1    2    0.002217
    0    1    2    2    0.015827
    0    1    3    2    0.000152
    0    1    4    2   -0.021315
    0    1    5    2   -0.001040
    0    1    6    2   -0.012080
    0    1    7    2   -0.013973
    0    1    8    2    0.043230
    0    1    9    2   -0.003507
    0    1   10    2   -0.001520
    0    1   11    2    0.003962
    0    1   12    2   -0.000050
    0    1   13    2    0.011328
    0    1   14    2    0.002500
    0    1   15    2    0.006315
    0    1   16    2   -0.055615
    0    1   17    2    0.014435
    0    1   18    2    0.001955
    0    1    1    3   -0.043222
    0    1    2    3    0.000890
    0    1    3    3    0.003592
    0    1    4    3    0.002105
    0    1    5    3    0.001400
    0    1    6    3   -0.043567
    0    1    7    3   -0.022113
    0    1    8    3    0.007043
    0    1    9    3    0.007698
    0    1   10    3   -0.051412
    0    1   11    3   -0.000547
    0    1   12    3    0.001352
    0    1   13    3    0.003802
    0    1   14    3    0.006193
    0    1   15    3    0.009793
    0    1   16    3    0.010957
    0    1   17    3    0.002545
    0    1   18    3    0.068625
    0    1    1    4    0.027570
    0    1    2    4    0.013020
    0    1    3    4   -0.130857
    0    1    4    4   -0.085867
    0    1    5    4    0.002472
    0    1    6    4   -0.009270
    0    1    7    4   -0.009855
    0    1    8    4    0.007247
    0    1    9    4    0.005135
    0    1   10    4    0.005200
    0    1   11    4   -0.006730
    0    1   12    4    0.007287
    0    1   13    4    0.032322
    0    1   14    4    0.001035
    0    1   15    4    0.006725
    0    1   16    4    0.009152
    0    1   17    4   -0.011972
    0    1   18    4   -0.018390
    0    1    1    5    0.000635
    0    1    2    5   -0.000705
    0    1    3    5   -0.053617
    0    1    4    5    0.000150
    0    1    5    5   -0.001870
    0    1    6    5    0.018905
    0    1    7    5   -0.000100
    0    1    8    5   -0.016827
    0    1    9    5   -0.002090
    0    1   10    5    0.005197
    0    1   11    5    0.000375
    0    1   12    5    0.003618
    0    1   13    5   -0.000850
    0    1   14    5   -0.001280
    0    1   15    5    0.003270
    0    1   16    5   -0.003295
    0    1   17    5   -0.008448
    0    1   18    5    0.013805
    0    1    1    6   -0.027215
    0    1    2    6    0.003665
    0    1    3    6    0.151450
    0    1    4    6   -0.032225
    0    1    5    6    0.005748
    0    1    6    6   -0.013557
    0    1    7    6    0.014412
    0    1    8    6    0.011325
    0    1    9    6   -0.028202
    0    1   10    6    0.006027
    0    1   11    6    0.004490
    0    1   12    6    0.005853
    0    1   13    6    0.016012
    0    1   14    6    0.000785
    0    1   15    6    0.027662
    0    1   16    6    0.000563
    0    1   17    6    0.018767
    0    1   18    6   -0.012782
    0    1    1    7   -0.042115
    0    1    2    7   -0.394905
    0    1    3    7   -0.700782
    0    1    4    7    0.316932
    0    1    5    7   -1.315195
    0    1    6    7    0.545612
    0    1    7    7   -0.057403
    0    1    8    7   -0.003102
    0    1    9    7   -0.007678
    0    1   10    7   -0.082368
    0    1   11    7   -0.313098
    0    1   12    7    0.678118
    0    1   13    7   -1.477742
    0    1   14    7    0.044140
    0    1   15    7   -0.298978
    0    1   16    7    1.437495
    0    1   17    7   -0.074710
    0    1   18    7    4.213647
    0    1    1    8   -0.001535
    0    1    2    8    0.010728
    0    1    3    8   -0.209012
    0    1    4    8    0.001615
    0    1    5    8    0.878110
    0    1    6    8   -0.188740
    0    1    7    8    0.003917
    0    1    8    8   -0.005290
    0    1    9    8   -0.006478
    0    1   10    8   -0.000398
    0    1   11    8    0.073450
    0    1   12    8   -0.005795
    0    1   13    8   -0.026660
    0    1   14    8   -0.535743
    0    1   15    8   -0.046820
    0    1   16    8    0.057787
    0    1   17    8    1.141135
    0    1   18    8    0.265417
    0    1    1    9    0.008195
    0    1    2    9    1.269145
    0    1    3    9   -0.004253
    0    1    4    9   -0.191640
    0    1    5    9    0.574797
    0    1    6    9    0.465495
    0    1    7    9   -0.092510
    0    1    8    9    0.054810
    0    1    9    9    0.211443
    0    1   10    9    0.112945
    0    1   11    9    0.121672
    0    1   12    9    0.110772
    0    1   13    9   -0.295635
    0    1   14    9    0.094842
    0    1   15    9   -0.151345
    0    1   16    9   -0.264043
    0    1   17    9    0.139925
    0    1   18    9    0.571380
    0    1    1   10   -0.499207
    0    1    2   10    0.033847
    0    1    3   10    1.400487
    0    1    4   10    0.040893
    0    1    5   10    0.051612
    0    1    6   10    1.214182
    0    1    7   10    0.058805
    0    1    8   10    0.031612
    0    1    9   10   -0.024738
    0    1   10   10    0.065975
    0    1   11   10    0.022535
    0    1   12   10   -0.036235
    0    1   13   10    0.083780
    0    1   14   10   -0.014797
    0    1   15   10   -0.253362
    0    1   16   10    0.345193
    0    1   17   10    0.392322
    0    1   18   10   -0.318153
    0    1    1   11   -0.109385
    0    1    2   11   -0.022635
    0    1    3   11   -0.081347
    0    1    4   11    0.015920
    0    1    5   11   -0.020467
    0    1    6   11   -0.014327
    0    1    7   11   -0.018482
    0    1    8   11   -0.545095
    0    1    9   11   -0.001455
    0    1   10   11   -0.025475
    0    1   11   11   -0.002940
    0    1   12   11   -0.000170
    0    1   13   11   -0.009242
    0    1   14   11   -0.016942
    0    1   15   11   -0.008865
    0    1   16   11    0.059962
    0    1   17   11   -0.074445
    0    1   18   11    0.013583
    0    1    1   12   -0.002880
    0    1    2   12    0.003080
    0    1    3   12    0.152560
    0    1    4   12   -0.024565
    0    1    5   12   -0.007338
    0    1    6   12    0.021565
    0    1    7   12    0.032760
    0    1    8   12   -0.000035
    0    1    9   12   -0.004970
    0    1   10   12    0.006837
    0    1   11   12    0.002930
    0    1   12   12   -0.013967
    0    1   13   12    0.140902
    0    1   14   12    0.000123
    0    1   15   12    0.124678
    0    1   16   12    0.071532
    0    1   17   12    0.019213
    0    1   18   12   -0.019697
    0    1    1   13   -0.073910
    0    1    2   13    0.062775
    0    1    3   13   -0.179610
    0    1    4   13   -0.288097
    0    1    5   13   -0.165655
    0    1    6   13   -0.027913
    0    1    7   13   -0.466167
    0    1    8   13   -0.153577
    0    1    9   13   -0.017947
    0    1   10   13    0.020350
    0    1   11   13   -0.041877
    0    1   12   13   -0.030525
    0    1   13   13    0.095455
    0    1   14   13    0.023962
    0    1   15   13    0.000388
    0    1   16   13    0.189223
    0    1   17   13   -0.087570
    0    1   18   13    0.085197
    0    1    1   14   -0.018560
    0    1    2   14    0.003272
    0    1    3   14   -0.026828
    0    1    4   14   -0.017603
    0    1    5   14   -0.003650
    0    1    6   14    0.001370
    0    1    7   14    0.002808
    0    1    8   14   -0.003902
    0    1    9   14    0.001182
    0    1   10   14    0.007178
    0    1   11   14    0.001133
    0    1   12   14   -0.003110
    0    1   13   14   -0.000892
    0    1   14   14   -0.002335
    0    1   15   14   -0.000950
    0    1   16   14   -0.009065
    0    1   17   14   -0.024900
    0    1   18   14   -0.013550
    0    1    1   15   -0.220570
    0    1    2   15   -0.004690
    0    1    3   15   -0.139765
    0    1    4   15   -0.115472
    0    1    5   15    0.002645
    0    1    6   15   -0.053193
    0    1    7   15    0.031165
    0    1    8   15    0.008900
    0    1    9   15   -0.036942
    0    1   10   15    0.011612
    0    1   11   15    0.008285
    0    1   12   15   -0.002510
    0    1   13   15    0.033800
    0    1   14   15    0.021282
    0    1   15   15    0.038052
    0    1   16   15   -0.059547
    0    1   17   15    0.039762
    0    1   18   15    0.126112
    0    1    1   16    0.138257
    0    1    2   16   -0.005143
    0    1    3   16    0.137193
    0    1    4   16    0.127375
    0    1    5   16    0.003457
    0    1    6   16    0.065967
    0    1    7   16   -0.041170
    0    1    8   16   -0.103435
    0    1    9   16    0.011428
    0    1   10   16    0.116297
    0    1   11   16   -0.017227
    0    1   12   16   -0.008362
    0    1   13   16    0.010665
    0    1   14   16   -0.011083
    0    1   15   16    0.004490
    0    1   16   16    0.099573
    0    1   17   16   -0.010875
    0    1   18   16   -0.124942
    0    1    1   17    0.046600
    0    1    2   17   -0.009298
    0    1    3   17   -0.002890
    0    1    4   17    0.096950
    0    1    5   17    0.044200
    0    1    6   17    0.010942
    0    1    7   17    0.070172
    0    1    8   17    0.019725
    0    1    9   17    0.004915
    0    1   10   17   -0.023932
    0    1   11   17    0.008670
    0    1   12   17   -0.001015
    0    1   13   17   -0.018590
    0    1   14   17   -0.007293
    0    1   15   17   -0.003955
    0    1   16   17   -0.009070
    0    1   17   17    0.001540
    0    1   18   17   -0.007798
    0    1    1   18   -0.024647
    0    1    2   18    0.000135
    0    1    3   18    0.055707
    0    1    4   18    0.074307
    0    1    5   18    0.004640
    0    1    6   18    0.023182
    0    1    7   18   -0.033117
    0    1    8   18    0.019487
    0    1    9   18   -0.037712
    0    1   10   18    0.017355
    0    1   11   18   -0.001378
    0    1   12   18   -0.008927
    0    1   13   18    0.005035
    0    1   14   18    0.002807
    0    1   15   18   -0.026322
    0    1   16   18    0.008007
    0    1   17   18    0.017875
    0    1   18   18   -0.052410
    1    1    1    1   -0.112013
    1    1    2    1   -0.060140
    1    1    3    1    0.025732
    1    1    4    1    0.852542
    1    1    5    1   -0.095627
    1    1    6    1    0.057478
    1    1    7    1    0.112403
    1    1    8    1   -0.043455
    1    1    9    1   -0.032895
    1    1   10    1    0.090127
    1    1   11    1   -0.026190
    1    1   12    1    0.053843
    1    1   13    1   -0.193773
    1    1   14    1    0.009808
    1    1   15    1   -0.114290
    1    1   16    1    0.164572
    1    1   17    1    0.035763
    1    1   18    1   -0.006160
    1    1    1    2   -0.002243
    1    1    2    2   -0.004892
    1    1    3    2   -0.001007
    1    1    4    2    0.028673
    1    1    5    2   -0.001635
    1    1    6    2   -0.033317
    1    1    7    2    0.013370
    1    1    8    2    0.000982
    1    1    9    2   -0.032135
    1    1   10    2   -0.002905
    1    1   11    2   -0.000337
    1    1   12    2    0.044855
    1    1   13    2   -0.034975
    1    1   14    2   -0.000842
    1    1   15    2   -0.004207
    1    1   16    2    0.003592
    1    1   17    2   -0.007298
    1    1   18    2    0.002360
    1    1    1    3   -0.071830
    1    1    2    3    0.021938
    1    1    3    3    0.047767
    1    1    4    3   -0.034175
    1    1    5    3    0.002725
    1    1    6    3    0.315737
    1    1    7    3   -0.081565
    1    1    8    3    0.003110
    1    1    9    3    0.104852
    1    1   10    3    0.112845
    1    1   11    3    0.009487
    1    1   12    3   -0.054902
    1    1   13    3    0.111283
    1    1   14    3    0.003355
    1    1   15    3    0.013112
    1    1   16    3   -0.108777
    1    1   17    3   -0.026685
    1    1   18    3   -0.135960
    1    1    1    4   -0.065925
    1    1    2    4   -0.002665
    1    1    3    4   -0.001352
    1    1    4    4    0.210790
    1    1    5    4    0.014022
    1    1    6    4   -0.017482
    1    1    7    4    0.022077
    1    1    8    4    0.011860
    1    1    9    4   -0.001447
    1    1   10    4   -0.062705
    1    1   11    4   -0.003777
    1    1   12    4    0.009770
    1    1   13    4    0.001910
    1    1   14    4    0.002427
    1    1   15    4   -0.032150
    1    1   16    4    0.030283
    1    1   17    4   -0.002857
    1    1   18    4    0.012675
    1    1    1    5    0.004058
    1    1    2    5    0.005903
    1    1    3    5   -0.006700
    1    1    4    5    0.043195
    1    1    5    5    0.000135
    1    1    6    5    0.015185
    1    1    7    5    0.017707
    1    1    8    5    0.000895
    1    1    9    5    0.006450
    1    1   10    5   -0.000907
    1    1   11    5    0.000890
    1    1   12    5    0.000550
    1    1   13    5    0.030467
    1    1   14    5   -0.000187
    1    1   15    5    0.030115
    1    1   16    5   -0.001578
    1    1   17    5    0.002917
    1    1   18    5    0.030187
    1    1    1    6   -0.007577
    1    1    2    6   -0.005970
    1    1    3    6   -0.041450
    1    1    4    6   -0.073798
    1    1    5    6   -0.013625
    1    1    6    6    0.057787
    1    1    7    6   -0.037465
    1    1    8    6   -0.002145
    1    1    9    6   -0.067420
    1    1   10    6    0.051635
    1    1   11    6   -0.005585
    1    1   12    6    0.068183
    1    1   13    6   -0.017488
    1    1   14    6   -0.000915
    1    1   15    6    0.019792
    1    1   16    6    0.006683
    1    1   17    6   -0.010608
    1    1   18    6   -0.042972
    1    1    1    7    0.000013
    1    1    2    7   -0.023172
    1    1    3    7    0.015213
    1    1    4    7    0.125707
    1    1    5    7    0.036900
    1    1    6    7    0.069102
    1    1    7    7   -0.155527
    1    1    8    7   -0.005715
    1    1    9    7   -0.120360
    1    1   10    7   -0.018610
    1    1   11    7   -0.042570
    1    1   12    7    0.663975
    1    1   13    7   -0.529878
    1    1   14    7    0.014555
    1    1   15    7   -0.084968
    1    1   16    7    0.118673
    1    1   17    7   -0.013893
    1    1   18    7   -0.089257
    1    1    1    8    0.036847
    1    1    2    8   -0.729247
    1    1    3    8   -0.010812
    1    1    4    8    1.470543
    1    1    5    8   -0.051107
    1    1    6    8    0.067612
    1    1    7    8   -0.075500
    1    1    8    8    0.008740
    1    1    9    8    0.031845
    1    1   10    8   -0.007295
    1    1   11    8    0.164940
    1    1   12    8   -0.131018
    1    1   13    8   -0.463770
    1    1   14    8   -0.031245
    1    1   15    8   -0.229902
    1    1   16    8    0.155002
    1    1   17    8   -0.021290
    1    1   18    8   -0.115697
    1    1    1    9   -0.042937
    1    1    2    9    0.057775
    1    1    3    9   -0.017312
    1    1    4    9    0.052922
    1    1    5    9    0.001525
    1    1    6    9   -0.101300
    1    1    7    9   -0.062617
    1    1    8    9    0.001795
    1    1    9    9    0.172377
    1    1   10    9    0.030722
    1    1   11    9   -0.008805
    1    1   12    9    0.024245
    1    1   13    9   -0.037970
    1    1   14    9    0.004552
    1    1   15    9    0.045252
    1    1   16    9    0.011835
    1    1   17    9   -0.006935
    1    1   18    9   -0.016980
    1    1    1   10    1.050115
    1    1    2   10    0.274605
    1    1    3   10    0.127293
    1    1    4   10   -3.926460
    1    1    5   10   -0.031118
    1    1    6   10   -0.405165
    1    1    7   10   -0.068038
    1    1    8   10    0.104003
    1    1    9   10   -0.088447
    1    1   10   10    0.178327
    1    1   11   10    0.201340
    1    1   12   10   -0.505593
    1    1   13   10   -0.381313
    1    1   14   10    0.011235
    1    1   15   10    1.463895
    1    1   16   10   -0.180962
    1    1   17   10   -0.025025
    1    1   18   10    0.093260
    1    1    1   11    0.002160
    1    1    2   11    0.025497
    1    1    3   11    0.009580
    1    1    4   11    0.144772
    1    1    5   11    0.010847
    1    1    6   11   -0.053003
    1    1    7   11   -0.221413
    1    1    8   11    0.000275
    1    1    9   11   -0.050958
    1    1   10   11   -0.005220
    1    1   11   11   -0.000465
    1    1   12   11    0.142173
    1    1   13   11    0.074115
    1    1   14   11    0.002910
    1    1   15   11    0.010547
    1    1   16   11    0.001455
    1    1   17   11    0.082522
    1    1   18   11   -0.009955
    1    1    1   12    0.010257
    1    1    2   12   -0.013267
    1    1    3   12   -0.005885
    1    1    4   12   -0.079302
    1    1    5   12   -0.010307
    1    1    6   12    0.010202
    1    1    7   12    0.027170
    1    1    8   12    0.000615
    1    1    9   12   -0.004052
    1    1   10   12   -0.001705
    1    1   11   12   -0.003120
    1    1   12   12   -0.081660
    1    1   13   12   -0.078860
    1    1   14   12   -0.002065
    1    1   15   12    0.034963
    1    1   16   12    0.076290
    1    1   17   12    0.005205
    1    1   18   12   -0.017690
    1    1    1   13    0.012412
    1    1    2   13    0.014135
    1    1    3   13    0.008352
    1    1    4   13    0.086887
    1    1    5   13    0.020130
    1    1    6   13   -0.041270
    1    1    7   13   -0.049675
    1    1    8   13   -0.001290
    1    1    9   13   -0.015222
    1    1   10   13    0.023422
    1    1   11   13    0.009822
    1    1   12   13   -0.100340
    1    1   13   13    0.179863
    1    1   14   13    0.002182
    1    1   15   13   -0.087867
    1    1   16   13   -0.074127
    1    1   17   13    0.031932
    1    1   18   13    0.012165
    1    1    1   14    0.012192
    1    1    2   14   -0.005543
    1    1    3   14   -0.007890
    1    1    4   14    0.044100
    1    1    5   14    0.008365
    1    1    6   14   -0.011760
    1    1    7   14   -0.184737
    1    1    8   14    0.005962
    1    1    9   14    0.005780
    1    1   10   14   -0.013242
    1    1   11   14   -0.000997
    1    1   12   14   -0.013997
    1    1   13   14    0.106720
    1    1   14   14    0.000465
    1    1   15   14    0.030557
    1    1   16   14   -0.015725
    1    1   17   14   -0.004295
    1    1   18   14   -0.046917
    1    1    1   15    0.006085
    1    1    2   15    0.029050
    1    1    3   15   -0.001408
    1    1    4   15    0.240973
    1    1    5   15    0.031607
    1    1    6   15   -0.024503
    1    1    7   15   -0.228672
    1    1    8   15   -0.000315
    1    1    9   15   -0.338610
    1    1   10   15    0.026620
    1    1   11   15   -0.040765
    1    1   12   15   -0.025922
    1    1   13   15   -0.241635
    1    1   14   15    0.019360
    1    1   15   15   -0.156917
    1    1   16   15    0.258825
    1    1   17   15    0.005075
    1    1   18   15   -0.084112
    1    1    1   16    0.006027
    1    1    2   16    0.027928
    1    1    3   16   -0.059590
    1    1    4   16   -0.085405
    1    1    5   16   -0.006162
    1    1    6   16    0.397847
    1    1    7   16   -0.201350
    1    1    8   16   -0.000360
    1    1    9   16    0.524992
    1    1   10   16    0.012985
    1    1   11   16    0.011100
    1    1   12   16   -0.876640
    1    1   13   16   -0.036265
    1    1   14   16    0.009617
    1    1   15   16   -0.002887
    1    1   16   16   -0.105100
    1    1   17   16   -0.005500
    1    1   18   16    0.017173
    1    1    1   17   -0.002977
    1    1    2   17   -0.004077
    1    1    3   17    0.014937
    1    1    4   17    0.021275
    1    1    5   17   -0.007152
    1    1    6   17    0.012075
    1    1    7   17   -0.027665
    1    1    8   17   -0.000257
    1    1    9   17    0.009420
    1    1   10   17   -0.003280
    1    1   11   17   -0.003348
    1    1   12   17    0.005478
    1    1   13   17    0.006328
    1    1   14   17   -0.000397
    1    1   15   17   -0.004867
    1    1   16   17   -0.017582
    1    1   17   17   -0.007250
    1    1   18   17    0.000770
    1    1    1   18   -0.042775
    1    1    2   18   -0.020885
    1    1    3   18    0.028770
    1    1    4   18   -0.032720
    1    1    5   18    0.031202
    1    1    6   18   -0.048755
    1    1    7   18   -0.054125
    1    1    8   18   -0.003140
    1    1    9   18   -0.041407
    1    1   10   18    0.020200
    1    1   11   18    0.001002
    1    1   12   18    0.116150
    1    1   13   18   -0.112910
    1    1   14   18   -0.001962
    1    1   15   18   -0.105732
    1    1   16   18    0.000977
    1    1   17   18   -0.009187
    1    1   18   18   -0.181430
