 ir1  ir2   m    n          ReH 
   -1   -1    1    1    0.057847
   -1   -1    2    1   -0.001880
   -1   -1    3    1    0.075902
   -1   -1    4    1    0.011272
   -1   -1    5    1   -0.004542
   -1   -1    6    1    0.018753
   -1   -1    7    1   -0.044065
   -1   -1    8    1   -0.005335
   -1   -1    9    1   -0.004462
   -1   -1   10    1    0.086712
   -1   -1   11    1    0.009588
   -1   -1   12    1    0.007255
   -1   -1   13    1   -0.026155
   -1   -1   14    1   -0.010737
   -1   -1   15    1    0.278520
   -1   -1   16    1    0.010195
   -1   -1   17    1    0.000262
   -1   -1   18    1   -0.033635
   -1   -1    1    2   -0.007403
   -1   -1    2    2    0.015252
   -1   -1    3    2   -0.020702
   -1   -1    4    2    0.010667
   -1   -1    5    2    0.006808
   -1   -1    6    2    0.003705
   -1   -1    7    2    0.019203
   -1   -1    8    2   -0.022895
   -1   -1    9    2    0.007845
   -1   -1   10    2   -0.026920
   -1   -1   11    2   -0.072993
   -1   -1   12    2   -0.026492
   -1   -1   13    2    0.024720
   -1   -1   14    2   -0.008745
   -1   -1   15    2   -0.495132
   -1   -1   16    2   -0.012425
   -1   -1   17    2    0.036798
   -1   -1   18    2   -0.041627
   -1   -1    1    3   -0.002275
   -1   -1    2    3    0.001445
   -1   -1    3    3    0.072587
   -1   -1    4    3   -0.043080
   -1   -1    5    3   -0.008335
   -1   -1    6    3   -0.022482
   -1   -1    7    3   -0.001490
   -1   -1    8    3    0.007733
   -1   -1    9    3    0.036227
   -1   -1   10    3   -0.027393
   -1   -1   11    3   -0.003530
   -1   -1   12    3   -0.007252
   -1   -1   13    3    0.055578
   -1   -1   14    3   -0.016870
   -1   -1   15    3   -0.319760
   -1   -1   16    3    0.005407
   -1   -1   17    3    0.017845
   -1   -1   18    3    0.002528
   -1   -1    1    4    0.026245
   -1   -1    2    4    0.009252
   -1   -1    3    4   -0.011077
   -1   -1    4    4    0.180265
   -1   -1    5    4    0.008587
   -1   -1    6    4   -0.033570
   -1   -1    7    4   -0.018947
   -1   -1    8    4   -0.031235
   -1   -1    9    4   -0.027100
   -1   -1   10    4    0.018687
   -1   -1   11    4   -0.008685
   -1   -1   12    4   -0.058720
   -1   -1   13    4   -0.054335
   -1   -1   14    4   -0.003165
   -1   -1   15    4   -0.058135
   -1   -1   16    4    0.047575
   -1   -1   17    4    0.010537
   -1   -1   18    4    0.033505
   -1   -1    1    5   -0.004492
   -1   -1    2    5    0.002522
   -1   -1    3    5    0.056168
   -1   -1    4    5    0.007788
   -1   -1    5    5    0.000382
   -1   -1    6    5    0.001415
   -1   -1    7    5    0.006163
   -1   -1    8    5   -0.010750
   -1   -1    9    5   -0.001800
   -1   -1   10    5   -0.003965
   -1   -1   11    5   -0.006515
   -1   -1   12    5    0.000248
   -1   -1   13    5   -0.002270
   -1   -1   14    5    0.016608
   -1   -1   15    5   -0.073370
   -1   -1   16    5    0.000065
   -1   -1   17    5    0.020018
   -1   -1   18    5    0.000102
   -1   -1    1    6   -0.114467
   -1   -1    2    6   -0.057640
   -1   -1    3    6    0.152713
   -1   -1    4    6    0.517992
   -1   -1    5    6   -0.026097
   -1   -1    6    6   -0.182245
   -1   -1    7    6   -0.185870
   -1   -1    8    6    0.014185
   -1   -1    9    6    0.000513
   -1   -1   10    6    0.132465
   -1   -1   11    6    0.173440
   -1   -1   12    6   -0.011862
   -1   -1   13    6   -0.225230
   -1   -1   14    6   -0.029665
   -1   -1   15    6    1.663247
   -1   -1   16    6    0.175357
   -1   -1   17    6    0.010905
   -1   -1   18    6    0.399190
   -1   -1    1    7   -0.001903
   -1   -1    2    7   -0.000615
   -1   -1    3    7   -0.014173
   -1   -1    4    7   -0.029140
   -1   -1    5    7   -0.022130
   -1   -1    6    7   -0.007640
   -1   -1    7    7   -0.020452
   -1   -1    8    7    0.078552
   -1   -1    9    7    0.002002
   -1   -1   10    7    0.120392
   -1   -1   11    7   -0.092667
   -1   -1   12    7    0.070545
   -1   -1   13    7   -0.058567
   -1   -1   14    7   -0.067940
   -1   -1   15    7    1.251555
   -1   -1   16    7   -0.006525
   -1   -1   17    7   -0.160295
   -1   -1   18    7    0.029403
   -1   -1    1    8   -0.002563
   -1   -1    2    8   -0.000337
   -1   -1    3    8    0.072023
   -1   -1    4    8   -0.031755
   -1   -1    5    8   -0.001592
   -1   -1    6    8    0.001557
   -1   -1    7    8   -0.000580
   -1   -1    8    8   -0.012698
   -1   -1    9    8    0.000595
   -1   -1   10    8   -0.008225
   -1   -1   11    8    0.004045
   -1   -1   12    8   -0.001270
   -1   -1   13    8   -0.001162
   -1   -1   14    8    0.008930
   -1   -1   15    8    0.020032
   -1   -1   16    8   -0.004367
   -1   -1   17    8    0.032760
   -1   -1   18    8    0.002253
   -1   -1    1    9   -0.055382
   -1   -1    2    9    0.005025
   -1   -1    3    9    0.243017
   -1   -1    4    9   -0.106410
   -1   -1    5    9    0.004907
   -1   -1    6    9   -0.025952
   -1   -1    7    9    0.028820
   -1   -1    8    9    0.014097
   -1   -1    9    9   -0.198495
   -1   -1   10    9   -0.062532
   -1   -1   11    9   -0.020477
   -1   -1   12    9    0.003167
   -1   -1   13    9    0.021097
   -1   -1   14    9   -0.058125
   -1   -1   15    9   -1.593392
   -1   -1   16    9    0.061272
   -1   -1   17    9   -0.018312
   -1   -1   18    9    0.399920
   -1   -1    1   10    0.142918
   -1   -1    2   10    0.021385
   -1   -1    3   10   -0.007883
   -1   -1    4   10   -0.524247
   -1   -1    5   10    0.000432
   -1   -1    6   10    0.139387
   -1   -1    7   10    0.043620
   -1   -1    8   10    0.009388
   -1   -1    9   10   -0.002955
   -1   -1   10   10   -0.270640
   -1   -1   11   10    0.021528
   -1   -1   12   10    0.000238
   -1   -1   13   10    0.157990
   -1   -1   14   10    0.008913
   -1   -1   15   10    0.410897
   -1   -1   16   10   -0.045442
   -1   -1   17   10    0.001172
   -1   -1   18   10   -0.013710
   -1   -1    1   11    0.000215
   -1   -1    2   11   -0.001047
   -1   -1    3   11    0.016595
   -1   -1    4   11    0.005157
   -1   -1    5   11    0.001157
   -1   -1    6   11   -0.008870
   -1   -1    7   11   -0.007947
   -1   -1    8   11   -0.000097
   -1   -1    9   11   -0.002237
   -1   -1   10   11    0.008730
   -1   -1   11   11    0.008582
   -1   -1   12   11    0.013080
   -1   -1   13   11    0.000350
   -1   -1   14   11    0.004472
   -1   -1   15   11    0.167970
   -1   -1   16   11    0.007287
   -1   -1   17   11    0.001525
   -1   -1   18   11    0.005160
   -1   -1    1   12    0.024733
   -1   -1    2   12   -0.001555
   -1   -1    3   12    0.025767
   -1   -1    4   12   -0.002395
   -1   -1    5   12    0.004970
   -1   -1    6   12   -0.046775
   -1   -1    7   12   -0.102558
   -1   -1    8   12    0.006355
   -1   -1    9   12   -0.017405
   -1   -1   10   12    0.147487
   -1   -1   11   12    0.040368
   -1   -1   12   12   -0.119398
   -1   -1   13   12   -0.028005
   -1   -1   14   12    0.002153
   -1   -1   15   12   -1.327652
   -1   -1   16   12    0.162005
   -1   -1   17   12   -0.001020
   -1   -1   18   12    0.039755
   -1   -1    1   13   -0.013253
   -1   -1    2   13    0.029825
   -1   -1    3   13   -0.011198
   -1   -1    4   13    0.044587
   -1   -1    5   13   -0.002867
   -1   -1    6   13   -0.001115
   -1   -1    7   13    0.179597
   -1   -1    8   13   -0.006948
   -1   -1    9   13   -0.018753
   -1   -1   10   13   -0.329683
   -1   -1   11   13   -0.070945
   -1   -1   12   13   -0.029915
   -1   -1   13   13    0.079960
   -1   -1   14   13    0.007170
   -1   -1   15   13   -2.792317
   -1   -1   16   13   -0.008003
   -1   -1   17   13    0.018630
   -1   -1   18   13   -0.000355
   -1   -1    1   14   -0.002215
   -1   -1    2   14    0.001907
   -1   -1    3   14   -0.012717
   -1   -1    4   14    0.002417
   -1   -1    5   14    0.000522
   -1   -1    6   14   -0.000545
   -1   -1    7   14    0.000242
   -1   -1    8   14   -0.001252
   -1   -1    9   14   -0.004300
   -1   -1   10   14    0.007545
   -1   -1   11   14   -0.003495
   -1   -1   12   14   -0.001822
   -1   -1   13   14   -0.004835
   -1   -1   14   14    0.004947
   -1   -1   15   14    0.018582
   -1   -1   16   14    0.001783
   -1   -1   17   14    0.001687
   -1   -1   18   14   -0.004425
   -1   -1    1   15    0.010870
   -1   -1    2   15    0.002687
   -1   -1    3   15    0.017632
   -1   -1    4   15   -0.052833
   -1   -1    5   15   -0.000535
   -1   -1    6   15    0.014540
   -1   -1    7   15    0.000125
   -1   -1    8   15    0.000507
   -1   -1    9   15   -0.001038
   -1   -1   10   15   -0.036142
   -1   -1   11   15    0.005630
   -1   -1   12   15   -0.009882
   -1   -1   13   15    0.013367
   -1   -1   14   15   -0.002037
   -1   -1   15   15   -0.050793
   -1   -1   16   15   -0.000797
   -1   -1   17   15   -0.000965
   -1   -1   18   15    0.004295
   -1   -1    1   16   -0.032200
   -1   -1    2   16    0.002065
   -1   -1    3   16   -0.039820
   -1   -1    4   16    0.161310
   -1   -1    5   16   -0.002415
   -1   -1    6   16    0.009713
   -1   -1    7   16    0.039053
   -1   -1    8   16   -0.001337
   -1   -1    9   16    0.004060
   -1   -1   10   16   -0.048200
   -1   -1   11   16   -0.013757
   -1   -1   12   16    0.021900
   -1   -1   13   16    0.018465
   -1   -1   14   16   -0.001517
   -1   -1   15   16   -0.745980
   -1   -1   16   16    0.017365
   -1   -1   17   16   -0.039775
   -1   -1   18   16   -0.039390
   -1   -1    1   17   -0.004792
   -1   -1    2   17    0.013185
   -1   -1    3   17   -0.016248
   -1   -1    4   17    0.000980
   -1   -1    5   17    0.001835
   -1   -1    6   17   -0.016690
   -1   -1    7   17   -0.008300
   -1   -1    8   17   -0.000565
   -1   -1    9   17   -0.000148
   -1   -1   10   17    0.006808
   -1   -1   11   17   -0.080542
   -1   -1   12   17   -0.001550
   -1   -1   13   17   -0.012178
   -1   -1   14   17   -0.006942
   -1   -1   15   17    0.107135
   -1   -1   16   17    0.001380
   -1   -1   17   17   -0.009010
   -1   -1   18   17   -0.011923
   -1   -1    1   18    0.022102
   -1   -1    2   18   -0.034267
   -1   -1    3   18   -0.079635
   -1   -1    4   18    0.078183
   -1   -1    5   18    0.008425
   -1   -1    6   18    0.081230
   -1   -1    7   18    0.056473
   -1   -1    8   18   -0.003247
   -1   -1    9   18   -0.012485
   -1   -1   10   18   -0.038152
   -1   -1   11   18    0.139530
   -1   -1   12   18    0.017157
   -1   -1   13   18   -0.027645
   -1   -1   14   18    0.028905
   -1   -1   15   18   -0.199825
   -1   -1   16   18   -0.060915
   -1   -1   17   18    0.013978
   -1   -1   18   18    0.092488
    0   -1    1    1    0.026158
    0   -1    2    1    0.009465
    0   -1    3    1    0.069792
    0   -1    4    1   -0.059405
    0   -1    5    1   -0.006245
    0   -1    6    1    0.025535
    0   -1    7    1   -0.006955
    0   -1    8    1    0.001463
    0   -1    9    1    0.035032
    0   -1   10    1    0.072110
    0   -1   11    1    0.017385
    0   -1   12    1    0.018010
    0   -1   13    1    0.104305
    0   -1   14    1   -0.006418
    0   -1   15    1   -1.183728
    0   -1   16    1   -0.037410
    0   -1   17    1   -0.003705
    0   -1   18    1   -0.110935
    0   -1    1    2   -0.000063
    0   -1    2    2    0.019367
    0   -1    3    2   -0.004672
    0   -1    4    2   -0.037195
    0   -1    5    2    0.004935
    0   -1    6    2    0.017927
    0   -1    7    2    0.003435
    0   -1    8    2    0.001285
    0   -1    9    2   -0.002405
    0   -1   10    2   -0.003527
    0   -1   11    2   -0.033555
    0   -1   12    2    0.805103
    0   -1   13    2   -0.150877
    0   -1   14    2    0.007415
    0   -1   15    2    0.011062
    0   -1   16    2    0.003117
    0   -1   17    2    0.014475
    0   -1   18    2   -0.018828
    0   -1    1    3    0.031138
    0   -1    2    3   -0.018360
    0   -1    3    3    0.017583
    0   -1    4    3   -0.034565
    0   -1    5    3   -0.008307
    0   -1    6    3    0.054305
    0   -1    7    3    0.030002
    0   -1    8    3   -0.007215
    0   -1    9    3   -0.002838
    0   -1   10    3   -0.027482
    0   -1   11    3    0.055377
    0   -1   12    3   -0.144115
    0   -1   13    3   -0.017333
    0   -1   14    3    0.000800
    0   -1   15    3   -0.354057
    0   -1   16    3    0.005595
    0   -1   17    3    0.017745
    0   -1   18    3   -0.086677
    0   -1    1    4    0.255602
    0   -1    2    4    0.011065
    0   -1    3    4    0.000830
    0   -1    4    4   -0.139705
    0   -1    5    4   -0.013065
    0   -1    6    4    0.244168
    0   -1    7    4    0.700528
    0   -1    8    4    0.005315
    0   -1    9    4    0.115780
    0   -1   10    4   -1.063163
    0   -1   11    4    0.121787
    0   -1   12    4   -0.169437
    0   -1   13    4    0.681465
    0   -1   14    4   -0.013130
    0   -1   15    4   -2.363662
    0   -1   16    4   -0.315112
    0   -1   17    4   -0.003422
    0   -1   18    4   -0.165862
    0   -1    1    5   -0.001888
    0   -1    2    5   -0.010855
    0   -1    3    5   -0.006512
    0   -1    4    5    0.015875
    0   -1    5    5    0.000583
    0   -1    6    5    0.005018
    0   -1    7    5   -0.022242
    0   -1    8    5    0.001252
    0   -1    9    5   -0.000118
    0   -1   10    5   -0.001820
    0   -1   11    5   -0.002703
    0   -1   12    5   -0.551048
    0   -1   13    5   -0.144010
    0   -1   14    5   -0.003490
    0   -1   15    5    0.009170
    0   -1   16    5   -0.009215
    0   -1   17    5   -0.005830
    0   -1   18    5    0.012015
    0   -1    1    6    0.000310
    0   -1    2    6    0.002935
    0   -1    3    6   -0.007377
    0   -1    4    6   -0.017240
    0   -1    5    6    0.002415
    0   -1    6    6   -0.070780
    0   -1    7    6    0.037085
    0   -1    8    6    0.002262
    0   -1    9    6    0.024325
    0   -1   10    6   -0.051138
    0   -1   11    6    0.006305
    0   -1   12    6   -0.031692
    0   -1   13    6    0.113870
    0   -1   14    6   -0.002640
    0   -1   15    6    0.035183
    0   -1   16    6    0.008647
    0   -1   17    6   -0.033175
    0   -1   18    6    0.045960
    0   -1    1    7   -0.001712
    0   -1    2    7   -0.069735
    0   -1    3    7    0.010402
    0   -1    4    7    0.124255
    0   -1    5    7   -0.017343
    0   -1    6    7    0.029110
    0   -1    7    7   -0.052682
    0   -1    8    7    0.003253
    0   -1    9    7    0.008215
    0   -1   10    7    0.013597
    0   -1   11    7    0.092695
    0   -1   12    7   -2.314772
    0   -1   13    7    0.494805
    0   -1   14    7   -0.013660
    0   -1   15    7   -0.214265
    0   -1   16    7   -0.030065
    0   -1   17    7   -0.010250
    0   -1   18    7   -0.012805
    0   -1    1    8   -0.032825
    0   -1    2    8    0.005227
    0   -1    3    8    0.034140
    0   -1    4    8   -0.010552
    0   -1    5    8   -0.030808
    0   -1    6    8   -0.000305
    0   -1    7    8   -0.172113
    0   -1    8    8    0.003855
    0   -1    9    8   -0.023092
    0   -1   10    8    0.253022
    0   -1   11    8   -0.115420
    0   -1   12    8   -0.378870
    0   -1   13    8   -0.358077
    0   -1   14    8   -0.026965
    0   -1   15    8    0.691610
    0   -1   16    8    0.074823
    0   -1   17    8    0.002823
    0   -1   18    8    0.103195
    0   -1    1    9   -0.777277
    0   -1    2    9    0.022952
    0   -1    3    9    0.088362
    0   -1    4    9   -0.595775
    0   -1    5    9    0.010297
    0   -1    6    9    0.134468
    0   -1    7    9    0.228232
    0   -1    8    9   -0.000675
    0   -1    9    9   -0.065870
    0   -1   10    9    0.427535
    0   -1   11    9   -0.017147
    0   -1   12    9   -0.007082
    0   -1   13    9    0.174508
    0   -1   14    9    0.123085
    0   -1   15    9    1.047602
    0   -1   16    9    0.125762
    0   -1   17    9    0.029578
    0   -1   18    9   -0.579775
    0   -1    1   10    0.000275
    0   -1    2   10    0.001857
    0   -1    3   10    0.002938
    0   -1    4   10    0.042230
    0   -1    5   10    0.002495
    0   -1    6   10   -0.030408
    0   -1    7   10   -0.019907
    0   -1    8   10    0.000673
    0   -1    9   10    0.003425
    0   -1   10   10    0.070420
    0   -1   11   10   -0.006042
    0   -1   12   10   -0.012027
    0   -1   13   10    0.006485
    0   -1   14   10   -0.000200
    0   -1   15   10   -0.076562
    0   -1   16   10    0.038475
    0   -1   17   10    0.001012
    0   -1   18   10    0.017840
    0   -1    1   11   -0.000532
    0   -1    2   11   -0.001578
    0   -1    3   11   -0.006902
    0   -1    4   11    0.010722
    0   -1    5   11    0.000957
    0   -1    6   11   -0.002170
    0   -1    7   11   -0.006672
    0   -1    8   11    0.000320
    0   -1    9   11    0.001880
    0   -1   10   11   -0.001255
    0   -1   11   11   -0.003512
    0   -1   12   11   -0.124005
    0   -1   13   11   -0.011912
    0   -1   14   11    0.000670
    0   -1   15   11    0.019645
    0   -1   16   11   -0.003295
    0   -1   17   11   -0.002695
    0   -1   18   11    0.003770
    0   -1    1   12   -0.006707
    0   -1    2   12   -0.001055
    0   -1    3   12    0.013560
    0   -1    4   12    0.002430
    0   -1    5   12   -0.000935
    0   -1    6   12    0.025185
    0   -1    7   12   -0.008353
    0   -1    8   12    0.000593
    0   -1    9   12    0.001825
    0   -1   10   12   -0.009137
    0   -1   11   12    0.002413
    0   -1   12   12   -0.008090
    0   -1   13   12    0.020720
    0   -1   14   12   -0.002030
    0   -1   15   12   -0.009540
    0   -1   16   12   -0.008345
    0   -1   17   12   -0.002592
    0   -1   18   12   -0.021440
    0   -1    1   13   -0.001602
    0   -1    2   13   -0.006492
    0   -1    3   13   -0.026837
    0   -1    4   13    0.021622
    0   -1    5   13    0.003650
    0   -1    6   13   -0.005245
    0   -1    7   13   -0.048775
    0   -1    8   13   -0.002152
    0   -1    9   13   -0.011307
    0   -1   10   13    0.039747
    0   -1   11   13   -0.001547
    0   -1   12   13    0.175655
    0   -1   13   13   -0.103122
    0   -1   14   13    0.001677
    0   -1   15   13    0.121898
    0   -1   16   13    0.009370
    0   -1   17   13   -0.003077
    0   -1   18   13    0.019927
    0   -1    1   14   -0.005005
    0   -1    2   14    0.005640
    0   -1    3   14   -0.009095
    0   -1    4   14    0.004587
    0   -1    5   14   -0.000823
    0   -1    6   14   -0.007792
    0   -1    7   14    0.000652
    0   -1    8   14    0.003927
    0   -1    9   14   -0.000038
    0   -1   10   14    0.011768
    0   -1   11   14   -0.013607
    0   -1   12   14   -0.010227
    0   -1   13   14   -0.007273
    0   -1   14   14    0.000420
    0   -1   15   14    0.044907
    0   -1   16   14    0.003132
    0   -1   17   14   -0.006992
    0   -1   18   14    0.005413
    0   -1    1   15   -0.000180
    0   -1    2   15    0.000822
    0   -1    3   15   -0.012430
    0   -1    4   15   -0.016945
    0   -1    5   15    0.000982
    0   -1    6   15   -0.004840
    0   -1    7   15   -0.003820
    0   -1    8   15   -0.001130
    0   -1    9   15   -0.000218
    0   -1   10   15    0.010218
    0   -1   11   15    0.000505
    0   -1   12   15   -0.033592
    0   -1   13   15    0.003250
    0   -1   14   15   -0.001020
    0   -1   15   15    0.037545
    0   -1   16   15    0.005200
    0   -1   17   15    0.000040
    0   -1   18   15    0.011757
    0   -1    1   16   -0.005055
    0   -1    2   16   -0.031900
    0   -1    3   16    0.043327
    0   -1    4   16    0.071527
    0   -1    5   16   -0.016905
    0   -1    6   16    0.047253
    0   -1    7   16   -0.071565
    0   -1    8   16   -0.005015
    0   -1    9   16   -0.012703
    0   -1   10   16    0.090030
    0   -1   11   16    0.025300
    0   -1   12   16   -0.561377
    0   -1   13   16    0.012312
    0   -1   14   16   -0.007308
    0   -1   15   16   -1.358483
    0   -1   16   16   -0.127585
    0   -1   17   16   -0.006322
    0   -1   18   16   -0.008920
    0   -1    1   17   -0.000055
    0   -1    2   17   -0.011458
    0   -1    3   17    0.010053
    0   -1    4   17   -0.004142
    0   -1    5   17    0.003517
    0   -1    6   17   -0.002903
    0   -1    7   17    0.007565
    0   -1    8   17    0.004942
    0   -1    9   17    0.000485
    0   -1   10   17   -0.000852
    0   -1   11   17    0.056915
    0   -1   12   17    0.034085
    0   -1   13   17    0.036210
    0   -1   14   17   -0.004457
    0   -1   15   17   -0.006360
    0   -1   16   17    0.001890
    0   -1   17   17   -0.012068
    0   -1   18   17    0.002687
    0   -1    1   18    0.012492
    0   -1    2   18   -0.021683
    0   -1    3   18    0.004457
    0   -1    4   18   -0.013033
    0   -1    5   18   -0.010522
    0   -1    6   18    0.012860
    0   -1    7   18   -0.073157
    0   -1    8   18   -0.004522
    0   -1    9   18   -0.015357
    0   -1   10   18   -0.007245
    0   -1   11   18    0.028860
    0   -1   12   18    0.029902
    0   -1   13   18   -0.097660
    0   -1   14   18   -0.014320
    0   -1   15   18    0.115020
    0   -1   16   18   -0.044815
    0   -1   17   18   -0.015135
    0   -1   18   18    0.089935
    1   -1    1    1   -0.001665
    1   -1    2    1   -0.000297
    1   -1    3    1    0.011562
    1   -1    4    1   -0.005892
    1   -1    5    1   -0.000382
    1   -1    6    1    0.026282
    1   -1    7    1    0.005792
    1   -1    8    1    0.001417
    1   -1    9    1    0.001252
    1   -1   10    1   -0.013295
    1   -1   11    1    0.002262
    1   -1   12    1    0.011128
    1   -1   13    1    0.020567
    1   -1   14    1   -0.000615
    1   -1   15    1   -0.019185
    1   -1   16    1   -0.000897
    1   -1   17    1   -0.002065
    1   -1   18    1   -0.034030
    1   -1    1    2    0.000045
    1   -1    2    2    0.000122
    1   -1    3    2    0.000485
    1   -1    4    2   -0.000878
    1   -1    5    2   -0.000002
    1   -1    6    2   -0.000275
    1   -1    7    2   -0.001527
    1   -1    8    2   -0.000333
    1   -1    9    2    0.001450
    1   -1   10    2    0.000212
    1   -1   11    2   -0.000552
    1   -1   12    2    0.007910
    1   -1   13    2    0.003017
    1   -1   14    2    0.000257
    1   -1   15    2   -0.001537
    1   -1   16    2   -0.000730
    1   -1   17    2    0.000323
    1   -1   18    2    0.000325
    1   -1    1    3   -0.003870
    1   -1    2    3    0.007685
    1   -1    3    3    0.003190
    1   -1    4    3    0.011427
    1   -1    5    3    0.004332
    1   -1    6    3    0.019470
    1   -1    7    3   -0.000427
    1   -1    8    3    0.000185
    1   -1    9    3    0.005862
    1   -1   10    3    0.008540
    1   -1   11    3    0.000653
    1   -1   12    3   -0.200512
    1   -1   13    3   -0.032265
    1   -1   14    3    0.001927
    1   -1   15    3    0.012738
    1   -1   16    3    0.001125
    1   -1   17    3   -0.004045
    1   -1   18    3   -0.019830
    1   -1    1    4   -0.001722
    1   -1    2    4    0.001488
    1   -1    3    4    0.020692
    1   -1    4    4    0.016770
    1   -1    5    4   -0.003115
    1   -1    6    4    0.061545
    1   -1    7    4   -0.042743
    1   -1    8    4   -0.000198
    1   -1    9    4   -0.012832
    1   -1   10    4   -0.025530
    1   -1   11    4    0.002765
    1   -1   12    4    0.013200
    1   -1   13    4   -0.023770
    1   -1   14    4   -0.000417
    1   -1   15    4   -0.037930
    1   -1   16    4   -0.022937
    1   -1   17    4    0.002977
    1   -1   18    4   -0.064732
    1   -1    1    5    0.000472
    1   -1    2    5   -0.002275
    1   -1    3    5    0.000547
    1   -1    4    5    0.006695
    1   -1    5    5   -0.000560
    1   -1    6    5   -0.000222
    1   -1    7    5   -0.000810
    1   -1    8    5    0.000000
    1   -1    9    5   -0.000773
    1   -1   10    5   -0.000678
    1   -1   11    5    0.000647
    1   -1   12    5   -0.008188
    1   -1   13    5    0.008980
    1   -1   14    5    0.000037
    1   -1   15    5   -0.005740
    1   -1   16    5   -0.000567
    1   -1   17    5    0.000903
    1   -1   18    5    0.001637
    1   -1    1    6   -0.004100
    1   -1    2    6   -0.002612
    1   -1    3    6   -0.007373
    1   -1    4    6    0.004647
    1   -1    5    6    0.001437
    1   -1    6    6    0.007385
    1   -1    7    6    0.001840
    1   -1    8    6    0.000115
    1   -1    9    6   -0.001780
    1   -1   10    6   -0.002905
    1   -1   11    6    0.000850
    1   -1   12    6   -0.001137
    1   -1   13    6    0.001137
    1   -1   14    6    0.001005
    1   -1   15    6   -0.015735
    1   -1   16    6    0.001850
    1   -1   17    6   -0.000350
    1   -1   18    6    0.000218
    1   -1    1    7   -0.001330
    1   -1    2    7    0.000298
    1   -1    3    7    0.003930
    1   -1    4    7   -0.000120
    1   -1    5    7   -0.001077
    1   -1    6    7    0.001225
    1   -1    7    7   -0.004205
    1   -1    8    7    0.000678
    1   -1    9    7   -0.000163
    1   -1   10    7    0.001708
    1   -1   11    7    0.001312
    1   -1   12    7   -0.009792
    1   -1   13    7    0.015530
    1   -1   14    7   -0.001360
    1   -1   15    7    0.000937
    1   -1   16    7    0.001765
    1   -1   17    7   -0.000265
    1   -1   18    7   -0.006995
    1   -1    1    8    0.002230
    1   -1    2    8   -0.002895
    1   -1    3    8   -0.006278
    1   -1    4    8    0.004513
    1   -1    5    8   -0.000955
    1   -1    6    8   -0.016680
    1   -1    7    8    0.007323
    1   -1    8    8   -0.000095
    1   -1    9    8    0.002272
    1   -1   10    8    0.004777
    1   -1   11    8    0.001812
    1   -1   12    8   -0.251070
    1   -1   13    8    0.054507
    1   -1   14    8   -0.001747
    1   -1   15    8    0.005920
    1   -1   16    8    0.005500
    1   -1   17    8   -0.006267
    1   -1   18    8    0.020635
    1   -1    1    9   -0.020278
    1   -1    2    9   -0.006378
    1   -1    3    9   -0.015492
    1   -1    4    9   -0.023205
    1   -1    5    9    0.000432
    1   -1    6    9   -0.019537
    1   -1    7    9    0.011182
    1   -1    8    9    0.000002
    1   -1    9    9    0.012170
    1   -1   10    9   -0.265317
    1   -1   11    9   -0.000612
    1   -1   12    9   -0.000135
    1   -1   13    9   -0.045995
    1   -1   14    9   -0.001640
    1   -1   15    9   -0.847482
    1   -1   16    9   -0.057292
    1   -1   17    9   -0.002580
    1   -1   18    9    0.032200
    1   -1    1   10   -0.002087
    1   -1    2   10   -0.000492
    1   -1    3   10    0.001882
    1   -1    4   10   -0.007782
    1   -1    5   10   -0.000245
    1   -1    6   10    0.004563
    1   -1    7   10    0.001582
    1   -1    8   10    0.000412
    1   -1    9   10    0.001880
    1   -1   10   10    0.002887
    1   -1   11   10    0.000530
    1   -1   12   10   -0.002540
    1   -1   13   10    0.004723
    1   -1   14   10   -0.000195
    1   -1   15   10   -0.004157
    1   -1   16   10   -0.001340
    1   -1   17   10   -0.000068
    1   -1   18   10    0.000290
    1   -1    1   11   -0.000107
    1   -1    2   11   -0.000140
    1   -1    3   11    0.000375
    1   -1    4   11    0.000233
    1   -1    5   11    0.000018
    1   -1    6   11   -0.000572
    1   -1    7   11   -0.000203
    1   -1    8   11   -0.000115
    1   -1    9   11   -0.000605
    1   -1   10   11   -0.000147
    1   -1   11   11   -0.000567
    1   -1   12   11    0.015325
    1   -1   13   11   -0.002407
    1   -1   14   11    0.000100
    1   -1   15   11   -0.003017
    1   -1   16   11   -0.000073
    1   -1   17   11    0.000455
    1   -1   18   11    0.001087
    1   -1    1   12   -0.002267
    1   -1    2   12    0.000378
    1   -1    3   12   -0.002055
    1   -1    4   12   -0.001655
    1   -1    5   12    0.000628
    1   -1    6   12    0.003207
    1   -1    7   12    0.000382
    1   -1    8   12    0.000793
    1   -1    9   12    0.003320
    1   -1   10   12    0.000538
    1   -1   11   12    0.000760
    1   -1   12   12   -0.001627
    1   -1   13   12    0.005050
    1   -1   14   12   -0.000140
    1   -1   15   12    0.000652
    1   -1   16   12    0.003263
    1   -1   17   12   -0.001167
    1   -1   18   12   -0.002865
    1   -1    1   13    0.008023
    1   -1    2   13    0.000995
    1   -1    3   13   -0.001972
    1   -1    4   13   -0.005658
    1   -1    5   13    0.000322
    1   -1    6   13   -0.006795
    1   -1    7   13    0.004312
    1   -1    8   13    0.000007
    1   -1    9   13   -0.001170
    1   -1   10   13   -0.003295
    1   -1   11   13   -0.000322
    1   -1   12   13    0.005050
    1   -1   13   13   -0.002842
    1   -1   14   13   -0.000065
    1   -1   15   13   -0.012640
    1   -1   16   13   -0.005515
    1   -1   17   13    0.000930
    1   -1   18   13    0.007117
    1   -1    1   14    0.000468
    1   -1    2   14   -0.003075
    1   -1    3   14    0.000875
    1   -1    4   14    0.010505
    1   -1    5   14   -0.000795
    1   -1    6   14   -0.001510
    1   -1    7   14   -0.000263
    1   -1    8   14   -0.000082
    1   -1    9   14   -0.000398
    1   -1   10   14    0.000727
    1   -1   11   14    0.001005
    1   -1   12   14   -0.046887
    1   -1   13   14    0.022335
    1   -1   14   14    0.000105
    1   -1   15   14   -0.002883
    1   -1   16   14   -0.000313
    1   -1   17   14    0.001095
    1   -1   18   14    0.001992
    1   -1    1   15    0.001717
    1   -1    2   15   -0.000292
    1   -1    3   15   -0.000998
    1   -1    4   15    0.007477
    1   -1    5   15    0.000077
    1   -1    6   15   -0.000505
    1   -1    7   15    0.000658
    1   -1    8   15   -0.000242
    1   -1    9   15   -0.000192
    1   -1   10   15   -0.003097
    1   -1   11   15   -0.000467
    1   -1   12   15    0.004082
    1   -1   13   15   -0.005487
    1   -1   14   15    0.000708
    1   -1   15   15    0.002135
    1   -1   16   15   -0.001815
    1   -1   17   15    0.000040
    1   -1   18   15    0.003885
    1   -1    1   16    0.002602
    1   -1    2   16    0.000027
    1   -1    3   16    0.003540
    1   -1    4   16   -0.003472
    1   -1    5   16   -0.000800
    1   -1    6   16    0.004160
    1   -1    7   16   -0.003870
    1   -1    8   16    0.000615
    1   -1    9   16   -0.003295
    1   -1   10   16    0.000140
    1   -1   11   16   -0.000127
    1   -1   12   16    0.018417
    1   -1   13   16   -0.014435
    1   -1   14   16   -0.000575
    1   -1   15   16   -0.003585
    1   -1   16   16   -0.007387
    1   -1   17   16   -0.001953
    1   -1   18   16   -0.008072
    1   -1    1   17    0.000192
    1   -1    2   17   -0.006472
    1   -1    3   17   -0.001055
    1   -1    4   17    0.022952
    1   -1    5   17   -0.001350
    1   -1    6   17   -0.000748
    1   -1    7   17   -0.006392
    1   -1    8   17    0.000008
    1   -1    9   17   -0.000130
    1   -1   10   17   -0.000275
    1   -1   11   17    0.006765
    1   -1   12   17   -0.096507
    1   -1   13   17    0.035765
    1   -1   14   17   -0.000890
    1   -1   15   17   -0.000677
    1   -1   16   17   -0.001210
    1   -1   17   17   -0.001015
    1   -1   18   17    0.000127
    1   -1    1   18    0.006212
    1   -1    2   18    0.003430
    1   -1    3   18    0.012467
    1   -1    4   18   -0.009472
    1   -1    5   18   -0.002175
    1   -1    6   18   -0.009085
    1   -1    7   18    0.002490
    1   -1    8   18    0.000028
    1   -1    9   18   -0.006532
    1   -1   10   18   -0.005012
    1   -1   11   18   -0.001732
    1   -1   12   18    0.002430
    1   -1   13   18   -0.001825
    1   -1   14   18   -0.002242
    1   -1   15   18    0.009750
    1   -1   16   18   -0.002802
    1   -1   17   18   -0.000652
    1   -1   18   18    0.002612
   -1    0    1    1   -0.024838
   -1    0    2    1   -0.000070
   -1    0    3    1    0.080388
   -1    0    4    1    0.052432
   -1    0    5    1   -0.006410
   -1    0    6    1    0.013590
   -1    0    7    1   -0.006010
   -1    0    8    1   -0.064708
   -1    0    9    1    0.321002
   -1    0   10    1   -0.057295
   -1    0   11    1   -0.007165
   -1    0   12    1   -0.005185
   -1    0   13    1    0.025130
   -1    0   14    1   -0.022740
   -1    0   15    1   -0.011960
   -1    0   16    1    0.195647
   -1    0   17    1   -0.002490
   -1    0   18    1   -0.000428
   -1    0    1    2    0.064363
   -1    0    2    2    0.025900
   -1    0    3    2   -0.840567
   -1    0    4    2   -0.202295
   -1    0    5    2   -0.104577
   -1    0    6    2   -0.012310
   -1    0    7    2    0.045607
   -1    0    8    2    0.936015
   -1    0    9    2   -0.019550
   -1    0   10    2   -0.034432
   -1    0   11    2   -0.006135
   -1    0   12    2   -0.005575
   -1    0   13    2   -0.015740
   -1    0   14    2    0.130105
   -1    0   15    2   -0.004442
   -1    0   16    2    0.068530
   -1    0   17    2    0.808365
   -1    0   18    2   -0.019228
   -1    0    1    3    0.012210
   -1    0    2    3   -0.000665
   -1    0    3    3   -0.044567
   -1    0    4    3   -0.010112
   -1    0    5    3   -0.008130
   -1    0    6    3   -0.046357
   -1    0    7    3    0.023275
   -1    0    8    3    0.124903
   -1    0    9    3    0.035375
   -1    0   10    3   -0.027823
   -1    0   11    3   -0.005400
   -1    0   12    3   -0.009152
   -1    0   13    3    0.005517
   -1    0   14    3    0.007630
   -1    0   15    3    0.005307
   -1    0   16    3    0.089098
   -1    0   17    3   -0.011482
   -1    0   18    3    0.061090
   -1    0    1    4    0.094737
   -1    0    2    4   -0.011137
   -1    0    3    4    2.507090
   -1    0    4    4   -0.223807
   -1    0    5    4   -0.402360
   -1    0    6    4   -0.031957
   -1    0    7    4   -0.186867
   -1    0    8    4   -0.677210
   -1    0    9    4   -0.049432
   -1    0   10    4    0.022732
   -1    0   11    4   -0.032885
   -1    0   12    4   -0.001955
   -1    0   13    4    0.043525
   -1    0   14    4   -0.463480
   -1    0   15    4   -0.039105
   -1    0   16    4   -0.008787
   -1    0   17    4   -2.177847
   -1    0   18    4    0.293657
   -1    0    1    5    0.004595
   -1    0    2    5   -0.004130
   -1    0    3    5   -0.074465
   -1    0    4    5   -0.010047
   -1    0    5    5    0.013042
   -1    0    6    5    0.008535
   -1    0    7    5    0.005545
   -1    0    8    5   -0.000660
   -1    0    9    5   -0.021567
   -1    0   10    5    0.000528
   -1    0   11    5   -0.004732
   -1    0   12    5   -0.001297
   -1    0   13    5   -0.007057
   -1    0   14    5    0.000550
   -1    0   15    5   -0.001565
   -1    0   16    5   -0.003695
   -1    0   17    5    0.029092
   -1    0   18    5   -0.017972
   -1    0    1    6   -2.074040
   -1    0    2    6   -0.041522
   -1    0    3    6    0.647457
   -1    0    4    6   -0.043552
   -1    0    5    6   -0.064105
   -1    0    6    6   -0.129373
   -1    0    7    6   -0.202692
   -1    0    8    6   -0.820730
   -1    0    9    6    0.676305
   -1    0   10    6    0.226722
   -1    0   11    6   -0.077905
   -1    0   12    6   -0.000928
   -1    0   13    6    0.090040
   -1    0   14    6   -0.055412
   -1    0   15    6    0.058570
   -1    0   16    6   -0.377055
   -1    0   17    6   -0.045982
   -1    0   18    6   -0.174485
   -1    0    1    7   -0.297067
   -1    0    2    7    0.037995
   -1    0    3    7   -2.075487
   -1    0    4    7   -0.009392
   -1    0    5    7    0.453040
   -1    0    6    7    0.019312
   -1    0    7    7    0.148940
   -1    0    8    7   -0.965880
   -1    0    9    7   -0.380485
   -1    0   10    7    0.362755
   -1    0   11    7    0.030987
   -1    0   12    7    0.042205
   -1    0   13    7    0.070900
   -1    0   14    7    0.228430
   -1    0   15    7    0.016787
   -1    0   16    7    0.874112
   -1    0   17    7    1.824635
   -1    0   18    7   -0.023775
   -1    0    1    8   -0.012545
   -1    0    2    8    0.000157
   -1    0    3    8   -0.018497
   -1    0    4    8    0.019852
   -1    0    5    8    0.003025
   -1    0    6    8    0.004322
   -1    0    7    8   -0.001045
   -1    0    8    8   -0.015272
   -1    0    9    8   -0.003115
   -1    0   10    8    0.005438
   -1    0   11    8    0.000358
   -1    0   12    8    0.001792
   -1    0   13    8   -0.004147
   -1    0   14    8    0.000233
   -1    0   15    8    0.004920
   -1    0   16    8   -0.002487
   -1    0   17    8    0.009715
   -1    0   18    8   -0.007375
   -1    0    1    9   -0.204575
   -1    0    2    9    0.008148
   -1    0    3    9   -0.115772
   -1    0    4    9   -0.224478
   -1    0    5    9    0.007375
   -1    0    6    9   -0.035710
   -1    0    7    9   -0.022362
   -1    0    8    9    0.113822
   -1    0    9    9    0.010777
   -1    0   10    9    0.024442
   -1    0   11    9    0.006237
   -1    0   12    9    0.009843
   -1    0   13    9    0.026515
   -1    0   14    9    0.019530
   -1    0   15    9    0.022620
   -1    0   16    9   -0.033255
   -1    0   17    9    0.004675
   -1    0   18    9    0.040497
   -1    0    1   10   -1.254212
   -1    0    2   10    0.010300
   -1    0    3   10   -0.254005
   -1    0    4   10    0.146822
   -1    0    5   10    0.038570
   -1    0    6   10   -0.002470
   -1    0    7   10    0.026760
   -1    0    8   10    0.124500
   -1    0    9   10   -0.890735
   -1    0   10   10    0.015955
   -1    0   11   10    0.017870
   -1    0   12   10    0.006033
   -1    0   13   10   -0.016210
   -1    0   14   10    0.308925
   -1    0   15   10   -0.037292
   -1    0   16   10    0.094055
   -1    0   17   10    0.100443
   -1    0   18   10   -1.071517
   -1    0    1   11   -0.050077
   -1    0    2   11    0.003332
   -1    0    3   11   -0.194080
   -1    0    4   11    0.022797
   -1    0    5   11   -0.006720
   -1    0    6   11   -0.012767
   -1    0    7   11    0.002060
   -1    0    8   11    0.152360
   -1    0    9   11    0.033045
   -1    0   10   11    0.016255
   -1    0   11   11   -0.007040
   -1    0   12   11    0.001223
   -1    0   13   11    0.003495
   -1    0   14   11    0.141245
   -1    0   15   11    0.006757
   -1    0   16   11   -0.057920
   -1    0   17   11    0.752667
   -1    0   18   11    0.021090
   -1    0    1   12    0.647520
   -1    0    2   12   -0.058068
   -1    0    3   12   -0.963005
   -1    0    4   12    0.024005
   -1    0    5   12    0.161880
   -1    0    6   12    0.199145
   -1    0    7   12   -0.037878
   -1    0    8   12   -0.677520
   -1    0    9   12    0.076682
   -1    0   10   12    0.090868
   -1    0   11   12   -0.409650
   -1    0   12   12   -0.078778
   -1    0   13   12    0.024270
   -1    0   14   12   -0.975440
   -1    0   15   12   -0.011792
   -1    0   16   12    1.698080
   -1    0   17   12    0.351122
   -1    0   18   12   -0.254175
   -1    0    1   13   -0.853850
   -1    0    2   13    0.070515
   -1    0    3   13   -2.900400
   -1    0    4   13   -2.315805
   -1    0    5   13   -0.117610
   -1    0    6   13   -0.026502
   -1    0    7   13    0.152287
   -1    0    8   13    2.213142
   -1    0    9   13    0.062138
   -1    0   10   13   -0.070085
   -1    0   11   13    0.268040
   -1    0   12   13   -0.000168
   -1    0   13   13   -0.049920
   -1    0   14   13    0.269275
   -1    0   15   13    0.037287
   -1    0   16   13   -0.307635
   -1    0   17   13   -4.466427
   -1    0   18   13   -0.250565
   -1    0    1   14    0.014283
   -1    0    2   14   -0.002360
   -1    0    3   14   -0.111030
   -1    0    4   14   -0.011190
   -1    0    5   14   -0.002583
   -1    0    6   14    0.006015
   -1    0    7   14    0.002600
   -1    0    8   14    0.004830
   -1    0    9   14   -0.007302
   -1    0   10   14    0.005443
   -1    0   11   14   -0.003318
   -1    0   12   14    0.001550
   -1    0   13   14   -0.000440
   -1    0   14   14   -0.006618
   -1    0   15   14   -0.001180
   -1    0   16   14   -0.007465
   -1    0   17   14   -0.000953
   -1    0   18   14   -0.018417
   -1    0    1   15   -0.806830
   -1    0    2   15   -0.013795
   -1    0    3   15    0.001090
   -1    0    4   15    0.056147
   -1    0    5   15   -0.001362
   -1    0    6   15    0.061600
   -1    0    7   15    0.040453
   -1    0    8   15   -0.164012
   -1    0    9   15   -0.061550
   -1    0   10   15   -0.139090
   -1    0   11   15    0.010530
   -1    0   12   15    0.008442
   -1    0   13   15    0.004890
   -1    0   14   15    0.324833
   -1    0   15   15   -0.368197
   -1    0   16   15   -0.111510
   -1    0   17   15   -0.023068
   -1    0   18   15   -0.678835
   -1    0    1   16   -0.083895
   -1    0    2   16    0.005497
   -1    0    3   16   -0.393145
   -1    0    4   16   -0.049930
   -1    0    5   16    0.109992
   -1    0    6   16    0.005485
   -1    0    7   16    0.042032
   -1    0    8   16   -0.244420
   -1    0    9   16    0.037933
   -1    0   10   16   -0.015820
   -1    0   11   16    0.004292
   -1    0   12   16   -0.011615
   -1    0   13   16   -0.011112
   -1    0   14   16    0.049318
   -1    0   15   16   -0.021245
   -1    0   16   16    0.035630
   -1    0   17   16    0.473190
   -1    0   18   16    0.004037
   -1    0    1   17   -0.021417
   -1    0    2   17    0.021205
   -1    0    3   17    0.522085
   -1    0    4   17    0.214077
   -1    0    5   17   -0.939515
   -1    0    6   17   -0.092810
   -1    0    7   17    0.018550
   -1    0    8   17    1.252193
   -1    0    9   17    0.059152
   -1    0   10   17    0.002138
   -1    0   11   17   -0.018600
   -1    0   12   17   -0.005262
   -1    0   13   17   -0.011095
   -1    0   14   17   -1.532293
   -1    0   15   17    0.000880
   -1    0   16   17   -0.011905
   -1    0   17   17   -0.022335
   -1    0   18   17    0.176327
   -1    0    1   18    0.178767
   -1    0    2   18    0.000650
   -1    0    3   18   -0.138225
   -1    0    4   18    0.108175
   -1    0    5   18    0.128505
   -1    0    6   18    0.016880
   -1    0    7   18    0.032232
   -1    0    8   18   -0.243535
   -1    0    9   18   -0.124940
   -1    0   10   18   -0.058340
   -1    0   11   18    0.026538
   -1    0   12   18   -0.005735
   -1    0   13   18   -0.029617
   -1    0   14   18    0.090677
   -1    0   15   18   -0.020518
   -1    0   16   18    0.187570
   -1    0   17   18    0.012593
   -1    0   18   18    0.164015
    0    0    1    1    6.283192
    0    0    2    1    0.190032
    0    0    3    1    0.352617
    0    0    4    1   -0.281512
    0    0    5    1    0.021302
    0    0    6    1   -1.079255
    0    0    7    1   -0.419052
    0    0    8    1   -0.001945
    0    0    9    1   -3.710810
    0    0   10    1   -0.177430
    0    0   11    1   -0.101848
    0    0   12    1    0.195127
    0    0   13    1    0.587085
    0    0   14    1   -0.268193
    0    0   15    1   -0.017800
    0    0   16    1    1.010027
    0    0   17    1    0.026902
    0    0   18    1    1.393360
    0    0    1    2    0.190032
    0    0    2    2   -3.325517
    0    0    3    2    0.125845
    0    0    4    2   -1.239493
    0    0    5    2   -0.717675
    0    0    6    2    3.012942
    0    0    7    2   -4.107212
    0    0    8    2    0.043057
    0    0    9    2   -0.214722
    0    0   10    2    0.035730
    0    0   11    2   -0.246597
    0    0   12    2    0.337760
    0    0   13    2    0.472835
    0    0   14    2   -0.409127
    0    0   15    2   -0.069547
    0    0   16    2   -0.882088
    0    0   17    2   -3.056740
    0    0   18    2    2.967192
    0    0    1    3    0.352617
    0    0    2    3    0.125845
    0    0    3    3    1.173502
    0    0    4    3    0.562217
    0    0    5    3    1.562388
    0    0    6    3    1.706535
    0    0    7    3   -0.499607
    0    0    8    3   -0.933807
    0    0    9    3   -1.288050
    0    0   10    3    0.087900
    0    0   11    3    0.810285
    0    0   12    3    0.075885
    0    0   13    3    0.392302
    0    0   14    3    1.197682
    0    0   15    3    0.030612
    0    0   16    3    0.213240
    0    0   17    3   -1.616270
    0    0   18    3   -1.272868
    0    0    1    4   -0.281512
    0    0    2    4   -1.239493
    0    0    3    4    0.562217
    0    0    4    4   11.899282
    0    0    5    4    0.026737
    0    0    6    4    0.678835
    0    0    7    4   -1.084520
    0    0    8    4   -0.597085
    0    0    9    4   -0.422747
    0    0   10    4   -0.517815
    0    0   11    4   -0.480057
    0    0   12    4   -0.953220
    0    0   13    4    0.157007
    0    0   14    4   -0.133205
    0    0   15    4    1.185107
    0    0   16    4   -1.225553
    0    0   17    4   -0.019952
    0    0   18    4   -0.731328
    0    0    1    5    0.021302
    0    0    2    5   -0.717675
    0    0    3    5    1.562388
    0    0    4    5    0.026737
    0    0    5    5    2.278920
    0    0    6    5    0.014370
    0    0    7    5    0.870065
    0    0    8    5    0.083592
    0    0    9    5    0.273832
    0    0   10    5    0.020777
    0    0   11    5    0.602322
    0    0   12    5    0.023245
    0    0   13    5   -0.266130
    0    0   14    5    0.671217
    0    0   15    5   -0.010840
    0    0   16    5    0.220655
    0    0   17    5    1.610675
    0    0   18    5    0.656255
    0    0    1    6   -1.079255
    0    0    2    6    3.012942
    0    0    3    6    1.706535
    0    0    4    6    0.678835
    0    0    5    6    0.014370
    0    0    6    6   -9.084890
    0    0    7    6    1.827515
    0    0    8    6   -0.159822
    0    0    9    6    1.454165
    0    0   10    6   -1.003295
    0    0   11    6   -0.979077
    0    0   12    6   -0.554932
    0    0   13    6   -2.901232
    0    0   14    6   -0.241335
    0    0   15    6    0.279930
    0    0   16    6    0.174647
    0    0   17    6   -0.625097
    0    0   18    6   -1.334315
    0    0    1    7   -0.419052
    0    0    2    7   -4.107212
    0    0    3    7   -0.499607
    0    0    4    7   -1.084520
    0    0    5    7    0.870065
    0    0    6    7    1.827515
    0    0    7    7   16.561890
    0    0    8    7    0.167240
    0    0    9    7    0.015190
    0    0   10    7    0.685845
    0    0   11    7    0.194442
    0    0   12    7    0.538492
    0    0   13    7   -1.819660
    0    0   14    7   -0.083340
    0    0   15    7   -0.111657
    0    0   16    7    3.481827
    0    0   17    7   -0.024178
    0    0   18    7   -0.813675
    0    0    1    8   -0.001945
    0    0    2    8    0.043057
    0    0    3    8   -0.933807
    0    0    4    8   -0.597085
    0    0    5    8    0.083592
    0    0    6    8   -0.159822
    0    0    7    8    0.167240
    0    0    8    8    1.333325
    0    0    9    8    0.283077
    0    0   10    8    0.005570
    0    0   11    8   -0.011145
    0    0   12    8    0.017955
    0    0   13    8   -0.043815
    0    0   14    8    0.268522
    0    0   15    8   -0.005567
    0    0   16    8    0.060302
    0    0   17    8   -1.519280
    0    0   18    8    0.330693
    0    0    1    9   -3.710810
    0    0    2    9   -0.214722
    0    0    3    9   -1.288050
    0    0    4    9   -0.422747
    0    0    5    9    0.273832
    0    0    6    9    1.454165
    0    0    7    9    0.015190
    0    0    8    9    0.283077
    0    0    9    9    2.368183
    0    0   10    9   -0.596727
    0    0   11    9    0.212665
    0    0   12    9    0.034677
    0    0   13    9   -0.451530
    0    0   14    9    0.225797
    0    0   15    9   -0.029847
    0    0   16    9    1.980338
    0    0   17    9    0.028480
    0    0   18    9   -0.591762
    0    0    1   10   -0.177430
    0    0    2   10    0.035730
    0    0    3   10    0.087900
    0    0    4   10   -0.517815
    0    0    5   10    0.020777
    0    0    6   10   -1.003295
    0    0    7   10    0.685845
    0    0    8   10    0.005570
    0    0    9   10   -0.596727
    0    0   10   10    1.556280
    0    0   11   10    0.016810
    0    0   12   10    0.167055
    0    0   13   10    0.959562
    0    0   14   10   -0.054503
    0    0   15   10   -1.711210
    0    0   16   10    2.014315
    0    0   17   10    0.000940
    0    0   18   10    0.225142
    0    0    1   11   -0.101848
    0    0    2   11   -0.246597
    0    0    3   11    0.810285
    0    0    4   11   -0.480057
    0    0    5   11    0.602322
    0    0    6   11   -0.979077
    0    0    7   11    0.194442
    0    0    8   11   -0.011145
    0    0    9   11    0.212665
    0    0   10   11    0.016810
    0    0   11   11    0.543763
    0    0   12   11   -0.445105
    0    0   13   11   -0.545400
    0    0   14   11    0.920180
    0    0   15   11   -0.089677
    0    0   16   11   -0.014010
    0    0   17   11   -1.137337
    0    0   18   11    0.091900
    0    0    1   12    0.195127
    0    0    2   12    0.337760
    0    0    3   12    0.075885
    0    0    4   12   -0.953220
    0    0    5   12    0.023245
    0    0    6   12   -0.554932
    0    0    7   12    0.538492
    0    0    8   12    0.017955
    0    0    9   12    0.034677
    0    0   10   12    0.167055
    0    0   11   12   -0.445105
    0    0   12   12   17.930035
    0    0   13   12   -1.803602
    0    0   14   12    0.066912
    0    0   15   12   -0.014905
    0    0   16   12    0.081177
    0    0   17   12    0.030672
    0    0   18   12    0.104542
    0    0    1   13    0.587085
    0    0    2   13    0.472835
    0    0    3   13    0.392302
    0    0    4   13    0.157007
    0    0    5   13   -0.266130
    0    0    6   13   -2.901232
    0    0    7   13   -1.819660
    0    0    8   13   -0.043815
    0    0    9   13   -0.451530
    0    0   10   13    0.959562
    0    0   11   13   -0.545400
    0    0   12   13   -1.803602
    0    0   13   13   19.408340
    0    0   14   13   -0.195935
    0    0   15   13   -0.986437
    0    0   16   13    0.267110
    0    0   17   13    0.139613
    0    0   18   13   -0.018782
    0    0    1   14   -0.268193
    0    0    2   14   -0.409127
    0    0    3   14    1.197682
    0    0    4   14   -0.133205
    0    0    5   14    0.671217
    0    0    6   14   -0.241335
    0    0    7   14   -0.083340
    0    0    8   14    0.268522
    0    0    9   14    0.225797
    0    0   10   14   -0.054503
    0    0   11   14    0.920180
    0    0   12   14    0.066912
    0    0   13   14   -0.195935
    0    0   14   14    1.336620
    0    0   15   14   -0.052062
    0    0   16   14   -0.138270
    0    0   17   14    4.797485
    0    0   18   14    0.574615
    0    0    1   15   -0.017800
    0    0    2   15   -0.069547
    0    0    3   15    0.030612
    0    0    4   15    1.185107
    0    0    5   15   -0.010840
    0    0    6   15    0.279930
    0    0    7   15   -0.111657
    0    0    8   15   -0.005567
    0    0    9   15   -0.029847
    0    0   10   15   -1.711210
    0    0   11   15   -0.089677
    0    0   12   15   -0.014905
    0    0   13   15   -0.986437
    0    0   14   15   -0.052062
    0    0   15   15   -2.506782
    0    0   16   15   -0.000453
    0    0   17   15   -0.007535
    0    0   18   15    0.124668
    0    0    1   16    1.010027
    0    0    2   16   -0.882088
    0    0    3   16    0.213240
    0    0    4   16   -1.225553
    0    0    5   16    0.220655
    0    0    6   16    0.174647
    0    0    7   16    3.481827
    0    0    8   16    0.060302
    0    0    9   16    1.980338
    0    0   10   16    2.014315
    0    0   11   16   -0.014010
    0    0   12   16    0.081177
    0    0   13   16    0.267110
    0    0   14   16   -0.138270
    0    0   15   16   -0.000453
    0    0   16   16    4.488612
    0    0   17   16   -0.022262
    0    0   18   16    0.475562
    0    0    1   17    0.026902
    0    0    2   17   -3.056740
    0    0    3   17   -1.616270
    0    0    4   17   -0.019952
    0    0    5   17    1.610675
    0    0    6   17   -0.625097
    0    0    7   17   -0.024178
    0    0    8   17   -1.519280
    0    0    9   17    0.028480
    0    0   10   17    0.000940
    0    0   11   17   -1.137337
    0    0   12   17    0.030672
    0    0   13   17    0.139613
    0    0   14   17    4.797485
    0    0   15   17   -0.007535
    0    0   16   17   -0.022262
    0    0   17   17   -0.837037
    0    0   18   17    0.544760
    0    0    1   18    1.393360
    0    0    2   18    2.967192
    0    0    3   18   -1.272868
    0    0    4   18   -0.731328
    0    0    5   18    0.656255
    0    0    6   18   -1.334315
    0    0    7   18   -0.813675
    0    0    8   18    0.330693
    0    0    9   18   -0.591762
    0    0   10   18    0.225142
    0    0   11   18    0.091900
    0    0   12   18    0.104542
    0    0   13   18   -0.018782
    0    0   14   18    0.574615
    0    0   15   18    0.124668
    0    0   16   18    0.475562
    0    0   17   18    0.544760
    0    0   18   18  -11.679885
    1    0    1    1   -0.024838
    1    0    2    1    0.064363
    1    0    3    1    0.012210
    1    0    4    1    0.094737
    1    0    5    1    0.004595
    1    0    6    1   -2.074040
    1    0    7    1   -0.297067
    1    0    8    1   -0.012545
    1    0    9    1   -0.204575
    1    0   10    1   -1.254212
    1    0   11    1   -0.050077
    1    0   12    1    0.647520
    1    0   13    1   -0.853850
    1    0   14    1    0.014283
    1    0   15    1   -0.806830
    1    0   16    1   -0.083895
    1    0   17    1   -0.021417
    1    0   18    1    0.178767
    1    0    1    2   -0.000070
    1    0    2    2    0.025900
    1    0    3    2   -0.000665
    1    0    4    2   -0.011137
    1    0    5    2   -0.004130
    1    0    6    2   -0.041522
    1    0    7    2    0.037995
    1    0    8    2    0.000157
    1    0    9    2    0.008148
    1    0   10    2    0.010300
    1    0   11    2    0.003332
    1    0   12    2   -0.058068
    1    0   13    2    0.070515
    1    0   14    2   -0.002360
    1    0   15    2   -0.013795
    1    0   16    2    0.005497
    1    0   17    2    0.021205
    1    0   18    2    0.000650
    1    0    1    3    0.080388
    1    0    2    3   -0.840567
    1    0    3    3   -0.044567
    1    0    4    3    2.507090
    1    0    5    3   -0.074465
    1    0    6    3    0.647457
    1    0    7    3   -2.075487
    1    0    8    3   -0.018497
    1    0    9    3   -0.115772
    1    0   10    3   -0.254005
    1    0   11    3   -0.194080
    1    0   12    3   -0.963005
    1    0   13    3   -2.900400
    1    0   14    3   -0.111030
    1    0   15    3    0.001090
    1    0   16    3   -0.393145
    1    0   17    3    0.522085
    1    0   18    3   -0.138225
    1    0    1    4    0.052432
    1    0    2    4   -0.202295
    1    0    3    4   -0.010112
    1    0    4    4   -0.223807
    1    0    5    4   -0.010047
    1    0    6    4   -0.043552
    1    0    7    4   -0.009392
    1    0    8    4    0.019852
    1    0    9    4   -0.224478
    1    0   10    4    0.146822
    1    0   11    4    0.022797
    1    0   12    4    0.024005
    1    0   13    4   -2.315805
    1    0   14    4   -0.011190
    1    0   15    4    0.056147
    1    0   16    4   -0.049930
    1    0   17    4    0.214077
    1    0   18    4    0.108175
    1    0    1    5   -0.006410
    1    0    2    5   -0.104577
    1    0    3    5   -0.008130
    1    0    4    5   -0.402360
    1    0    5    5    0.013042
    1    0    6    5   -0.064105
    1    0    7    5    0.453040
    1    0    8    5    0.003025
    1    0    9    5    0.007375
    1    0   10    5    0.038570
    1    0   11    5   -0.006720
    1    0   12    5    0.161880
    1    0   13    5   -0.117610
    1    0   14    5   -0.002583
    1    0   15    5   -0.001362
    1    0   16    5    0.109992
    1    0   17    5   -0.939515
    1    0   18    5    0.128505
    1    0    1    6    0.013590
    1    0    2    6   -0.012310
    1    0    3    6   -0.046357
    1    0    4    6   -0.031957
    1    0    5    6    0.008535
    1    0    6    6   -0.129373
    1    0    7    6    0.019312
    1    0    8    6    0.004322
    1    0    9    6   -0.035710
    1    0   10    6   -0.002470
    1    0   11    6   -0.012767
    1    0   12    6    0.199145
    1    0   13    6   -0.026502
    1    0   14    6    0.006015
    1    0   15    6    0.061600
    1    0   16    6    0.005485
    1    0   17    6   -0.092810
    1    0   18    6    0.016880
    1    0    1    7   -0.006010
    1    0    2    7    0.045607
    1    0    3    7    0.023275
    1    0    4    7   -0.186867
    1    0    5    7    0.005545
    1    0    6    7   -0.202692
    1    0    7    7    0.148940
    1    0    8    7   -0.001045
    1    0    9    7   -0.022362
    1    0   10    7    0.026760
    1    0   11    7    0.002060
    1    0   12    7   -0.037878
    1    0   13    7    0.152287
    1    0   14    7    0.002600
    1    0   15    7    0.040453
    1    0   16    7    0.042032
    1    0   17    7    0.018550
    1    0   18    7    0.032232
    1    0    1    8   -0.064708
    1    0    2    8    0.936015
    1    0    3    8    0.124903
    1    0    4    8   -0.677210
    1    0    5    8   -0.000660
    1    0    6    8   -0.820730
    1    0    7    8   -0.965880
    1    0    8    8   -0.015272
    1    0    9    8    0.113822
    1    0   10    8    0.124500
    1    0   11    8    0.152360
    1    0   12    8   -0.677520
    1    0   13    8    2.213142
    1    0   14    8    0.004830
    1    0   15    8   -0.164012
    1    0   16    8   -0.244420
    1    0   17    8    1.252193
    1    0   18    8   -0.243535
    1    0    1    9    0.321002
    1    0    2    9   -0.019550
    1    0    3    9    0.035375
    1    0    4    9   -0.049432
    1    0    5    9   -0.021567
    1    0    6    9    0.676305
    1    0    7    9   -0.380485
    1    0    8    9   -0.003115
    1    0    9    9    0.010777
    1    0   10    9   -0.890735
    1    0   11    9    0.033045
    1    0   12    9    0.076682
    1    0   13    9    0.062138
    1    0   14    9   -0.007302
    1    0   15    9   -0.061550
    1    0   16    9    0.037933
    1    0   17    9    0.059152
    1    0   18    9   -0.124940
    1    0    1   10   -0.057295
    1    0    2   10   -0.034432
    1    0    3   10   -0.027823
    1    0    4   10    0.022732
    1    0    5   10    0.000528
    1    0    6   10    0.226722
    1    0    7   10    0.362755
    1    0    8   10    0.005438
    1    0    9   10    0.024442
    1    0   10   10    0.015955
    1    0   11   10    0.016255
    1    0   12   10    0.090868
    1    0   13   10   -0.070085
    1    0   14   10    0.005443
    1    0   15   10   -0.139090
    1    0   16   10   -0.015820
    1    0   17   10    0.002138
    1    0   18   10   -0.058340
    1    0    1   11   -0.007165
    1    0    2   11   -0.006135
    1    0    3   11   -0.005400
    1    0    4   11   -0.032885
    1    0    5   11   -0.004732
    1    0    6   11   -0.077905
    1    0    7   11    0.030987
    1    0    8   11    0.000358
    1    0    9   11    0.006237
    1    0   10   11    0.017870
    1    0   11   11   -0.007040
    1    0   12   11   -0.409650
    1    0   13   11    0.268040
    1    0   14   11   -0.003318
    1    0   15   11    0.010530
    1    0   16   11    0.004292
    1    0   17   11   -0.018600
    1    0   18   11    0.026538
    1    0    1   12   -0.005185
    1    0    2   12   -0.005575
    1    0    3   12   -0.009152
    1    0    4   12   -0.001955
    1    0    5   12   -0.001297
    1    0    6   12   -0.000928
    1    0    7   12    0.042205
    1    0    8   12    0.001792
    1    0    9   12    0.009843
    1    0   10   12    0.006033
    1    0   11   12    0.001223
    1    0   12   12   -0.078778
    1    0   13   12   -0.000168
    1    0   14   12    0.001550
    1    0   15   12    0.008442
    1    0   16   12   -0.011615
    1    0   17   12   -0.005262
    1    0   18   12   -0.005735
    1    0    1   13    0.025130
    1    0    2   13   -0.015740
    1    0    3   13    0.005517
    1    0    4   13    0.043525
    1    0    5   13   -0.007057
    1    0    6   13    0.090040
    1    0    7   13    0.070900
    1    0    8   13   -0.004147
    1    0    9   13    0.026515
    1    0   10   13   -0.016210
    1    0   11   13    0.003495
    1    0   12   13    0.024270
    1    0   13   13   -0.049920
    1    0   14   13   -0.000440
    1    0   15   13    0.004890
    1    0   16   13   -0.011112
    1    0   17   13   -0.011095
    1    0   18   13   -0.029617
    1    0    1   14   -0.022740
    1    0    2   14    0.130105
    1    0    3   14    0.007630
    1    0    4   14   -0.463480
    1    0    5   14    0.000550
    1    0    6   14   -0.055412
    1    0    7   14    0.228430
    1    0    8   14    0.000233
    1    0    9   14    0.019530
    1    0   10   14    0.308925
    1    0   11   14    0.141245
    1    0   12   14   -0.975440
    1    0   13   14    0.269275
    1    0   14   14   -0.006618
    1    0   15   14    0.324833
    1    0   16   14    0.049318
    1    0   17   14   -1.532293
    1    0   18   14    0.090677
    1    0    1   15   -0.011960
    1    0    2   15   -0.004442
    1    0    3   15    0.005307
    1    0    4   15   -0.039105
    1    0    5   15   -0.001565
    1    0    6   15    0.058570
    1    0    7   15    0.016787
    1    0    8   15    0.004920
    1    0    9   15    0.022620
    1    0   10   15   -0.037292
    1    0   11   15    0.006757
    1    0   12   15   -0.011792
    1    0   13   15    0.037287
    1    0   14   15   -0.001180
    1    0   15   15   -0.368197
    1    0   16   15   -0.021245
    1    0   17   15    0.000880
    1    0   18   15   -0.020518
    1    0    1   16    0.195647
    1    0    2   16    0.068530
    1    0    3   16    0.089098
    1    0    4   16   -0.008787
    1    0    5   16   -0.003695
    1    0    6   16   -0.377055
    1    0    7   16    0.874112
    1    0    8   16   -0.002487
    1    0    9   16   -0.033255
    1    0   10   16    0.094055
    1    0   11   16   -0.057920
    1    0   12   16    1.698080
    1    0   13   16   -0.307635
    1    0   14   16   -0.007465
    1    0   15   16   -0.111510
    1    0   16   16    0.035630
    1    0   17   16   -0.011905
    1    0   18   16    0.187570
    1    0    1   17   -0.002490
    1    0    2   17    0.808365
    1    0    3   17   -0.011482
    1    0    4   17   -2.177847
    1    0    5   17    0.029092
    1    0    6   17   -0.045982
    1    0    7   17    1.824635
    1    0    8   17    0.009715
    1    0    9   17    0.004675
    1    0   10   17    0.100443
    1    0   11   17    0.752667
    1    0   12   17    0.351122
    1    0   13   17   -4.466427
    1    0   14   17   -0.000953
    1    0   15   17   -0.023068
    1    0   16   17    0.473190
    1    0   17   17   -0.022335
    1    0   18   17    0.012593
    1    0    1   18   -0.000428
    1    0    2   18   -0.019228
    1    0    3   18    0.061090
    1    0    4   18    0.293657
    1    0    5   18   -0.017972
    1    0    6   18   -0.174485
    1    0    7   18   -0.023775
    1    0    8   18   -0.007375
    1    0    9   18    0.040497
    1    0   10   18   -1.071517
    1    0   11   18    0.021090
    1    0   12   18   -0.254175
    1    0   13   18   -0.250565
    1    0   14   18   -0.018417
    1    0   15   18   -0.678835
    1    0   16   18    0.004037
    1    0   17   18    0.176327
    1    0   18   18    0.164015
   -1    1    1    1   -0.001665
   -1    1    2    1    0.000045
   -1    1    3    1   -0.003870
   -1    1    4    1   -0.001722
   -1    1    5    1    0.000472
   -1    1    6    1   -0.004100
   -1    1    7    1   -0.001330
   -1    1    8    1    0.002230
   -1    1    9    1   -0.020278
   -1    1   10    1   -0.002087
   -1    1   11    1   -0.000107
   -1    1   12    1   -0.002267
   -1    1   13    1    0.008023
   -1    1   14    1    0.000468
   -1    1   15    1    0.001717
   -1    1   16    1    0.002602
   -1    1   17    1    0.000192
   -1    1   18    1    0.006212
   -1    1    1    2   -0.000297
   -1    1    2    2    0.000122
   -1    1    3    2    0.007685
   -1    1    4    2    0.001488
   -1    1    5    2   -0.002275
   -1    1    6    2   -0.002612
   -1    1    7    2    0.000298
   -1    1    8    2   -0.002895
   -1    1    9    2   -0.006378
   -1    1   10    2   -0.000492
   -1    1   11    2   -0.000140
   -1    1   12    2    0.000378
   -1    1   13    2    0.000995
   -1    1   14    2   -0.003075
   -1    1   15    2   -0.000292
   -1    1   16    2    0.000027
   -1    1   17    2   -0.006472
   -1    1   18    2    0.003430
   -1    1    1    3    0.011562
   -1    1    2    3    0.000485
   -1    1    3    3    0.003190
   -1    1    4    3    0.020692
   -1    1    5    3    0.000547
   -1    1    6    3   -0.007373
   -1    1    7    3    0.003930
   -1    1    8    3   -0.006278
   -1    1    9    3   -0.015492
   -1    1   10    3    0.001882
   -1    1   11    3    0.000375
   -1    1   12    3   -0.002055
   -1    1   13    3   -0.001972
   -1    1   14    3    0.000875
   -1    1   15    3   -0.000998
   -1    1   16    3    0.003540
   -1    1   17    3   -0.001055
   -1    1   18    3    0.012467
   -1    1    1    4   -0.005892
   -1    1    2    4   -0.000878
   -1    1    3    4    0.011427
   -1    1    4    4    0.016770
   -1    1    5    4    0.006695
   -1    1    6    4    0.004647
   -1    1    7    4   -0.000120
   -1    1    8    4    0.004513
   -1    1    9    4   -0.023205
   -1    1   10    4   -0.007782
   -1    1   11    4    0.000233
   -1    1   12    4   -0.001655
   -1    1   13    4   -0.005658
   -1    1   14    4    0.010505
   -1    1   15    4    0.007477
   -1    1   16    4   -0.003472
   -1    1   17    4    0.022952
   -1    1   18    4   -0.009472
   -1    1    1    5   -0.000382
   -1    1    2    5   -0.000002
   -1    1    3    5    0.004332
   -1    1    4    5   -0.003115
   -1    1    5    5   -0.000560
   -1    1    6    5    0.001437
   -1    1    7    5   -0.001077
   -1    1    8    5   -0.000955
   -1    1    9    5    0.000432
   -1    1   10    5   -0.000245
   -1    1   11    5    0.000018
   -1    1   12    5    0.000628
   -1    1   13    5    0.000322
   -1    1   14    5   -0.000795
   -1    1   15    5    0.000077
   -1    1   16    5   -0.000800
   -1    1   17    5   -0.001350
   -1    1   18    5   -0.002175
   -1    1    1    6    0.026282
   -1    1    2    6   -0.000275
   -1    1    3    6    0.019470
   -1    1    4    6    0.061545
   -1    1    5    6   -0.000222
   -1    1    6    6    0.007385
   -1    1    7    6    0.001225
   -1    1    8    6   -0.016680
   -1    1    9    6   -0.019537
   -1    1   10    6    0.004563
   -1    1   11    6   -0.000572
   -1    1   12    6    0.003207
   -1    1   13    6   -0.006795
   -1    1   14    6   -0.001510
   -1    1   15    6   -0.000505
   -1    1   16    6    0.004160
   -1    1   17    6   -0.000748
   -1    1   18    6   -0.009085
   -1    1    1    7    0.005792
   -1    1    2    7   -0.001527
   -1    1    3    7   -0.000427
   -1    1    4    7   -0.042743
   -1    1    5    7   -0.000810
   -1    1    6    7    0.001840
   -1    1    7    7   -0.004205
   -1    1    8    7    0.007323
   -1    1    9    7    0.011182
   -1    1   10    7    0.001582
   -1    1   11    7   -0.000203
   -1    1   12    7    0.000382
   -1    1   13    7    0.004312
   -1    1   14    7   -0.000263
   -1    1   15    7    0.000658
   -1    1   16    7   -0.003870
   -1    1   17    7   -0.006392
   -1    1   18    7    0.002490
   -1    1    1    8    0.001417
   -1    1    2    8   -0.000333
   -1    1    3    8    0.000185
   -1    1    4    8   -0.000198
   -1    1    5    8    0.000000
   -1    1    6    8    0.000115
   -1    1    7    8    0.000678
   -1    1    8    8   -0.000095
   -1    1    9    8    0.000002
   -1    1   10    8    0.000412
   -1    1   11    8   -0.000115
   -1    1   12    8    0.000793
   -1    1   13    8    0.000007
   -1    1   14    8   -0.000082
   -1    1   15    8   -0.000242
   -1    1   16    8    0.000615
   -1    1   17    8    0.000008
   -1    1   18    8    0.000028
   -1    1    1    9    0.001252
   -1    1    2    9    0.001450
   -1    1    3    9    0.005862
   -1    1    4    9   -0.012832
   -1    1    5    9   -0.000773
   -1    1    6    9   -0.001780
   -1    1    7    9   -0.000163
   -1    1    8    9    0.002272
   -1    1    9    9    0.012170
   -1    1   10    9    0.001880
   -1    1   11    9   -0.000605
   -1    1   12    9    0.003320
   -1    1   13    9   -0.001170
   -1    1   14    9   -0.000398
   -1    1   15    9   -0.000192
   -1    1   16    9   -0.003295
   -1    1   17    9   -0.000130
   -1    1   18    9   -0.006532
   -1    1    1   10   -0.013295
   -1    1    2   10    0.000212
   -1    1    3   10    0.008540
   -1    1    4   10   -0.025530
   -1    1    5   10   -0.000678
   -1    1    6   10   -0.002905
   -1    1    7   10    0.001708
   -1    1    8   10    0.004777
   -1    1    9   10   -0.265317
   -1    1   10   10    0.002887
   -1    1   11   10   -0.000147
   -1    1   12   10    0.000538
   -1    1   13   10   -0.003295
   -1    1   14   10    0.000727
   -1    1   15   10   -0.003097
   -1    1   16   10    0.000140
   -1    1   17   10   -0.000275
   -1    1   18   10   -0.005012
   -1    1    1   11    0.002262
   -1    1    2   11   -0.000552
   -1    1    3   11    0.000653
   -1    1    4   11    0.002765
   -1    1    5   11    0.000647
   -1    1    6   11    0.000850
   -1    1    7   11    0.001312
   -1    1    8   11    0.001812
   -1    1    9   11   -0.000612
   -1    1   10   11    0.000530
   -1    1   11   11   -0.000567
   -1    1   12   11    0.000760
   -1    1   13   11   -0.000322
   -1    1   14   11    0.001005
   -1    1   15   11   -0.000467
   -1    1   16   11   -0.000127
   -1    1   17   11    0.006765
   -1    1   18   11   -0.001732
   -1    1    1   12    0.011128
   -1    1    2   12    0.007910
   -1    1    3   12   -0.200512
   -1    1    4   12    0.013200
   -1    1    5   12   -0.008188
   -1    1    6   12   -0.001137
   -1    1    7   12   -0.009792
   -1    1    8   12   -0.251070
   -1    1    9   12   -0.000135
   -1    1   10   12   -0.002540
   -1    1   11   12    0.015325
   -1    1   12   12   -0.001627
   -1    1   13   12    0.005050
   -1    1   14   12   -0.046887
   -1    1   15   12    0.004082
   -1    1   16   12    0.018417
   -1    1   17   12   -0.096507
   -1    1   18   12    0.002430
   -1    1    1   13    0.020567
   -1    1    2   13    0.003017
   -1    1    3   13   -0.032265
   -1    1    4   13   -0.023770
   -1    1    5   13    0.008980
   -1    1    6   13    0.001137
   -1    1    7   13    0.015530
   -1    1    8   13    0.054507
   -1    1    9   13   -0.045995
   -1    1   10   13    0.004723
   -1    1   11   13   -0.002407
   -1    1   12   13    0.005050
   -1    1   13   13   -0.002842
   -1    1   14   13    0.022335
   -1    1   15   13   -0.005487
   -1    1   16   13   -0.014435
   -1    1   17   13    0.035765
   -1    1   18   13   -0.001825
   -1    1    1   14   -0.000615
   -1    1    2   14    0.000257
   -1    1    3   14    0.001927
   -1    1    4   14   -0.000417
   -1    1    5   14    0.000037
   -1    1    6   14    0.001005
   -1    1    7   14   -0.001360
   -1    1    8   14   -0.001747
   -1    1    9   14   -0.001640
   -1    1   10   14   -0.000195
   -1    1   11   14    0.000100
   -1    1   12   14   -0.000140
   -1    1   13   14   -0.000065
   -1    1   14   14    0.000105
   -1    1   15   14    0.000708
   -1    1   16   14   -0.000575
   -1    1   17   14   -0.000890
   -1    1   18   14   -0.002242
   -1    1    1   15   -0.019185
   -1    1    2   15   -0.001537
   -1    1    3   15    0.012738
   -1    1    4   15   -0.037930
   -1    1    5   15   -0.005740
   -1    1    6   15   -0.015735
   -1    1    7   15    0.000937
   -1    1    8   15    0.005920
   -1    1    9   15   -0.847482
   -1    1   10   15   -0.004157
   -1    1   11   15   -0.003017
   -1    1   12   15    0.000652
   -1    1   13   15   -0.012640
   -1    1   14   15   -0.002883
   -1    1   15   15    0.002135
   -1    1   16   15   -0.003585
   -1    1   17   15   -0.000677
   -1    1   18   15    0.009750
   -1    1    1   16   -0.000897
   -1    1    2   16   -0.000730
   -1    1    3   16    0.001125
   -1    1    4   16   -0.022937
   -1    1    5   16   -0.000567
   -1    1    6   16    0.001850
   -1    1    7   16    0.001765
   -1    1    8   16    0.005500
   -1    1    9   16   -0.057292
   -1    1   10   16   -0.001340
   -1    1   11   16   -0.000073
   -1    1   12   16    0.003263
   -1    1   13   16   -0.005515
   -1    1   14   16   -0.000313
   -1    1   15   16   -0.001815
   -1    1   16   16   -0.007387
   -1    1   17   16   -0.001210
   -1    1   18   16   -0.002802
   -1    1    1   17   -0.002065
   -1    1    2   17    0.000323
   -1    1    3   17   -0.004045
   -1    1    4   17    0.002977
   -1    1    5   17    0.000903
   -1    1    6   17   -0.000350
   -1    1    7   17   -0.000265
   -1    1    8   17   -0.006267
   -1    1    9   17   -0.002580
   -1    1   10   17   -0.000068
   -1    1   11   17    0.000455
   -1    1   12   17   -0.001167
   -1    1   13   17    0.000930
   -1    1   14   17    0.001095
   -1    1   15   17    0.000040
   -1    1   16   17   -0.001953
   -1    1   17   17   -0.001015
   -1    1   18   17   -0.000652
   -1    1    1   18   -0.034030
   -1    1    2   18    0.000325
   -1    1    3   18   -0.019830
   -1    1    4   18   -0.064732
   -1    1    5   18    0.001637
   -1    1    6   18    0.000218
   -1    1    7   18   -0.006995
   -1    1    8   18    0.020635
   -1    1    9   18    0.032200
   -1    1   10   18    0.000290
   -1    1   11   18    0.001087
   -1    1   12   18   -0.002865
   -1    1   13   18    0.007117
   -1    1   14   18    0.001992
   -1    1   15   18    0.003885
   -1    1   16   18   -0.008072
   -1    1   17   18    0.000127
   -1    1   18   18    0.002612
    0    1    1    1    0.026158
    0    1    2    1   -0.000063
    0    1    3    1    0.031138
    0    1    4    1    0.255602
    0    1    5    1   -0.001888
    0    1    6    1    0.000310
    0    1    7    1   -0.001712
    0    1    8    1   -0.032825
    0    1    9    1   -0.777277
    0    1   10    1    0.000275
    0    1   11    1   -0.000532
    0    1   12    1   -0.006707
    0    1   13    1   -0.001602
    0    1   14    1   -0.005005
    0    1   15    1   -0.000180
    0    1   16    1   -0.005055
    0    1   17    1   -0.000055
    0    1   18    1    0.012492
    0    1    1    2    0.009465
    0    1    2    2    0.019367
    0    1    3    2   -0.018360
    0    1    4    2    0.011065
    0    1    5    2   -0.010855
    0    1    6    2    0.002935
    0    1    7    2   -0.069735
    0    1    8    2    0.005227
    0    1    9    2    0.022952
    0    1   10    2    0.001857
    0    1   11    2   -0.001578
    0    1   12    2   -0.001055
    0    1   13    2   -0.006492
    0    1   14    2    0.005640
    0    1   15    2    0.000822
    0    1   16    2   -0.031900
    0    1   17    2   -0.011458
    0    1   18    2   -0.021683
    0    1    1    3    0.069792
    0    1    2    3   -0.004672
    0    1    3    3    0.017583
    0    1    4    3    0.000830
    0    1    5    3   -0.006512
    0    1    6    3   -0.007377
    0    1    7    3    0.010402
    0    1    8    3    0.034140
    0    1    9    3    0.088362
    0    1   10    3    0.002938
    0    1   11    3   -0.006902
    0    1   12    3    0.013560
    0    1   13    3   -0.026837
    0    1   14    3   -0.009095
    0    1   15    3   -0.012430
    0    1   16    3    0.043327
    0    1   17    3    0.010053
    0    1   18    3    0.004457
    0    1    1    4   -0.059405
    0    1    2    4   -0.037195
    0    1    3    4   -0.034565
    0    1    4    4   -0.139705
    0    1    5    4    0.015875
    0    1    6    4   -0.017240
    0    1    7    4    0.124255
    0    1    8    4   -0.010552
    0    1    9    4   -0.595775
    0    1   10    4    0.042230
    0    1   11    4    0.010722
    0    1   12    4    0.002430
    0    1   13    4    0.021622
    0    1   14    4    0.004587
    0    1   15    4   -0.016945
    0    1   16    4    0.071527
    0    1   17    4   -0.004142
    0    1   18    4   -0.013033
    0    1    1    5   -0.006245
    0    1    2    5    0.004935
    0    1    3    5   -0.008307
    0    1    4    5   -0.013065
    0    1    5    5    0.000583
    0    1    6    5    0.002415
    0    1    7    5   -0.017343
    0    1    8    5   -0.030808
    0    1    9    5    0.010297
    0    1   10    5    0.002495
    0    1   11    5    0.000957
    0    1   12    5   -0.000935
    0    1   13    5    0.003650
    0    1   14    5   -0.000823
    0    1   15    5    0.000982
    0    1   16    5   -0.016905
    0    1   17    5    0.003517
    0    1   18    5   -0.010522
    0    1    1    6    0.025535
    0    1    2    6    0.017927
    0    1    3    6    0.054305
    0    1    4    6    0.244168
    0    1    5    6    0.005018
    0    1    6    6   -0.070780
    0    1    7    6    0.029110
    0    1    8    6   -0.000305
    0    1    9    6    0.134468
    0    1   10    6   -0.030408
    0    1   11    6   -0.002170
    0    1   12    6    0.025185
    0    1   13    6   -0.005245
    0    1   14    6   -0.007792
    0    1   15    6   -0.004840
    0    1   16    6    0.047253
    0    1   17    6   -0.002903
    0    1   18    6    0.012860
    0    1    1    7   -0.006955
    0    1    2    7    0.003435
    0    1    3    7    0.030002
    0    1    4    7    0.700528
    0    1    5    7   -0.022242
    0    1    6    7    0.037085
    0    1    7    7   -0.052682
    0    1    8    7   -0.172113
    0    1    9    7    0.228232
    0    1   10    7   -0.019907
    0    1   11    7   -0.006672
    0    1   12    7   -0.008353
    0    1   13    7   -0.048775
    0    1   14    7    0.000652
    0    1   15    7   -0.003820
    0    1   16    7   -0.071565
    0    1   17    7    0.007565
    0    1   18    7   -0.073157
    0    1    1    8    0.001463
    0    1    2    8    0.001285
    0    1    3    8   -0.007215
    0    1    4    8    0.005315
    0    1    5    8    0.001252
    0    1    6    8    0.002262
    0    1    7    8    0.003253
    0    1    8    8    0.003855
    0    1    9    8   -0.000675
    0    1   10    8    0.000673
    0    1   11    8    0.000320
    0    1   12    8    0.000593
    0    1   13    8   -0.002152
    0    1   14    8    0.003927
    0    1   15    8   -0.001130
    0    1   16    8   -0.005015
    0    1   17    8    0.004942
    0    1   18    8   -0.004522
    0    1    1    9    0.035032
    0    1    2    9   -0.002405
    0    1    3    9   -0.002838
    0    1    4    9    0.115780
    0    1    5    9   -0.000118
    0    1    6    9    0.024325
    0    1    7    9    0.008215
    0    1    8    9   -0.023092
    0    1    9    9   -0.065870
    0    1   10    9    0.003425
    0    1   11    9    0.001880
    0    1   12    9    0.001825
    0    1   13    9   -0.011307
    0    1   14    9   -0.000038
    0    1   15    9   -0.000218
    0    1   16    9   -0.012703
    0    1   17    9    0.000485
    0    1   18    9   -0.015357
    0    1    1   10    0.072110
    0    1    2   10   -0.003527
    0    1    3   10   -0.027482
    0    1    4   10   -1.063163
    0    1    5   10   -0.001820
    0    1    6   10   -0.051138
    0    1    7   10    0.013597
    0    1    8   10    0.253022
    0    1    9   10    0.427535
    0    1   10   10    0.070420
    0    1   11   10   -0.001255
    0    1   12   10   -0.009137
    0    1   13   10    0.039747
    0    1   14   10    0.011768
    0    1   15   10    0.010218
    0    1   16   10    0.090030
    0    1   17   10   -0.000852
    0    1   18   10   -0.007245
    0    1    1   11    0.017385
    0    1    2   11   -0.033555
    0    1    3   11    0.055377
    0    1    4   11    0.121787
    0    1    5   11   -0.002703
    0    1    6   11    0.006305
    0    1    7   11    0.092695
    0    1    8   11   -0.115420
    0    1    9   11   -0.017147
    0    1   10   11   -0.006042
    0    1   11   11   -0.003512
    0    1   12   11    0.002413
    0    1   13   11   -0.001547
    0    1   14   11   -0.013607
    0    1   15   11    0.000505
    0    1   16   11    0.025300
    0    1   17   11    0.056915
    0    1   18   11    0.028860
    0    1    1   12    0.018010
    0    1    2   12    0.805103
    0    1    3   12   -0.144115
    0    1    4   12   -0.169437
    0    1    5   12   -0.551048
    0    1    6   12   -0.031692
    0    1    7   12   -2.314772
    0    1    8   12   -0.378870
    0    1    9   12   -0.007082
    0    1   10   12   -0.012027
    0    1   11   12   -0.124005
    0    1   12   12   -0.008090
    0    1   13   12    0.175655
    0    1   14   12   -0.010227
    0    1   15   12   -0.033592
    0    1   16   12   -0.561377
    0    1   17   12    0.034085
    0    1   18   12    0.029902
    0    1    1   13    0.104305
    0    1    2   13   -0.150877
    0    1    3   13   -0.017333
    0    1    4   13    0.681465
    0    1    5   13   -0.144010
    0    1    6   13    0.113870
    0    1    7   13    0.494805
    0    1    8   13   -0.358077
    0    1    9   13    0.174508
    0    1   10   13    0.006485
    0    1   11   13   -0.011912
    0    1   12   13    0.020720
    0    1   13   13   -0.103122
    0    1   14   13   -0.007273
    0    1   15   13    0.003250
    0    1   16   13    0.012312
    0    1   17   13    0.036210
    0    1   18   13   -0.097660
    0    1    1   14   -0.006418
    0    1    2   14    0.007415
    0    1    3   14    0.000800
    0    1    4   14   -0.013130
    0    1    5   14   -0.003490
    0    1    6   14   -0.002640
    0    1    7   14   -0.013660
    0    1    8   14   -0.026965
    0    1    9   14    0.123085
    0    1   10   14   -0.000200
    0    1   11   14    0.000670
    0    1   12   14   -0.002030
    0    1   13   14    0.001677
    0    1   14   14    0.000420
    0    1   15   14   -0.001020
    0    1   16   14   -0.007308
    0    1   17   14   -0.004457
    0    1   18   14   -0.014320
    0    1    1   15   -1.183728
    0    1    2   15    0.011062
    0    1    3   15   -0.354057
    0    1    4   15   -2.363662
    0    1    5   15    0.009170
    0    1    6   15    0.035183
    0    1    7   15   -0.214265
    0    1    8   15    0.691610
    0    1    9   15    1.047602
    0    1   10   15   -0.076562
    0    1   11   15    0.019645
    0    1   12   15   -0.009540
    0    1   13   15    0.121898
    0    1   14   15    0.044907
    0    1   15   15    0.037545
    0    1   16   15   -1.358483
    0    1   17   15   -0.006360
    0    1   18   15    0.115020
    0    1    1   16   -0.037410
    0    1    2   16    0.003117
    0    1    3   16    0.005595
    0    1    4   16   -0.315112
    0    1    5   16   -0.009215
    0    1    6   16    0.008647
    0    1    7   16   -0.030065
    0    1    8   16    0.074823
    0    1    9   16    0.125762
    0    1   10   16    0.038475
    0    1   11   16   -0.003295
    0    1   12   16   -0.008345
    0    1   13   16    0.009370
    0    1   14   16    0.003132
    0    1   15   16    0.005200
    0    1   16   16   -0.127585
    0    1   17   16    0.001890
    0    1   18   16   -0.044815
    0    1    1   17   -0.003705
    0    1    2   17    0.014475
    0    1    3   17    0.017745
    0    1    4   17   -0.003422
    0    1    5   17   -0.005830
    0    1    6   17   -0.033175
    0    1    7   17   -0.010250
    0    1    8   17    0.002823
    0    1    9   17    0.029578
    0    1   10   17    0.001012
    0    1   11   17   -0.002695
    0    1   12   17   -0.002592
    0    1   13   17   -0.003077
    0    1   14   17   -0.006992
    0    1   15   17    0.000040
    0    1   16   17   -0.006322
    0    1   17   17   -0.012068
    0    1   18   17   -0.015135
    0    1    1   18   -0.110935
    0    1    2   18   -0.018828
    0    1    3   18   -0.086677
    0    1    4   18   -0.165862
    0    1    5   18    0.012015
    0    1    6   18    0.045960
    0    1    7   18   -0.012805
    0    1    8   18    0.103195
    0    1    9   18   -0.579775
    0    1   10   18    0.017840
    0    1   11   18    0.003770
    0    1   12   18   -0.021440
    0    1   13   18    0.019927
    0    1   14   18    0.005413
    0    1   15   18    0.011757
    0    1   16   18   -0.008920
    0    1   17   18    0.002687
    0    1   18   18    0.089935
    1    1    1    1    0.057847
    1    1    2    1   -0.007403
    1    1    3    1   -0.002275
    1    1    4    1    0.026245
    1    1    5    1   -0.004492
    1    1    6    1   -0.114467
    1    1    7    1   -0.001903
    1    1    8    1   -0.002563
    1    1    9    1   -0.055382
    1    1   10    1    0.142918
    1    1   11    1    0.000215
    1    1   12    1    0.024733
    1    1   13    1   -0.013253
    1    1   14    1   -0.002215
    1    1   15    1    0.010870
    1    1   16    1   -0.032200
    1    1   17    1   -0.004792
    1    1   18    1    0.022102
    1    1    1    2   -0.001880
    1    1    2    2    0.015252
    1    1    3    2    0.001445
    1    1    4    2    0.009252
    1    1    5    2    0.002522
    1    1    6    2   -0.057640
    1    1    7    2   -0.000615
    1    1    8    2   -0.000337
    1    1    9    2    0.005025
    1    1   10    2    0.021385
    1    1   11    2   -0.001047
    1    1   12    2   -0.001555
    1    1   13    2    0.029825
    1    1   14    2    0.001907
    1    1   15    2    0.002687
    1    1   16    2    0.002065
    1    1   17    2    0.013185
    1    1   18    2   -0.034267
    1    1    1    3    0.075902
    1    1    2    3   -0.020702
    1    1    3    3    0.072587
    1    1    4    3   -0.011077
    1    1    5    3    0.056168
    1    1    6    3    0.152713
    1    1    7    3   -0.014173
    1    1    8    3    0.072023
    1    1    9    3    0.243017
    1    1   10    3   -0.007883
    1    1   11    3    0.016595
    1    1   12    3    0.025767
    1    1   13    3   -0.011198
    1    1   14    3   -0.012717
    1    1   15    3    0.017632
    1    1   16    3   -0.039820
    1    1   17    3   -0.016248
    1    1   18    3   -0.079635
    1    1    1    4    0.011272
    1    1    2    4    0.010667
    1    1    3    4   -0.043080
    1    1    4    4    0.180265
    1    1    5    4    0.007788
    1    1    6    4    0.517992
    1    1    7    4   -0.029140
    1    1    8    4   -0.031755
    1    1    9    4   -0.106410
    1    1   10    4   -0.524247
    1    1   11    4    0.005157
    1    1   12    4   -0.002395
    1    1   13    4    0.044587
    1    1   14    4    0.002417
    1    1   15    4   -0.052833
    1    1   16    4    0.161310
    1    1   17    4    0.000980
    1    1   18    4    0.078183
    1    1    1    5   -0.004542
    1    1    2    5    0.006808
    1    1    3    5   -0.008335
    1    1    4    5    0.008587
    1    1    5    5    0.000382
    1    1    6    5   -0.026097
    1    1    7    5   -0.022130
    1    1    8    5   -0.001592
    1    1    9    5    0.004907
    1    1   10    5    0.000432
    1    1   11    5    0.001157
    1    1   12    5    0.004970
    1    1   13    5   -0.002867
    1    1   14    5    0.000522
    1    1   15    5   -0.000535
    1    1   16    5   -0.002415
    1    1   17    5    0.001835
    1    1   18    5    0.008425
    1    1    1    6    0.018753
    1    1    2    6    0.003705
    1    1    3    6   -0.022482
    1    1    4    6   -0.033570
    1    1    5    6    0.001415
    1    1    6    6   -0.182245
    1    1    7    6   -0.007640
    1    1    8    6    0.001557
    1    1    9    6   -0.025952
    1    1   10    6    0.139387
    1    1   11    6   -0.008870
    1    1   12    6   -0.046775
    1    1   13    6   -0.001115
    1    1   14    6   -0.000545
    1    1   15    6    0.014540
    1    1   16    6    0.009713
    1    1   17    6   -0.016690
    1    1   18    6    0.081230
    1    1    1    7   -0.044065
    1    1    2    7    0.019203
    1    1    3    7   -0.001490
    1    1    4    7   -0.018947
    1    1    5    7    0.006163
    1    1    6    7   -0.185870
    1    1    7    7   -0.020452
    1    1    8    7   -0.000580
    1    1    9    7    0.028820
    1    1   10    7    0.043620
    1    1   11    7   -0.007947
    1    1   12    7   -0.102558
    1    1   13    7    0.179597
    1    1   14    7    0.000242
    1    1   15    7    0.000125
    1    1   16    7    0.039053
    1    1   17    7   -0.008300
    1    1   18    7    0.056473
    1    1    1    8   -0.005335
    1    1    2    8   -0.022895
    1    1    3    8    0.007733
    1    1    4    8   -0.031235
    1    1    5    8   -0.010750
    1    1    6    8    0.014185
    1    1    7    8    0.078552
    1    1    8    8   -0.012698
    1    1    9    8    0.014097
    1    1   10    8    0.009388
    1    1   11    8   -0.000097
    1    1   12    8    0.006355
    1    1   13    8   -0.006948
    1    1   14    8   -0.001252
    1    1   15    8    0.000507
    1    1   16    8   -0.001337
    1    1   17    8   -0.000565
    1    1   18    8   -0.003247
    1    1    1    9   -0.004462
    1    1    2    9    0.007845
    1    1    3    9    0.036227
    1    1    4    9   -0.027100
    1    1    5    9   -0.001800
    1    1    6    9    0.000513
    1    1    7    9    0.002002
    1    1    8    9    0.000595
    1    1    9    9   -0.198495
    1    1   10    9   -0.002955
    1    1   11    9   -0.002237
    1    1   12    9   -0.017405
    1    1   13    9   -0.018753
    1    1   14    9   -0.004300
    1    1   15    9   -0.001038
    1    1   16    9    0.004060
    1    1   17    9   -0.000148
    1    1   18    9   -0.012485
    1    1    1   10    0.086712
    1    1    2   10   -0.026920
    1    1    3   10   -0.027393
    1    1    4   10    0.018687
    1    1    5   10   -0.003965
    1    1    6   10    0.132465
    1    1    7   10    0.120392
    1    1    8   10   -0.008225
    1    1    9   10   -0.062532
    1    1   10   10   -0.270640
    1    1   11   10    0.008730
    1    1   12   10    0.147487
    1    1   13   10   -0.329683
    1    1   14   10    0.007545
    1    1   15   10   -0.036142
    1    1   16   10   -0.048200
    1    1   17   10    0.006808
    1    1   18   10   -0.038152
    1    1    1   11    0.009588
    1    1    2   11   -0.072993
    1    1    3   11   -0.003530
    1    1    4   11   -0.008685
    1    1    5   11   -0.006515
    1    1    6   11    0.173440
    1    1    7   11   -0.092667
    1    1    8   11    0.004045
    1    1    9   11   -0.020477
    1    1   10   11    0.021528
    1    1   11   11    0.008582
    1    1   12   11    0.040368
    1    1   13   11   -0.070945
    1    1   14   11   -0.003495
    1    1   15   11    0.005630
    1    1   16   11   -0.013757
    1    1   17   11   -0.080542
    1    1   18   11    0.139530
    1    1    1   12    0.007255
    1    1    2   12   -0.026492
    1    1    3   12   -0.007252
    1    1    4   12   -0.058720
    1    1    5   12    0.000248
    1    1    6   12   -0.011862
    1    1    7   12    0.070545
    1    1    8   12   -0.001270
    1    1    9   12    0.003167
    1    1   10   12    0.000238
    1    1   11   12    0.013080
    1    1   12   12   -0.119398
    1    1   13   12   -0.029915
    1    1   14   12   -0.001822
    1    1   15   12   -0.009882
    1    1   16   12    0.021900
    1    1   17   12   -0.001550
    1    1   18   12    0.017157
    1    1    1   13   -0.026155
    1    1    2   13    0.024720
    1    1    3   13    0.055578
    1    1    4   13   -0.054335
    1    1    5   13   -0.002270
    1    1    6   13   -0.225230
    1    1    7   13   -0.058567
    1    1    8   13   -0.001162
    1    1    9   13    0.021097
    1    1   10   13    0.157990
    1    1   11   13    0.000350
    1    1   12   13   -0.028005
    1    1   13   13    0.079960
    1    1   14   13   -0.004835
    1    1   15   13    0.013367
    1    1   16   13    0.018465
    1    1   17   13   -0.012178
    1    1   18   13   -0.027645
    1    1    1   14   -0.010737
    1    1    2   14   -0.008745
    1    1    3   14   -0.016870
    1    1    4   14   -0.003165
    1    1    5   14    0.016608
    1    1    6   14   -0.029665
    1    1    7   14   -0.067940
    1    1    8   14    0.008930
    1    1    9   14   -0.058125
    1    1   10   14    0.008913
    1    1   11   14    0.004472
    1    1   12   14    0.002153
    1    1   13   14    0.007170
    1    1   14   14    0.004947
    1    1   15   14   -0.002037
    1    1   16   14   -0.001517
    1    1   17   14   -0.006942
    1    1   18   14    0.028905
    1    1    1   15    0.278520
    1    1    2   15   -0.495132
    1    1    3   15   -0.319760
    1    1    4   15   -0.058135
    1    1    5   15   -0.073370
    1    1    6   15    1.663247
    1    1    7   15    1.251555
    1    1    8   15    0.020032
    1    1    9   15   -1.593392
    1    1   10   15    0.410897
    1    1   11   15    0.167970
    1    1   12   15   -1.327652
    1    1   13   15   -2.792317
    1    1   14   15    0.018582
    1    1   15   15   -0.050793
    1    1   16   15   -0.745980
    1    1   17   15    0.107135
    1    1   18   15   -0.199825
    1    1    1   16    0.010195
    1    1    2   16   -0.012425
    1    1    3   16    0.005407
    1    1    4   16    0.047575
    1    1    5   16    0.000065
    1    1    6   16    0.175357
    1    1    7   16   -0.006525
    1    1    8   16   -0.004367
    1    1    9   16    0.061272
    1    1   10   16   -0.045442
    1    1   11   16    0.007287
    1    1   12   16    0.162005
    1    1   13   16   -0.008003
    1    1   14   16    0.001783
    1    1   15   16   -0.000797
    1    1   16   16    0.017365
    1    1   17   16    0.001380
    1    1   18   16   -0.060915
    1    1    1   17    0.000262
    1    1    2   17    0.036798
    1    1    3   17    0.017845
    1    1    4   17    0.010537
    1    1    5   17    0.020018
    1    1    6   17    0.010905
    1    1    7   17   -0.160295
    1    1    8   17    0.032760
    1    1    9   17   -0.018312
    1    1   10   17    0.001172
    1    1   11   17    0.001525
    1    1   12   17   -0.001020
    1    1   13   17    0.018630
    1    1   14   17    0.001687
    1    1   15   17   -0.000965
    1    1   16   17   -0.039775
    1    1   17   17   -0.009010
    1    1   18   17    0.013978
    1    1    1   18   -0.033635
    1    1    2   18   -0.041627
    1    1    3   18    0.002528
    1    1    4   18    0.033505
    1    1    5   18    0.000102
    1    1    6   18    0.399190
    1    1    7   18    0.029403
    1    1    8   18    0.002253
    1    1    9   18    0.399920
    1    1   10   18   -0.013710
    1    1   11   18    0.005160
    1    1   12   18    0.039755
    1    1   13   18   -0.000355
    1    1   14   18   -0.004425
    1    1   15   18    0.004295
    1    1   16   18   -0.039390
    1    1   17   18   -0.011923
    1    1   18   18    0.092488
