 ir1  ir2   m    n          ReH 
   -1   -1    1    1    0.046005
   -1   -1    2    1    0.003742
   -1   -1    3    1   -0.252427
   -1   -1    4    1    0.050457
   -1   -1    5    1   -0.011435
   -1   -1    6    1   -0.023410
   -1   -1    7    1    0.005692
   -1   -1    8    1    0.015027
   -1   -1    9    1   -0.063900
   -1   -1   10    1    0.014895
   -1   -1   11    1   -0.000017
   -1   -1   12    1   -0.005405
   -1   -1   13    1   -0.003182
   -1   -1   14    1   -0.026632
   -1   -1   15    1   -0.010565
   -1   -1   16    1   -0.007065
   -1   -1   17    1    0.012465
   -1   -1   18    1   -0.015862
   -1   -1    1    2   -0.040105
   -1   -1    2    2   -0.000538
   -1   -1    3    2   -0.286422
   -1   -1    4    2   -0.014995
   -1   -1    5    2    0.003145
   -1   -1    6    2    0.000795
   -1   -1    7    2    0.000317
   -1   -1    8    2    0.005707
   -1   -1    9    2    0.028448
   -1   -1   10    2   -0.037920
   -1   -1   11    2    0.025962
   -1   -1   12    2   -0.017267
   -1   -1   13    2    0.020798
   -1   -1   14    2   -0.007895
   -1   -1   15    2    0.005055
   -1   -1   16    2   -0.041955
   -1   -1   17    2    0.005110
   -1   -1   18    2    0.035240
   -1   -1    1    3   -0.007187
   -1   -1    2    3    0.002540
   -1   -1    3    3   -0.039867
   -1   -1    4    3    0.002722
   -1   -1    5    3   -0.004292
   -1   -1    6    3   -0.004802
   -1   -1    7    3   -0.000840
   -1   -1    8    3    0.003282
   -1   -1    9    3   -0.011985
   -1   -1   10    3   -0.000455
   -1   -1   11    3   -0.002328
   -1   -1   12    3    0.007108
   -1   -1   13    3    0.015693
   -1   -1   14    3    0.000748
   -1   -1   15    3   -0.000172
   -1   -1   16    3    0.003117
   -1   -1   17    3   -0.002477
   -1   -1   18    3    0.014918
   -1   -1    1    4   -0.008920
   -1   -1    2    4    0.045697
   -1   -1    3    4   -0.973042
   -1   -1    4    4    0.015197
   -1   -1    5    4   -0.006527
   -1   -1    6    4    0.034895
   -1   -1    7    4   -0.040793
   -1   -1    8    4   -0.002882
   -1   -1    9    4    0.495233
   -1   -1   10    4    0.867562
   -1   -1   11    4   -0.050645
   -1   -1   12    4   -0.222030
   -1   -1   13    4   -0.209847
   -1   -1   14    4   -0.040315
   -1   -1   15    4   -0.031020
   -1   -1   16    4   -0.122395
   -1   -1   17    4   -0.001427
   -1   -1   18    4   -0.056507
   -1   -1    1    5    0.020015
   -1   -1    2    5    0.002035
   -1   -1    3    5    0.024233
   -1   -1    4    5    0.011027
   -1   -1    5    5    0.006587
   -1   -1    6    5    0.000717
   -1   -1    7    5    0.004875
   -1   -1    8    5    0.009345
   -1   -1    9    5   -0.010773
   -1   -1   10    5    0.007332
   -1   -1   11    5    0.016910
   -1   -1   12    5   -0.000575
   -1   -1   13    5    0.003700
   -1   -1   14    5    0.011060
   -1   -1   15    5   -0.001293
   -1   -1   16    5    0.005425
   -1   -1   17    5    0.022807
   -1   -1   18    5   -0.008497
   -1   -1    1    6    0.018910
   -1   -1    2    6    0.001185
   -1   -1    3    6    0.450367
   -1   -1    4    6    0.001470
   -1   -1    5    6    0.022937
   -1   -1    6    6   -0.021825
   -1   -1    7    6    0.016412
   -1   -1    8    6   -0.042225
   -1   -1    9    6   -0.046882
   -1   -1   10    6    0.099245
   -1   -1   11    6    0.067085
   -1   -1   12    6    0.012848
   -1   -1   13    6   -0.028625
   -1   -1   14    6   -0.012755
   -1   -1   15    6   -0.018887
   -1   -1   16    6    0.173142
   -1   -1   17    6    0.000535
   -1   -1   18    6   -0.056473
   -1   -1    1    7   -0.052985
   -1   -1    2    7    0.016162
   -1   -1    3    7    0.457402
   -1   -1    4    7    0.055648
   -1   -1    5    7   -0.107812
   -1   -1    6    7    0.168007
   -1   -1    7    7   -0.031192
   -1   -1    8    7    0.110895
   -1   -1    9    7    0.036330
   -1   -1   10    7    1.712747
   -1   -1   11    7    0.357562
   -1   -1   12    7   -0.030560
   -1   -1   13    7   -0.099705
   -1   -1   14    7    0.573747
   -1   -1   15    7   -0.056275
   -1   -1   16    7   -0.254265
   -1   -1   17    7    0.023555
   -1   -1   18    7    0.255675
   -1   -1    1    8    0.029770
   -1   -1    2    8    0.003532
   -1   -1    3    8    0.028085
   -1   -1    4    8    0.000097
   -1   -1    5    8    0.005732
   -1   -1    6    8   -0.001792
   -1   -1    7    8    0.003448
   -1   -1    8    8   -0.008875
   -1   -1    9    8   -0.003255
   -1   -1   10    8   -0.001155
   -1   -1   11    8   -0.002215
   -1   -1   12    8    0.002750
   -1   -1   13    8   -0.002407
   -1   -1   14    8   -0.005465
   -1   -1   15    8    0.001302
   -1   -1   16    8    0.016102
   -1   -1   17    8    0.029267
   -1   -1   18    8   -0.017145
   -1   -1    1    9   -0.108247
   -1   -1    2    9   -0.012337
   -1   -1    3    9    0.370477
   -1   -1    4    9   -0.000128
   -1   -1    5    9    0.001002
   -1   -1    6    9    0.037425
   -1   -1    7    9   -0.023265
   -1   -1    8    9    0.007212
   -1   -1    9    9    0.191580
   -1   -1   10    9   -0.031430
   -1   -1   11    9   -0.008562
   -1   -1   12    9    0.011582
   -1   -1   13    9    0.001985
   -1   -1   14    9    0.026733
   -1   -1   15    9    0.011095
   -1   -1   16    9   -0.071212
   -1   -1   17    9   -0.006827
   -1   -1   18    9    0.023888
   -1   -1    1   10    0.025010
   -1   -1    2   10   -0.012315
   -1   -1    3   10   -0.277050
   -1   -1    4   10    0.109157
   -1   -1    5   10    0.005780
   -1   -1    6   10    0.013715
   -1   -1    7   10   -0.020355
   -1   -1    8   10   -0.004502
   -1   -1    9   10   -0.001235
   -1   -1   10   10    0.109512
   -1   -1   11   10    0.019977
   -1   -1   12   10   -0.109140
   -1   -1   13   10    0.027618
   -1   -1   14   10   -0.001282
   -1   -1   15   10   -0.287218
   -1   -1   16   10   -0.011528
   -1   -1   17   10   -0.028977
   -1   -1   18   10    0.004967
   -1   -1    1   11   -0.009343
   -1   -1    2   11    0.001283
   -1   -1    3   11    0.003658
   -1   -1    4   11   -0.000845
   -1   -1    5   11   -0.000625
   -1   -1    6   11   -0.000940
   -1   -1    7   11   -0.003490
   -1   -1    8   11    0.007505
   -1   -1    9   11    0.001897
   -1   -1   10   11    0.021505
   -1   -1   11   11    0.012925
   -1   -1   12   11    0.017808
   -1   -1   13   11   -0.004112
   -1   -1   14   11    0.030320
   -1   -1   15   11    0.000128
   -1   -1   16   11    0.007222
   -1   -1   17   11    0.009045
   -1   -1   18   11    0.009422
   -1   -1    1   12   -0.018798
   -1   -1    2   12    0.013150
   -1   -1    3   12    0.079793
   -1   -1    4   12   -0.178303
   -1   -1    5   12   -0.002172
   -1   -1    6   12    0.014090
   -1   -1    7   12    0.022077
   -1   -1    8   12   -0.014767
   -1   -1    9   12   -0.004238
   -1   -1   10   12   -0.151087
   -1   -1   11   12   -0.006728
   -1   -1   12   12   -0.084322
   -1   -1   13   12    0.046885
   -1   -1   14   12   -0.009550
   -1   -1   15   12    0.158677
   -1   -1   16   12    0.060803
   -1   -1   17   12    0.027155
   -1   -1   18   12    0.029640
   -1   -1    1   13   -0.052512
   -1   -1    2   13   -0.011605
   -1   -1    3   13   -0.560102
   -1   -1    4   13   -0.085572
   -1   -1    5   13    0.004305
   -1   -1    6   13   -0.003523
   -1   -1    7   13   -0.013430
   -1   -1    8   13   -0.002250
   -1   -1    9   13    0.035088
   -1   -1   10   13    0.100267
   -1   -1   11   13    0.051297
   -1   -1   12   13    0.075737
   -1   -1   13   13    0.081495
   -1   -1   14   13   -0.037285
   -1   -1   15   13    0.034333
   -1   -1   16   13   -0.029087
   -1   -1   17   13   -0.014130
   -1   -1   18   13    0.016618
   -1   -1    1   14    0.035242
   -1   -1    2   14   -0.002393
   -1   -1    3   14    0.033120
   -1   -1    4   14   -0.003415
   -1   -1    5   14    0.000715
   -1   -1    6   14    0.000527
   -1   -1    7   14    0.001700
   -1   -1    8   14   -0.007822
   -1   -1    9   14   -0.024325
   -1   -1   10   14   -0.021680
   -1   -1   11   14   -0.004112
   -1   -1   12   14   -0.014893
   -1   -1   13   14   -0.006645
   -1   -1   14   14   -0.016025
   -1   -1   15   14    0.003087
   -1   -1   16   14    0.021015
   -1   -1   17   14    0.012500
   -1   -1   18   14   -0.004853
   -1   -1    1   15    0.028752
   -1   -1    2   15    0.000087
   -1   -1    3   15    0.070305
   -1   -1    4   15    0.006393
   -1   -1    5   15    0.000552
   -1   -1    6   15    0.002240
   -1   -1    7   15    0.002080
   -1   -1    8   15   -0.001800
   -1   -1    9   15    0.011040
   -1   -1   10   15   -0.002785
   -1   -1   11   15    0.000530
   -1   -1   12   15    0.001095
   -1   -1   13   15    0.000797
   -1   -1   14   15    0.000448
   -1   -1   15   15    0.007872
   -1   -1   16   15    0.002340
   -1   -1   17   15   -0.003298
   -1   -1   18   15   -0.011762
   -1   -1    1   16    0.198050
   -1   -1    2   16    0.001385
   -1   -1    3   16    1.325352
   -1   -1    4   16   -0.001312
   -1   -1    5   16   -0.008460
   -1   -1    6   16   -0.003770
   -1   -1    7   16    0.006975
   -1   -1    8   16   -0.004448
   -1   -1    9   16   -0.161315
   -1   -1   10   16    0.119600
   -1   -1   11   16   -0.027065
   -1   -1   12   16    0.018423
   -1   -1   13   16   -0.005793
   -1   -1   14   16   -0.047705
   -1   -1   15   16    0.032648
   -1   -1   16   16    0.001660
   -1   -1   17   16   -0.000038
   -1   -1   18   16   -0.004697
   -1   -1    1   17   -0.012307
   -1   -1    2   17    0.003075
   -1   -1    3   17    0.027707
   -1   -1    4   17    0.023655
   -1   -1    5   17   -0.009553
   -1   -1    6   17    0.001633
   -1   -1    7   17   -0.000805
   -1   -1    8   17    0.013488
   -1   -1    9   17    0.002785
   -1   -1   10   17    0.014070
   -1   -1   11   17   -0.026212
   -1   -1   12   17   -0.002025
   -1   -1   13   17   -0.004367
   -1   -1   14   17    0.050373
   -1   -1   15   17    0.007645
   -1   -1   16   17    0.008375
   -1   -1   17   17   -0.002520
   -1   -1   18   17    0.027297
   -1   -1    1   18    0.061907
   -1   -1    2   18   -0.003565
   -1   -1    3   18   -0.004382
   -1   -1    4   18   -0.023403
   -1   -1    5   18   -0.010682
   -1   -1    6   18   -0.019605
   -1   -1    7   18   -0.049155
   -1   -1    8   18    0.013550
   -1   -1    9   18    0.009548
   -1   -1   10   18    0.044812
   -1   -1   11   18   -0.174945
   -1   -1   12   18    0.104692
   -1   -1   13   18   -0.057750
   -1   -1   14   18   -0.092447
   -1   -1   15   18   -0.018520
   -1   -1   16   18   -0.036015
   -1   -1   17   18   -0.040712
   -1   -1   18   18   -0.093253
    0   -1    1    1    0.110262
    0   -1    2    1    0.046010
    0   -1    3    1    0.133740
    0   -1    4    1    1.023697
    0   -1    5    1   -0.009795
    0   -1    6    1   -0.021853
    0   -1    7    1    0.021295
    0   -1    8    1   -0.023505
    0   -1    9    1    0.046902
    0   -1   10    1    0.062550
    0   -1   11    1   -0.017870
    0   -1   12    1   -0.436012
    0   -1   13    1    0.229835
    0   -1   14    1   -0.050405
    0   -1   15    1    0.611910
    0   -1   16    1   -0.340018
    0   -1   17    1   -0.014990
    0   -1   18    1   -0.082855
    0   -1    1    2   -0.020945
    0   -1    2    2    0.014270
    0   -1    3    2   -0.005267
    0   -1    4    2   -0.034662
    0   -1    5    2    0.002208
    0   -1    6    2   -0.016403
    0   -1    7    2    0.002435
    0   -1    8    2    0.002828
    0   -1    9    2    0.020945
    0   -1   10    2   -0.010250
    0   -1   11    2   -0.015465
    0   -1   12    2   -0.009065
    0   -1   13    2   -0.113278
    0   -1   14    2    0.006035
    0   -1   15    2   -0.042240
    0   -1   16    2   -0.005163
    0   -1   17    2    0.027825
    0   -1   18    2    0.004410
    0   -1    1    3    0.008645
    0   -1    2    3    0.011802
    0   -1    3    3    0.017212
    0   -1    4    3   -0.036582
    0   -1    5    3   -0.006263
    0   -1    6    3    0.001145
    0   -1    7    3    0.015688
    0   -1    8    3   -0.015110
    0   -1    9    3   -0.011510
    0   -1   10    3   -0.055852
    0   -1   11    3   -0.011747
    0   -1   12    3    0.002630
    0   -1   13    3   -0.014988
    0   -1   14    3   -0.047447
    0   -1   15    3    0.037200
    0   -1   16    3   -0.002762
    0   -1   17    3    0.013280
    0   -1   18    3   -0.038340
    0   -1    1    4    0.023955
    0   -1    2    4    0.016370
    0   -1    3    4    0.015095
    0   -1    4    4    0.059042
    0   -1    5    4    0.003765
    0   -1    6    4   -0.033690
    0   -1    7    4    0.010285
    0   -1    8    4   -0.003550
    0   -1    9    4    0.005915
    0   -1   10    4   -0.008542
    0   -1   11    4    0.005792
    0   -1   12    4   -0.067060
    0   -1   13    4   -0.009770
    0   -1   14    4   -0.001262
    0   -1   15    4    0.186937
    0   -1   16    4   -0.062122
    0   -1   17    4   -0.005215
    0   -1   18    4   -0.072417
    0   -1    1    5    0.012230
    0   -1    2    5    0.014835
    0   -1    3    5   -0.005897
    0   -1    4    5    0.021730
    0   -1    5    5    0.012695
    0   -1    6    5    0.003688
    0   -1    7    5    0.008828
    0   -1    8    5    0.001720
    0   -1    9    5   -0.012075
    0   -1   10    5    0.014467
    0   -1   11    5    0.027015
    0   -1   12    5   -0.169860
    0   -1   13    5    0.076865
    0   -1   14    5    0.014453
    0   -1   15    5    0.066267
    0   -1   16    5    0.008223
    0   -1   17    5   -0.015557
    0   -1   18    5   -0.068447
    0   -1    1    6    0.040540
    0   -1    2    6   -0.031880
    0   -1    3    6    0.033800
    0   -1    4    6    0.049955
    0   -1    5    6    0.003272
    0   -1    6    6    0.050010
    0   -1    7    6    0.030530
    0   -1    8    6   -0.002648
    0   -1    9    6   -0.029450
    0   -1   10    6    0.043425
    0   -1   11    6   -0.032087
    0   -1   12    6   -0.089792
    0   -1   13    6   -0.147125
    0   -1   14    6    0.008890
    0   -1   15    6   -0.038947
    0   -1   16    6   -0.012920
    0   -1   17    6    0.046372
    0   -1   18    6   -0.001373
    0   -1    1    7   -0.048493
    0   -1    2    7    0.087888
    0   -1    3    7   -0.011697
    0   -1    4    7   -0.001655
    0   -1    5    7   -0.003337
    0   -1    6    7   -0.058427
    0   -1    7    7   -0.226375
    0   -1    8    7    0.002932
    0   -1    9    7    0.012395
    0   -1   10    7   -0.082755
    0   -1   11    7    0.204120
    0   -1   12    7   -0.000560
    0   -1   13    7    1.280027
    0   -1   14    7   -0.004010
    0   -1   15    7   -0.291820
    0   -1   16    7    0.068650
    0   -1   17    7   -0.657080
    0   -1   18    7    0.072148
    0   -1    1    8   -0.004060
    0   -1    2    8    0.013593
    0   -1    3    8    0.161905
    0   -1    4    8   -0.005192
    0   -1    5    8   -0.008697
    0   -1    6    8    0.046357
    0   -1    7    8    0.021980
    0   -1    8    8   -0.000690
    0   -1    9    8   -0.052430
    0   -1   10    8   -0.192420
    0   -1   11    8    0.270425
    0   -1   12    8   -0.178602
    0   -1   13    8    0.221395
    0   -1   14    8    0.008885
    0   -1   15    8   -0.001255
    0   -1   16    8    0.035745
    0   -1   17    8   -0.002817
    0   -1   18    8   -0.151282
    0   -1    1    9   -0.162457
    0   -1    2    9    0.043307
    0   -1    3    9   -0.145745
    0   -1    4    9   -0.956707
    0   -1    5    9    0.018005
    0   -1    6    9    0.078765
    0   -1    7    9   -0.048115
    0   -1    8    9    0.015032
    0   -1    9    9   -0.040212
    0   -1   10    9    0.073935
    0   -1   11    9    0.031898
    0   -1   12    9    1.154470
    0   -1   13    9   -0.124402
    0   -1   14    9    0.010160
    0   -1   15    9   -0.022710
    0   -1   16    9    0.157632
    0   -1   17    9    0.010460
    0   -1   18    9    0.008197
    0   -1    1   10   -0.013015
    0   -1    2   10   -0.004165
    0   -1    3   10   -0.004282
    0   -1    4   10    0.006933
    0   -1    5   10    0.000228
    0   -1    6   10   -0.007127
    0   -1    7   10    0.018042
    0   -1    8   10   -0.001148
    0   -1    9   10    0.003490
    0   -1   10   10   -0.078793
    0   -1   11   10    0.000780
    0   -1   12   10   -0.013537
    0   -1   13   10   -0.073618
    0   -1   14   10   -0.000967
    0   -1   15   10    0.050378
    0   -1   16   10   -0.013598
    0   -1   17   10    0.010875
    0   -1   18   10    0.010290
    0   -1    1   11    0.004530
    0   -1    2   11    0.009440
    0   -1    3   11   -0.005750
    0   -1    4   11    0.011192
    0   -1    5   11    0.003390
    0   -1    6   11   -0.008915
    0   -1    7   11    0.001757
    0   -1    8   11    0.000027
    0   -1    9   11   -0.004428
    0   -1   10   11   -0.001050
    0   -1   11   11    0.003430
    0   -1   12   11   -0.033535
    0   -1   13   11    0.014000
    0   -1   14   11    0.002832
    0   -1   15   11    0.094507
    0   -1   16   11    0.000313
    0   -1   17   11   -0.014390
    0   -1   18   11   -0.017247
    0   -1    1   12   -0.025355
    0   -1    2   12   -0.001145
    0   -1    3   12   -0.008333
    0   -1    4   12    0.002743
    0   -1    5   12    0.006232
    0   -1    6   12    0.045202
    0   -1    7   12    0.004517
    0   -1    8   12    0.002620
    0   -1    9   12    0.004950
    0   -1   10   12   -0.002568
    0   -1   11   12    0.013002
    0   -1   12   12   -0.193975
    0   -1   13   12   -0.021582
    0   -1   14   12    0.005118
    0   -1   15   12    1.031095
    0   -1   16   12    0.040677
    0   -1   17   12    0.007640
    0   -1   18   12    0.038722
    0   -1    1   13   -0.012835
    0   -1    2   13    0.000380
    0   -1    3   13    0.009868
    0   -1    4   13   -0.017202
    0   -1    5   13   -0.001885
    0   -1    6   13    0.032612
    0   -1    7   13   -0.003232
    0   -1    8   13    0.001017
    0   -1    9   13    0.007407
    0   -1   10   13   -0.012738
    0   -1   11   13   -0.013650
    0   -1   12   13    0.021100
    0   -1   13   13   -0.119903
    0   -1   14   13   -0.000008
    0   -1   15   13    0.475182
    0   -1   16   13   -0.013627
    0   -1   17   13    0.053997
    0   -1   18   13   -0.030285
    0   -1    1   14    0.032865
    0   -1    2   14   -0.001392
    0   -1    3   14    0.005015
    0   -1    4   14    0.075637
    0   -1    5   14    0.002390
    0   -1    6   14    0.018970
    0   -1    7   14   -0.002020
    0   -1    8   14   -0.001072
    0   -1    9   14   -0.020377
    0   -1   10   14   -0.011095
    0   -1   11   14    0.001855
    0   -1   12   14   -0.122522
    0   -1   13   14    0.008935
    0   -1   14   14    0.008802
    0   -1   15   14    0.046170
    0   -1   16   14   -0.000110
    0   -1   17   14    0.001090
    0   -1   18   14   -0.014065
    0   -1    1   15   -0.001893
    0   -1    2   15    0.006460
    0   -1    3   15    0.056395
    0   -1    4   15    0.007342
    0   -1    5   15   -0.004747
    0   -1    6   15   -0.001427
    0   -1    7   15   -0.001285
    0   -1    8   15   -0.004032
    0   -1    9   15   -0.008120
    0   -1   10   15    0.035830
    0   -1   11   15   -0.000550
    0   -1   12   15   -0.000583
    0   -1   13   15    0.046122
    0   -1   14   15   -0.004108
    0   -1   15   15   -0.053325
    0   -1   16   15   -0.009560
    0   -1   17   15    0.000830
    0   -1   18   15    0.009312
    0   -1    1   16    0.078385
    0   -1    2   16   -0.047615
    0   -1    3   16    0.021390
    0   -1    4   16    0.317510
    0   -1    5   16    0.005782
    0   -1    6   16    0.074922
    0   -1    7   16   -0.038007
    0   -1    8   16   -0.007743
    0   -1    9   16   -0.065982
    0   -1   10   16   -0.011825
    0   -1   11   16    0.083782
    0   -1   12   16   -0.172207
    0   -1   13   16    0.550607
    0   -1   14   16   -0.007120
    0   -1   15   16   -0.446400
    0   -1   16   16    0.031582
    0   -1   17   16   -0.068012
    0   -1   18   16   -0.024455
    0   -1    1   17    0.004532
    0   -1    2   17   -0.004010
    0   -1    3   17   -0.013232
    0   -1    4   17   -0.006395
    0   -1    5   17    0.010870
    0   -1    6   17   -0.019977
    0   -1    7   17   -0.009867
    0   -1    8   17   -0.000860
    0   -1    9   17   -0.001655
    0   -1   10   17    0.018360
    0   -1   11   17    0.092610
    0   -1   12   17    0.023635
    0   -1   13   17    0.110145
    0   -1   14   17    0.012665
    0   -1   15   17    0.030507
    0   -1   16   17   -0.003505
    0   -1   17   17   -0.051205
    0   -1   18   17    0.040333
    0   -1    1   18    0.042883
    0   -1    2   18    0.018037
    0   -1    3   18   -0.024493
    0   -1    4   18   -0.013325
    0   -1    5   18   -0.004347
    0   -1    6   18    0.014195
    0   -1    7   18   -0.046890
    0   -1    8   18    0.005595
    0   -1    9   18   -0.023900
    0   -1   10   18    0.046563
    0   -1   11   18    0.016390
    0   -1   12   18    0.246500
    0   -1   13   18    0.287795
    0   -1   14   18    0.017405
    0   -1   15   18   -0.541545
    0   -1   16   18   -0.001477
    0   -1   17   18   -0.054415
    0   -1   18   18   -0.125767
    1   -1    1    1   -0.017357
    1   -1    2    1    0.002455
    1   -1    3    1   -0.004262
    1   -1    4    1    0.000982
    1   -1    5    1    0.003737
    1   -1    6    1   -0.050373
    1   -1    7    1    0.026762
    1   -1    8    1    0.002730
    1   -1    9    1   -0.029993
    1   -1   10    1   -0.019543
    1   -1   11    1    0.000077
    1   -1   12    1   -0.001048
    1   -1   13    1    0.063903
    1   -1   14    1    0.007507
    1   -1   15    1    1.241662
    1   -1   16    1    0.042652
    1   -1   17    1    0.001397
    1   -1   18    1    0.000510
    1   -1    1    2    0.002470
    1   -1    2    2    0.001927
    1   -1    3    2    0.001847
    1   -1    4    2   -0.000023
    1   -1    5    2    0.000023
    1   -1    6    2   -0.002922
    1   -1    7    2    0.000313
    1   -1    8    2    0.000277
    1   -1    9    2   -0.000482
    1   -1   10    2   -0.001672
    1   -1   11    2    0.000313
    1   -1   12    2    0.002840
    1   -1   13    2    0.005698
    1   -1   14    2   -0.000957
    1   -1   15    2   -0.049307
    1   -1   16    2    0.000195
    1   -1   17    2   -0.002465
    1   -1   18    2   -0.007570
    1   -1    1    3    0.001652
    1   -1    2    3    0.000023
    1   -1    3    3    0.004670
    1   -1    4    3    0.002307
    1   -1    5    3   -0.000032
    1   -1    6    3   -0.008005
    1   -1    7    3    0.018357
    1   -1    8    3   -0.000705
    1   -1    9    3    0.001350
    1   -1   10    3   -0.006272
    1   -1   11    3   -0.005337
    1   -1   12    3   -0.012497
    1   -1   13    3   -0.059200
    1   -1   14    3    0.000815
    1   -1   15    3   -0.242905
    1   -1   16    3   -0.000520
    1   -1   17    3    0.013618
    1   -1   18    3   -0.004772
    1   -1    1    4   -0.003530
    1   -1    2    4   -0.001848
    1   -1    3    4    0.000387
    1   -1    4    4    0.001010
    1   -1    5    4    0.000415
    1   -1    6    4    0.001815
    1   -1    7    4    0.001645
    1   -1    8    4    0.000358
    1   -1    9    4    0.000262
    1   -1   10    4   -0.010148
    1   -1   11    4   -0.001575
    1   -1   12    4    0.000980
    1   -1   13    4   -0.007125
    1   -1   14    4    0.000818
    1   -1   15    4    0.279487
    1   -1   16    4    0.005730
    1   -1   17    4   -0.001265
    1   -1   18    4    0.008355
    1   -1    1    5   -0.000635
    1   -1    2    5   -0.000648
    1   -1    3    5    0.001007
    1   -1    4    5    0.000250
    1   -1    5    5   -0.000657
    1   -1    6    5   -0.008488
    1   -1    7    5    0.001932
    1   -1    8    5    0.000027
    1   -1    9    5    0.000402
    1   -1   10    5    0.013045
    1   -1   11    5    0.001002
    1   -1   12    5    0.002415
    1   -1   13    5    0.002613
    1   -1   14    5   -0.000550
    1   -1   15    5    0.021570
    1   -1   16    5    0.002247
    1   -1   17    5   -0.004367
    1   -1   18    5    0.005282
    1   -1    1    6   -0.000100
    1   -1    2    6   -0.005045
    1   -1    3    6   -0.003543
    1   -1    4    6   -0.009855
    1   -1    5    6    0.000670
    1   -1    6    6    0.001655
    1   -1    7    6   -0.002767
    1   -1    8    6    0.000295
    1   -1    9    6    0.004785
    1   -1   10    6    0.043202
    1   -1   11    6   -0.003213
    1   -1   12    6    0.010738
    1   -1   13    6   -0.003512
    1   -1   14    6    0.000160
    1   -1   15    6   -0.041965
    1   -1   16    6   -0.005725
    1   -1   17    6    0.001780
    1   -1   18    6    0.011080
    1   -1    1    7   -0.002025
    1   -1    2    7   -0.000057
    1   -1    3    7    0.007138
    1   -1    4    7    0.009475
    1   -1    5    7   -0.000610
    1   -1    6    7   -0.001660
    1   -1    7    7    0.004252
    1   -1    8    7   -0.000712
    1   -1    9    7   -0.001832
    1   -1   10    7    0.015050
    1   -1   11    7   -0.000657
    1   -1   12    7   -0.003138
    1   -1   13    7    0.011612
    1   -1   14    7   -0.000432
    1   -1   15    7   -0.073222
    1   -1   16    7    0.005595
    1   -1   17    7   -0.019082
    1   -1   18    7   -0.005957
    1   -1    1    8   -0.002110
    1   -1    2    8   -0.000107
    1   -1    3    8    0.002317
    1   -1    4    8    0.003450
    1   -1    5    8    0.001160
    1   -1    6    8    0.013202
    1   -1    7    8    0.005200
    1   -1    8    8   -0.000060
    1   -1    9    8   -0.000482
    1   -1   10    8   -0.000595
    1   -1   11    8   -0.004448
    1   -1   12    8   -0.039658
    1   -1   13    8   -0.027563
    1   -1   14    8    0.000583
    1   -1   15    8    0.077525
    1   -1   16    8    0.003835
    1   -1   17    8    0.014107
    1   -1   18    8    0.004935
    1   -1    1    9    0.020305
    1   -1    2    9    0.001327
    1   -1    3    9    0.001517
    1   -1    4    9    0.026847
    1   -1    5    9   -0.000280
    1   -1    6    9    0.034950
    1   -1    7    9    0.017388
    1   -1    8    9   -0.002047
    1   -1    9    9    0.000165
    1   -1   10    9   -0.178265
    1   -1   11    9    0.003100
    1   -1   12    9    0.063782
    1   -1   13    9   -0.079980
    1   -1   14    9   -0.004987
    1   -1   15    9   -0.068002
    1   -1   16    9   -0.019000
    1   -1   17    9    0.033550
    1   -1   18    9   -0.023033
    1   -1    1   10   -0.005480
    1   -1    2   10   -0.001310
    1   -1    3   10   -0.002307
    1   -1    4   10    0.005070
    1   -1    5   10    0.001715
    1   -1    6   10   -0.022867
    1   -1    7   10    0.010590
    1   -1    8   10    0.000665
    1   -1    9   10    0.000737
    1   -1   10   10   -0.002775
    1   -1   11   10    0.000127
    1   -1   12   10   -0.005665
    1   -1   13   10   -0.015925
    1   -1   14   10    0.000620
    1   -1   15   10   -0.023505
    1   -1   16   10    0.001935
    1   -1   17   10   -0.000995
    1   -1   18   10   -0.003687
    1   -1    1   11    0.000200
    1   -1    2   11   -0.000417
    1   -1    3   11    0.000805
    1   -1    4   11   -0.000185
    1   -1    5   11   -0.000348
    1   -1    6   11   -0.001505
    1   -1    7   11    0.002278
    1   -1    8   11   -0.000100
    1   -1    9   11    0.000295
    1   -1   10   11    0.004665
    1   -1   11   11   -0.000472
    1   -1   12   11    0.004517
    1   -1   13   11   -0.007962
    1   -1   14   11   -0.000335
    1   -1   15   11    0.027443
    1   -1   16   11   -0.000472
    1   -1   17   11    0.001912
    1   -1   18   11   -0.002250
    1   -1    1   12   -0.003490
    1   -1    2   12   -0.000557
    1   -1    3   12    0.001087
    1   -1    4   12   -0.000885
    1   -1    5   12    0.002510
    1   -1    6   12    0.000393
    1   -1    7   12   -0.003033
    1   -1    8   12    0.002162
    1   -1    9   12   -0.003300
    1   -1   10   12    0.015938
    1   -1   11   12   -0.000165
    1   -1   12   12    0.011715
    1   -1   13   12    0.000665
    1   -1   14   12    0.000702
    1   -1   15   12   -0.206742
    1   -1   16   12    0.000545
    1   -1   17   12   -0.000525
    1   -1   18   12   -0.025603
    1   -1    1   13    0.006277
    1   -1    2   13    0.001525
    1   -1    3   13    0.006615
    1   -1    4   13    0.000545
    1   -1    5   13   -0.000760
    1   -1    6   13    0.004312
    1   -1    7   13   -0.001978
    1   -1    8   13   -0.000472
    1   -1    9   13   -0.004320
    1   -1   10   13   -0.011158
    1   -1   11   13    0.001330
    1   -1   12   13   -0.003532
    1   -1   13   13   -0.001465
    1   -1   14   13   -0.001427
    1   -1   15   13   -0.014195
    1   -1   16   13    0.007128
    1   -1   17   13   -0.002043
    1   -1   18   13   -0.010115
    1   -1    1   14   -0.002887
    1   -1    2   14   -0.001330
    1   -1    3   14   -0.001222
    1   -1    4   14    0.003530
    1   -1    5   14    0.000228
    1   -1    6   14   -0.000125
    1   -1    7   14    0.001218
    1   -1    8   14    0.000195
    1   -1    9   14    0.000292
    1   -1   10   14    0.011825
    1   -1   11   14    0.001497
    1   -1   12   14   -0.005468
    1   -1   13   14   -0.003242
    1   -1   14   14    0.000647
    1   -1   15   14    0.117808
    1   -1   16   14    0.001405
    1   -1   17   14   -0.000202
    1   -1   18   14   -0.000113
    1   -1    1   15   -0.004253
    1   -1    2   15   -0.000292
    1   -1    3   15    0.002552
    1   -1    4   15    0.012055
    1   -1    5   15   -0.000045
    1   -1    6   15   -0.024975
    1   -1    7   15    0.017895
    1   -1    8   15    0.000055
    1   -1    9   15   -0.006137
    1   -1   10   15    0.007610
    1   -1   11   15    0.002125
    1   -1   12   15   -0.025732
    1   -1   13   15   -0.020912
    1   -1   14   15   -0.000772
    1   -1   15   15    0.021508
    1   -1   16   15    0.009638
    1   -1   17   15    0.000817
    1   -1   18   15    0.008300
    1   -1    1   16   -0.016355
    1   -1    2   16   -0.006267
    1   -1    3   16    0.001102
    1   -1    4   16    0.002152
    1   -1    5   16   -0.000978
    1   -1    6   16   -0.007777
    1   -1    7   16    0.003662
    1   -1    8   16   -0.000687
    1   -1    9   16   -0.000458
    1   -1   10   16   -0.050185
    1   -1   11   16   -0.001172
    1   -1   12   16    0.010990
    1   -1   13   16   -0.043135
    1   -1   14   16    0.000752
    1   -1   15   16    0.370185
    1   -1   16   16    0.001445
    1   -1   17   16    0.007215
    1   -1   18   16   -0.001177
    1   -1    1   17   -0.000060
    1   -1    2   17   -0.004255
    1   -1    3   17    0.001437
    1   -1    4   17    0.002615
    1   -1    5   17   -0.000725
    1   -1    6   17   -0.005313
    1   -1    7   17    0.003105
    1   -1    8   17   -0.000350
    1   -1    9   17   -0.001453
    1   -1   10   17    0.001398
    1   -1   11   17   -0.000040
    1   -1   12   17    0.000802
    1   -1   13   17    0.001668
    1   -1   14   17   -0.001220
    1   -1   15   17   -0.007460
    1   -1   16   17   -0.000053
    1   -1   17   17    0.000910
    1   -1   18   17    0.022882
    1   -1    1   18    0.001867
    1   -1    2   18    0.004395
    1   -1    3   18   -0.002425
    1   -1    4   18   -0.004242
    1   -1    5   18   -0.003380
    1   -1    6   18    0.011022
    1   -1    7   18   -0.006295
    1   -1    8   18   -0.002013
    1   -1    9   18    0.003195
    1   -1   10   18    0.020712
    1   -1   11   18    0.002835
    1   -1   12   18    0.017297
    1   -1   13   18    0.022185
    1   -1   14   18    0.000122
    1   -1   15   18   -0.018010
    1   -1   16   18   -0.003498
    1   -1   17   18   -0.003492
    1   -1   18   18    0.013035
   -1    0    1    1   -0.177105
   -1    0    2    1    0.002647
   -1    0    3    1    0.030948
   -1    0    4    1   -0.017683
   -1    0    5    1    0.009265
   -1    0    6    1   -0.005443
   -1    0    7    1    0.009610
   -1    0    8    1   -0.023845
   -1    0    9    1    0.095242
   -1    0   10    1   -0.021233
   -1    0   11    1    0.001453
   -1    0   12    1    0.030150
   -1    0   13    1    0.009425
   -1    0   14    1    0.015042
   -1    0   15    1    0.020702
   -1    0   16    1   -0.011972
   -1    0   17    1   -0.014797
   -1    0   18    1    0.004043
   -1    0    1    2   -0.712923
   -1    0    2    2   -0.018897
   -1    0    3    2   -0.324960
   -1    0    4    2    0.003775
   -1    0    5    2   -0.000480
   -1    0    6    2    0.009177
   -1    0    7    2   -0.001690
   -1    0    8    2   -0.760537
   -1    0    9    2    0.074685
   -1    0   10    2   -0.032583
   -1    0   11    2   -0.004877
   -1    0   12    2   -0.012092
   -1    0   13    2   -0.012932
   -1    0   14    2    0.105702
   -1    0   15    2   -0.011853
   -1    0   16    2   -0.150170
   -1    0   17    2    0.887970
   -1    0   18    2    0.152790
   -1    0    1    3    0.013455
   -1    0    2    3    0.005355
   -1    0    3    3   -0.006765
   -1    0    4    3    0.002850
   -1    0    5    3    0.000990
   -1    0    6    3   -0.025432
   -1    0    7    3    0.013307
   -1    0    8    3    0.015562
   -1    0    9    3   -0.001852
   -1    0   10    3   -0.001208
   -1    0   11    3    0.004160
   -1    0   12    3   -0.002220
   -1    0   13    3    0.020340
   -1    0   14    3   -0.005768
   -1    0   15    3   -0.000410
   -1    0   16    3    0.031037
   -1    0   17    3   -0.000252
   -1    0   18    3    0.002980
   -1    0    1    4    3.245452
   -1    0    2    4   -0.018400
   -1    0    3    4    0.017560
   -1    0    4    4    0.003463
   -1    0    5    4    0.037137
   -1    0    6    4   -0.028212
   -1    0    7    4    0.036080
   -1    0    8    4   -0.877122
   -1    0    9    4    0.080138
   -1    0   10    4    0.074548
   -1    0   11    4   -0.013962
   -1    0   12    4    0.076933
   -1    0   13    4   -0.020422
   -1    0   14    4    0.153857
   -1    0   15    4    0.333157
   -1    0   16    4    0.015407
   -1    0   17    4    0.005318
   -1    0   18    4   -0.127767
   -1    0    1    5   -0.034748
   -1    0    2    5   -0.009958
   -1    0    3    5   -0.039223
   -1    0    4    5    0.001218
   -1    0    5    5   -0.008550
   -1    0    6    5   -0.007435
   -1    0    7    5    0.007380
   -1    0    8    5   -0.043880
   -1    0    9    5    0.018177
   -1    0   10    5   -0.000190
   -1    0   11    5    0.000520
   -1    0   12    5    0.005565
   -1    0   13    5   -0.000788
   -1    0   14    5   -0.012417
   -1    0   15    5    0.009615
   -1    0   16    5    0.005892
   -1    0   17    5   -0.058798
   -1    0   18    5   -0.003165
   -1    0    1    6   -1.320440
   -1    0    2    6    0.242622
   -1    0    3    6    1.450287
   -1    0    4    6   -0.084303
   -1    0    5    6    0.334447
   -1    0    6    6   -0.031563
   -1    0    7    6   -0.044155
   -1    0    8    6   -0.547627
   -1    0    9    6   -1.577477
   -1    0   10    6   -3.163455
   -1    0   11    6   -0.137240
   -1    0   12    6    0.288505
   -1    0   13    6    0.000742
   -1    0   14    6    0.053442
   -1    0   15    6   -0.173215
   -1    0   16    6   -3.264227
   -1    0   17    6   -0.122967
   -1    0   18    6   -0.225740
   -1    0    1    7    3.226827
   -1    0    2    7   -0.057147
   -1    0    3    7    0.204885
   -1    0    4    7    0.096005
   -1    0    5    7   -0.088785
   -1    0    6    7   -0.088110
   -1    0    7    7    0.017218
   -1    0    8    7   -0.129833
   -1    0    9    7    0.793625
   -1    0   10    7    0.955615
   -1    0   11    7    0.038858
   -1    0   12    7   -0.008502
   -1    0   13    7    0.015797
   -1    0   14    7    0.186487
   -1    0   15    7    2.479340
   -1    0   16    7    0.472140
   -1    0   17    7    0.174010
   -1    0   18    7   -0.086598
   -1    0    1    8    0.001697
   -1    0    2    8    0.000080
   -1    0    3    8   -0.002405
   -1    0    4    8    0.002017
   -1    0    5    8    0.000675
   -1    0    6    8    0.004310
   -1    0    7    8   -0.001277
   -1    0    8    8   -0.010852
   -1    0    9    8   -0.006895
   -1    0   10    8   -0.001105
   -1    0   11    8   -0.000317
   -1    0   12    8    0.001475
   -1    0   13    8   -0.001097
   -1    0   14    8   -0.000815
   -1    0   15    8    0.002252
   -1    0   16    8   -0.000198
   -1    0   17    8   -0.003097
   -1    0   18    8   -0.002875
   -1    0    1    9   -1.081185
   -1    0    2    9   -0.001455
   -1    0    3    9   -0.015065
   -1    0    4    9   -0.012257
   -1    0    5    9    0.002502
   -1    0    6    9    0.012595
   -1    0    7    9   -0.008770
   -1    0    8    9   -0.019082
   -1    0    9    9   -0.045530
   -1    0   10    9   -0.093775
   -1    0   11    9   -0.001200
   -1    0   12    9    0.007082
   -1    0   13    9   -0.002855
   -1    0   14    9   -0.007670
   -1    0   15    9    0.032528
   -1    0   16    9   -0.044150
   -1    0   17    9   -0.148440
   -1    0   18    9    0.005785
   -1    0    1   10    1.971022
   -1    0    2   10    0.397997
   -1    0    3   10   -0.348015
   -1    0    4   10    0.057005
   -1    0    5   10   -1.328070
   -1    0    6   10    0.105865
   -1    0    7   10   -0.092387
   -1    0    8   10   -0.229907
   -1    0    9   10   -0.180330
   -1    0   10   10    0.015640
   -1    0   11   10   -0.667317
   -1    0   12   10    0.092517
   -1    0   13   10   -0.047420
   -1    0   14   10   -1.909970
   -1    0   15   10   -0.010797
   -1    0   16   10   -3.423852
   -1    0   17   10    0.032107
   -1    0   18   10    0.212212
   -1    0    1   11   -0.051895
   -1    0    2   11   -0.010465
   -1    0    3   11    0.241090
   -1    0    4   11   -0.000410
   -1    0    5   11    0.005677
   -1    0    6   11    0.005195
   -1    0    7   11   -0.018840
   -1    0    8   11    0.322500
   -1    0    9   11    0.046282
   -1    0   10   11    0.011815
   -1    0   11   11    0.008170
   -1    0   12   11    0.017057
   -1    0   13   11   -0.001710
   -1    0   14   11    0.068193
   -1    0   15   11    0.009287
   -1    0   16   11    0.002580
   -1    0   17   11    0.555670
   -1    0   18   11    0.036455
   -1    0    1   12   -0.027673
   -1    0    2   12   -0.036628
   -1    0    3   12    0.727970
   -1    0    4   12    0.102265
   -1    0    5   12   -0.088958
   -1    0    6   12    0.105967
   -1    0    7   12   -0.048215
   -1    0    8   12   -0.205100
   -1    0    9   12   -0.196495
   -1    0   10   12   -0.147132
   -1    0   11   12    0.065287
   -1    0   12   12   -0.271157
   -1    0   13   12   -0.000478
   -1    0   14   12    0.234385
   -1    0   15   12    0.025337
   -1    0   16   12    0.101282
   -1    0   17   12   -2.192610
   -1    0   18   12    0.238065
   -1    0    1   13   -0.672630
   -1    0    2   13   -0.021608
   -1    0    3   13   -0.198995
   -1    0    4   13   -0.049895
   -1    0    5   13    0.113062
   -1    0    6   13    0.112640
   -1    0    7   13   -0.057300
   -1    0    8   13   -0.676580
   -1    0    9   13   -0.674497
   -1    0   10   13   -1.291630
   -1    0   11   13   -0.132660
   -1    0   12   13   -0.013543
   -1    0   13   13   -0.065282
   -1    0   14   13    0.398122
   -1    0   15   13    1.291308
   -1    0   16   13   -0.625600
   -1    0   17   13    0.094317
   -1    0   18   13    0.608187
   -1    0    1   14   -0.026185
   -1    0    2   14   -0.004360
   -1    0    3   14   -0.020077
   -1    0    4   14    0.001415
   -1    0    5   14   -0.004460
   -1    0    6   14    0.006555
   -1    0    7   14   -0.001205
   -1    0    8   14   -0.011998
   -1    0    9   14   -0.019085
   -1    0   10   14    0.001820
   -1    0   11   14    0.000272
   -1    0   12   14   -0.002985
   -1    0   13   14   -0.003210
   -1    0   14   14   -0.016257
   -1    0   15   14    0.002905
   -1    0   16   14    0.000760
   -1    0   17   14    0.013963
   -1    0   18   14    0.002155
   -1    0    1   15    0.049527
   -1    0    2   15    0.010040
   -1    0    3   15    0.005460
   -1    0    4   15   -0.400175
   -1    0    5   15    0.007587
   -1    0    6   15   -0.007772
   -1    0    7   15   -0.008432
   -1    0    8   15    0.006625
   -1    0    9   15    0.006987
   -1    0   10   15    0.026863
   -1    0   11   15    0.006998
   -1    0   12   15    0.196305
   -1    0   13   15    0.046422
   -1    0   14   15    0.009720
   -1    0   15   15    0.218457
   -1    0   16   15    0.012770
   -1    0   17   15   -0.017662
   -1    0   18   15   -0.027730
   -1    0    1   16    3.819105
   -1    0    2   16    0.000998
   -1    0    3   16   -0.154572
   -1    0    4   16    0.031317
   -1    0    5   16   -0.052525
   -1    0    6   16   -0.035807
   -1    0    7   16    0.017442
   -1    0    8   16    0.552028
   -1    0    9   16   -0.036950
   -1    0   10   16    0.256217
   -1    0   11   16   -0.002918
   -1    0   12   16   -0.029505
   -1    0   13   16    0.014188
   -1    0   14   16   -0.035742
   -1    0   15   16    0.233992
   -1    0   16   16    0.139685
   -1    0   17   16    0.402560
   -1    0   18   16   -0.008602
   -1    0    1   17   -0.188965
   -1    0    2   17   -0.126417
   -1    0    3   17    2.332848
   -1    0    4   17   -0.001185
   -1    0    5   17   -1.031100
   -1    0    6   17    0.074170
   -1    0    7   17   -0.088007
   -1    0    8   17    0.142910
   -1    0    9   17    0.067172
   -1    0   10   17    0.013695
   -1    0   11   17    0.131662
   -1    0   12   17   -0.016450
   -1    0   13   17   -0.044358
   -1    0   14   17   -1.762580
   -1    0   15   17    0.002472
   -1    0   16   17    0.990928
   -1    0   17   17    0.015037
   -1    0   18   17    0.205600
   -1    0    1   18    0.506055
   -1    0    2   18   -0.012330
   -1    0    3   18   -0.814542
   -1    0    4   18   -0.005817
   -1    0    5   18   -0.191770
   -1    0    6   18    0.046620
   -1    0    7   18   -0.059217
   -1    0    8   18    0.175972
   -1    0    9   18   -0.293285
   -1    0   10   18    0.054700
   -1    0   11   18   -0.036832
   -1    0   12   18    0.078268
   -1    0   13   18   -0.055370
   -1    0   14   18   -0.181853
   -1    0   15   18   -0.160842
   -1    0   16   18   -0.149398
   -1    0   17   18   -1.613383
   -1    0   18   18   -0.168167
    0    0    1    1    2.112015
    0    0    2    1   -0.303195
    0    0    3    1    0.323240
    0    0    4    1    0.733220
    0    0    5    1    0.140980
    0    0    6    1    0.652190
    0    0    7    1   -0.374637
    0    0    8    1   -0.444825
    0    0    9    1   -2.755915
    0    0   10    1   -0.425277
    0    0   11    1    0.149810
    0    0   12    1   -0.751467
    0    0   13    1   -0.139307
    0    0   14    1    0.186337
    0    0   15    1   -1.645452
    0    0   16    1    1.764025
    0    0   17    1    0.483672
    0    0   18    1    0.081835
    0    0    1    2   -0.303195
    0    0    2    2   -2.956427
    0    0    3    2    0.037740
    0    0    4    2    0.435343
    0    0    5    2    2.901968
    0    0    6    2    1.676665
    0    0    7    2   -0.222132
    0    0    8    2   -0.145607
    0    0    9    2   -0.033578
    0    0   10    2    0.603217
    0    0   11    2   -1.536542
    0    0   12    2   -1.069292
    0    0   13    2   -1.867830
    0    0   14    2    1.405163
    0    0   15    2    0.116610
    0    0   16    2   -0.323225
    0    0   17    2   -3.742892
    0    0   18    2    0.494410
    0    0    1    3    0.323240
    0    0    2    3    0.037740
    0    0    3    3  -12.143035
    0    0    4    3    0.069472
    0    0    5    3    0.096957
    0    0    6    3    0.560562
    0    0    7    3    0.003965
    0    0    8    3    0.731247
    0    0    9    3   -0.585862
    0    0   10    3    0.184685
    0    0   11    3    0.021997
    0    0   12    3    0.086352
    0    0   13    3    0.008155
    0    0   14    3    0.778082
    0    0   15    3    0.043075
    0    0   16    3   -0.006540
    0    0   17    3    0.048290
    0    0   18    3   -0.149950
    0    0    1    4    0.733220
    0    0    2    4    0.435343
    0    0    3    4    0.069472
    0    0    4    4    3.198700
    0    0    5    4   -0.008860
    0    0    6    4    2.852530
    0    0    7    4    1.522320
    0    0    8    4   -0.040955
    0    0    9    4    0.175220
    0    0   10    4    0.131372
    0    0   11    4    0.067750
    0    0   12    4   -0.721772
    0    0   13    4    0.067833
    0    0   14    4   -0.002065
    0    0   15    4    0.042772
    0    0   16    4   -3.356030
    0    0   17    4    0.010703
    0    0   18    4    0.124052
    0    0    1    5    0.140980
    0    0    2    5    2.901968
    0    0    3    5    0.096957
    0    0    4    5   -0.008860
    0    0    5    5   -0.100480
    0    0    6    5    0.423092
    0    0    7    5   -0.019992
    0    0    8    5   -0.257283
    0    0    9    5   -0.225293
    0    0   10    5   -0.216105
    0    0   11    5    0.814912
    0    0   12    5   -0.252597
    0    0   13    5    0.003935
    0    0   14    5    1.489897
    0    0   15    5    0.016890
    0    0   16    5   -0.939210
    0    0   17    5    1.162817
    0    0   18    5    1.704217
    0    0    1    6    0.652190
    0    0    2    6    1.676665
    0    0    3    6    0.560562
    0    0    4    6    2.852530
    0    0    5    6    0.423092
    0    0    6    6   -9.226570
    0    0    7    6    1.410555
    0    0    8    6   -0.069102
    0    0    9    6   -0.191713
    0    0   10    6    0.142960
    0    0   11    6    0.004315
    0    0   12    6   -0.648090
    0    0   13    6   -0.076177
    0    0   14    6   -0.074292
    0    0   15    6    0.037905
    0    0   16    6    0.349428
    0    0   17    6   -0.339853
    0    0   18    6   -0.533755
    0    0    1    7   -0.374637
    0    0    2    7   -0.222132
    0    0    3    7    0.003965
    0    0    4    7    1.522320
    0    0    5    7   -0.019992
    0    0    6    7    1.410555
    0    0    7    7  -11.060485
    0    0    8    7    0.111230
    0    0    9    7   -0.009100
    0    0   10    7    0.403840
    0    0   11    7   -0.344815
    0    0   12    7   -0.074533
    0    0   13    7    1.090407
    0    0   14    7    0.095165
    0    0   15    7   -0.032485
    0    0   16    7   -0.437968
    0    0   17    7   -1.061120
    0    0   18    7    1.831712
    0    0    1    8   -0.444825
    0    0    2    8   -0.145607
    0    0    3    8    0.731247
    0    0    4    8   -0.040955
    0    0    5    8   -0.257283
    0    0    6    8   -0.069102
    0    0    7    8    0.111230
    0    0    8    8   -0.962652
    0    0    9    8    0.057993
    0    0   10    8   -0.070060
    0    0   11    8   -0.198552
    0    0   12    8    0.003070
    0    0   13    8   -0.027657
    0    0   14    8    0.359202
    0    0   15    8   -0.192935
    0    0   16    8   -0.561288
    0    0   17    8   -2.314007
    0    0   18    8    0.209417
    0    0    1    9   -2.755915
    0    0    2    9   -0.033578
    0    0    3    9   -0.585862
    0    0    4    9    0.175220
    0    0    5    9   -0.225293
    0    0    6    9   -0.191713
    0    0    7    9   -0.009100
    0    0    8    9    0.057993
    0    0    9    9    3.078830
    0    0   10    9   -0.351590
    0    0   11    9    0.073762
    0    0   12    9    0.186832
    0    0   13    9   -0.366747
    0    0   14    9    0.012300
    0    0   15    9    2.608520
    0    0   16    9    1.138195
    0    0   17    9   -0.013895
    0    0   18    9    0.150707
    0    0    1   10   -0.425277
    0    0    2   10    0.603217
    0    0    3   10    0.184685
    0    0    4   10    0.131372
    0    0    5   10   -0.216105
    0    0    6   10    0.142960
    0    0    7   10    0.403840
    0    0    8   10   -0.070060
    0    0    9   10   -0.351590
    0    0   10   10    4.575258
    0    0   11   10    0.186912
    0    0   12   10    0.940475
    0    0   13   10    0.336462
    0    0   14   10   -0.166112
    0    0   15   10   -1.986345
    0    0   16   10   -3.120640
    0    0   17   10    0.784605
    0    0   18   10   -0.512387
    0    0    1   11    0.149810
    0    0    2   11   -1.536542
    0    0    3   11    0.021997
    0    0    4   11    0.067750
    0    0    5   11    0.814912
    0    0    6   11    0.004315
    0    0    7   11   -0.344815
    0    0    8   11   -0.198552
    0    0    9   11    0.073762
    0    0   10   11    0.186912
    0    0   11   11   -1.394925
    0    0   12   11   -1.345465
    0    0   13   11   -1.050965
    0    0   14   11   -0.547075
    0    0   15   11    0.108928
    0    0   16   11   -1.061085
    0    0   17   11   -1.379385
    0    0   18   11    1.085530
    0    0    1   12   -0.751467
    0    0    2   12   -1.069292
    0    0    3   12    0.086352
    0    0    4   12   -0.721772
    0    0    5   12   -0.252597
    0    0    6   12   -0.648090
    0    0    7   12   -0.074533
    0    0    8   12    0.003070
    0    0    9   12    0.186832
    0    0   10   12    0.940475
    0    0   11   12   -1.345465
    0    0   12   12    6.408715
    0    0   13   12   -1.499962
    0    0   14   12   -0.153423
    0    0   15   12    0.156265
    0    0   16   12    0.141160
    0    0   17   12    0.204570
    0    0   18   12    2.063052
    0    0    1   13   -0.139307
    0    0    2   13   -1.867830
    0    0    3   13    0.008155
    0    0    4   13    0.067833
    0    0    5   13    0.003935
    0    0    6   13   -0.076177
    0    0    7   13    1.090407
    0    0    8   13   -0.027657
    0    0    9   13   -0.366747
    0    0   10   13    0.336462
    0    0   11   13   -1.050965
    0    0   12   13   -1.499962
    0    0   13   13  -11.108410
    0    0   14   13    0.026730
    0    0   15   13    0.081467
    0    0   16   13   -0.003952
    0    0   17   13    3.855308
    0    0   18   13    1.990490
    0    0    1   14    0.186337
    0    0    2   14    1.405163
    0    0    3   14    0.778082
    0    0    4   14   -0.002065
    0    0    5   14    1.489897
    0    0    6   14   -0.074292
    0    0    7   14    0.095165
    0    0    8   14    0.359202
    0    0    9   14    0.012300
    0    0   10   14   -0.166112
    0    0   11   14   -0.547075
    0    0   12   14   -0.153423
    0    0   13   14    0.026730
    0    0   14   14   -1.501377
    0    0   15   14    0.206985
    0    0   16   14   -2.415872
    0    0   17   14    2.939920
    0    0   18   14    0.356040
    0    0    1   15   -1.645452
    0    0    2   15    0.116610
    0    0    3   15    0.043075
    0    0    4   15    0.042772
    0    0    5   15    0.016890
    0    0    6   15    0.037905
    0    0    7   15   -0.032485
    0    0    8   15   -0.192935
    0    0    9   15    2.608520
    0    0   10   15   -1.986345
    0    0   11   15    0.108928
    0    0   12   15    0.156265
    0    0   13   15    0.081467
    0    0   14   15    0.206985
    0    0   15   15   -1.998220
    0    0   16   15   -1.565420
    0    0   17   15   -0.260757
    0    0   18   15   -0.071432
    0    0    1   16    1.764025
    0    0    2   16   -0.323225
    0    0    3   16   -0.006540
    0    0    4   16   -3.356030
    0    0    5   16   -0.939210
    0    0    6   16    0.349428
    0    0    7   16   -0.437968
    0    0    8   16   -0.561288
    0    0    9   16    1.138195
    0    0   10   16   -3.120640
    0    0   11   16   -1.061085
    0    0   12   16    0.141160
    0    0   13   16   -0.003952
    0    0   14   16   -2.415872
    0    0   15   16   -1.565420
    0    0   16   16  -13.158300
    0    0   17   16   -0.026805
    0    0   18   16   -0.387735
    0    0    1   17    0.483672
    0    0    2   17   -3.742892
    0    0    3   17    0.048290
    0    0    4   17    0.010703
    0    0    5   17    1.162817
    0    0    6   17   -0.339853
    0    0    7   17   -1.061120
    0    0    8   17   -2.314007
    0    0    9   17   -0.013895
    0    0   10   17    0.784605
    0    0   11   17   -1.379385
    0    0   12   17    0.204570
    0    0   13   17    3.855308
    0    0   14   17    2.939920
    0    0   15   17   -0.260757
    0    0   16   17   -0.026805
    0    0   17   17   -3.034172
    0    0   18   17   -0.214257
    0    0    1   18    0.081835
    0    0    2   18    0.494410
    0    0    3   18   -0.149950
    0    0    4   18    0.124052
    0    0    5   18    1.704217
    0    0    6   18   -0.533755
    0    0    7   18    1.831712
    0    0    8   18    0.209417
    0    0    9   18    0.150707
    0    0   10   18   -0.512387
    0    0   11   18    1.085530
    0    0   12   18    2.063052
    0    0   13   18    1.990490
    0    0   14   18    0.356040
    0    0   15   18   -0.071432
    0    0   16   18   -0.387735
    0    0   17   18   -0.214257
    0    0   18   18   -3.471387
    1    0    1    1   -0.177105
    1    0    2    1   -0.712923
    1    0    3    1    0.013455
    1    0    4    1    3.245452
    1    0    5    1   -0.034748
    1    0    6    1   -1.320440
    1    0    7    1    3.226827
    1    0    8    1    0.001697
    1    0    9    1   -1.081185
    1    0   10    1    1.971022
    1    0   11    1   -0.051895
    1    0   12    1   -0.027673
    1    0   13    1   -0.672630
    1    0   14    1   -0.026185
    1    0   15    1    0.049527
    1    0   16    1    3.819105
    1    0   17    1   -0.188965
    1    0   18    1    0.506055
    1    0    1    2    0.002647
    1    0    2    2   -0.018897
    1    0    3    2    0.005355
    1    0    4    2   -0.018400
    1    0    5    2   -0.009958
    1    0    6    2    0.242622
    1    0    7    2   -0.057147
    1    0    8    2    0.000080
    1    0    9    2   -0.001455
    1    0   10    2    0.397997
    1    0   11    2   -0.010465
    1    0   12    2   -0.036628
    1    0   13    2   -0.021608
    1    0   14    2   -0.004360
    1    0   15    2    0.010040
    1    0   16    2    0.000998
    1    0   17    2   -0.126417
    1    0   18    2   -0.012330
    1    0    1    3    0.030948
    1    0    2    3   -0.324960
    1    0    3    3   -0.006765
    1    0    4    3    0.017560
    1    0    5    3   -0.039223
    1    0    6    3    1.450287
    1    0    7    3    0.204885
    1    0    8    3   -0.002405
    1    0    9    3   -0.015065
    1    0   10    3   -0.348015
    1    0   11    3    0.241090
    1    0   12    3    0.727970
    1    0   13    3   -0.198995
    1    0   14    3   -0.020077
    1    0   15    3    0.005460
    1    0   16    3   -0.154572
    1    0   17    3    2.332848
    1    0   18    3   -0.814542
    1    0    1    4   -0.017683
    1    0    2    4    0.003775
    1    0    3    4    0.002850
    1    0    4    4    0.003463
    1    0    5    4    0.001218
    1    0    6    4   -0.084303
    1    0    7    4    0.096005
    1    0    8    4    0.002017
    1    0    9    4   -0.012257
    1    0   10    4    0.057005
    1    0   11    4   -0.000410
    1    0   12    4    0.102265
    1    0   13    4   -0.049895
    1    0   14    4    0.001415
    1    0   15    4   -0.400175
    1    0   16    4    0.031317
    1    0   17    4   -0.001185
    1    0   18    4   -0.005817
    1    0    1    5    0.009265
    1    0    2    5   -0.000480
    1    0    3    5    0.000990
    1    0    4    5    0.037137
    1    0    5    5   -0.008550
    1    0    6    5    0.334447
    1    0    7    5   -0.088785
    1    0    8    5    0.000675
    1    0    9    5    0.002502
    1    0   10    5   -1.328070
    1    0   11    5    0.005677
    1    0   12    5   -0.088958
    1    0   13    5    0.113062
    1    0   14    5   -0.004460
    1    0   15    5    0.007587
    1    0   16    5   -0.052525
    1    0   17    5   -1.031100
    1    0   18    5   -0.191770
    1    0    1    6   -0.005443
    1    0    2    6    0.009177
    1    0    3    6   -0.025432
    1    0    4    6   -0.028212
    1    0    5    6   -0.007435
    1    0    6    6   -0.031563
    1    0    7    6   -0.088110
    1    0    8    6    0.004310
    1    0    9    6    0.012595
    1    0   10    6    0.105865
    1    0   11    6    0.005195
    1    0   12    6    0.105967
    1    0   13    6    0.112640
    1    0   14    6    0.006555
    1    0   15    6   -0.007772
    1    0   16    6   -0.035807
    1    0   17    6    0.074170
    1    0   18    6    0.046620
    1    0    1    7    0.009610
    1    0    2    7   -0.001690
    1    0    3    7    0.013307
    1    0    4    7    0.036080
    1    0    5    7    0.007380
    1    0    6    7   -0.044155
    1    0    7    7    0.017218
    1    0    8    7   -0.001277
    1    0    9    7   -0.008770
    1    0   10    7   -0.092387
    1    0   11    7   -0.018840
    1    0   12    7   -0.048215
    1    0   13    7   -0.057300
    1    0   14    7   -0.001205
    1    0   15    7   -0.008432
    1    0   16    7    0.017442
    1    0   17    7   -0.088007
    1    0   18    7   -0.059217
    1    0    1    8   -0.023845
    1    0    2    8   -0.760537
    1    0    3    8    0.015562
    1    0    4    8   -0.877122
    1    0    5    8   -0.043880
    1    0    6    8   -0.547627
    1    0    7    8   -0.129833
    1    0    8    8   -0.010852
    1    0    9    8   -0.019082
    1    0   10    8   -0.229907
    1    0   11    8    0.322500
    1    0   12    8   -0.205100
    1    0   13    8   -0.676580
    1    0   14    8   -0.011998
    1    0   15    8    0.006625
    1    0   16    8    0.552028
    1    0   17    8    0.142910
    1    0   18    8    0.175972
    1    0    1    9    0.095242
    1    0    2    9    0.074685
    1    0    3    9   -0.001852
    1    0    4    9    0.080138
    1    0    5    9    0.018177
    1    0    6    9   -1.577477
    1    0    7    9    0.793625
    1    0    8    9   -0.006895
    1    0    9    9   -0.045530
    1    0   10    9   -0.180330
    1    0   11    9    0.046282
    1    0   12    9   -0.196495
    1    0   13    9   -0.674497
    1    0   14    9   -0.019085
    1    0   15    9    0.006987
    1    0   16    9   -0.036950
    1    0   17    9    0.067172
    1    0   18    9   -0.293285
    1    0    1   10   -0.021233
    1    0    2   10   -0.032583
    1    0    3   10   -0.001208
    1    0    4   10    0.074548
    1    0    5   10   -0.000190
    1    0    6   10   -3.163455
    1    0    7   10    0.955615
    1    0    8   10   -0.001105
    1    0    9   10   -0.093775
    1    0   10   10    0.015640
    1    0   11   10    0.011815
    1    0   12   10   -0.147132
    1    0   13   10   -1.291630
    1    0   14   10    0.001820
    1    0   15   10    0.026863
    1    0   16   10    0.256217
    1    0   17   10    0.013695
    1    0   18   10    0.054700
    1    0    1   11    0.001453
    1    0    2   11   -0.004877
    1    0    3   11    0.004160
    1    0    4   11   -0.013962
    1    0    5   11    0.000520
    1    0    6   11   -0.137240
    1    0    7   11    0.038858
    1    0    8   11   -0.000317
    1    0    9   11   -0.001200
    1    0   10   11   -0.667317
    1    0   11   11    0.008170
    1    0   12   11    0.065287
    1    0   13   11   -0.132660
    1    0   14   11    0.000272
    1    0   15   11    0.006998
    1    0   16   11   -0.002918
    1    0   17   11    0.131662
    1    0   18   11   -0.036832
    1    0    1   12    0.030150
    1    0    2   12   -0.012092
    1    0    3   12   -0.002220
    1    0    4   12    0.076933
    1    0    5   12    0.005565
    1    0    6   12    0.288505
    1    0    7   12   -0.008502
    1    0    8   12    0.001475
    1    0    9   12    0.007082
    1    0   10   12    0.092517
    1    0   11   12    0.017057
    1    0   12   12   -0.271157
    1    0   13   12   -0.013543
    1    0   14   12   -0.002985
    1    0   15   12    0.196305
    1    0   16   12   -0.029505
    1    0   17   12   -0.016450
    1    0   18   12    0.078268
    1    0    1   13    0.009425
    1    0    2   13   -0.012932
    1    0    3   13    0.020340
    1    0    4   13   -0.020422
    1    0    5   13   -0.000788
    1    0    6   13    0.000742
    1    0    7   13    0.015797
    1    0    8   13   -0.001097
    1    0    9   13   -0.002855
    1    0   10   13   -0.047420
    1    0   11   13   -0.001710
    1    0   12   13   -0.000478
    1    0   13   13   -0.065282
    1    0   14   13   -0.003210
    1    0   15   13    0.046422
    1    0   16   13    0.014188
    1    0   17   13   -0.044358
    1    0   18   13   -0.055370
    1    0    1   14    0.015042
    1    0    2   14    0.105702
    1    0    3   14   -0.005768
    1    0    4   14    0.153857
    1    0    5   14   -0.012417
    1    0    6   14    0.053442
    1    0    7   14    0.186487
    1    0    8   14   -0.000815
    1    0    9   14   -0.007670
    1    0   10   14   -1.909970
    1    0   11   14    0.068193
    1    0   12   14    0.234385
    1    0   13   14    0.398122
    1    0   14   14   -0.016257
    1    0   15   14    0.009720
    1    0   16   14   -0.035742
    1    0   17   14   -1.762580
    1    0   18   14   -0.181853
    1    0    1   15    0.020702
    1    0    2   15   -0.011853
    1    0    3   15   -0.000410
    1    0    4   15    0.333157
    1    0    5   15    0.009615
    1    0    6   15   -0.173215
    1    0    7   15    2.479340
    1    0    8   15    0.002252
    1    0    9   15    0.032528
    1    0   10   15   -0.010797
    1    0   11   15    0.009287
    1    0   12   15    0.025337
    1    0   13   15    1.291308
    1    0   14   15    0.002905
    1    0   15   15    0.218457
    1    0   16   15    0.233992
    1    0   17   15    0.002472
    1    0   18   15   -0.160842
    1    0    1   16   -0.011972
    1    0    2   16   -0.150170
    1    0    3   16    0.031037
    1    0    4   16    0.015407
    1    0    5   16    0.005892
    1    0    6   16   -3.264227
    1    0    7   16    0.472140
    1    0    8   16   -0.000198
    1    0    9   16   -0.044150
    1    0   10   16   -3.423852
    1    0   11   16    0.002580
    1    0   12   16    0.101282
    1    0   13   16   -0.625600
    1    0   14   16    0.000760
    1    0   15   16    0.012770
    1    0   16   16    0.139685
    1    0   17   16    0.990928
    1    0   18   16   -0.149398
    1    0    1   17   -0.014797
    1    0    2   17    0.887970
    1    0    3   17   -0.000252
    1    0    4   17    0.005318
    1    0    5   17   -0.058798
    1    0    6   17   -0.122967
    1    0    7   17    0.174010
    1    0    8   17   -0.003097
    1    0    9   17   -0.148440
    1    0   10   17    0.032107
    1    0   11   17    0.555670
    1    0   12   17   -2.192610
    1    0   13   17    0.094317
    1    0   14   17    0.013963
    1    0   15   17   -0.017662
    1    0   16   17    0.402560
    1    0   17   17    0.015037
    1    0   18   17   -1.613383
    1    0    1   18    0.004043
    1    0    2   18    0.152790
    1    0    3   18    0.002980
    1    0    4   18   -0.127767
    1    0    5   18   -0.003165
    1    0    6   18   -0.225740
    1    0    7   18   -0.086598
    1    0    8   18   -0.002875
    1    0    9   18    0.005785
    1    0   10   18    0.212212
    1    0   11   18    0.036455
    1    0   12   18    0.238065
    1    0   13   18    0.608187
    1    0   14   18    0.002155
    1    0   15   18   -0.027730
    1    0   16   18   -0.008602
    1    0   17   18    0.205600
    1    0   18   18   -0.168167
   -1    1    1    1   -0.017357
   -1    1    2    1    0.002470
   -1    1    3    1    0.001652
   -1    1    4    1   -0.003530
   -1    1    5    1   -0.000635
   -1    1    6    1   -0.000100
   -1    1    7    1   -0.002025
   -1    1    8    1   -0.002110
   -1    1    9    1    0.020305
   -1    1   10    1   -0.005480
   -1    1   11    1    0.000200
   -1    1   12    1   -0.003490
   -1    1   13    1    0.006277
   -1    1   14    1   -0.002887
   -1    1   15    1   -0.004253
   -1    1   16    1   -0.016355
   -1    1   17    1   -0.000060
   -1    1   18    1    0.001867
   -1    1    1    2    0.002455
   -1    1    2    2    0.001927
   -1    1    3    2    0.000023
   -1    1    4    2   -0.001848
   -1    1    5    2   -0.000648
   -1    1    6    2   -0.005045
   -1    1    7    2   -0.000057
   -1    1    8    2   -0.000107
   -1    1    9    2    0.001327
   -1    1   10    2   -0.001310
   -1    1   11    2   -0.000417
   -1    1   12    2   -0.000557
   -1    1   13    2    0.001525
   -1    1   14    2   -0.001330
   -1    1   15    2   -0.000292
   -1    1   16    2   -0.006267
   -1    1   17    2   -0.004255
   -1    1   18    2    0.004395
   -1    1    1    3   -0.004262
   -1    1    2    3    0.001847
   -1    1    3    3    0.004670
   -1    1    4    3    0.000387
   -1    1    5    3    0.001007
   -1    1    6    3   -0.003543
   -1    1    7    3    0.007138
   -1    1    8    3    0.002317
   -1    1    9    3    0.001517
   -1    1   10    3   -0.002307
   -1    1   11    3    0.000805
   -1    1   12    3    0.001087
   -1    1   13    3    0.006615
   -1    1   14    3   -0.001222
   -1    1   15    3    0.002552
   -1    1   16    3    0.001102
   -1    1   17    3    0.001437
   -1    1   18    3   -0.002425
   -1    1    1    4    0.000982
   -1    1    2    4   -0.000023
   -1    1    3    4    0.002307
   -1    1    4    4    0.001010
   -1    1    5    4    0.000250
   -1    1    6    4   -0.009855
   -1    1    7    4    0.009475
   -1    1    8    4    0.003450
   -1    1    9    4    0.026847
   -1    1   10    4    0.005070
   -1    1   11    4   -0.000185
   -1    1   12    4   -0.000885
   -1    1   13    4    0.000545
   -1    1   14    4    0.003530
   -1    1   15    4    0.012055
   -1    1   16    4    0.002152
   -1    1   17    4    0.002615
   -1    1   18    4   -0.004242
   -1    1    1    5    0.003737
   -1    1    2    5    0.000023
   -1    1    3    5   -0.000032
   -1    1    4    5    0.000415
   -1    1    5    5   -0.000657
   -1    1    6    5    0.000670
   -1    1    7    5   -0.000610
   -1    1    8    5    0.001160
   -1    1    9    5   -0.000280
   -1    1   10    5    0.001715
   -1    1   11    5   -0.000348
   -1    1   12    5    0.002510
   -1    1   13    5   -0.000760
   -1    1   14    5    0.000228
   -1    1   15    5   -0.000045
   -1    1   16    5   -0.000978
   -1    1   17    5   -0.000725
   -1    1   18    5   -0.003380
   -1    1    1    6   -0.050373
   -1    1    2    6   -0.002922
   -1    1    3    6   -0.008005
   -1    1    4    6    0.001815
   -1    1    5    6   -0.008488
   -1    1    6    6    0.001655
   -1    1    7    6   -0.001660
   -1    1    8    6    0.013202
   -1    1    9    6    0.034950
   -1    1   10    6   -0.022867
   -1    1   11    6   -0.001505
   -1    1   12    6    0.000393
   -1    1   13    6    0.004312
   -1    1   14    6   -0.000125
   -1    1   15    6   -0.024975
   -1    1   16    6   -0.007777
   -1    1   17    6   -0.005313
   -1    1   18    6    0.011022
   -1    1    1    7    0.026762
   -1    1    2    7    0.000313
   -1    1    3    7    0.018357
   -1    1    4    7    0.001645
   -1    1    5    7    0.001932
   -1    1    6    7   -0.002767
   -1    1    7    7    0.004252
   -1    1    8    7    0.005200
   -1    1    9    7    0.017388
   -1    1   10    7    0.010590
   -1    1   11    7    0.002278
   -1    1   12    7   -0.003033
   -1    1   13    7   -0.001978
   -1    1   14    7    0.001218
   -1    1   15    7    0.017895
   -1    1   16    7    0.003662
   -1    1   17    7    0.003105
   -1    1   18    7   -0.006295
   -1    1    1    8    0.002730
   -1    1    2    8    0.000277
   -1    1    3    8   -0.000705
   -1    1    4    8    0.000358
   -1    1    5    8    0.000027
   -1    1    6    8    0.000295
   -1    1    7    8   -0.000712
   -1    1    8    8   -0.000060
   -1    1    9    8   -0.002047
   -1    1   10    8    0.000665
   -1    1   11    8   -0.000100
   -1    1   12    8    0.002162
   -1    1   13    8   -0.000472
   -1    1   14    8    0.000195
   -1    1   15    8    0.000055
   -1    1   16    8   -0.000687
   -1    1   17    8   -0.000350
   -1    1   18    8   -0.002013
   -1    1    1    9   -0.029993
   -1    1    2    9   -0.000482
   -1    1    3    9    0.001350
   -1    1    4    9    0.000262
   -1    1    5    9    0.000402
   -1    1    6    9    0.004785
   -1    1    7    9   -0.001832
   -1    1    8    9   -0.000482
   -1    1    9    9    0.000165
   -1    1   10    9    0.000737
   -1    1   11    9    0.000295
   -1    1   12    9   -0.003300
   -1    1   13    9   -0.004320
   -1    1   14    9    0.000292
   -1    1   15    9   -0.006137
   -1    1   16    9   -0.000458
   -1    1   17    9   -0.001453
   -1    1   18    9    0.003195
   -1    1    1   10   -0.019543
   -1    1    2   10   -0.001672
   -1    1    3   10   -0.006272
   -1    1    4   10   -0.010148
   -1    1    5   10    0.013045
   -1    1    6   10    0.043202
   -1    1    7   10    0.015050
   -1    1    8   10   -0.000595
   -1    1    9   10   -0.178265
   -1    1   10   10   -0.002775
   -1    1   11   10    0.004665
   -1    1   12   10    0.015938
   -1    1   13   10   -0.011158
   -1    1   14   10    0.011825
   -1    1   15   10    0.007610
   -1    1   16   10   -0.050185
   -1    1   17   10    0.001398
   -1    1   18   10    0.020712
   -1    1    1   11    0.000077
   -1    1    2   11    0.000313
   -1    1    3   11   -0.005337
   -1    1    4   11   -0.001575
   -1    1    5   11    0.001002
   -1    1    6   11   -0.003213
   -1    1    7   11   -0.000657
   -1    1    8   11   -0.004448
   -1    1    9   11    0.003100
   -1    1   10   11    0.000127
   -1    1   11   11   -0.000472
   -1    1   12   11   -0.000165
   -1    1   13   11    0.001330
   -1    1   14   11    0.001497
   -1    1   15   11    0.002125
   -1    1   16   11   -0.001172
   -1    1   17   11   -0.000040
   -1    1   18   11    0.002835
   -1    1    1   12   -0.001048
   -1    1    2   12    0.002840
   -1    1    3   12   -0.012497
   -1    1    4   12    0.000980
   -1    1    5   12    0.002415
   -1    1    6   12    0.010738
   -1    1    7   12   -0.003138
   -1    1    8   12   -0.039658
   -1    1    9   12    0.063782
   -1    1   10   12   -0.005665
   -1    1   11   12    0.004517
   -1    1   12   12    0.011715
   -1    1   13   12   -0.003532
   -1    1   14   12   -0.005468
   -1    1   15   12   -0.025732
   -1    1   16   12    0.010990
   -1    1   17   12    0.000802
   -1    1   18   12    0.017297
   -1    1    1   13    0.063903
   -1    1    2   13    0.005698
   -1    1    3   13   -0.059200
   -1    1    4   13   -0.007125
   -1    1    5   13    0.002613
   -1    1    6   13   -0.003512
   -1    1    7   13    0.011612
   -1    1    8   13   -0.027563
   -1    1    9   13   -0.079980
   -1    1   10   13   -0.015925
   -1    1   11   13   -0.007962
   -1    1   12   13    0.000665
   -1    1   13   13   -0.001465
   -1    1   14   13   -0.003242
   -1    1   15   13   -0.020912
   -1    1   16   13   -0.043135
   -1    1   17   13    0.001668
   -1    1   18   13    0.022185
   -1    1    1   14    0.007507
   -1    1    2   14   -0.000957
   -1    1    3   14    0.000815
   -1    1    4   14    0.000818
   -1    1    5   14   -0.000550
   -1    1    6   14    0.000160
   -1    1    7   14   -0.000432
   -1    1    8   14    0.000583
   -1    1    9   14   -0.004987
   -1    1   10   14    0.000620
   -1    1   11   14   -0.000335
   -1    1   12   14    0.000702
   -1    1   13   14   -0.001427
   -1    1   14   14    0.000647
   -1    1   15   14   -0.000772
   -1    1   16   14    0.000752
   -1    1   17   14   -0.001220
   -1    1   18   14    0.000122
   -1    1    1   15    1.241662
   -1    1    2   15   -0.049307
   -1    1    3   15   -0.242905
   -1    1    4   15    0.279487
   -1    1    5   15    0.021570
   -1    1    6   15   -0.041965
   -1    1    7   15   -0.073222
   -1    1    8   15    0.077525
   -1    1    9   15   -0.068002
   -1    1   10   15   -0.023505
   -1    1   11   15    0.027443
   -1    1   12   15   -0.206742
   -1    1   13   15   -0.014195
   -1    1   14   15    0.117808
   -1    1   15   15    0.021508
   -1    1   16   15    0.370185
   -1    1   17   15   -0.007460
   -1    1   18   15   -0.018010
   -1    1    1   16    0.042652
   -1    1    2   16    0.000195
   -1    1    3   16   -0.000520
   -1    1    4   16    0.005730
   -1    1    5   16    0.002247
   -1    1    6   16   -0.005725
   -1    1    7   16    0.005595
   -1    1    8   16    0.003835
   -1    1    9   16   -0.019000
   -1    1   10   16    0.001935
   -1    1   11   16   -0.000472
   -1    1   12   16    0.000545
   -1    1   13   16    0.007128
   -1    1   14   16    0.001405
   -1    1   15   16    0.009638
   -1    1   16   16    0.001445
   -1    1   17   16   -0.000053
   -1    1   18   16   -0.003498
   -1    1    1   17    0.001397
   -1    1    2   17   -0.002465
   -1    1    3   17    0.013618
   -1    1    4   17   -0.001265
   -1    1    5   17   -0.004367
   -1    1    6   17    0.001780
   -1    1    7   17   -0.019082
   -1    1    8   17    0.014107
   -1    1    9   17    0.033550
   -1    1   10   17   -0.000995
   -1    1   11   17    0.001912
   -1    1   12   17   -0.000525
   -1    1   13   17   -0.002043
   -1    1   14   17   -0.000202
   -1    1   15   17    0.000817
   -1    1   16   17    0.007215
   -1    1   17   17    0.000910
   -1    1   18   17   -0.003492
   -1    1    1   18    0.000510
   -1    1    2   18   -0.007570
   -1    1    3   18   -0.004772
   -1    1    4   18    0.008355
   -1    1    5   18    0.005282
   -1    1    6   18    0.011080
   -1    1    7   18   -0.005957
   -1    1    8   18    0.004935
   -1    1    9   18   -0.023033
   -1    1   10   18   -0.003687
   -1    1   11   18   -0.002250
   -1    1   12   18   -0.025603
   -1    1   13   18   -0.010115
   -1    1   14   18   -0.000113
   -1    1   15   18    0.008300
   -1    1   16   18   -0.001177
   -1    1   17   18    0.022882
   -1    1   18   18    0.013035
    0    1    1    1    0.110262
    0    1    2    1   -0.020945
    0    1    3    1    0.008645
    0    1    4    1    0.023955
    0    1    5    1    0.012230
    0    1    6    1    0.040540
    0    1    7    1   -0.048493
    0    1    8    1   -0.004060
    0    1    9    1   -0.162457
    0    1   10    1   -0.013015
    0    1   11    1    0.004530
    0    1   12    1   -0.025355
    0    1   13    1   -0.012835
    0    1   14    1    0.032865
    0    1   15    1   -0.001893
    0    1   16    1    0.078385
    0    1   17    1    0.004532
    0    1   18    1    0.042883
    0    1    1    2    0.046010
    0    1    2    2    0.014270
    0    1    3    2    0.011802
    0    1    4    2    0.016370
    0    1    5    2    0.014835
    0    1    6    2   -0.031880
    0    1    7    2    0.087888
    0    1    8    2    0.013593
    0    1    9    2    0.043307
    0    1   10    2   -0.004165
    0    1   11    2    0.009440
    0    1   12    2   -0.001145
    0    1   13    2    0.000380
    0    1   14    2   -0.001392
    0    1   15    2    0.006460
    0    1   16    2   -0.047615
    0    1   17    2   -0.004010
    0    1   18    2    0.018037
    0    1    1    3    0.133740
    0    1    2    3   -0.005267
    0    1    3    3    0.017212
    0    1    4    3    0.015095
    0    1    5    3   -0.005897
    0    1    6    3    0.033800
    0    1    7    3   -0.011697
    0    1    8    3    0.161905
    0    1    9    3   -0.145745
    0    1   10    3   -0.004282
    0    1   11    3   -0.005750
    0    1   12    3   -0.008333
    0    1   13    3    0.009868
    0    1   14    3    0.005015
    0    1   15    3    0.056395
    0    1   16    3    0.021390
    0    1   17    3   -0.013232
    0    1   18    3   -0.024493
    0    1    1    4    1.023697
    0    1    2    4   -0.034662
    0    1    3    4   -0.036582
    0    1    4    4    0.059042
    0    1    5    4    0.021730
    0    1    6    4    0.049955
    0    1    7    4   -0.001655
    0    1    8    4   -0.005192
    0    1    9    4   -0.956707
    0    1   10    4    0.006933
    0    1   11    4    0.011192
    0    1   12    4    0.002743
    0    1   13    4   -0.017202
    0    1   14    4    0.075637
    0    1   15    4    0.007342
    0    1   16    4    0.317510
    0    1   17    4   -0.006395
    0    1   18    4   -0.013325
    0    1    1    5   -0.009795
    0    1    2    5    0.002208
    0    1    3    5   -0.006263
    0    1    4    5    0.003765
    0    1    5    5    0.012695
    0    1    6    5    0.003272
    0    1    7    5   -0.003337
    0    1    8    5   -0.008697
    0    1    9    5    0.018005
    0    1   10    5    0.000228
    0    1   11    5    0.003390
    0    1   12    5    0.006232
    0    1   13    5   -0.001885
    0    1   14    5    0.002390
    0    1   15    5   -0.004747
    0    1   16    5    0.005782
    0    1   17    5    0.010870
    0    1   18    5   -0.004347
    0    1    1    6   -0.021853
    0    1    2    6   -0.016403
    0    1    3    6    0.001145
    0    1    4    6   -0.033690
    0    1    5    6    0.003688
    0    1    6    6    0.050010
    0    1    7    6   -0.058427
    0    1    8    6    0.046357
    0    1    9    6    0.078765
    0    1   10    6   -0.007127
    0    1   11    6   -0.008915
    0    1   12    6    0.045202
    0    1   13    6    0.032612
    0    1   14    6    0.018970
    0    1   15    6   -0.001427
    0    1   16    6    0.074922
    0    1   17    6   -0.019977
    0    1   18    6    0.014195
    0    1    1    7    0.021295
    0    1    2    7    0.002435
    0    1    3    7    0.015688
    0    1    4    7    0.010285
    0    1    5    7    0.008828
    0    1    6    7    0.030530
    0    1    7    7   -0.226375
    0    1    8    7    0.021980
    0    1    9    7   -0.048115
    0    1   10    7    0.018042
    0    1   11    7    0.001757
    0    1   12    7    0.004517
    0    1   13    7   -0.003232
    0    1   14    7   -0.002020
    0    1   15    7   -0.001285
    0    1   16    7   -0.038007
    0    1   17    7   -0.009867
    0    1   18    7   -0.046890
    0    1    1    8   -0.023505
    0    1    2    8    0.002828
    0    1    3    8   -0.015110
    0    1    4    8   -0.003550
    0    1    5    8    0.001720
    0    1    6    8   -0.002648
    0    1    7    8    0.002932
    0    1    8    8   -0.000690
    0    1    9    8    0.015032
    0    1   10    8   -0.001148
    0    1   11    8    0.000027
    0    1   12    8    0.002620
    0    1   13    8    0.001017
    0    1   14    8   -0.001072
    0    1   15    8   -0.004032
    0    1   16    8   -0.007743
    0    1   17    8   -0.000860
    0    1   18    8    0.005595
    0    1    1    9    0.046902
    0    1    2    9    0.020945
    0    1    3    9   -0.011510
    0    1    4    9    0.005915
    0    1    5    9   -0.012075
    0    1    6    9   -0.029450
    0    1    7    9    0.012395
    0    1    8    9   -0.052430
    0    1    9    9   -0.040212
    0    1   10    9    0.003490
    0    1   11    9   -0.004428
    0    1   12    9    0.004950
    0    1   13    9    0.007407
    0    1   14    9   -0.020377
    0    1   15    9   -0.008120
    0    1   16    9   -0.065982
    0    1   17    9   -0.001655
    0    1   18    9   -0.023900
    0    1    1   10    0.062550
    0    1    2   10   -0.010250
    0    1    3   10   -0.055852
    0    1    4   10   -0.008542
    0    1    5   10    0.014467
    0    1    6   10    0.043425
    0    1    7   10   -0.082755
    0    1    8   10   -0.192420
    0    1    9   10    0.073935
    0    1   10   10   -0.078793
    0    1   11   10   -0.001050
    0    1   12   10   -0.002568
    0    1   13   10   -0.012738
    0    1   14   10   -0.011095
    0    1   15   10    0.035830
    0    1   16   10   -0.011825
    0    1   17   10    0.018360
    0    1   18   10    0.046563
    0    1    1   11   -0.017870
    0    1    2   11   -0.015465
    0    1    3   11   -0.011747
    0    1    4   11    0.005792
    0    1    5   11    0.027015
    0    1    6   11   -0.032087
    0    1    7   11    0.204120
    0    1    8   11    0.270425
    0    1    9   11    0.031898
    0    1   10   11    0.000780
    0    1   11   11    0.003430
    0    1   12   11    0.013002
    0    1   13   11   -0.013650
    0    1   14   11    0.001855
    0    1   15   11   -0.000550
    0    1   16   11    0.083782
    0    1   17   11    0.092610
    0    1   18   11    0.016390
    0    1    1   12   -0.436012
    0    1    2   12   -0.009065
    0    1    3   12    0.002630
    0    1    4   12   -0.067060
    0    1    5   12   -0.169860
    0    1    6   12   -0.089792
    0    1    7   12   -0.000560
    0    1    8   12   -0.178602
    0    1    9   12    1.154470
    0    1   10   12   -0.013537
    0    1   11   12   -0.033535
    0    1   12   12   -0.193975
    0    1   13   12    0.021100
    0    1   14   12   -0.122522
    0    1   15   12   -0.000583
    0    1   16   12   -0.172207
    0    1   17   12    0.023635
    0    1   18   12    0.246500
    0    1    1   13    0.229835
    0    1    2   13   -0.113278
    0    1    3   13   -0.014988
    0    1    4   13   -0.009770
    0    1    5   13    0.076865
    0    1    6   13   -0.147125
    0    1    7   13    1.280027
    0    1    8   13    0.221395
    0    1    9   13   -0.124402
    0    1   10   13   -0.073618
    0    1   11   13    0.014000
    0    1   12   13   -0.021582
    0    1   13   13   -0.119903
    0    1   14   13    0.008935
    0    1   15   13    0.046122
    0    1   16   13    0.550607
    0    1   17   13    0.110145
    0    1   18   13    0.287795
    0    1    1   14   -0.050405
    0    1    2   14    0.006035
    0    1    3   14   -0.047447
    0    1    4   14   -0.001262
    0    1    5   14    0.014453
    0    1    6   14    0.008890
    0    1    7   14   -0.004010
    0    1    8   14    0.008885
    0    1    9   14    0.010160
    0    1   10   14   -0.000967
    0    1   11   14    0.002832
    0    1   12   14    0.005118
    0    1   13   14   -0.000008
    0    1   14   14    0.008802
    0    1   15   14   -0.004108
    0    1   16   14   -0.007120
    0    1   17   14    0.012665
    0    1   18   14    0.017405
    0    1    1   15    0.611910
    0    1    2   15   -0.042240
    0    1    3   15    0.037200
    0    1    4   15    0.186937
    0    1    5   15    0.066267
    0    1    6   15   -0.038947
    0    1    7   15   -0.291820
    0    1    8   15   -0.001255
    0    1    9   15   -0.022710
    0    1   10   15    0.050378
    0    1   11   15    0.094507
    0    1   12   15    1.031095
    0    1   13   15    0.475182
    0    1   14   15    0.046170
    0    1   15   15   -0.053325
    0    1   16   15   -0.446400
    0    1   17   15    0.030507
    0    1   18   15   -0.541545
    0    1    1   16   -0.340018
    0    1    2   16   -0.005163
    0    1    3   16   -0.002762
    0    1    4   16   -0.062122
    0    1    5   16    0.008223
    0    1    6   16   -0.012920
    0    1    7   16    0.068650
    0    1    8   16    0.035745
    0    1    9   16    0.157632
    0    1   10   16   -0.013598
    0    1   11   16    0.000313
    0    1   12   16    0.040677
    0    1   13   16   -0.013627
    0    1   14   16   -0.000110
    0    1   15   16   -0.009560
    0    1   16   16    0.031582
    0    1   17   16   -0.003505
    0    1   18   16   -0.001477
    0    1    1   17   -0.014990
    0    1    2   17    0.027825
    0    1    3   17    0.013280
    0    1    4   17   -0.005215
    0    1    5   17   -0.015557
    0    1    6   17    0.046372
    0    1    7   17   -0.657080
    0    1    8   17   -0.002817
    0    1    9   17    0.010460
    0    1   10   17    0.010875
    0    1   11   17   -0.014390
    0    1   12   17    0.007640
    0    1   13   17    0.053997
    0    1   14   17    0.001090
    0    1   15   17    0.000830
    0    1   16   17   -0.068012
    0    1   17   17   -0.051205
    0    1   18   17   -0.054415
    0    1    1   18   -0.082855
    0    1    2   18    0.004410
    0    1    3   18   -0.038340
    0    1    4   18   -0.072417
    0    1    5   18   -0.068447
    0    1    6   18   -0.001373
    0    1    7   18    0.072148
    0    1    8   18   -0.151282
    0    1    9   18    0.008197
    0    1   10   18    0.010290
    0    1   11   18   -0.017247
    0    1   12   18    0.038722
    0    1   13   18   -0.030285
    0    1   14   18   -0.014065
    0    1   15   18    0.009312
    0    1   16   18   -0.024455
    0    1   17   18    0.040333
    0    1   18   18   -0.125767
    1    1    1    1    0.046005
    1    1    2    1   -0.040105
    1    1    3    1   -0.007187
    1    1    4    1   -0.008920
    1    1    5    1    0.020015
    1    1    6    1    0.018910
    1    1    7    1   -0.052985
    1    1    8    1    0.029770
    1    1    9    1   -0.108247
    1    1   10    1    0.025010
    1    1   11    1   -0.009343
    1    1   12    1   -0.018798
    1    1   13    1   -0.052512
    1    1   14    1    0.035242
    1    1   15    1    0.028752
    1    1   16    1    0.198050
    1    1   17    1   -0.012307
    1    1   18    1    0.061907
    1    1    1    2    0.003742
    1    1    2    2   -0.000538
    1    1    3    2    0.002540
    1    1    4    2    0.045697
    1    1    5    2    0.002035
    1    1    6    2    0.001185
    1    1    7    2    0.016162
    1    1    8    2    0.003532
    1    1    9    2   -0.012337
    1    1   10    2   -0.012315
    1    1   11    2    0.001283
    1    1   12    2    0.013150
    1    1   13    2   -0.011605
    1    1   14    2   -0.002393
    1    1   15    2    0.000087
    1    1   16    2    0.001385
    1    1   17    2    0.003075
    1    1   18    2   -0.003565
    1    1    1    3   -0.252427
    1    1    2    3   -0.286422
    1    1    3    3   -0.039867
    1    1    4    3   -0.973042
    1    1    5    3    0.024233
    1    1    6    3    0.450367
    1    1    7    3    0.457402
    1    1    8    3    0.028085
    1    1    9    3    0.370477
    1    1   10    3   -0.277050
    1    1   11    3    0.003658
    1    1   12    3    0.079793
    1    1   13    3   -0.560102
    1    1   14    3    0.033120
    1    1   15    3    0.070305
    1    1   16    3    1.325352
    1    1   17    3    0.027707
    1    1   18    3   -0.004382
    1    1    1    4    0.050457
    1    1    2    4   -0.014995
    1    1    3    4    0.002722
    1    1    4    4    0.015197
    1    1    5    4    0.011027
    1    1    6    4    0.001470
    1    1    7    4    0.055648
    1    1    8    4    0.000097
    1    1    9    4   -0.000128
    1    1   10    4    0.109157
    1    1   11    4   -0.000845
    1    1   12    4   -0.178303
    1    1   13    4   -0.085572
    1    1   14    4   -0.003415
    1    1   15    4    0.006393
    1    1   16    4   -0.001312
    1    1   17    4    0.023655
    1    1   18    4   -0.023403
    1    1    1    5   -0.011435
    1    1    2    5    0.003145
    1    1    3    5   -0.004292
    1    1    4    5   -0.006527
    1    1    5    5    0.006587
    1    1    6    5    0.022937
    1    1    7    5   -0.107812
    1    1    8    5    0.005732
    1    1    9    5    0.001002
    1    1   10    5    0.005780
    1    1   11    5   -0.000625
    1    1   12    5   -0.002172
    1    1   13    5    0.004305
    1    1   14    5    0.000715
    1    1   15    5    0.000552
    1    1   16    5   -0.008460
    1    1   17    5   -0.009553
    1    1   18    5   -0.010682
    1    1    1    6   -0.023410
    1    1    2    6    0.000795
    1    1    3    6   -0.004802
    1    1    4    6    0.034895
    1    1    5    6    0.000717
    1    1    6    6   -0.021825
    1    1    7    6    0.168007
    1    1    8    6   -0.001792
    1    1    9    6    0.037425
    1    1   10    6    0.013715
    1    1   11    6   -0.000940
    1    1   12    6    0.014090
    1    1   13    6   -0.003523
    1    1   14    6    0.000527
    1    1   15    6    0.002240
    1    1   16    6   -0.003770
    1    1   17    6    0.001633
    1    1   18    6   -0.019605
    1    1    1    7    0.005692
    1    1    2    7    0.000317
    1    1    3    7   -0.000840
    1    1    4    7   -0.040793
    1    1    5    7    0.004875
    1    1    6    7    0.016412
    1    1    7    7   -0.031192
    1    1    8    7    0.003448
    1    1    9    7   -0.023265
    1    1   10    7   -0.020355
    1    1   11    7   -0.003490
    1    1   12    7    0.022077
    1    1   13    7   -0.013430
    1    1   14    7    0.001700
    1    1   15    7    0.002080
    1    1   16    7    0.006975
    1    1   17    7   -0.000805
    1    1   18    7   -0.049155
    1    1    1    8    0.015027
    1    1    2    8    0.005707
    1    1    3    8    0.003282
    1    1    4    8   -0.002882
    1    1    5    8    0.009345
    1    1    6    8   -0.042225
    1    1    7    8    0.110895
    1    1    8    8   -0.008875
    1    1    9    8    0.007212
    1    1   10    8   -0.004502
    1    1   11    8    0.007505
    1    1   12    8   -0.014767
    1    1   13    8   -0.002250
    1    1   14    8   -0.007822
    1    1   15    8   -0.001800
    1    1   16    8   -0.004448
    1    1   17    8    0.013488
    1    1   18    8    0.013550
    1    1    1    9   -0.063900
    1    1    2    9    0.028448
    1    1    3    9   -0.011985
    1    1    4    9    0.495233
    1    1    5    9   -0.010773
    1    1    6    9   -0.046882
    1    1    7    9    0.036330
    1    1    8    9   -0.003255
    1    1    9    9    0.191580
    1    1   10    9   -0.001235
    1    1   11    9    0.001897
    1    1   12    9   -0.004238
    1    1   13    9    0.035088
    1    1   14    9   -0.024325
    1    1   15    9    0.011040
    1    1   16    9   -0.161315
    1    1   17    9    0.002785
    1    1   18    9    0.009548
    1    1    1   10    0.014895
    1    1    2   10   -0.037920
    1    1    3   10   -0.000455
    1    1    4   10    0.867562
    1    1    5   10    0.007332
    1    1    6   10    0.099245
    1    1    7   10    1.712747
    1    1    8   10   -0.001155
    1    1    9   10   -0.031430
    1    1   10   10    0.109512
    1    1   11   10    0.021505
    1    1   12   10   -0.151087
    1    1   13   10    0.100267
    1    1   14   10   -0.021680
    1    1   15   10   -0.002785
    1    1   16   10    0.119600
    1    1   17   10    0.014070
    1    1   18   10    0.044812
    1    1    1   11   -0.000017
    1    1    2   11    0.025962
    1    1    3   11   -0.002328
    1    1    4   11   -0.050645
    1    1    5   11    0.016910
    1    1    6   11    0.067085
    1    1    7   11    0.357562
    1    1    8   11   -0.002215
    1    1    9   11   -0.008562
    1    1   10   11    0.019977
    1    1   11   11    0.012925
    1    1   12   11   -0.006728
    1    1   13   11    0.051297
    1    1   14   11   -0.004112
    1    1   15   11    0.000530
    1    1   16   11   -0.027065
    1    1   17   11   -0.026212
    1    1   18   11   -0.174945
    1    1    1   12   -0.005405
    1    1    2   12   -0.017267
    1    1    3   12    0.007108
    1    1    4   12   -0.222030
    1    1    5   12   -0.000575
    1    1    6   12    0.012848
    1    1    7   12   -0.030560
    1    1    8   12    0.002750
    1    1    9   12    0.011582
    1    1   10   12   -0.109140
    1    1   11   12    0.017808
    1    1   12   12   -0.084322
    1    1   13   12    0.075737
    1    1   14   12   -0.014893
    1    1   15   12    0.001095
    1    1   16   12    0.018423
    1    1   17   12   -0.002025
    1    1   18   12    0.104692
    1    1    1   13   -0.003182
    1    1    2   13    0.020798
    1    1    3   13    0.015693
    1    1    4   13   -0.209847
    1    1    5   13    0.003700
    1    1    6   13   -0.028625
    1    1    7   13   -0.099705
    1    1    8   13   -0.002407
    1    1    9   13    0.001985
    1    1   10   13    0.027618
    1    1   11   13   -0.004112
    1    1   12   13    0.046885
    1    1   13   13    0.081495
    1    1   14   13   -0.006645
    1    1   15   13    0.000797
    1    1   16   13   -0.005793
    1    1   17   13   -0.004367
    1    1   18   13   -0.057750
    1    1    1   14   -0.026632
    1    1    2   14   -0.007895
    1    1    3   14    0.000748
    1    1    4   14   -0.040315
    1    1    5   14    0.011060
    1    1    6   14   -0.012755
    1    1    7   14    0.573747
    1    1    8   14   -0.005465
    1    1    9   14    0.026733
    1    1   10   14   -0.001282
    1    1   11   14    0.030320
    1    1   12   14   -0.009550
    1    1   13   14   -0.037285
    1    1   14   14   -0.016025
    1    1   15   14    0.000448
    1    1   16   14   -0.047705
    1    1   17   14    0.050373
    1    1   18   14   -0.092447
    1    1    1   15   -0.010565
    1    1    2   15    0.005055
    1    1    3   15   -0.000172
    1    1    4   15   -0.031020
    1    1    5   15   -0.001293
    1    1    6   15   -0.018887
    1    1    7   15   -0.056275
    1    1    8   15    0.001302
    1    1    9   15    0.011095
    1    1   10   15   -0.287218
    1    1   11   15    0.000128
    1    1   12   15    0.158677
    1    1   13   15    0.034333
    1    1   14   15    0.003087
    1    1   15   15    0.007872
    1    1   16   15    0.032648
    1    1   17   15    0.007645
    1    1   18   15   -0.018520
    1    1    1   16   -0.007065
    1    1    2   16   -0.041955
    1    1    3   16    0.003117
    1    1    4   16   -0.122395
    1    1    5   16    0.005425
    1    1    6   16    0.173142
    1    1    7   16   -0.254265
    1    1    8   16    0.016102
    1    1    9   16   -0.071212
    1    1   10   16   -0.011528
    1    1   11   16    0.007222
    1    1   12   16    0.060803
    1    1   13   16   -0.029087
    1    1   14   16    0.021015
    1    1   15   16    0.002340
    1    1   16   16    0.001660
    1    1   17   16    0.008375
    1    1   18   16   -0.036015
    1    1    1   17    0.012465
    1    1    2   17    0.005110
    1    1    3   17   -0.002477
    1    1    4   17   -0.001427
    1    1    5   17    0.022807
    1    1    6   17    0.000535
    1    1    7   17    0.023555
    1    1    8   17    0.029267
    1    1    9   17   -0.006827
    1    1   10   17   -0.028977
    1    1   11   17    0.009045
    1    1   12   17    0.027155
    1    1   13   17   -0.014130
    1    1   14   17    0.012500
    1    1   15   17   -0.003298
    1    1   16   17   -0.000038
    1    1   17   17   -0.002520
    1    1   18   17   -0.040712
    1    1    1   18   -0.015862
    1    1    2   18    0.035240
    1    1    3   18    0.014918
    1    1    4   18   -0.056507
    1    1    5   18   -0.008497
    1    1    6   18   -0.056473
    1    1    7   18    0.255675
    1    1    8   18   -0.017145
    1    1    9   18    0.023888
    1    1   10   18    0.004967
    1    1   11   18    0.009422
    1    1   12   18    0.029640
    1    1   13   18    0.016618
    1    1   14   18   -0.004853
    1    1   15   18   -0.011762
    1    1   16   18   -0.004697
    1    1   17   18    0.027297
    1    1   18   18   -0.093253
