 ir1  ir2   m    n          ReH 
   -1   -1    1    1    0.014058
   -1   -1    2    1    0.001863
   -1   -1    3    1   -0.010110
   -1   -1    4    1   -0.050835
   -1   -1    5    1    0.004292
   -1   -1    6    1   -0.009902
   -1   -1    7    1   -0.007905
   -1   -1    8    1   -0.000790
   -1   -1    9    1   -0.017485
   -1   -1   10    1    0.017000
   -1   -1   11    1    0.003083
   -1   -1   12    1    0.156130
   -1   -1   13    1    0.022575
   -1   -1   14    1    0.004827
   -1   -1   15    1    0.006323
   -1   -1   16    1   -0.023168
   -1   -1   17    1    0.006397
   -1   -1   18    1   -0.047495
   -1   -1    1    2   -0.009645
   -1   -1    2    2   -0.002743
   -1   -1    3    2    0.093545
   -1   -1    4    2   -0.021330
   -1   -1    5    2   -0.004458
   -1   -1    6    2    0.015647
   -1   -1    7    2    0.027577
   -1   -1    8    2   -0.013035
   -1   -1    9    2    0.020063
   -1   -1   10    2    0.004085
   -1   -1   11    2   -0.004170
   -1   -1   12    2   -0.034487
   -1   -1   13    2   -0.007543
   -1   -1   14    2   -0.010478
   -1   -1   15    2   -0.009335
   -1   -1   16    2   -0.020102
   -1   -1   17    2    0.007715
   -1   -1   18    2   -0.006607
   -1   -1    1    3   -0.040060
   -1   -1    2    3   -0.015715
   -1   -1    3    3    0.281155
   -1   -1    4    3   -0.038687
   -1   -1    5    3   -0.025343
   -1   -1    6    3   -0.024095
   -1   -1    7    3   -0.043047
   -1   -1    8    3   -0.017150
   -1   -1    9    3    0.007362
   -1   -1   10    3   -0.044362
   -1   -1   11    3    0.001295
   -1   -1   12    3   -0.021895
   -1   -1   13    3    0.002363
   -1   -1   14    3   -0.025048
   -1   -1   15    3   -0.016977
   -1   -1   16    3    0.040098
   -1   -1   17    3   -0.014858
   -1   -1   18    3    0.000667
   -1   -1    1    4    0.039540
   -1   -1    2    4   -0.010482
   -1   -1    3    4   -0.333032
   -1   -1    4    4    0.151890
   -1   -1    5    4    0.041272
   -1   -1    6    4   -0.003667
   -1   -1    7    4   -0.156098
   -1   -1    8    4    0.035380
   -1   -1    9    4   -0.017142
   -1   -1   10    4    0.064400
   -1   -1   11    4    0.208580
   -1   -1   12    4    0.006412
   -1   -1   13    4   -0.028798
   -1   -1   14    4    0.219185
   -1   -1   15    4   -0.023872
   -1   -1   16    4    0.078683
   -1   -1   17    4    0.054720
   -1   -1   18    4   -0.024870
   -1   -1    1    5    0.031155
   -1   -1    2    5    0.003725
   -1   -1    3    5    0.000305
   -1   -1    4    5    0.003952
   -1   -1    5    5    0.002835
   -1   -1    6    5    0.002357
   -1   -1    7    5   -0.001637
   -1   -1    8    5   -0.000332
   -1   -1    9    5   -0.011912
   -1   -1   10    5    0.003880
   -1   -1   11    5    0.012435
   -1   -1   12    5   -0.011772
   -1   -1   13    5   -0.008125
   -1   -1   14    5    0.044517
   -1   -1   15    5   -0.009267
   -1   -1   16    5    0.021382
   -1   -1   17    5    0.012273
   -1   -1   18    5   -0.006925
   -1   -1    1    6   -0.102368
   -1   -1    2    6    0.050847
   -1   -1    3    6    0.044097
   -1   -1    4    6   -0.025360
   -1   -1    5    6   -0.031785
   -1   -1    6    6   -0.111882
   -1   -1    7    6    0.699785
   -1   -1    8    6   -0.009077
   -1   -1    9    6   -0.042825
   -1   -1   10    6   -0.146375
   -1   -1   11    6   -0.176135
   -1   -1   12    6   -0.073792
   -1   -1   13    6    0.020727
   -1   -1   14    6   -0.033552
   -1   -1   15    6    0.137042
   -1   -1   16    6   -0.061745
   -1   -1   17    6    0.010330
   -1   -1   18    6    0.914077
   -1   -1    1    7   -0.112172
   -1   -1    2    7   -0.004278
   -1   -1    3    7   -0.416005
   -1   -1    4    7   -0.008300
   -1   -1    5    7    0.003788
   -1   -1    6    7   -0.039860
   -1   -1    7    7   -0.102845
   -1   -1    8    7    0.029670
   -1   -1    9    7    0.024448
   -1   -1   10    7   -0.002692
   -1   -1   11    7   -0.117045
   -1   -1   12    7    0.011438
   -1   -1   13    7    0.087267
   -1   -1   14    7   -0.067545
   -1   -1   15    7   -0.144500
   -1   -1   16    7    0.124965
   -1   -1   17    7    0.017527
   -1   -1   18    7   -0.091400
   -1   -1    1    8    0.037030
   -1   -1    2    8    0.001350
   -1   -1    3    8    0.049640
   -1   -1    4    8    0.003360
   -1   -1    5    8    0.003875
   -1   -1    6    8    0.001247
   -1   -1    7    8    0.000280
   -1   -1    8    8   -0.020115
   -1   -1    9    8   -0.012920
   -1   -1   10    8   -0.000018
   -1   -1   11    8   -0.000492
   -1   -1   12    8    0.006825
   -1   -1   13    8    0.000700
   -1   -1   14    8    0.005825
   -1   -1   15    8    0.001955
   -1   -1   16    8    0.007977
   -1   -1   17    8    0.012118
   -1   -1   18    8   -0.005197
   -1   -1    1    9   -0.460755
   -1   -1    2    9   -0.269377
   -1   -1    3    9    0.663462
   -1   -1    4    9    1.098942
   -1   -1    5    9    0.011137
   -1   -1    6    9    0.329307
   -1   -1    7    9   -0.186812
   -1   -1    8    9   -0.222637
   -1   -1    9    9   -0.053957
   -1   -1   10    9    0.014648
   -1   -1   11    9    0.000780
   -1   -1   12    9    0.127937
   -1   -1   13    9   -0.918535
   -1   -1   14    9   -0.163510
   -1   -1   15    9   -0.207037
   -1   -1   16    9   -0.095565
   -1   -1   17    9   -0.020435
   -1   -1   18    9    0.599097
   -1   -1    1   10    0.241385
   -1   -1    2   10    0.014650
   -1   -1    3   10   -0.064687
   -1   -1    4   10    0.002693
   -1   -1    5   10    0.014202
   -1   -1    6   10   -0.017712
   -1   -1    7   10    0.028105
   -1   -1    8   10   -0.003203
   -1   -1    9   10   -0.060950
   -1   -1   10   10   -0.011498
   -1   -1   11   10    0.025975
   -1   -1   12   10    0.066685
   -1   -1   13   10   -0.006407
   -1   -1   14   10    0.008045
   -1   -1   15   10    0.044437
   -1   -1   16   10   -0.028835
   -1   -1   17   10   -0.010137
   -1   -1   18   10    0.004237
   -1   -1    1   11   -0.026247
   -1   -1    2   11    0.004310
   -1   -1    3   11   -0.021940
   -1   -1    4   11    0.004445
   -1   -1    5   11    0.000755
   -1   -1    6   11   -0.015672
   -1   -1    7   11   -0.008705
   -1   -1    8   11   -0.002915
   -1   -1    9   11    0.000208
   -1   -1   10   11   -0.012842
   -1   -1   11   11   -0.018000
   -1   -1   12   11    0.059300
   -1   -1   13   11    0.005225
   -1   -1   14   11   -0.002223
   -1   -1   15   11    0.007862
   -1   -1   16   11    0.003435
   -1   -1   17   11    0.002155
   -1   -1   18   11    0.031468
   -1   -1    1   12    0.000838
   -1   -1    2   12   -0.000422
   -1   -1    3   12   -0.003848
   -1   -1    4   12    0.002597
   -1   -1    5   12   -0.000120
   -1   -1    6   12    0.003945
   -1   -1    7   12    0.004170
   -1   -1    8   12    0.001012
   -1   -1    9   12   -0.000073
   -1   -1   10   12   -0.004850
   -1   -1   11   12    0.000775
   -1   -1   12   12    0.006730
   -1   -1   13   12    0.003410
   -1   -1   14   12   -0.000290
   -1   -1   15   12   -0.003768
   -1   -1   16   12   -0.002355
   -1   -1   17   12   -0.000273
   -1   -1   18   12   -0.007152
   -1   -1    1   13   -0.446947
   -1   -1    2   13    0.001463
   -1   -1    3   13   -0.074942
   -1   -1    4   13    0.009330
   -1   -1    5   13    0.012417
   -1   -1    6   13    0.006188
   -1   -1    7   13    0.102800
   -1   -1    8   13   -0.000367
   -1   -1    9   13   -0.186018
   -1   -1   10   13   -0.143788
   -1   -1   11   13    0.025250
   -1   -1   12   13   -0.174182
   -1   -1   13   13   -0.126840
   -1   -1   14   13   -0.036097
   -1   -1   15   13    0.007013
   -1   -1   16   13   -0.017525
   -1   -1   17   13   -0.034217
   -1   -1   18   13    0.079827
   -1   -1    1   14   -0.021577
   -1   -1    2   14   -0.000187
   -1   -1    3   14   -0.034585
   -1   -1    4   14   -0.000077
   -1   -1    5   14    0.004792
   -1   -1    6   14    0.009175
   -1   -1    7   14    0.002342
   -1   -1    8   14    0.002667
   -1   -1    9   14   -0.009710
   -1   -1   10   14    0.003577
   -1   -1   11   14    0.003858
   -1   -1   12   14    0.008653
   -1   -1   13   14   -0.003678
   -1   -1   14   14    0.001020
   -1   -1   15   14   -0.009647
   -1   -1   16   14    0.007652
   -1   -1   17   14   -0.000725
   -1   -1   18   14   -0.013585
   -1   -1    1   15    0.011797
   -1   -1    2   15    0.003623
   -1   -1    3   15    0.003213
   -1   -1    4   15    0.005500
   -1   -1    5   15    0.007977
   -1   -1    6   15   -0.009820
   -1   -1    7   15   -0.021157
   -1   -1    8   15   -0.003832
   -1   -1    9   15    0.017272
   -1   -1   10   15    0.006177
   -1   -1   11   15    0.000740
   -1   -1   12   15    0.227730
   -1   -1   13   15   -0.079685
   -1   -1   14   15    0.033080
   -1   -1   15   15   -0.031793
   -1   -1   16   15   -0.042405
   -1   -1   17   15    0.011487
   -1   -1   18   15   -0.011708
   -1   -1    1   16    0.043322
   -1   -1    2   16    0.007598
   -1   -1    3   16    0.081750
   -1   -1    4   16   -0.014955
   -1   -1    5   16   -0.007252
   -1   -1    6   16    0.017520
   -1   -1    7   16   -0.017725
   -1   -1    8   16    0.033072
   -1   -1    9   16    0.022805
   -1   -1   10   16    0.045200
   -1   -1   11   16    0.072427
   -1   -1   12   16   -0.063955
   -1   -1   13   16    0.021148
   -1   -1   14   16    0.138500
   -1   -1   15   16    0.010260
   -1   -1   16   16    0.014740
   -1   -1   17   16    0.004337
   -1   -1   18   16   -0.079795
   -1   -1    1   17    0.011647
   -1   -1    2   17   -0.008298
   -1   -1    3   17   -0.021665
   -1   -1    4   17    0.006683
   -1   -1    5   17    0.009710
   -1   -1    6   17    0.022157
   -1   -1    7   17    0.006727
   -1   -1    8   17   -0.001605
   -1   -1    9   17    0.004967
   -1   -1   10   17    0.013198
   -1   -1   11   17    0.049640
   -1   -1   12   17   -0.017707
   -1   -1   13   17   -0.002118
   -1   -1   14   17    0.002450
   -1   -1   15   17    0.014658
   -1   -1   16   17   -0.015227
   -1   -1   17   17   -0.003327
   -1   -1   18   17   -0.010785
   -1   -1    1   18    0.034315
   -1   -1    2   18    0.002580
   -1   -1    3   18   -0.011265
   -1   -1    4   18    0.019762
   -1   -1    5   18    0.002955
   -1   -1    6   18    0.002220
   -1   -1    7   18    0.001760
   -1   -1    8   18   -0.011227
   -1   -1    9   18   -0.010602
   -1   -1   10   18    0.033425
   -1   -1   11   18   -0.013107
   -1   -1   12   18   -0.313175
   -1   -1   13   18   -0.007620
   -1   -1   14   18    0.005638
   -1   -1   15   18    0.000320
   -1   -1   16   18    0.019030
   -1   -1   17   18    0.000395
   -1   -1   18   18    0.031220
    0   -1    1    1   -0.031657
    0   -1    2    1   -0.017717
    0   -1    3    1   -0.025632
    0   -1    4    1   -0.033820
    0   -1    5    1    0.001128
    0   -1    6    1    0.070652
    0   -1    7    1    0.035342
    0   -1    8    1    0.005095
    0   -1    9    1    0.026225
    0   -1   10    1   -0.047800
    0   -1   11    1   -0.031805
    0   -1   12    1   -2.031545
    0   -1   13    1   -0.517207
    0   -1   14    1    0.039080
    0   -1   15    1    0.022035
    0   -1   16    1   -0.068397
    0   -1   17    1    0.004352
    0   -1   18    1    0.667770
    0   -1    1    2   -0.000865
    0   -1    2    2    0.011683
    0   -1    3    2    0.005450
    0   -1    4    2   -0.012447
    0   -1    5    2   -0.000735
    0   -1    6    2   -0.041500
    0   -1    7    2    0.033950
    0   -1    8    2    0.000012
    0   -1    9    2   -0.002878
    0   -1   10    2    0.287445
    0   -1   11    2   -0.028040
    0   -1   12    2    0.257870
    0   -1   13    2    0.005760
    0   -1   14    2    0.003880
    0   -1   15    2   -0.001585
    0   -1   16    2   -0.028110
    0   -1   17    2   -0.002562
    0   -1   18    2   -0.019782
    0   -1    1    3   -0.057995
    0   -1    2    3   -0.014270
    0   -1    3    3    0.227520
    0   -1    4    3   -0.143122
    0   -1    5    3   -0.034780
    0   -1    6    3    0.100448
    0   -1    7    3   -0.044590
    0   -1    8    3   -0.019838
    0   -1    9    3    0.019467
    0   -1   10    3    0.125988
    0   -1   11    3    0.068442
    0   -1   12    3    0.070180
    0   -1   13    3   -0.020492
    0   -1   14    3   -0.025308
    0   -1   15    3   -0.427825
    0   -1   16    3    0.039417
    0   -1   17    3   -0.004895
    0   -1   18    3    0.116123
    0   -1    1    4    0.032440
    0   -1    2    4   -0.003125
    0   -1    3    4   -0.057263
    0   -1    4    4    0.113373
    0   -1    5    4    0.009728
    0   -1    6    4   -0.066667
    0   -1    7    4   -0.043578
    0   -1    8    4    0.004550
    0   -1    9    4   -0.009162
    0   -1   10    4    0.006815
    0   -1   11    4   -0.026225
    0   -1   12    4   -1.707907
    0   -1   13    4   -0.007000
    0   -1   14    4    0.001442
    0   -1   15    4    0.058798
    0   -1   16    4    0.018105
    0   -1   17    4   -0.004050
    0   -1   18    4    0.223280
    0   -1    1    5    0.005355
    0   -1    2    5   -0.002772
    0   -1    3    5   -0.022747
    0   -1    4    5    0.021700
    0   -1    5    5    0.004145
    0   -1    6    5    0.027615
    0   -1    7    5    0.036968
    0   -1    8    5    0.001308
    0   -1    9    5    0.001022
    0   -1   10    5   -0.350300
    0   -1   11    5    0.015832
    0   -1   12    5   -0.131763
    0   -1   13    5   -0.006995
    0   -1   14    5   -0.002318
    0   -1   15    5   -0.237225
    0   -1   16    5   -0.021135
    0   -1   17    5    0.032322
    0   -1   18    5   -0.000207
    0   -1    1    6   -0.005738
    0   -1    2    6   -0.007000
    0   -1    3    6   -0.026630
    0   -1    4    6   -0.005087
    0   -1    5    6    0.001427
    0   -1    6    6    0.020402
    0   -1    7    6   -0.018338
    0   -1    8    6   -0.000208
    0   -1    9    6    0.000680
    0   -1   10    6   -0.389992
    0   -1   11    6   -0.001117
    0   -1   12    6   -1.245867
    0   -1   13    6   -0.015395
    0   -1   14    6   -0.000182
    0   -1   15    6    0.161765
    0   -1   16    6    0.055020
    0   -1   17    6   -0.011060
    0   -1   18    6   -0.002040
    0   -1    1    7   -0.026322
    0   -1    2    7   -0.067793
    0   -1    3    7   -0.034357
    0   -1    4    7    0.014970
    0   -1    5    7    0.001142
    0   -1    6    7    0.257915
    0   -1    7    7    0.097575
    0   -1    8    7    0.004185
    0   -1    9    7   -0.004400
    0   -1   10    7   -0.765607
    0   -1   11    7    0.100187
    0   -1   12    7   -0.604755
    0   -1   13    7   -0.060832
    0   -1   14    7   -0.013895
    0   -1   15    7   -0.721033
    0   -1   16    7    0.030037
    0   -1   17    7    0.096702
    0   -1   18    7    0.097730
    0   -1    1    8   -0.002445
    0   -1    2    8   -0.032565
    0   -1    3    8    0.057247
    0   -1    4    8    0.048305
    0   -1    5    8   -0.028907
    0   -1    6    8   -0.079177
    0   -1    7    8    0.009187
    0   -1    8    8    0.003992
    0   -1    9    8    0.002725
    0   -1   10    8   -0.166682
    0   -1   11    8    0.293008
    0   -1   12    8   -0.099387
    0   -1   13    8   -0.019015
    0   -1   14    8   -0.010825
    0   -1   15    8   -0.231187
    0   -1   16    8   -0.031152
    0   -1   17    8    0.029830
    0   -1   18    8    0.077152
    0   -1    1    9    0.024935
    0   -1    2    9   -0.043432
    0   -1    3    9    0.012080
    0   -1    4    9   -0.006883
    0   -1    5    9   -0.010008
    0   -1    6    9    0.222312
    0   -1    7    9   -0.013932
    0   -1    8    9    0.001685
    0   -1    9    9    0.012242
    0   -1   10    9    0.150250
    0   -1   11    9    0.020828
    0   -1   12    9    0.693877
    0   -1   13    9    0.029330
    0   -1   14    9   -0.008225
    0   -1   15    9   -0.115900
    0   -1   16    9    0.036975
    0   -1   17    9   -0.360420
    0   -1   18    9    0.137350
    0   -1    1   10    0.075132
    0   -1    2   10    0.039572
    0   -1    3   10   -0.169962
    0   -1    4   10    0.103383
    0   -1    5   10    0.009875
    0   -1    6   10    0.002128
    0   -1    7   10    1.124950
    0   -1    8   10    0.017540
    0   -1    9   10    0.010550
    0   -1   10   10    0.002813
    0   -1   11   10    0.288475
    0   -1   12   10    0.005945
    0   -1   13   10    0.071557
    0   -1   14   10    0.039020
    0   -1   15   10    0.064738
    0   -1   16   10   -0.075007
    0   -1   17   10    0.021522
    0   -1   18   10   -1.901350
    0   -1    1   11   -0.004920
    0   -1    2   11   -0.003505
    0   -1    3   11   -0.017225
    0   -1    4   11    0.011693
    0   -1    5   11    0.002273
    0   -1    6   11    0.005885
    0   -1    7   11    0.014695
    0   -1    8   11    0.000633
    0   -1    9   11   -0.000680
    0   -1   10   11    0.067460
    0   -1   11   11    0.002865
    0   -1   12   11   -0.209152
    0   -1   13   11   -0.009780
    0   -1   14   11    0.000945
    0   -1   15   11   -0.036202
    0   -1   16   11    0.001978
    0   -1   17   11    0.002813
    0   -1   18   11    0.011795
    0   -1    1   12    0.001027
    0   -1    2   12   -0.001377
    0   -1    3   12    0.001267
    0   -1    4   12    0.002413
    0   -1    5   12   -0.000347
    0   -1    6   12    0.006200
    0   -1    7   12    0.005620
    0   -1    8   12    0.000722
    0   -1    9   12   -0.000353
    0   -1   10   12   -0.008597
    0   -1   11   12    0.001645
    0   -1   12   12    0.004000
    0   -1   13   12    0.002212
    0   -1   14   12   -0.000793
    0   -1   15   12    0.011912
    0   -1   16   12   -0.001295
    0   -1   17   12   -0.001600
    0   -1   18   12    0.004732
    0   -1    1   13    0.018510
    0   -1    2   13   -0.000855
    0   -1    3   13   -0.064630
    0   -1    4   13    0.073963
    0   -1    5   13    0.009542
    0   -1    6   13    0.073607
    0   -1    7   13    0.209637
    0   -1    8   13    0.005337
    0   -1    9   13    0.010145
    0   -1   10   13   -0.028965
    0   -1   11   13    0.022850
    0   -1   12   13   -2.629427
    0   -1   13   13   -0.060100
    0   -1   14   13    0.014695
    0   -1   15   13    0.482825
    0   -1   16   13    0.005568
    0   -1   17   13    0.000375
    0   -1   18   13    0.117207
    0   -1    1   14    0.007672
    0   -1    2   14    0.001735
    0   -1    3   14   -0.036905
    0   -1    4   14    0.019607
    0   -1    5   14    0.003635
    0   -1    6   14   -0.008440
    0   -1    7   14    0.011437
    0   -1    8   14    0.003525
    0   -1    9   14   -0.003467
    0   -1   10   14   -0.039758
    0   -1   11   14   -0.015452
    0   -1   12   14   -0.003448
    0   -1   13   14   -0.003875
    0   -1   14   14    0.002107
    0   -1   15   14    0.064617
    0   -1   16   14   -0.003350
    0   -1   17   14    0.005250
    0   -1   18   14    0.050855
    0   -1    1   15   -0.009253
    0   -1    2   15    0.002898
    0   -1    3   15    0.018565
    0   -1    4   15    0.004920
    0   -1    5   15   -0.000543
    0   -1    6   15   -0.036285
    0   -1    7   15    0.021485
    0   -1    8   15   -0.002813
    0   -1    9   15   -0.000752
    0   -1   10   15    0.118218
    0   -1   11   15   -0.006665
    0   -1   12   15   -0.416222
    0   -1   13   15   -0.009477
    0   -1   14   15   -0.000652
    0   -1   15   15   -0.067857
    0   -1   16   15   -0.034205
    0   -1   17   15   -0.000178
    0   -1   18   15   -0.057885
    0   -1    1   16    0.026722
    0   -1    2   16   -0.011562
    0   -1    3   16    0.040923
    0   -1    4   16    0.009047
    0   -1    5   16   -0.004907
    0   -1    6   16    0.042722
    0   -1    7   16   -0.077550
    0   -1    8   16   -0.002055
    0   -1    9   16   -0.010232
    0   -1   10   16   -1.790592
    0   -1   11   16   -0.004303
    0   -1   12   16   -0.165565
    0   -1   13   16    0.037800
    0   -1   14   16   -0.006242
    0   -1   15   16   -0.078805
    0   -1   16   16   -0.002200
    0   -1   17   16    0.035530
    0   -1   18   16    0.074758
    0   -1    1   17    0.012715
    0   -1    2   17    0.018040
    0   -1    3   17   -0.042027
    0   -1    4   17    0.004690
    0   -1    5   17    0.003227
    0   -1    6   17   -0.014637
    0   -1    7   17    0.007577
    0   -1    8   17    0.004857
    0   -1    9   17   -0.010637
    0   -1   10   17    0.249720
    0   -1   11   17   -0.098372
    0   -1   12   17   -0.079350
    0   -1   13   17   -0.000825
    0   -1   14   17   -0.002330
    0   -1   15   17   -0.073275
    0   -1   16   17   -0.003820
    0   -1   17   17    0.002342
    0   -1   18   17   -0.004572
    0   -1    1   18    0.043627
    0   -1    2   18    0.015825
    0   -1    3   18   -0.011415
    0   -1    4   18   -0.001753
    0   -1    5   18    0.001300
    0   -1    6   18   -0.092155
    0   -1    7   18   -0.036875
    0   -1    8   18    0.003222
    0   -1    9   18   -0.004630
    0   -1   10   18   -0.051152
    0   -1   11   18   -0.004845
    0   -1   12   18    2.360942
    0   -1   13   18    0.014070
    0   -1   14   18    0.003795
    0   -1   15   18   -0.109585
    0   -1   16   18    0.052108
    0   -1   17   18    0.017127
    0   -1   18   18   -0.038925
    1   -1    1    1    0.001802
    1   -1    2    1   -0.016140
    1   -1    3    1   -0.007392
    1   -1    4    1    0.016447
    1   -1    5    1   -0.001292
    1   -1    6    1    0.037225
    1   -1    7    1    0.041192
    1   -1    8    1    0.002342
    1   -1    9    1    0.005685
    1   -1   10    1   -0.250430
    1   -1   11    1    0.014207
    1   -1   12    1   -0.193177
    1   -1   13    1    0.012533
    1   -1   14    1   -0.004437
    1   -1   15    1   -0.037748
    1   -1   16    1    0.037455
    1   -1   17    1    0.007015
    1   -1   18    1   -0.022238
    1   -1    1    2    0.000845
    1   -1    2    2   -0.000455
    1   -1    3    2   -0.000912
    1   -1    4    2    0.001582
    1   -1    5    2    0.000012
    1   -1    6    2   -0.001038
    1   -1    7    2    0.005567
    1   -1    8    2    0.000065
    1   -1    9    2    0.000773
    1   -1   10    2    0.019887
    1   -1   11    2    0.000555
    1   -1   12    2    0.001950
    1   -1   13    2   -0.000300
    1   -1   14    2    0.000307
    1   -1   15    2   -0.004285
    1   -1   16    2   -0.005007
    1   -1   17    2    0.000360
    1   -1   18    2    0.000065
    1   -1    1    3    0.004162
    1   -1    2    3   -0.002285
    1   -1    3    3   -0.024178
    1   -1    4    3   -0.009180
    1   -1    5    3    0.000107
    1   -1    6    3    0.019162
    1   -1    7    3   -0.004533
    1   -1    8    3   -0.001620
    1   -1    9    3   -0.007027
    1   -1   10    3    0.121280
    1   -1   11    3   -0.003630
    1   -1   12    3   -0.296960
    1   -1   13    3   -0.007420
    1   -1   14    3    0.004005
    1   -1   15    3   -0.050795
    1   -1   16    3   -0.019875
    1   -1   17    3   -0.006035
    1   -1   18    3    0.001392
    1   -1    1    4   -0.002950
    1   -1    2    4   -0.003772
    1   -1    3    4    0.024830
    1   -1    4    4   -0.004647
    1   -1    5    4   -0.001685
    1   -1    6    4    0.006520
    1   -1    7    4    0.008145
    1   -1    8    4   -0.000125
    1   -1    9    4    0.003612
    1   -1   10    4    0.007735
    1   -1   11    4    0.005830
    1   -1   12    4    0.028852
    1   -1   13    4   -0.000503
    1   -1   14    4   -0.003725
    1   -1   15    4   -0.052837
    1   -1   16    4    0.005705
    1   -1   17    4    0.003040
    1   -1   18    4   -0.000853
    1   -1    1    5   -0.000472
    1   -1    2    5    0.001897
    1   -1    3    5    0.004730
    1   -1    4    5    0.000465
    1   -1    5    5    0.000038
    1   -1    6    5   -0.006557
    1   -1    7    5    0.001865
    1   -1    8    5    0.000150
    1   -1    9    5    0.001152
    1   -1   10    5    0.038972
    1   -1   11    5   -0.000927
    1   -1   12    5    0.043698
    1   -1   13    5    0.000250
    1   -1   14    5    0.000007
    1   -1   15    5    0.000180
    1   -1   16    5   -0.002682
    1   -1   17    5    0.001440
    1   -1   18    5    0.001020
    1   -1    1    6   -0.002763
    1   -1    2    6   -0.002322
    1   -1    3    6   -0.013755
    1   -1    4    6    0.004490
    1   -1    5    6    0.000325
    1   -1    6    6    0.010622
    1   -1    7    6   -0.022480
    1   -1    8    6    0.000885
    1   -1    9    6   -0.003995
    1   -1   10    6    0.026165
    1   -1   11    6   -0.000652
    1   -1   12    6    0.001603
    1   -1   13    6   -0.003040
    1   -1   14    6   -0.000322
    1   -1   15    6   -0.020107
    1   -1   16    6    0.027502
    1   -1   17    6    0.001550
    1   -1   18    6    0.009810
    1   -1    1    7    0.009305
    1   -1    2    7   -0.000633
    1   -1    3    7    0.001812
    1   -1    4    7    0.003652
    1   -1    5    7   -0.001752
    1   -1    6    7    0.018970
    1   -1    7    7   -0.009987
    1   -1    8    7    0.001152
    1   -1    9    7   -0.004888
    1   -1   10    7   -0.010292
    1   -1   11    7    0.001005
    1   -1   12    7   -0.068435
    1   -1   13    7   -0.003087
    1   -1   14    7   -0.002425
    1   -1   15    7   -0.008965
    1   -1   16    7   -0.005365
    1   -1   17    7   -0.004422
    1   -1   18    7    0.005167
    1   -1    1    8   -0.001015
    1   -1    2    8   -0.006890
    1   -1    3    8    0.004315
    1   -1    4    8   -0.008977
    1   -1    5    8   -0.002265
    1   -1    6    8    0.033273
    1   -1    7    8   -0.003657
    1   -1    8    8   -0.000187
    1   -1    9    8    0.001045
    1   -1   10    8   -0.305777
    1   -1   11    8    0.005675
    1   -1   12    8    0.008767
    1   -1   13    8    0.001375
    1   -1   14    8   -0.003077
    1   -1   15    8    0.043547
    1   -1   16    8    0.013930
    1   -1   17    8   -0.003177
    1   -1   18    8   -0.009065
    1   -1    1    9    0.004255
    1   -1    2    9    0.002655
    1   -1    3    9   -0.002135
    1   -1    4    9   -0.003080
    1   -1    5    9   -0.000415
    1   -1    6    9    0.002655
    1   -1    7    9   -0.016907
    1   -1    8    9    0.000340
    1   -1    9    9    0.002447
    1   -1   10    9    0.001355
    1   -1   11    9   -0.002363
    1   -1   12    9   -0.079698
    1   -1   13    9   -0.000262
    1   -1   14    9    0.001315
    1   -1   15    9    0.017655
    1   -1   16    9   -0.007625
    1   -1   17    9   -0.001517
    1   -1   18    9    0.009835
    1   -1    1   10   -0.001652
    1   -1    2   10    0.006462
    1   -1    3   10    0.001635
    1   -1    4   10   -0.002630
    1   -1    5   10   -0.001255
    1   -1    6   10   -0.000755
    1   -1    7   10   -0.015162
    1   -1    8   10    0.001210
    1   -1    9   10    0.009502
    1   -1   10   10    0.000535
    1   -1   11   10    0.002467
    1   -1   12   10    0.016530
    1   -1   13   10    0.018295
    1   -1   14   10   -0.000515
    1   -1   15   10    0.056025
    1   -1   16   10    0.010012
    1   -1   17   10    0.000305
    1   -1   18   10   -0.003430
    1   -1    1   11   -0.000585
    1   -1    2   11   -0.000583
    1   -1    3   11   -0.001070
    1   -1    4   11    0.001187
    1   -1    5   11   -0.000152
    1   -1    6   11    0.002035
    1   -1    7   11   -0.005262
    1   -1    8   11    0.000355
    1   -1    9   11   -0.001072
    1   -1   10   11    0.014810
    1   -1   11   11   -0.000280
    1   -1   12   11    0.001495
    1   -1   13   11   -0.000550
    1   -1   14   11   -0.000320
    1   -1   15   11   -0.006140
    1   -1   16   11    0.003892
    1   -1   17   11   -0.000035
    1   -1   18   11    0.003393
    1   -1    1   12   -0.001243
    1   -1    2   12   -0.000317
    1   -1    3   12    0.003392
    1   -1    4   12   -0.001670
    1   -1    5   12   -0.000230
    1   -1    6   12    0.004870
    1   -1    7   12   -0.001540
    1   -1    8   12   -0.000237
    1   -1    9   12   -0.000092
    1   -1   10   12    0.000835
    1   -1   11   12    0.000965
    1   -1   12   12    0.004252
    1   -1   13   12    0.001510
    1   -1   14   12   -0.000695
    1   -1   15   12   -0.001368
    1   -1   16   12   -0.002172
    1   -1   17   12   -0.000378
    1   -1   18   12    0.000165
    1   -1    1   13   -0.001392
    1   -1    2   13    0.004990
    1   -1    3   13    0.006030
    1   -1    4   13   -0.001285
    1   -1    5   13   -0.000575
    1   -1    6   13    0.003990
    1   -1    7   13    0.014570
    1   -1    8   13   -0.000315
    1   -1    9   13    0.005960
    1   -1   10   13    0.004020
    1   -1   11   13    0.003037
    1   -1   12   13    0.063870
    1   -1   13   13    0.004317
    1   -1   14   13    0.000285
    1   -1   15   13    0.047640
    1   -1   16   13   -0.001050
    1   -1   17   13    0.000305
    1   -1   18   13   -0.003192
    1   -1    1   14    0.000045
    1   -1    2   14    0.000642
    1   -1    3   14    0.004135
    1   -1    4   14    0.001842
    1   -1    5   14   -0.000335
    1   -1    6   14   -0.003042
    1   -1    7   14    0.005795
    1   -1    8   14    0.000478
    1   -1    9   14    0.001362
    1   -1   10   14   -0.009333
    1   -1   11   14    0.000362
    1   -1   12   14    0.035210
    1   -1   13   14    0.002075
    1   -1   14   14   -0.000317
    1   -1   15   14    0.004180
    1   -1   16   14   -0.001955
    1   -1   17   14    0.001102
    1   -1   18   14    0.000183
    1   -1    1   15   -0.006680
    1   -1    2   15    0.000458
    1   -1    3   15    0.022032
    1   -1    4   15   -0.009662
    1   -1    5   15   -0.003723
    1   -1    6   15   -0.000888
    1   -1    7   15    0.004690
    1   -1    8   15   -0.001047
    1   -1    9   15    0.008787
    1   -1   10   15   -0.008145
    1   -1   11   15   -0.000950
    1   -1   12   15   -0.023223
    1   -1   13   15    0.003440
    1   -1   14   15   -0.002785
    1   -1   15   15   -0.007512
    1   -1   16   15   -0.002015
    1   -1   17   15   -0.001820
    1   -1   18   15    0.000698
    1   -1    1   16    0.026768
    1   -1    2   16    0.008907
    1   -1    3   16    0.010967
    1   -1    4   16   -0.017327
    1   -1    5   16   -0.000455
    1   -1    6   16   -0.025110
    1   -1    7   16   -0.009092
    1   -1    8   16   -0.000255
    1   -1    9   16   -0.005043
    1   -1   10   16   -0.050890
    1   -1   11   16   -0.003377
    1   -1   12   16   -0.132725
    1   -1   13   16    0.004705
    1   -1   14   16   -0.000015
    1   -1   15   16    0.013767
    1   -1   16   16    0.001535
    1   -1   17   16   -0.002672
    1   -1   18   16   -0.009485
    1   -1    1   17    0.003272
    1   -1    2   17    0.002025
    1   -1    3   17    0.006220
    1   -1    4   17   -0.002613
    1   -1    5   17   -0.000817
    1   -1    6   17   -0.002740
    1   -1    7   17    0.005785
    1   -1    8   17    0.000375
    1   -1    9   17    0.002645
    1   -1   10   17   -0.006477
    1   -1   11   17    0.001550
    1   -1   12   17    0.055825
    1   -1   13   17    0.003420
    1   -1   14   17   -0.000797
    1   -1   15   17    0.034205
    1   -1   16   17   -0.002655
    1   -1   17   17   -0.000055
    1   -1   18   17    0.004762
    1   -1    1   18   -0.002752
    1   -1    2   18    0.000800
    1   -1    3   18    0.001708
    1   -1    4   18   -0.003117
    1   -1    5   18    0.000273
    1   -1    6   18   -0.002583
    1   -1    7   18    0.011087
    1   -1    8   18   -0.000498
    1   -1    9   18    0.001115
    1   -1   10   18   -0.003938
    1   -1   11   18    0.000800
    1   -1   12   18   -0.029153
    1   -1   13   18    0.002125
    1   -1   14   18    0.000275
    1   -1   15   18    0.004897
    1   -1   16   18    0.004255
    1   -1   17   18    0.004055
    1   -1   18   18    0.000177
   -1    0    1    1   -0.061970
   -1    0    2    1   -0.000775
   -1    0    3    1   -0.004980
   -1    0    4    1    0.050645
   -1    0    5    1    0.000530
   -1    0    6    1   -0.006117
   -1    0    7    1   -0.008895
   -1    0    8    1   -0.007013
   -1    0    9    1    0.042735
   -1    0   10    1   -0.056847
   -1    0   11    1   -0.003167
   -1    0   12    1    0.007150
   -1    0   13    1    0.024890
   -1    0   14    1    0.013092
   -1    0   15    1    0.006845
   -1    0   16    1   -0.026662
   -1    0   17    1    0.010722
   -1    0   18    1    0.018287
   -1    0    1    2   -0.492972
   -1    0    2    2   -0.006035
   -1    0    3    2    0.304602
   -1    0    4    2    0.133410
   -1    0    5    2   -0.043800
   -1    0    6    2    0.011502
   -1    0    7    2   -0.021777
   -1    0    8    2    0.728145
   -1    0    9    2    0.176560
   -1    0   10    2    0.050818
   -1    0   11    2   -0.054237
   -1    0   12    2    0.002595
   -1    0   13    2    0.002240
   -1    0   14    2    0.248515
   -1    0   15    2    0.006597
   -1    0   16    2   -0.039893
   -1    0   17    2   -1.296133
   -1    0   18    2    0.062530
   -1    0    1    3   -0.222660
   -1    0    2    3   -0.022437
   -1    0    3    3    0.433225
   -1    0    4    3   -0.081467
   -1    0    5    3   -0.048460
   -1    0    6    3   -0.027245
   -1    0    7    3   -0.021587
   -1    0    8    3    0.052285
   -1    0    9    3   -0.039630
   -1    0   10    3   -0.119295
   -1    0   11    3   -0.021910
   -1    0   12    3   -0.000303
   -1    0   13    3    0.002990
   -1    0   14    3   -0.095712
   -1    0   15    3    0.000002
   -1    0   16    3    0.019052
   -1    0   17    3    0.019855
   -1    0   18    3   -0.016175
   -1    0    1    4    0.127147
   -1    0    2    4    0.036765
   -1    0    3    4   -1.045287
   -1    0    4    4    0.225835
   -1    0    5    4    0.156715
   -1    0    6    4    0.004005
   -1    0    7    4    0.020455
   -1    0    8    4    0.928412
   -1    0    9    4   -0.363183
   -1    0   10    4   -0.569295
   -1    0   11    4    0.031770
   -1    0   12    4    0.007557
   -1    0   13    4    0.040735
   -1    0   14    4    0.251220
   -1    0   15    4   -0.010530
   -1    0   16    4   -0.157403
   -1    0   17    4    0.037680
   -1    0   18    4    0.011095
   -1    0    1    5    0.106878
   -1    0    2    5   -0.005795
   -1    0    3    5   -0.038785
   -1    0    4    5    0.013270
   -1    0    5    5    0.016245
   -1    0    6    5    0.009070
   -1    0    7    5   -0.000170
   -1    0    8    5    0.145842
   -1    0    9    5   -0.041237
   -1    0   10    5    0.015003
   -1    0   11    5   -0.010610
   -1    0   12    5    0.000697
   -1    0   13    5    0.002322
   -1    0   14    5    0.059025
   -1    0   15    5   -0.005130
   -1    0   16    5   -0.002300
   -1    0   17    5    0.149447
   -1    0   18    5    0.006105
   -1    0    1    6    0.814422
   -1    0    2    6    0.015732
   -1    0    3    6   -0.295900
   -1    0    4    6   -0.918287
   -1    0    5    6   -0.398880
   -1    0    6    6    0.063720
   -1    0    7    6   -0.101440
   -1    0    8    6    2.288027
   -1    0    9    6   -0.761300
   -1    0   10    6    1.085887
   -1    0   11    6    0.151698
   -1    0   12    6   -0.016067
   -1    0   13    6    0.629865
   -1    0   14    6   -0.684397
   -1    0   15    6    0.050562
   -1    0   16    6    0.321462
   -1    0   17    6    0.092870
   -1    0   18    6   -0.473812
   -1    0    1    7    2.980415
   -1    0    2    7   -0.003287
   -1    0    3    7   -1.121085
   -1    0    4    7    0.256952
   -1    0    5    7    0.069615
   -1    0    6    7   -0.046392
   -1    0    7    7   -0.100800
   -1    0    8    7   -0.178705
   -1    0    9    7   -0.118090
   -1    0   10    7   -0.738267
   -1    0   11    7   -0.018405
   -1    0   12    7    0.002005
   -1    0   13    7    0.061227
   -1    0   14    7    0.022132
   -1    0   15    7   -0.030060
   -1    0   16    7   -0.031537
   -1    0   17    7    0.427040
   -1    0   18    7    0.091472
   -1    0    1    8    0.022530
   -1    0    2    8    0.001395
   -1    0    3    8   -0.043690
   -1    0    4    8    0.006795
   -1    0    5    8   -0.000112
   -1    0    6    8    0.001277
   -1    0    7    8    0.001430
   -1    0    8    8    0.014302
   -1    0    9    8    0.001357
   -1    0   10    8    0.006222
   -1    0   11    8    0.002482
   -1    0   12    8    0.001390
   -1    0   13    8    0.001005
   -1    0   14    8    0.002087
   -1    0   15    8    0.001545
   -1    0   16    8   -0.005850
   -1    0   17    8    0.000377
   -1    0   18    8    0.002122
   -1    0    1    9    0.031692
   -1    0    2    9   -0.005430
   -1    0    3    9   -0.017133
   -1    0    4    9    0.011983
   -1    0    5    9    0.011880
   -1    0    6    9   -0.002265
   -1    0    7    9   -0.041495
   -1    0    8    9    0.010340
   -1    0    9    9    0.254092
   -1    0   10    9   -0.299975
   -1    0   11    9    0.000010
   -1    0   12    9    0.000845
   -1    0   13    9    0.003020
   -1    0   14    9    0.021395
   -1    0   15    9   -0.013040
   -1    0   16    9   -0.066222
   -1    0   17    9    0.087425
   -1    0   18    9   -0.027480
   -1    0    1   10   -0.091552
   -1    0    2   10   -0.069775
   -1    0    3   10    0.223015
   -1    0    4   10    0.155163
   -1    0    5   10    0.101175
   -1    0    6   10    0.068248
   -1    0    7   10    0.000353
   -1    0    8   10   -0.406092
   -1    0    9   10   -0.014097
   -1    0   10   10    0.029502
   -1    0   11   10   -0.346510
   -1    0   12   10    0.090192
   -1    0   13   10   -0.085305
   -1    0   14   10   -1.054597
   -1    0   15   10    0.042255
   -1    0   16   10   -0.764578
   -1    0   17   10   -0.033500
   -1    0   18   10    0.117410
   -1    0    1   11    0.433862
   -1    0    2   11    0.001595
   -1    0    3   11    0.175745
   -1    0    4   11   -0.115960
   -1    0    5   11   -0.035368
   -1    0    6   11   -0.002187
   -1    0    7   11   -0.024490
   -1    0    8   11   -0.031142
   -1    0    9   11   -0.018315
   -1    0   10   11   -0.065725
   -1    0   11   11    0.008958
   -1    0   12   11   -0.000723
   -1    0   13   11    0.011640
   -1    0   14   11    0.039182
   -1    0   15   11   -0.005162
   -1    0   16   11   -0.088195
   -1    0   17   11   -0.683537
   -1    0   18   11   -0.103692
   -1    0    1   12   -0.257802
   -1    0    2   12    0.006555
   -1    0    3   12   -0.035745
   -1    0    4   12    0.012913
   -1    0    5   12    0.002135
   -1    0    6   12   -0.007358
   -1    0    7   12    0.224397
   -1    0    8   12    0.012682
   -1    0    9   12   -0.015178
   -1    0   10   12   -0.071202
   -1    0   11   12    0.066227
   -1    0   12   12    0.028740
   -1    0   13   12    0.027545
   -1    0   14   12    0.009097
   -1    0   15   12    0.027775
   -1    0   16   12   -0.157620
   -1    0   17   12   -0.011705
   -1    0   18   12   -0.156362
   -1    0    1   13   -0.328225
   -1    0    2   13   -0.002618
   -1    0    3   13    0.096565
   -1    0    4   13    0.024975
   -1    0    5   13   -0.006030
   -1    0    6   13   -0.015275
   -1    0    7   13    0.024847
   -1    0    8   13    0.100362
   -1    0    9   13    0.471865
   -1    0   10   13    1.647867
   -1    0   11   13    0.003670
   -1    0   12   13   -0.001437
   -1    0   13   13   -0.021630
   -1    0   14   13    0.128098
   -1    0   15   13    0.013805
   -1    0   16   13    0.617920
   -1    0   17   13   -0.184042
   -1    0   18   13    0.076385
   -1    0    1   14   -0.038747
   -1    0    2   14   -0.004047
   -1    0    3   14   -0.045480
   -1    0    4   14    0.027187
   -1    0    5   14    0.019542
   -1    0    6   14    0.004125
   -1    0    7   14   -0.009663
   -1    0    8   14   -0.001018
   -1    0    9   14    0.062715
   -1    0   10   14   -0.046755
   -1    0   11   14   -0.008945
   -1    0   12   14    0.001095
   -1    0   13   14    0.003550
   -1    0   14   14    0.046210
   -1    0   15   14   -0.004540
   -1    0   16   14   -0.023498
   -1    0   17   14    0.018427
   -1    0   18   14    0.017097
   -1    0    1   15   -1.099537
   -1    0    2   15   -0.036847
   -1    0    3   15   -1.727882
   -1    0    4   15    0.169720
   -1    0    5   15   -0.107082
   -1    0    6   15   -0.097662
   -1    0    7   15   -0.050095
   -1    0    8   15    0.922352
   -1    0    9   15    1.274767
   -1    0   10   15    2.156135
   -1    0   11   15    0.031387
   -1    0   12   15   -0.021175
   -1    0   13   15    0.236832
   -1    0   14   15   -0.180935
   -1    0   15   15   -0.102527
   -1    0   16   15   -1.818870
   -1    0   17   15    1.063913
   -1    0   18   15    0.245442
   -1    0    1   16    0.202497
   -1    0    2   16    0.022160
   -1    0    3   16    0.335060
   -1    0    4   16    0.178587
   -1    0    5   16    0.077580
   -1    0    6   16    0.069347
   -1    0    7   16   -0.041440
   -1    0    8   16   -0.718388
   -1    0    9   16    0.003717
   -1    0   10   16   -0.086788
   -1    0   11   16    0.011665
   -1    0   12   16    0.002442
   -1    0   13   16    0.018255
   -1    0   14   16    0.087052
   -1    0   15   16    0.004182
   -1    0   16   16   -0.114000
   -1    0   17   16    0.034383
   -1    0   18   16    0.089665
   -1    0    1   17    0.056255
   -1    0    2   17   -0.074312
   -1    0    3   17   -1.293670
   -1    0    4   17    0.078077
   -1    0    5   17    1.413820
   -1    0    6   17    0.136035
   -1    0    7   17   -0.046687
   -1    0    8   17   -0.579667
   -1    0    9   17   -0.006942
   -1    0   10   17    0.044840
   -1    0   11   17   -0.092480
   -1    0   12   17   -0.001847
   -1    0   13   17   -0.001515
   -1    0   14   17    2.882052
   -1    0   15   17   -0.023643
   -1    0   16   17   -0.278675
   -1    0   17   17   -0.002833
   -1    0   18   17    0.080225
   -1    0    1   18   -1.429987
   -1    0    2   18    0.000975
   -1    0    3   18   -0.047392
   -1    0    4   18   -0.043193
   -1    0    5   18    0.026835
   -1    0    6   18   -0.002713
   -1    0    7   18   -0.012327
   -1    0    8   18   -0.058707
   -1    0    9   18    0.257798
   -1    0   10   18   -0.019545
   -1    0   11   18    0.003448
   -1    0   12   18   -0.004255
   -1    0   13   18   -0.014647
   -1    0   14   18    0.041242
   -1    0   15   18    0.024233
   -1    0   16   18    0.091770
   -1    0   17   18   -0.125400
   -1    0   18   18   -0.094950
    0    0    1    1   -1.997497
    0    0    2    1   -0.039632
    0    0    3    1    0.152492
    0    0    4    1    1.605890
    0    0    5    1    0.069165
    0    0    6    1   -0.027257
    0    0    7    1   -0.265442
    0    0    8    1   -0.049875
    0    0    9    1    1.597233
    0    0   10    1   -1.285362
    0    0   11    1   -0.126390
    0    0   12    1   -0.002575
    0    0   13    1   -0.241740
    0    0   14    1    0.024785
    0    0   15    1    0.010562
    0    0   16    1    0.845847
    0    0   17    1    0.595650
    0    0   18    1    1.858233
    0    0    1    2   -0.039632
    0    0    2    2    0.933545
    0    0    3    2    0.076058
    0    0    4    2    2.471617
    0    0    5    2    1.873270
    0    0    6    2   -3.430442
    0    0    7    2   -2.619220
    0    0    8    2   -0.101848
    0    0    9    2    0.077993
    0    0   10    2    0.425067
    0    0   11    2    0.395015
    0    0   12    2   -0.018873
    0    0   13    2    0.313085
    0    0   14    2    1.464225
    0    0   15    2   -0.471815
    0    0   16    2   -1.706220
    0    0   17    2    2.913680
    0    0   18    2   -0.028490
    0    0    1    3    0.152492
    0    0    2    3    0.076058
    0    0    3    3    4.265537
    0    0    4    3   -0.741180
    0    0    5    3    0.528063
    0    0    6    3    0.323502
    0    0    7    3   -0.596410
    0    0    8    3   -0.578348
    0    0    9    3   -0.884615
    0    0   10    3    0.499358
    0    0   11    3    0.186367
    0    0   12    3   -0.018470
    0    0   13    3   -0.318592
    0    0   14    3    0.821497
    0    0   15    3   -0.493170
    0    0   16    3    0.390625
    0    0   17    3    0.726335
    0    0   18    3   -0.333125
    0    0    1    4    1.605890
    0    0    2    4    2.471617
    0    0    3    4   -0.741180
    0    0    4    4  -13.924798
    0    0    5    4   -0.704128
    0    0    6    4   -0.046330
    0    0    7    4   -0.735640
    0    0    8    4   -0.069340
    0    0    9    4   -0.276095
    0    0   10    4    0.083823
    0    0   11    4   -0.343390
    0    0   12    4    0.048825
    0    0   13    4   -0.899288
    0    0   14    4    0.435248
    0    0   15    4   -0.851758
    0    0   16    4   -0.166970
    0    0   17    4    0.046147
    0    0   18    4    1.578390
    0    0    1    5    0.069165
    0    0    2    5    1.873270
    0    0    3    5    0.528063
    0    0    4    5   -0.704128
    0    0    5    5    2.040143
    0    0    6    5   -0.222322
    0    0    7    5   -0.517827
    0    0    8    5   -0.167040
    0    0    9    5   -0.167403
    0    0   10    5   -0.016307
    0    0   11    5    1.376525
    0    0   12    5    0.006845
    0    0   13    5   -0.030280
    0    0   14    5    0.645292
    0    0   15    5    0.125523
    0    0   16    5   -0.228115
    0    0   17    5   -1.040122
    0    0   18    5    0.036620
    0    0    1    6   -0.027257
    0    0    2    6   -3.430442
    0    0    3    6    0.323502
    0    0    4    6   -0.046330
    0    0    5    6   -0.222322
    0    0    6    6   13.430172
    0    0    7    6    0.498582
    0    0    8    6    0.094783
    0    0    9    6   -0.007155
    0    0   10    6   -1.512232
    0    0   11    6    2.002925
    0    0   12    6    0.123342
    0    0   13    6   -0.652647
    0    0   14    6   -0.472855
    0    0   15    6   -1.126932
    0    0   16    6   -3.263307
    0    0   17    6   -2.141025
    0    0   18    6   -0.077482
    0    0    1    7   -0.265442
    0    0    2    7   -2.619220
    0    0    3    7   -0.596410
    0    0    4    7   -0.735640
    0    0    5    7   -0.517827
    0    0    6    7    0.498582
    0    0    7    7    9.616517
    0    0    8    7    0.036935
    0    0    9    7   -0.454662
    0    0   10    7    0.293080
    0    0   11    7   -0.595482
    0    0   12    7    0.081282
    0    0   13    7   -2.070028
    0    0   14    7   -0.106085
    0    0   15    7   -5.629927
    0    0   16    7    0.577900
    0    0   17    7    0.684407
    0    0   18    7    0.877690
    0    0    1    8   -0.049875
    0    0    2    8   -0.101848
    0    0    3    8   -0.578348
    0    0    4    8   -0.069340
    0    0    5    8   -0.167040
    0    0    6    8    0.094783
    0    0    7    8    0.036935
    0    0    8    8    2.766650
    0    0    9    8    0.273952
    0    0   10    8   -0.022113
    0    0   11    8   -0.065382
    0    0   12    8   -0.003265
    0    0   13    8    0.011707
    0    0   14    8    0.443653
    0    0   15    8    0.022110
    0    0   16    8   -0.305257
    0    0   17    8    2.056040
    0    0   18    8    0.104165
    0    0    1    9    1.597233
    0    0    2    9    0.077993
    0    0    3    9   -0.884615
    0    0    4    9   -0.276095
    0    0    5    9   -0.167403
    0    0    6    9   -0.007155
    0    0    7    9   -0.454662
    0    0    8    9    0.273952
    0    0    9    9    0.710262
    0    0   10    9    0.123517
    0    0   11    9   -0.250485
    0    0   12    9    0.005880
    0    0   13    9    0.959498
    0    0   14    9    0.528828
    0    0   15    9   -0.527377
    0    0   16    9    0.113230
    0    0   17    9    0.293717
    0    0   18    9    0.266180
    0    0    1   10   -1.285362
    0    0    2   10    0.425067
    0    0    3   10    0.499358
    0    0    4   10    0.083823
    0    0    5   10   -0.016307
    0    0    6   10   -1.512232
    0    0    7   10    0.293080
    0    0    8   10   -0.022113
    0    0    9   10    0.123517
    0    0   10   10   13.279025
    0    0   11   10   -0.339007
    0    0   12   10   -0.060780
    0    0   13   10   -0.434865
    0    0   14   10    0.125282
    0    0   15   10   -0.508282
    0    0   16   10   -1.630120
    0    0   17   10   -0.569915
    0    0   18   10    0.132430
    0    0    1   11   -0.126390
    0    0    2   11    0.395015
    0    0    3   11    0.186367
    0    0    4   11   -0.343390
    0    0    5   11    1.376525
    0    0    6   11    2.002925
    0    0    7   11   -0.595482
    0    0    8   11   -0.065382
    0    0    9   11   -0.250485
    0    0   10   11   -0.339007
    0    0   11   11    1.896630
    0    0   12   11    0.006857
    0    0   13   11   -0.475903
    0    0   14   11   -0.187545
    0    0   15   11   -2.330552
    0    0   16   11   -1.934875
    0    0   17   11    0.394505
    0    0   18   11    0.413208
    0    0    1   12   -0.002575
    0    0    2   12   -0.018873
    0    0    3   12   -0.018470
    0    0    4   12    0.048825
    0    0    5   12    0.006845
    0    0    6   12    0.123342
    0    0    7   12    0.081282
    0    0    8   12   -0.003265
    0    0    9   12    0.005880
    0    0   10   12   -0.060780
    0    0   11   12    0.006857
    0    0   12   12    0.336820
    0    0   13   12    0.177818
    0    0   14   12    0.000492
    0    0   15   12    0.330705
    0    0   16   12   -0.048273
    0    0   17   12   -0.011737
    0    0   18   12    0.280142
    0    0    1   13   -0.241740
    0    0    2   13    0.313085
    0    0    3   13   -0.318592
    0    0    4   13   -0.899288
    0    0    5   13   -0.030280
    0    0    6   13   -0.652647
    0    0    7   13   -2.070028
    0    0    8   13    0.011707
    0    0    9   13    0.959498
    0    0   10   13   -0.434865
    0    0   11   13   -0.475903
    0    0   12   13    0.177818
    0    0   13   13   -1.082300
    0    0   14   13    0.274210
    0    0   15   13    1.378692
    0    0   16   13    1.404433
    0    0   17   13   -0.073872
    0    0   18   13    1.924560
    0    0    1   14    0.024785
    0    0    2   14    1.464225
    0    0    3   14    0.821497
    0    0    4   14    0.435248
    0    0    5   14    0.645292
    0    0    6   14   -0.472855
    0    0    7   14   -0.106085
    0    0    8   14    0.443653
    0    0    9   14    0.528828
    0    0   10   14    0.125282
    0    0   11   14   -0.187545
    0    0   12   14    0.000492
    0    0   13   14    0.274210
    0    0   14   14    0.572480
    0    0   15   14   -0.014277
    0    0   16   14    0.354597
    0    0   17   14   -2.242227
    0    0   18   14    0.162552
    0    0    1   15    0.010562
    0    0    2   15   -0.471815
    0    0    3   15   -0.493170
    0    0    4   15   -0.851758
    0    0    5   15    0.125523
    0    0    6   15   -1.126932
    0    0    7   15   -5.629927
    0    0    8   15    0.022110
    0    0    9   15   -0.527377
    0    0   10   15   -0.508282
    0    0   11   15   -2.330552
    0    0   12   15    0.330705
    0    0   13   15    1.378692
    0    0   14   15   -0.014277
    0    0   15   15   11.741985
    0    0   16   15    0.157825
    0    0   17   15   -1.693675
    0    0   18   15    0.485115
    0    0    1   16    0.845847
    0    0    2   16   -1.706220
    0    0    3   16    0.390625
    0    0    4   16   -0.166970
    0    0    5   16   -0.228115
    0    0    6   16   -3.263307
    0    0    7   16    0.577900
    0    0    8   16   -0.305257
    0    0    9   16    0.113230
    0    0   10   16   -1.630120
    0    0   11   16   -1.934875
    0    0   12   16   -0.048273
    0    0   13   16    1.404433
    0    0   14   16    0.354597
    0    0   15   16    0.157825
    0    0   16   16   18.156350
    0    0   17   16    0.573825
    0    0   18   16    1.251197
    0    0    1   17    0.595650
    0    0    2   17    2.913680
    0    0    3   17    0.726335
    0    0    4   17    0.046147
    0    0    5   17   -1.040122
    0    0    6   17   -2.141025
    0    0    7   17    0.684407
    0    0    8   17    2.056040
    0    0    9   17    0.293717
    0    0   10   17   -0.569915
    0    0   11   17    0.394505
    0    0   12   17   -0.011737
    0    0   13   17   -0.073872
    0    0   14   17   -2.242227
    0    0   15   17   -1.693675
    0    0   16   17    0.573825
    0    0   17   17    2.998610
    0    0   18   17    0.090075
    0    0    1   18    1.858233
    0    0    2   18   -0.028490
    0    0    3   18   -0.333125
    0    0    4   18    1.578390
    0    0    5   18    0.036620
    0    0    6   18   -0.077482
    0    0    7   18    0.877690
    0    0    8   18    0.104165
    0    0    9   18    0.266180
    0    0   10   18    0.132430
    0    0   11   18    0.413208
    0    0   12   18    0.280142
    0    0   13   18    1.924560
    0    0   14   18    0.162552
    0    0   15   18    0.485115
    0    0   16   18    1.251197
    0    0   17   18    0.090075
    0    0   18   18    0.001243
    1    0    1    1   -0.061970
    1    0    2    1   -0.492972
    1    0    3    1   -0.222660
    1    0    4    1    0.127147
    1    0    5    1    0.106878
    1    0    6    1    0.814422
    1    0    7    1    2.980415
    1    0    8    1    0.022530
    1    0    9    1    0.031692
    1    0   10    1   -0.091552
    1    0   11    1    0.433862
    1    0   12    1   -0.257802
    1    0   13    1   -0.328225
    1    0   14    1   -0.038747
    1    0   15    1   -1.099537
    1    0   16    1    0.202497
    1    0   17    1    0.056255
    1    0   18    1   -1.429987
    1    0    1    2   -0.000775
    1    0    2    2   -0.006035
    1    0    3    2   -0.022437
    1    0    4    2    0.036765
    1    0    5    2   -0.005795
    1    0    6    2    0.015732
    1    0    7    2   -0.003287
    1    0    8    2    0.001395
    1    0    9    2   -0.005430
    1    0   10    2   -0.069775
    1    0   11    2    0.001595
    1    0   12    2    0.006555
    1    0   13    2   -0.002618
    1    0   14    2   -0.004047
    1    0   15    2   -0.036847
    1    0   16    2    0.022160
    1    0   17    2   -0.074312
    1    0   18    2    0.000975
    1    0    1    3   -0.004980
    1    0    2    3    0.304602
    1    0    3    3    0.433225
    1    0    4    3   -1.045287
    1    0    5    3   -0.038785
    1    0    6    3   -0.295900
    1    0    7    3   -1.121085
    1    0    8    3   -0.043690
    1    0    9    3   -0.017133
    1    0   10    3    0.223015
    1    0   11    3    0.175745
    1    0   12    3   -0.035745
    1    0   13    3    0.096565
    1    0   14    3   -0.045480
    1    0   15    3   -1.727882
    1    0   16    3    0.335060
    1    0   17    3   -1.293670
    1    0   18    3   -0.047392
    1    0    1    4    0.050645
    1    0    2    4    0.133410
    1    0    3    4   -0.081467
    1    0    4    4    0.225835
    1    0    5    4    0.013270
    1    0    6    4   -0.918287
    1    0    7    4    0.256952
    1    0    8    4    0.006795
    1    0    9    4    0.011983
    1    0   10    4    0.155163
    1    0   11    4   -0.115960
    1    0   12    4    0.012913
    1    0   13    4    0.024975
    1    0   14    4    0.027187
    1    0   15    4    0.169720
    1    0   16    4    0.178587
    1    0   17    4    0.078077
    1    0   18    4   -0.043193
    1    0    1    5    0.000530
    1    0    2    5   -0.043800
    1    0    3    5   -0.048460
    1    0    4    5    0.156715
    1    0    5    5    0.016245
    1    0    6    5   -0.398880
    1    0    7    5    0.069615
    1    0    8    5   -0.000112
    1    0    9    5    0.011880
    1    0   10    5    0.101175
    1    0   11    5   -0.035368
    1    0   12    5    0.002135
    1    0   13    5   -0.006030
    1    0   14    5    0.019542
    1    0   15    5   -0.107082
    1    0   16    5    0.077580
    1    0   17    5    1.413820
    1    0   18    5    0.026835
    1    0    1    6   -0.006117
    1    0    2    6    0.011502
    1    0    3    6   -0.027245
    1    0    4    6    0.004005
    1    0    5    6    0.009070
    1    0    6    6    0.063720
    1    0    7    6   -0.046392
    1    0    8    6    0.001277
    1    0    9    6   -0.002265
    1    0   10    6    0.068248
    1    0   11    6   -0.002187
    1    0   12    6   -0.007358
    1    0   13    6   -0.015275
    1    0   14    6    0.004125
    1    0   15    6   -0.097662
    1    0   16    6    0.069347
    1    0   17    6    0.136035
    1    0   18    6   -0.002713
    1    0    1    7   -0.008895
    1    0    2    7   -0.021777
    1    0    3    7   -0.021587
    1    0    4    7    0.020455
    1    0    5    7   -0.000170
    1    0    6    7   -0.101440
    1    0    7    7   -0.100800
    1    0    8    7    0.001430
    1    0    9    7   -0.041495
    1    0   10    7    0.000353
    1    0   11    7   -0.024490
    1    0   12    7    0.224397
    1    0   13    7    0.024847
    1    0   14    7   -0.009663
    1    0   15    7   -0.050095
    1    0   16    7   -0.041440
    1    0   17    7   -0.046687
    1    0   18    7   -0.012327
    1    0    1    8   -0.007013
    1    0    2    8    0.728145
    1    0    3    8    0.052285
    1    0    4    8    0.928412
    1    0    5    8    0.145842
    1    0    6    8    2.288027
    1    0    7    8   -0.178705
    1    0    8    8    0.014302
    1    0    9    8    0.010340
    1    0   10    8   -0.406092
    1    0   11    8   -0.031142
    1    0   12    8    0.012682
    1    0   13    8    0.100362
    1    0   14    8   -0.001018
    1    0   15    8    0.922352
    1    0   16    8   -0.718388
    1    0   17    8   -0.579667
    1    0   18    8   -0.058707
    1    0    1    9    0.042735
    1    0    2    9    0.176560
    1    0    3    9   -0.039630
    1    0    4    9   -0.363183
    1    0    5    9   -0.041237
    1    0    6    9   -0.761300
    1    0    7    9   -0.118090
    1    0    8    9    0.001357
    1    0    9    9    0.254092
    1    0   10    9   -0.014097
    1    0   11    9   -0.018315
    1    0   12    9   -0.015178
    1    0   13    9    0.471865
    1    0   14    9    0.062715
    1    0   15    9    1.274767
    1    0   16    9    0.003717
    1    0   17    9   -0.006942
    1    0   18    9    0.257798
    1    0    1   10   -0.056847
    1    0    2   10    0.050818
    1    0    3   10   -0.119295
    1    0    4   10   -0.569295
    1    0    5   10    0.015003
    1    0    6   10    1.085887
    1    0    7   10   -0.738267
    1    0    8   10    0.006222
    1    0    9   10   -0.299975
    1    0   10   10    0.029502
    1    0   11   10   -0.065725
    1    0   12   10   -0.071202
    1    0   13   10    1.647867
    1    0   14   10   -0.046755
    1    0   15   10    2.156135
    1    0   16   10   -0.086788
    1    0   17   10    0.044840
    1    0   18   10   -0.019545
    1    0    1   11   -0.003167
    1    0    2   11   -0.054237
    1    0    3   11   -0.021910
    1    0    4   11    0.031770
    1    0    5   11   -0.010610
    1    0    6   11    0.151698
    1    0    7   11   -0.018405
    1    0    8   11    0.002482
    1    0    9   11    0.000010
    1    0   10   11   -0.346510
    1    0   11   11    0.008958
    1    0   12   11    0.066227
    1    0   13   11    0.003670
    1    0   14   11   -0.008945
    1    0   15   11    0.031387
    1    0   16   11    0.011665
    1    0   17   11   -0.092480
    1    0   18   11    0.003448
    1    0    1   12    0.007150
    1    0    2   12    0.002595
    1    0    3   12   -0.000303
    1    0    4   12    0.007557
    1    0    5   12    0.000697
    1    0    6   12   -0.016067
    1    0    7   12    0.002005
    1    0    8   12    0.001390
    1    0    9   12    0.000845
    1    0   10   12    0.090192
    1    0   11   12   -0.000723
    1    0   12   12    0.028740
    1    0   13   12   -0.001437
    1    0   14   12    0.001095
    1    0   15   12   -0.021175
    1    0   16   12    0.002442
    1    0   17   12   -0.001847
    1    0   18   12   -0.004255
    1    0    1   13    0.024890
    1    0    2   13    0.002240
    1    0    3   13    0.002990
    1    0    4   13    0.040735
    1    0    5   13    0.002322
    1    0    6   13    0.629865
    1    0    7   13    0.061227
    1    0    8   13    0.001005
    1    0    9   13    0.003020
    1    0   10   13   -0.085305
    1    0   11   13    0.011640
    1    0   12   13    0.027545
    1    0   13   13   -0.021630
    1    0   14   13    0.003550
    1    0   15   13    0.236832
    1    0   16   13    0.018255
    1    0   17   13   -0.001515
    1    0   18   13   -0.014647
    1    0    1   14    0.013092
    1    0    2   14    0.248515
    1    0    3   14   -0.095712
    1    0    4   14    0.251220
    1    0    5   14    0.059025
    1    0    6   14   -0.684397
    1    0    7   14    0.022132
    1    0    8   14    0.002087
    1    0    9   14    0.021395
    1    0   10   14   -1.054597
    1    0   11   14    0.039182
    1    0   12   14    0.009097
    1    0   13   14    0.128098
    1    0   14   14    0.046210
    1    0   15   14   -0.180935
    1    0   16   14    0.087052
    1    0   17   14    2.882052
    1    0   18   14    0.041242
    1    0    1   15    0.006845
    1    0    2   15    0.006597
    1    0    3   15    0.000002
    1    0    4   15   -0.010530
    1    0    5   15   -0.005130
    1    0    6   15    0.050562
    1    0    7   15   -0.030060
    1    0    8   15    0.001545
    1    0    9   15   -0.013040
    1    0   10   15    0.042255
    1    0   11   15   -0.005162
    1    0   12   15    0.027775
    1    0   13   15    0.013805
    1    0   14   15   -0.004540
    1    0   15   15   -0.102527
    1    0   16   15    0.004182
    1    0   17   15   -0.023643
    1    0   18   15    0.024233
    1    0    1   16   -0.026662
    1    0    2   16   -0.039893
    1    0    3   16    0.019052
    1    0    4   16   -0.157403
    1    0    5   16   -0.002300
    1    0    6   16    0.321462
    1    0    7   16   -0.031537
    1    0    8   16   -0.005850
    1    0    9   16   -0.066222
    1    0   10   16   -0.764578
    1    0   11   16   -0.088195
    1    0   12   16   -0.157620
    1    0   13   16    0.617920
    1    0   14   16   -0.023498
    1    0   15   16   -1.818870
    1    0   16   16   -0.114000
    1    0   17   16   -0.278675
    1    0   18   16    0.091770
    1    0    1   17    0.010722
    1    0    2   17   -1.296133
    1    0    3   17    0.019855
    1    0    4   17    0.037680
    1    0    5   17    0.149447
    1    0    6   17    0.092870
    1    0    7   17    0.427040
    1    0    8   17    0.000377
    1    0    9   17    0.087425
    1    0   10   17   -0.033500
    1    0   11   17   -0.683537
    1    0   12   17   -0.011705
    1    0   13   17   -0.184042
    1    0   14   17    0.018427
    1    0   15   17    1.063913
    1    0   16   17    0.034383
    1    0   17   17   -0.002833
    1    0   18   17   -0.125400
    1    0    1   18    0.018287
    1    0    2   18    0.062530
    1    0    3   18   -0.016175
    1    0    4   18    0.011095
    1    0    5   18    0.006105
    1    0    6   18   -0.473812
    1    0    7   18    0.091472
    1    0    8   18    0.002122
    1    0    9   18   -0.027480
    1    0   10   18    0.117410
    1    0   11   18   -0.103692
    1    0   12   18   -0.156362
    1    0   13   18    0.076385
    1    0   14   18    0.017097
    1    0   15   18    0.245442
    1    0   16   18    0.089665
    1    0   17   18    0.080225
    1    0   18   18   -0.094950
   -1    1    1    1    0.001802
   -1    1    2    1    0.000845
   -1    1    3    1    0.004162
   -1    1    4    1   -0.002950
   -1    1    5    1   -0.000472
   -1    1    6    1   -0.002763
   -1    1    7    1    0.009305
   -1    1    8    1   -0.001015
   -1    1    9    1    0.004255
   -1    1   10    1   -0.001652
   -1    1   11    1   -0.000585
   -1    1   12    1   -0.001243
   -1    1   13    1   -0.001392
   -1    1   14    1    0.000045
   -1    1   15    1   -0.006680
   -1    1   16    1    0.026768
   -1    1   17    1    0.003272
   -1    1   18    1   -0.002752
   -1    1    1    2   -0.016140
   -1    1    2    2   -0.000455
   -1    1    3    2   -0.002285
   -1    1    4    2   -0.003772
   -1    1    5    2    0.001897
   -1    1    6    2   -0.002322
   -1    1    7    2   -0.000633
   -1    1    8    2   -0.006890
   -1    1    9    2    0.002655
   -1    1   10    2    0.006462
   -1    1   11    2   -0.000583
   -1    1   12    2   -0.000317
   -1    1   13    2    0.004990
   -1    1   14    2    0.000642
   -1    1   15    2    0.000458
   -1    1   16    2    0.008907
   -1    1   17    2    0.002025
   -1    1   18    2    0.000800
   -1    1    1    3   -0.007392
   -1    1    2    3   -0.000912
   -1    1    3    3   -0.024178
   -1    1    4    3    0.024830
   -1    1    5    3    0.004730
   -1    1    6    3   -0.013755
   -1    1    7    3    0.001812
   -1    1    8    3    0.004315
   -1    1    9    3   -0.002135
   -1    1   10    3    0.001635
   -1    1   11    3   -0.001070
   -1    1   12    3    0.003392
   -1    1   13    3    0.006030
   -1    1   14    3    0.004135
   -1    1   15    3    0.022032
   -1    1   16    3    0.010967
   -1    1   17    3    0.006220
   -1    1   18    3    0.001708
   -1    1    1    4    0.016447
   -1    1    2    4    0.001582
   -1    1    3    4   -0.009180
   -1    1    4    4   -0.004647
   -1    1    5    4    0.000465
   -1    1    6    4    0.004490
   -1    1    7    4    0.003652
   -1    1    8    4   -0.008977
   -1    1    9    4   -0.003080
   -1    1   10    4   -0.002630
   -1    1   11    4    0.001187
   -1    1   12    4   -0.001670
   -1    1   13    4   -0.001285
   -1    1   14    4    0.001842
   -1    1   15    4   -0.009662
   -1    1   16    4   -0.017327
   -1    1   17    4   -0.002613
   -1    1   18    4   -0.003117
   -1    1    1    5   -0.001292
   -1    1    2    5    0.000012
   -1    1    3    5    0.000107
   -1    1    4    5   -0.001685
   -1    1    5    5    0.000038
   -1    1    6    5    0.000325
   -1    1    7    5   -0.001752
   -1    1    8    5   -0.002265
   -1    1    9    5   -0.000415
   -1    1   10    5   -0.001255
   -1    1   11    5   -0.000152
   -1    1   12    5   -0.000230
   -1    1   13    5   -0.000575
   -1    1   14    5   -0.000335
   -1    1   15    5   -0.003723
   -1    1   16    5   -0.000455
   -1    1   17    5   -0.000817
   -1    1   18    5    0.000273
   -1    1    1    6    0.037225
   -1    1    2    6   -0.001038
   -1    1    3    6    0.019162
   -1    1    4    6    0.006520
   -1    1    5    6   -0.006557
   -1    1    6    6    0.010622
   -1    1    7    6    0.018970
   -1    1    8    6    0.033273
   -1    1    9    6    0.002655
   -1    1   10    6   -0.000755
   -1    1   11    6    0.002035
   -1    1   12    6    0.004870
   -1    1   13    6    0.003990
   -1    1   14    6   -0.003042
   -1    1   15    6   -0.000888
   -1    1   16    6   -0.025110
   -1    1   17    6   -0.002740
   -1    1   18    6   -0.002583
   -1    1    1    7    0.041192
   -1    1    2    7    0.005567
   -1    1    3    7   -0.004533
   -1    1    4    7    0.008145
   -1    1    5    7    0.001865
   -1    1    6    7   -0.022480
   -1    1    7    7   -0.009987
   -1    1    8    7   -0.003657
   -1    1    9    7   -0.016907
   -1    1   10    7   -0.015162
   -1    1   11    7   -0.005262
   -1    1   12    7   -0.001540
   -1    1   13    7    0.014570
   -1    1   14    7    0.005795
   -1    1   15    7    0.004690
   -1    1   16    7   -0.009092
   -1    1   17    7    0.005785
   -1    1   18    7    0.011087
   -1    1    1    8    0.002342
   -1    1    2    8    0.000065
   -1    1    3    8   -0.001620
   -1    1    4    8   -0.000125
   -1    1    5    8    0.000150
   -1    1    6    8    0.000885
   -1    1    7    8    0.001152
   -1    1    8    8   -0.000187
   -1    1    9    8    0.000340
   -1    1   10    8    0.001210
   -1    1   11    8    0.000355
   -1    1   12    8   -0.000237
   -1    1   13    8   -0.000315
   -1    1   14    8    0.000478
   -1    1   15    8   -0.001047
   -1    1   16    8   -0.000255
   -1    1   17    8    0.000375
   -1    1   18    8   -0.000498
   -1    1    1    9    0.005685
   -1    1    2    9    0.000773
   -1    1    3    9   -0.007027
   -1    1    4    9    0.003612
   -1    1    5    9    0.001152
   -1    1    6    9   -0.003995
   -1    1    7    9   -0.004888
   -1    1    8    9    0.001045
   -1    1    9    9    0.002447
   -1    1   10    9    0.009502
   -1    1   11    9   -0.001072
   -1    1   12    9   -0.000092
   -1    1   13    9    0.005960
   -1    1   14    9    0.001362
   -1    1   15    9    0.008787
   -1    1   16    9   -0.005043
   -1    1   17    9    0.002645
   -1    1   18    9    0.001115
   -1    1    1   10   -0.250430
   -1    1    2   10    0.019887
   -1    1    3   10    0.121280
   -1    1    4   10    0.007735
   -1    1    5   10    0.038972
   -1    1    6   10    0.026165
   -1    1    7   10   -0.010292
   -1    1    8   10   -0.305777
   -1    1    9   10    0.001355
   -1    1   10   10    0.000535
   -1    1   11   10    0.014810
   -1    1   12   10    0.000835
   -1    1   13   10    0.004020
   -1    1   14   10   -0.009333
   -1    1   15   10   -0.008145
   -1    1   16   10   -0.050890
   -1    1   17   10   -0.006477
   -1    1   18   10   -0.003938
   -1    1    1   11    0.014207
   -1    1    2   11    0.000555
   -1    1    3   11   -0.003630
   -1    1    4   11    0.005830
   -1    1    5   11   -0.000927
   -1    1    6   11   -0.000652
   -1    1    7   11    0.001005
   -1    1    8   11    0.005675
   -1    1    9   11   -0.002363
   -1    1   10   11    0.002467
   -1    1   11   11   -0.000280
   -1    1   12   11    0.000965
   -1    1   13   11    0.003037
   -1    1   14   11    0.000362
   -1    1   15   11   -0.000950
   -1    1   16   11   -0.003377
   -1    1   17   11    0.001550
   -1    1   18   11    0.000800
   -1    1    1   12   -0.193177
   -1    1    2   12    0.001950
   -1    1    3   12   -0.296960
   -1    1    4   12    0.028852
   -1    1    5   12    0.043698
   -1    1    6   12    0.001603
   -1    1    7   12   -0.068435
   -1    1    8   12    0.008767
   -1    1    9   12   -0.079698
   -1    1   10   12    0.016530
   -1    1   11   12    0.001495
   -1    1   12   12    0.004252
   -1    1   13   12    0.063870
   -1    1   14   12    0.035210
   -1    1   15   12   -0.023223
   -1    1   16   12   -0.132725
   -1    1   17   12    0.055825
   -1    1   18   12   -0.029153
   -1    1    1   13    0.012533
   -1    1    2   13   -0.000300
   -1    1    3   13   -0.007420
   -1    1    4   13   -0.000503
   -1    1    5   13    0.000250
   -1    1    6   13   -0.003040
   -1    1    7   13   -0.003087
   -1    1    8   13    0.001375
   -1    1    9   13   -0.000262
   -1    1   10   13    0.018295
   -1    1   11   13   -0.000550
   -1    1   12   13    0.001510
   -1    1   13   13    0.004317
   -1    1   14   13    0.002075
   -1    1   15   13    0.003440
   -1    1   16   13    0.004705
   -1    1   17   13    0.003420
   -1    1   18   13    0.002125
   -1    1    1   14   -0.004437
   -1    1    2   14    0.000307
   -1    1    3   14    0.004005
   -1    1    4   14   -0.003725
   -1    1    5   14    0.000007
   -1    1    6   14   -0.000322
   -1    1    7   14   -0.002425
   -1    1    8   14   -0.003077
   -1    1    9   14    0.001315
   -1    1   10   14   -0.000515
   -1    1   11   14   -0.000320
   -1    1   12   14   -0.000695
   -1    1   13   14    0.000285
   -1    1   14   14   -0.000317
   -1    1   15   14   -0.002785
   -1    1   16   14   -0.000015
   -1    1   17   14   -0.000797
   -1    1   18   14    0.000275
   -1    1    1   15   -0.037748
   -1    1    2   15   -0.004285
   -1    1    3   15   -0.050795
   -1    1    4   15   -0.052837
   -1    1    5   15    0.000180
   -1    1    6   15   -0.020107
   -1    1    7   15   -0.008965
   -1    1    8   15    0.043547
   -1    1    9   15    0.017655
   -1    1   10   15    0.056025
   -1    1   11   15   -0.006140
   -1    1   12   15   -0.001368
   -1    1   13   15    0.047640
   -1    1   14   15    0.004180
   -1    1   15   15   -0.007512
   -1    1   16   15    0.013767
   -1    1   17   15    0.034205
   -1    1   18   15    0.004897
   -1    1    1   16    0.037455
   -1    1    2   16   -0.005007
   -1    1    3   16   -0.019875
   -1    1    4   16    0.005705
   -1    1    5   16   -0.002682
   -1    1    6   16    0.027502
   -1    1    7   16   -0.005365
   -1    1    8   16    0.013930
   -1    1    9   16   -0.007625
   -1    1   10   16    0.010012
   -1    1   11   16    0.003892
   -1    1   12   16   -0.002172
   -1    1   13   16   -0.001050
   -1    1   14   16   -0.001955
   -1    1   15   16   -0.002015
   -1    1   16   16    0.001535
   -1    1   17   16   -0.002655
   -1    1   18   16    0.004255
   -1    1    1   17    0.007015
   -1    1    2   17    0.000360
   -1    1    3   17   -0.006035
   -1    1    4   17    0.003040
   -1    1    5   17    0.001440
   -1    1    6   17    0.001550
   -1    1    7   17   -0.004422
   -1    1    8   17   -0.003177
   -1    1    9   17   -0.001517
   -1    1   10   17    0.000305
   -1    1   11   17   -0.000035
   -1    1   12   17   -0.000378
   -1    1   13   17    0.000305
   -1    1   14   17    0.001102
   -1    1   15   17   -0.001820
   -1    1   16   17   -0.002672
   -1    1   17   17   -0.000055
   -1    1   18   17    0.004055
   -1    1    1   18   -0.022238
   -1    1    2   18    0.000065
   -1    1    3   18    0.001392
   -1    1    4   18   -0.000853
   -1    1    5   18    0.001020
   -1    1    6   18    0.009810
   -1    1    7   18    0.005167
   -1    1    8   18   -0.009065
   -1    1    9   18    0.009835
   -1    1   10   18   -0.003430
   -1    1   11   18    0.003393
   -1    1   12   18    0.000165
   -1    1   13   18   -0.003192
   -1    1   14   18    0.000183
   -1    1   15   18    0.000698
   -1    1   16   18   -0.009485
   -1    1   17   18    0.004762
   -1    1   18   18    0.000177
    0    1    1    1   -0.031657
    0    1    2    1   -0.000865
    0    1    3    1   -0.057995
    0    1    4    1    0.032440
    0    1    5    1    0.005355
    0    1    6    1   -0.005738
    0    1    7    1   -0.026322
    0    1    8    1   -0.002445
    0    1    9    1    0.024935
    0    1   10    1    0.075132
    0    1   11    1   -0.004920
    0    1   12    1    0.001027
    0    1   13    1    0.018510
    0    1   14    1    0.007672
    0    1   15    1   -0.009253
    0    1   16    1    0.026722
    0    1   17    1    0.012715
    0    1   18    1    0.043627
    0    1    1    2   -0.017717
    0    1    2    2    0.011683
    0    1    3    2   -0.014270
    0    1    4    2   -0.003125
    0    1    5    2   -0.002772
    0    1    6    2   -0.007000
    0    1    7    2   -0.067793
    0    1    8    2   -0.032565
    0    1    9    2   -0.043432
    0    1   10    2    0.039572
    0    1   11    2   -0.003505
    0    1   12    2   -0.001377
    0    1   13    2   -0.000855
    0    1   14    2    0.001735
    0    1   15    2    0.002898
    0    1   16    2   -0.011562
    0    1   17    2    0.018040
    0    1   18    2    0.015825
    0    1    1    3   -0.025632
    0    1    2    3    0.005450
    0    1    3    3    0.227520
    0    1    4    3   -0.057263
    0    1    5    3   -0.022747
    0    1    6    3   -0.026630
    0    1    7    3   -0.034357
    0    1    8    3    0.057247
    0    1    9    3    0.012080
    0    1   10    3   -0.169962
    0    1   11    3   -0.017225
    0    1   12    3    0.001267
    0    1   13    3   -0.064630
    0    1   14    3   -0.036905
    0    1   15    3    0.018565
    0    1   16    3    0.040923
    0    1   17    3   -0.042027
    0    1   18    3   -0.011415
    0    1    1    4   -0.033820
    0    1    2    4   -0.012447
    0    1    3    4   -0.143122
    0    1    4    4    0.113373
    0    1    5    4    0.021700
    0    1    6    4   -0.005087
    0    1    7    4    0.014970
    0    1    8    4    0.048305
    0    1    9    4   -0.006883
    0    1   10    4    0.103383
    0    1   11    4    0.011693
    0    1   12    4    0.002413
    0    1   13    4    0.073963
    0    1   14    4    0.019607
    0    1   15    4    0.004920
    0    1   16    4    0.009047
    0    1   17    4    0.004690
    0    1   18    4   -0.001753
    0    1    1    5    0.001128
    0    1    2    5   -0.000735
    0    1    3    5   -0.034780
    0    1    4    5    0.009728
    0    1    5    5    0.004145
    0    1    6    5    0.001427
    0    1    7    5    0.001142
    0    1    8    5   -0.028907
    0    1    9    5   -0.010008
    0    1   10    5    0.009875
    0    1   11    5    0.002273
    0    1   12    5   -0.000347
    0    1   13    5    0.009542
    0    1   14    5    0.003635
    0    1   15    5   -0.000543
    0    1   16    5   -0.004907
    0    1   17    5    0.003227
    0    1   18    5    0.001300
    0    1    1    6    0.070652
    0    1    2    6   -0.041500
    0    1    3    6    0.100448
    0    1    4    6   -0.066667
    0    1    5    6    0.027615
    0    1    6    6    0.020402
    0    1    7    6    0.257915
    0    1    8    6   -0.079177
    0    1    9    6    0.222312
    0    1   10    6    0.002128
    0    1   11    6    0.005885
    0    1   12    6    0.006200
    0    1   13    6    0.073607
    0    1   14    6   -0.008440
    0    1   15    6   -0.036285
    0    1   16    6    0.042722
    0    1   17    6   -0.014637
    0    1   18    6   -0.092155
    0    1    1    7    0.035342
    0    1    2    7    0.033950
    0    1    3    7   -0.044590
    0    1    4    7   -0.043578
    0    1    5    7    0.036968
    0    1    6    7   -0.018338
    0    1    7    7    0.097575
    0    1    8    7    0.009187
    0    1    9    7   -0.013932
    0    1   10    7    1.124950
    0    1   11    7    0.014695
    0    1   12    7    0.005620
    0    1   13    7    0.209637
    0    1   14    7    0.011437
    0    1   15    7    0.021485
    0    1   16    7   -0.077550
    0    1   17    7    0.007577
    0    1   18    7   -0.036875
    0    1    1    8    0.005095
    0    1    2    8    0.000012
    0    1    3    8   -0.019838
    0    1    4    8    0.004550
    0    1    5    8    0.001308
    0    1    6    8   -0.000208
    0    1    7    8    0.004185
    0    1    8    8    0.003992
    0    1    9    8    0.001685
    0    1   10    8    0.017540
    0    1   11    8    0.000633
    0    1   12    8    0.000722
    0    1   13    8    0.005337
    0    1   14    8    0.003525
    0    1   15    8   -0.002813
    0    1   16    8   -0.002055
    0    1   17    8    0.004857
    0    1   18    8    0.003222
    0    1    1    9    0.026225
    0    1    2    9   -0.002878
    0    1    3    9    0.019467
    0    1    4    9   -0.009162
    0    1    5    9    0.001022
    0    1    6    9    0.000680
    0    1    7    9   -0.004400
    0    1    8    9    0.002725
    0    1    9    9    0.012242
    0    1   10    9    0.010550
    0    1   11    9   -0.000680
    0    1   12    9   -0.000353
    0    1   13    9    0.010145
    0    1   14    9   -0.003467
    0    1   15    9   -0.000752
    0    1   16    9   -0.010232
    0    1   17    9   -0.010637
    0    1   18    9   -0.004630
    0    1    1   10   -0.047800
    0    1    2   10    0.287445
    0    1    3   10    0.125988
    0    1    4   10    0.006815
    0    1    5   10   -0.350300
    0    1    6   10   -0.389992
    0    1    7   10   -0.765607
    0    1    8   10   -0.166682
    0    1    9   10    0.150250
    0    1   10   10    0.002813
    0    1   11   10    0.067460
    0    1   12   10   -0.008597
    0    1   13   10   -0.028965
    0    1   14   10   -0.039758
    0    1   15   10    0.118218
    0    1   16   10   -1.790592
    0    1   17   10    0.249720
    0    1   18   10   -0.051152
    0    1    1   11   -0.031805
    0    1    2   11   -0.028040
    0    1    3   11    0.068442
    0    1    4   11   -0.026225
    0    1    5   11    0.015832
    0    1    6   11   -0.001117
    0    1    7   11    0.100187
    0    1    8   11    0.293008
    0    1    9   11    0.020828
    0    1   10   11    0.288475
    0    1   11   11    0.002865
    0    1   12   11    0.001645
    0    1   13   11    0.022850
    0    1   14   11   -0.015452
    0    1   15   11   -0.006665
    0    1   16   11   -0.004303
    0    1   17   11   -0.098372
    0    1   18   11   -0.004845
    0    1    1   12   -2.031545
    0    1    2   12    0.257870
    0    1    3   12    0.070180
    0    1    4   12   -1.707907
    0    1    5   12   -0.131763
    0    1    6   12   -1.245867
    0    1    7   12   -0.604755
    0    1    8   12   -0.099387
    0    1    9   12    0.693877
    0    1   10   12    0.005945
    0    1   11   12   -0.209152
    0    1   12   12    0.004000
    0    1   13   12   -2.629427
    0    1   14   12   -0.003448
    0    1   15   12   -0.416222
    0    1   16   12   -0.165565
    0    1   17   12   -0.079350
    0    1   18   12    2.360942
    0    1    1   13   -0.517207
    0    1    2   13    0.005760
    0    1    3   13   -0.020492
    0    1    4   13   -0.007000
    0    1    5   13   -0.006995
    0    1    6   13   -0.015395
    0    1    7   13   -0.060832
    0    1    8   13   -0.019015
    0    1    9   13    0.029330
    0    1   10   13    0.071557
    0    1   11   13   -0.009780
    0    1   12   13    0.002212
    0    1   13   13   -0.060100
    0    1   14   13   -0.003875
    0    1   15   13   -0.009477
    0    1   16   13    0.037800
    0    1   17   13   -0.000825
    0    1   18   13    0.014070
    0    1    1   14    0.039080
    0    1    2   14    0.003880
    0    1    3   14   -0.025308
    0    1    4   14    0.001442
    0    1    5   14   -0.002318
    0    1    6   14   -0.000182
    0    1    7   14   -0.013895
    0    1    8   14   -0.010825
    0    1    9   14   -0.008225
    0    1   10   14    0.039020
    0    1   11   14    0.000945
    0    1   12   14   -0.000793
    0    1   13   14    0.014695
    0    1   14   14    0.002107
    0    1   15   14   -0.000652
    0    1   16   14   -0.006242
    0    1   17   14   -0.002330
    0    1   18   14    0.003795
    0    1    1   15    0.022035
    0    1    2   15   -0.001585
    0    1    3   15   -0.427825
    0    1    4   15    0.058798
    0    1    5   15   -0.237225
    0    1    6   15    0.161765
    0    1    7   15   -0.721033
    0    1    8   15   -0.231187
    0    1    9   15   -0.115900
    0    1   10   15    0.064738
    0    1   11   15   -0.036202
    0    1   12   15    0.011912
    0    1   13   15    0.482825
    0    1   14   15    0.064617
    0    1   15   15   -0.067857
    0    1   16   15   -0.078805
    0    1   17   15   -0.073275
    0    1   18   15   -0.109585
    0    1    1   16   -0.068397
    0    1    2   16   -0.028110
    0    1    3   16    0.039417
    0    1    4   16    0.018105
    0    1    5   16   -0.021135
    0    1    6   16    0.055020
    0    1    7   16    0.030037
    0    1    8   16   -0.031152
    0    1    9   16    0.036975
    0    1   10   16   -0.075007
    0    1   11   16    0.001978
    0    1   12   16   -0.001295
    0    1   13   16    0.005568
    0    1   14   16   -0.003350
    0    1   15   16   -0.034205
    0    1   16   16   -0.002200
    0    1   17   16   -0.003820
    0    1   18   16    0.052108
    0    1    1   17    0.004352
    0    1    2   17   -0.002562
    0    1    3   17   -0.004895
    0    1    4   17   -0.004050
    0    1    5   17    0.032322
    0    1    6   17   -0.011060
    0    1    7   17    0.096702
    0    1    8   17    0.029830
    0    1    9   17   -0.360420
    0    1   10   17    0.021522
    0    1   11   17    0.002813
    0    1   12   17   -0.001600
    0    1   13   17    0.000375
    0    1   14   17    0.005250
    0    1   15   17   -0.000178
    0    1   16   17    0.035530
    0    1   17   17    0.002342
    0    1   18   17    0.017127
    0    1    1   18    0.667770
    0    1    2   18   -0.019782
    0    1    3   18    0.116123
    0    1    4   18    0.223280
    0    1    5   18   -0.000207
    0    1    6   18   -0.002040
    0    1    7   18    0.097730
    0    1    8   18    0.077152
    0    1    9   18    0.137350
    0    1   10   18   -1.901350
    0    1   11   18    0.011795
    0    1   12   18    0.004732
    0    1   13   18    0.117207
    0    1   14   18    0.050855
    0    1   15   18   -0.057885
    0    1   16   18    0.074758
    0    1   17   18   -0.004572
    0    1   18   18   -0.038925
    1    1    1    1    0.014058
    1    1    2    1   -0.009645
    1    1    3    1   -0.040060
    1    1    4    1    0.039540
    1    1    5    1    0.031155
    1    1    6    1   -0.102368
    1    1    7    1   -0.112172
    1    1    8    1    0.037030
    1    1    9    1   -0.460755
    1    1   10    1    0.241385
    1    1   11    1   -0.026247
    1    1   12    1    0.000838
    1    1   13    1   -0.446947
    1    1   14    1   -0.021577
    1    1   15    1    0.011797
    1    1   16    1    0.043322
    1    1   17    1    0.011647
    1    1   18    1    0.034315
    1    1    1    2    0.001863
    1    1    2    2   -0.002743
    1    1    3    2   -0.015715
    1    1    4    2   -0.010482
    1    1    5    2    0.003725
    1    1    6    2    0.050847
    1    1    7    2   -0.004278
    1    1    8    2    0.001350
    1    1    9    2   -0.269377
    1    1   10    2    0.014650
    1    1   11    2    0.004310
    1    1   12    2   -0.000422
    1    1   13    2    0.001463
    1    1   14    2   -0.000187
    1    1   15    2    0.003623
    1    1   16    2    0.007598
    1    1   17    2   -0.008298
    1    1   18    2    0.002580
    1    1    1    3   -0.010110
    1    1    2    3    0.093545
    1    1    3    3    0.281155
    1    1    4    3   -0.333032
    1    1    5    3    0.000305
    1    1    6    3    0.044097
    1    1    7    3   -0.416005
    1    1    8    3    0.049640
    1    1    9    3    0.663462
    1    1   10    3   -0.064687
    1    1   11    3   -0.021940
    1    1   12    3   -0.003848
    1    1   13    3   -0.074942
    1    1   14    3   -0.034585
    1    1   15    3    0.003213
    1    1   16    3    0.081750
    1    1   17    3   -0.021665
    1    1   18    3   -0.011265
    1    1    1    4   -0.050835
    1    1    2    4   -0.021330
    1    1    3    4   -0.038687
    1    1    4    4    0.151890
    1    1    5    4    0.003952
    1    1    6    4   -0.025360
    1    1    7    4   -0.008300
    1    1    8    4    0.003360
    1    1    9    4    1.098942
    1    1   10    4    0.002693
    1    1   11    4    0.004445
    1    1   12    4    0.002597
    1    1   13    4    0.009330
    1    1   14    4   -0.000077
    1    1   15    4    0.005500
    1    1   16    4   -0.014955
    1    1   17    4    0.006683
    1    1   18    4    0.019762
    1    1    1    5    0.004292
    1    1    2    5   -0.004458
    1    1    3    5   -0.025343
    1    1    4    5    0.041272
    1    1    5    5    0.002835
    1    1    6    5   -0.031785
    1    1    7    5    0.003788
    1    1    8    5    0.003875
    1    1    9    5    0.011137
    1    1   10    5    0.014202
    1    1   11    5    0.000755
    1    1   12    5   -0.000120
    1    1   13    5    0.012417
    1    1   14    5    0.004792
    1    1   15    5    0.007977
    1    1   16    5   -0.007252
    1    1   17    5    0.009710
    1    1   18    5    0.002955
    1    1    1    6   -0.009902
    1    1    2    6    0.015647
    1    1    3    6   -0.024095
    1    1    4    6   -0.003667
    1    1    5    6    0.002357
    1    1    6    6   -0.111882
    1    1    7    6   -0.039860
    1    1    8    6    0.001247
    1    1    9    6    0.329307
    1    1   10    6   -0.017712
    1    1   11    6   -0.015672
    1    1   12    6    0.003945
    1    1   13    6    0.006188
    1    1   14    6    0.009175
    1    1   15    6   -0.009820
    1    1   16    6    0.017520
    1    1   17    6    0.022157
    1    1   18    6    0.002220
    1    1    1    7   -0.007905
    1    1    2    7    0.027577
    1    1    3    7   -0.043047
    1    1    4    7   -0.156098
    1    1    5    7   -0.001637
    1    1    6    7    0.699785
    1    1    7    7   -0.102845
    1    1    8    7    0.000280
    1    1    9    7   -0.186812
    1    1   10    7    0.028105
    1    1   11    7   -0.008705
    1    1   12    7    0.004170
    1    1   13    7    0.102800
    1    1   14    7    0.002342
    1    1   15    7   -0.021157
    1    1   16    7   -0.017725
    1    1   17    7    0.006727
    1    1   18    7    0.001760
    1    1    1    8   -0.000790
    1    1    2    8   -0.013035
    1    1    3    8   -0.017150
    1    1    4    8    0.035380
    1    1    5    8   -0.000332
    1    1    6    8   -0.009077
    1    1    7    8    0.029670
    1    1    8    8   -0.020115
    1    1    9    8   -0.222637
    1    1   10    8   -0.003203
    1    1   11    8   -0.002915
    1    1   12    8    0.001012
    1    1   13    8   -0.000367
    1    1   14    8    0.002667
    1    1   15    8   -0.003832
    1    1   16    8    0.033072
    1    1   17    8   -0.001605
    1    1   18    8   -0.011227
    1    1    1    9   -0.017485
    1    1    2    9    0.020063
    1    1    3    9    0.007362
    1    1    4    9   -0.017142
    1    1    5    9   -0.011912
    1    1    6    9   -0.042825
    1    1    7    9    0.024448
    1    1    8    9   -0.012920
    1    1    9    9   -0.053957
    1    1   10    9   -0.060950
    1    1   11    9    0.000208
    1    1   12    9   -0.000073
    1    1   13    9   -0.186018
    1    1   14    9   -0.009710
    1    1   15    9    0.017272
    1    1   16    9    0.022805
    1    1   17    9    0.004967
    1    1   18    9   -0.010602
    1    1    1   10    0.017000
    1    1    2   10    0.004085
    1    1    3   10   -0.044362
    1    1    4   10    0.064400
    1    1    5   10    0.003880
    1    1    6   10   -0.146375
    1    1    7   10   -0.002692
    1    1    8   10   -0.000018
    1    1    9   10    0.014648
    1    1   10   10   -0.011498
    1    1   11   10   -0.012842
    1    1   12   10   -0.004850
    1    1   13   10   -0.143788
    1    1   14   10    0.003577
    1    1   15   10    0.006177
    1    1   16   10    0.045200
    1    1   17   10    0.013198
    1    1   18   10    0.033425
    1    1    1   11    0.003083
    1    1    2   11   -0.004170
    1    1    3   11    0.001295
    1    1    4   11    0.208580
    1    1    5   11    0.012435
    1    1    6   11   -0.176135
    1    1    7   11   -0.117045
    1    1    8   11   -0.000492
    1    1    9   11    0.000780
    1    1   10   11    0.025975
    1    1   11   11   -0.018000
    1    1   12   11    0.000775
    1    1   13   11    0.025250
    1    1   14   11    0.003858
    1    1   15   11    0.000740
    1    1   16   11    0.072427
    1    1   17   11    0.049640
    1    1   18   11   -0.013107
    1    1    1   12    0.156130
    1    1    2   12   -0.034487
    1    1    3   12   -0.021895
    1    1    4   12    0.006412
    1    1    5   12   -0.011772
    1    1    6   12   -0.073792
    1    1    7   12    0.011438
    1    1    8   12    0.006825
    1    1    9   12    0.127937
    1    1   10   12    0.066685
    1    1   11   12    0.059300
    1    1   12   12    0.006730
    1    1   13   12   -0.174182
    1    1   14   12    0.008653
    1    1   15   12    0.227730
    1    1   16   12   -0.063955
    1    1   17   12   -0.017707
    1    1   18   12   -0.313175
    1    1    1   13    0.022575
    1    1    2   13   -0.007543
    1    1    3   13    0.002363
    1    1    4   13   -0.028798
    1    1    5   13   -0.008125
    1    1    6   13    0.020727
    1    1    7   13    0.087267
    1    1    8   13    0.000700
    1    1    9   13   -0.918535
    1    1   10   13   -0.006407
    1    1   11   13    0.005225
    1    1   12   13    0.003410
    1    1   13   13   -0.126840
    1    1   14   13   -0.003678
    1    1   15   13   -0.079685
    1    1   16   13    0.021148
    1    1   17   13   -0.002118
    1    1   18   13   -0.007620
    1    1    1   14    0.004827
    1    1    2   14   -0.010478
    1    1    3   14   -0.025048
    1    1    4   14    0.219185
    1    1    5   14    0.044517
    1    1    6   14   -0.033552
    1    1    7   14   -0.067545
    1    1    8   14    0.005825
    1    1    9   14   -0.163510
    1    1   10   14    0.008045
    1    1   11   14   -0.002223
    1    1   12   14   -0.000290
    1    1   13   14   -0.036097
    1    1   14   14    0.001020
    1    1   15   14    0.033080
    1    1   16   14    0.138500
    1    1   17   14    0.002450
    1    1   18   14    0.005638
    1    1    1   15    0.006323
    1    1    2   15   -0.009335
    1    1    3   15   -0.016977
    1    1    4   15   -0.023872
    1    1    5   15   -0.009267
    1    1    6   15    0.137042
    1    1    7   15   -0.144500
    1    1    8   15    0.001955
    1    1    9   15   -0.207037
    1    1   10   15    0.044437
    1    1   11   15    0.007862
    1    1   12   15   -0.003768
    1    1   13   15    0.007013
    1    1   14   15   -0.009647
    1    1   15   15   -0.031793
    1    1   16   15    0.010260
    1    1   17   15    0.014658
    1    1   18   15    0.000320
    1    1    1   16   -0.023168
    1    1    2   16   -0.020102
    1    1    3   16    0.040098
    1    1    4   16    0.078683
    1    1    5   16    0.021382
    1    1    6   16   -0.061745
    1    1    7   16    0.124965
    1    1    8   16    0.007977
    1    1    9   16   -0.095565
    1    1   10   16   -0.028835
    1    1   11   16    0.003435
    1    1   12   16   -0.002355
    1    1   13   16   -0.017525
    1    1   14   16    0.007652
    1    1   15   16   -0.042405
    1    1   16   16    0.014740
    1    1   17   16   -0.015227
    1    1   18   16    0.019030
    1    1    1   17    0.006397
    1    1    2   17    0.007715
    1    1    3   17   -0.014858
    1    1    4   17    0.054720
    1    1    5   17    0.012273
    1    1    6   17    0.010330
    1    1    7   17    0.017527
    1    1    8   17    0.012118
    1    1    9   17   -0.020435
    1    1   10   17   -0.010137
    1    1   11   17    0.002155
    1    1   12   17   -0.000273
    1    1   13   17   -0.034217
    1    1   14   17   -0.000725
    1    1   15   17    0.011487
    1    1   16   17    0.004337
    1    1   17   17   -0.003327
    1    1   18   17    0.000395
    1    1    1   18   -0.047495
    1    1    2   18   -0.006607
    1    1    3   18    0.000667
    1    1    4   18   -0.024870
    1    1    5   18   -0.006925
    1    1    6   18    0.914077
    1    1    7   18   -0.091400
    1    1    8   18   -0.005197
    1    1    9   18    0.599097
    1    1   10   18    0.004237
    1    1   11   18    0.031468
    1    1   12   18   -0.007152
    1    1   13   18    0.079827
    1    1   14   18   -0.013585
    1    1   15   18   -0.011708
    1    1   16   18   -0.079795
    1    1   17   18   -0.010785
    1    1   18   18    0.031220
