 ir1  ir2   m    n          ReH 
   -1   -1    1    1   -0.028328
   -1   -1    2    1   -0.000385
   -1   -1    3    1   -0.035125
   -1   -1    4    1   -0.029617
   -1   -1    5    1    0.004465
   -1   -1    6    1    0.013898
   -1   -1    7    1   -0.001285
   -1   -1    8    1   -0.019185
   -1   -1    9    1   -0.006738
   -1   -1   10    1   -0.018842
   -1   -1   11    1   -0.008085
   -1   -1   12    1    0.000075
   -1   -1   13    1    0.000510
   -1   -1   14    1   -0.014235
   -1   -1   15    1   -0.093422
   -1   -1   16    1   -0.008722
   -1   -1   17    1    0.013737
   -1   -1   18    1    0.097010
   -1   -1    1    2    0.007538
   -1   -1    2    2    0.014517
   -1   -1    3    2   -0.016053
   -1   -1    4    2   -0.027487
   -1   -1    5    2   -0.006135
   -1   -1    6    2   -0.034350
   -1   -1    7    2   -0.007212
   -1   -1    8    2    0.777687
   -1   -1    9    2   -0.004422
   -1   -1   10    2   -0.848008
   -1   -1   11    2   -0.027370
   -1   -1   12    2   -0.025535
   -1   -1   13    2   -0.008020
   -1   -1   14    2    0.008300
   -1   -1   15    2   -0.105290
   -1   -1   16    2   -0.057215
   -1   -1   17    2   -0.002442
   -1   -1   18    2    0.042513
   -1   -1    1    3   -1.448560
   -1   -1    2    3   -0.000075
   -1   -1    3    3   -0.071638
   -1   -1    4    3   -0.016368
   -1   -1    5    3    0.015665
   -1   -1    6    3   -0.035190
   -1   -1    7    3   -0.006972
   -1   -1    8    3   -0.021005
   -1   -1    9    3    0.001070
   -1   -1   10    3    0.142922
   -1   -1   11    3   -0.002988
   -1   -1   12    3   -0.049965
   -1   -1   13    3   -0.010185
   -1   -1   14    3   -0.004355
   -1   -1   15    3   -0.815522
   -1   -1   16    3   -0.111488
   -1   -1   17    3    0.036882
   -1   -1   18    3   -0.139660
   -1   -1    1    4   -0.223655
   -1   -1    2    4   -0.000677
   -1   -1    3    4    0.051497
   -1   -1    4    4    0.179032
   -1   -1    5    4    0.004347
   -1   -1    6    4    0.038227
   -1   -1    7    4    0.062070
   -1   -1    8    4   -0.018857
   -1   -1    9    4    0.022308
   -1   -1   10    4    0.008925
   -1   -1   11    4   -0.004825
   -1   -1   12    4    0.032788
   -1   -1   13    4    0.012768
   -1   -1   14    4   -0.012302
   -1   -1   15    4   -0.034337
   -1   -1   16    4    0.087555
   -1   -1   17    4   -0.002962
   -1   -1   18    4    0.104883
   -1   -1    1    5    0.170063
   -1   -1    2    5    0.002002
   -1   -1    3    5   -0.004477
   -1   -1    4    5    0.038060
   -1   -1    5    5    0.005717
   -1   -1    6    5   -0.007575
   -1   -1    7    5   -0.001920
   -1   -1    8    5    0.023102
   -1   -1    9    5   -0.003347
   -1   -1   10    5   -0.174600
   -1   -1   11    5   -0.001810
   -1   -1   12    5    0.002377
   -1   -1   13    5   -0.005905
   -1   -1   14    5    0.006340
   -1   -1   15    5    0.046687
   -1   -1   16    5    0.016950
   -1   -1   17    5    0.064045
   -1   -1   18    5   -0.006950
   -1   -1    1    6    0.554450
   -1   -1    2    6   -0.024977
   -1   -1    3    6   -0.000458
   -1   -1    4    6   -0.003892
   -1   -1    5    6    0.008100
   -1   -1    6    6    0.217673
   -1   -1    7    6   -0.064130
   -1   -1    8    6   -0.067780
   -1   -1    9    6    0.065270
   -1   -1   10    6    0.596270
   -1   -1   11    6   -0.044707
   -1   -1   12    6   -0.444665
   -1   -1   13    6    0.118282
   -1   -1   14    6   -0.034620
   -1   -1   15    6    0.023962
   -1   -1   16    6    0.357170
   -1   -1   17    6    0.019230
   -1   -1   18    6   -0.050815
   -1   -1    1    7    0.295742
   -1   -1    2    7   -0.001140
   -1   -1    3    7    0.042657
   -1   -1    4    7    0.019677
   -1   -1    5    7   -0.012447
   -1   -1    6    7   -0.004670
   -1   -1    7    7    0.102930
   -1   -1    8    7    0.012590
   -1   -1    9    7    0.001175
   -1   -1   10    7    0.032260
   -1   -1   11    7    0.071652
   -1   -1   12    7   -0.009222
   -1   -1   13    7    0.035877
   -1   -1   14    7    0.106245
   -1   -1   15    7   -0.076765
   -1   -1   16    7   -0.049457
   -1   -1   17    7   -0.179237
   -1   -1   18    7   -0.134877
   -1   -1    1    8    0.021082
   -1   -1    2    8    0.000930
   -1   -1    3    8    0.045067
   -1   -1    4    8    0.080945
   -1   -1    5    8    0.001482
   -1   -1    6    8   -0.000820
   -1   -1    7    8   -0.000472
   -1   -1    8    8   -0.001030
   -1   -1    9    8    0.003795
   -1   -1   10    8    0.000010
   -1   -1   11    8    0.002675
   -1   -1   12    8   -0.000482
   -1   -1   13    8    0.002260
   -1   -1   14    8   -0.001390
   -1   -1   15    8   -0.031235
   -1   -1   16    8   -0.000885
   -1   -1   17    8   -0.005505
   -1   -1   18    8   -0.005337
   -1   -1    1    9    0.038985
   -1   -1    2    9   -0.002895
   -1   -1    3    9   -0.066325
   -1   -1    4    9   -0.006592
   -1   -1    5    9   -0.006415
   -1   -1    6    9    0.018020
   -1   -1    7    9    0.060368
   -1   -1    8    9    0.002315
   -1   -1    9    9    0.044817
   -1   -1   10    9    0.029270
   -1   -1   11    9   -0.003955
   -1   -1   12    9   -0.000075
   -1   -1   13    9    0.019542
   -1   -1   14    9   -0.005645
   -1   -1   15    9    0.181372
   -1   -1   16    9    0.016878
   -1   -1   17    9    0.000440
   -1   -1   18    9    0.013773
   -1   -1    1   10   -0.293590
   -1   -1    2   10    0.001485
   -1   -1    3   10   -0.004805
   -1   -1    4   10    0.210822
   -1   -1    5   10   -0.002637
   -1   -1    6   10    0.005343
   -1   -1    7   10    0.008505
   -1   -1    8   10   -0.001783
   -1   -1    9   10   -0.001295
   -1   -1   10   10   -0.180285
   -1   -1   11   10    0.004327
   -1   -1   12   10    0.009720
   -1   -1   13   10   -0.002520
   -1   -1   14   10    0.011475
   -1   -1   15   10    0.014922
   -1   -1   16   10   -0.036477
   -1   -1   17   10    0.025097
   -1   -1   18   10    0.056755
   -1   -1    1   11   -0.108332
   -1   -1    2   11   -0.001577
   -1   -1    3   11    0.005430
   -1   -1    4   11    0.003245
   -1   -1    5   11    0.003115
   -1   -1    6   11    0.006380
   -1   -1    7   11    0.006037
   -1   -1    8   11   -0.207617
   -1   -1    9   11   -0.001982
   -1   -1   10   11    0.059137
   -1   -1   11   11    0.007748
   -1   -1   12   11    0.010578
   -1   -1   13   11   -0.004772
   -1   -1   14   11    0.000872
   -1   -1   15   11   -0.075720
   -1   -1   16   11    0.005457
   -1   -1   17   11    0.008880
   -1   -1   18   11    0.018718
   -1   -1    1   12   -1.523877
   -1   -1    2   12   -0.002930
   -1   -1    3   12   -0.038192
   -1   -1    4   12    0.033715
   -1   -1    5   12    0.005012
   -1   -1    6   12    0.097498
   -1   -1    7   12   -0.587688
   -1   -1    8   12   -0.059085
   -1   -1    9   12   -0.151390
   -1   -1   10   12    0.539125
   -1   -1   11   12   -0.022122
   -1   -1   12   12   -0.004317
   -1   -1   13   12   -0.100550
   -1   -1   14   12   -0.018208
   -1   -1   15   12    0.646330
   -1   -1   16   12    0.058932
   -1   -1   17   12   -0.003080
   -1   -1   18   12    0.007735
   -1   -1    1   13    0.418365
   -1   -1    2   13   -0.013760
   -1   -1    3   13   -0.020198
   -1   -1    4   13    0.032230
   -1   -1    5   13   -0.003845
   -1   -1    6   13    0.019358
   -1   -1    7   13   -1.477975
   -1   -1    8   13   -0.016137
   -1   -1    9   13   -0.047797
   -1   -1   10   13    0.082047
   -1   -1   11   13    0.048485
   -1   -1   12   13   -0.060988
   -1   -1   13   13    0.109353
   -1   -1   14   13   -0.031630
   -1   -1   15   13    0.273427
   -1   -1   16   13   -0.060127
   -1   -1   17   13    0.019745
   -1   -1   18   13    0.015027
   -1   -1    1   14    0.110860
   -1   -1    2   14    0.001092
   -1   -1    3   14   -0.001095
   -1   -1    4   14   -0.002808
   -1   -1    5   14   -0.001985
   -1   -1    6   14   -0.011995
   -1   -1    7   14    0.002265
   -1   -1    8   14    0.058870
   -1   -1    9   14   -0.000370
   -1   -1   10   14   -0.135277
   -1   -1   11   14    0.005340
   -1   -1   12   14   -0.000797
   -1   -1   13   14    0.001230
   -1   -1   14   14    0.013105
   -1   -1   15   14    0.000035
   -1   -1   16   14   -0.012467
   -1   -1   17   14   -0.016275
   -1   -1   18   14   -0.025977
   -1   -1    1   15    0.396412
   -1   -1    2   15    0.012430
   -1   -1    3   15   -0.031305
   -1   -1    4   15   -0.017440
   -1   -1    5   15   -0.004760
   -1   -1    6   15    0.009125
   -1   -1    7   15   -0.060495
   -1   -1    8   15    0.447807
   -1   -1    9   15   -0.029840
   -1   -1   10   15   -0.423602
   -1   -1   11   15   -0.037810
   -1   -1   12   15   -0.018140
   -1   -1   13   15   -0.005950
   -1   -1   14   15    0.020967
   -1   -1   15   15   -0.097705
   -1   -1   16   15   -0.033723
   -1   -1   17   15    0.007265
   -1   -1   18   15    0.207530
   -1   -1    1   16    0.021423
   -1   -1    2   16   -0.002832
   -1   -1    3   16    0.010285
   -1   -1    4   16    0.074643
   -1   -1    5   16   -0.003362
   -1   -1    6   16   -0.035262
   -1   -1    7   16   -0.020862
   -1   -1    8   16    0.004372
   -1   -1    9   16    0.013783
   -1   -1   10   16   -0.140855
   -1   -1   11   16   -0.034092
   -1   -1   12   16   -0.048503
   -1   -1   13   16   -0.026280
   -1   -1   14   16   -0.021212
   -1   -1   15   16    0.176195
   -1   -1   16   16    0.078553
   -1   -1   17   16    0.034200
   -1   -1   18   16    0.031630
   -1   -1    1   17   -0.068763
   -1   -1    2   17    0.000387
   -1   -1    3   17    0.000000
   -1   -1    4   17   -0.008557
   -1   -1    5   17    0.000175
   -1   -1    6   17   -0.000735
   -1   -1    7   17    0.000965
   -1   -1    8   17   -0.002683
   -1   -1    9   17    0.002302
   -1   -1   10   17   -0.020635
   -1   -1   11   17    0.002165
   -1   -1   12   17   -0.001647
   -1   -1   13   17    0.000813
   -1   -1   14   17    0.003535
   -1   -1   15   17   -0.016522
   -1   -1   16   17   -0.007165
   -1   -1   17   17    0.010750
   -1   -1   18   17    0.024115
   -1   -1    1   18    0.286442
   -1   -1    2   18    0.020377
   -1   -1    3   18   -0.136872
   -1   -1    4   18    0.062335
   -1   -1    5   18   -0.048012
   -1   -1    6   18    0.023075
   -1   -1    7   18   -0.020273
   -1   -1    8   18    0.011027
   -1   -1    9   18   -0.022945
   -1   -1   10   18    0.032085
   -1   -1   11   18   -0.009120
   -1   -1   12   18   -0.082987
   -1   -1   13   18   -0.019357
   -1   -1   14   18   -0.028878
   -1   -1   15   18   -0.146675
   -1   -1   16   18    0.047305
   -1   -1   17   18    0.029642
   -1   -1   18   18    0.963557
    0   -1    1    1    0.120595
    0   -1    2    1    0.033350
    0   -1    3    1    0.031383
    0   -1    4    1   -0.008830
    0   -1    5    1   -0.012560
    0   -1    6    1    0.000173
    0   -1    7    1    0.037350
    0   -1    8    1    0.012690
    0   -1    9    1   -0.009565
    0   -1   10    1   -0.029850
    0   -1   11    1   -0.026725
    0   -1   12    1    0.082030
    0   -1   13    1   -0.089375
    0   -1   14    1    0.012238
    0   -1   15    1   -0.077018
    0   -1   16    1   -0.038295
    0   -1   17    1   -0.004420
    0   -1   18    1    0.147700
    0   -1    1    2    0.005580
    0   -1    2    2    0.013862
    0   -1    3    2   -0.005922
    0   -1    4    2   -0.004190
    0   -1    5    2   -0.000707
    0   -1    6    2   -0.016407
    0   -1    7    2   -0.022013
    0   -1    8    2   -0.038410
    0   -1    9    2   -0.001873
    0   -1   10    2    0.003097
    0   -1   11    2   -0.012015
    0   -1   12    2    0.006000
    0   -1   13    2   -0.052625
    0   -1   14    2    0.002680
    0   -1   15    2    0.073252
    0   -1   16    2   -0.012368
    0   -1   17    2    0.001373
    0   -1   18    2    0.051720
    0   -1    1    3    1.151968
    0   -1    2    3   -0.012057
    0   -1    3    3   -0.003705
    0   -1    4    3   -0.004735
    0   -1    5    3    0.011055
    0   -1    6    3    0.298360
    0   -1    7    3    0.019395
    0   -1    8    3   -0.057575
    0   -1    9    3   -0.023962
    0   -1   10    3   -0.805022
    0   -1   11    3    0.033757
    0   -1   12    3   -0.016732
    0   -1   13    3   -0.094687
    0   -1   14    3    0.044718
    0   -1   15    3   -0.500007
    0   -1   16    3    0.056925
    0   -1   17    3   -0.013462
    0   -1   18    3   -1.294930
    0   -1    1    4   -0.604407
    0   -1    2    4   -0.055157
    0   -1    3    4    0.021450
    0   -1    4    4    0.109540
    0   -1    5    4    0.017110
    0   -1    6    4   -0.382840
    0   -1    7    4    0.602343
    0   -1    8    4   -0.071633
    0   -1    9    4   -1.137655
    0   -1   10    4    0.313567
    0   -1   11    4    0.065020
    0   -1   12    4   -0.123090
    0   -1   13    4   -0.043422
    0   -1   14    4    0.097490
    0   -1   15    4   -0.229057
    0   -1   16    4    0.289655
    0   -1   17    4    0.029337
    0   -1   18    4   -0.457282
    0   -1    1    5   -0.043037
    0   -1    2    5   -0.005322
    0   -1    3    5    0.002465
    0   -1    4    5    0.004407
    0   -1    5    5    0.005505
    0   -1    6    5    0.008743
    0   -1    7    5   -0.005935
    0   -1    8    5   -0.997040
    0   -1    9    5   -0.001677
    0   -1   10    5    0.042668
    0   -1   11    5   -0.013752
    0   -1   12    5   -0.008347
    0   -1   13    5   -0.044542
    0   -1   14    5    0.003922
    0   -1   15    5   -0.283473
    0   -1   16    5    0.003922
    0   -1   17    5   -0.001140
    0   -1   18    5   -0.067685
    0   -1    1    6    0.130577
    0   -1    2    6   -0.011550
    0   -1    3    6   -0.030215
    0   -1    4    6   -0.003087
    0   -1    5    6    0.000830
    0   -1    6    6   -0.084117
    0   -1    7    6    0.096397
    0   -1    8    6   -0.044922
    0   -1    9    6    0.020950
    0   -1   10    6    0.155380
    0   -1   11    6   -0.007217
    0   -1   12    6    0.005968
    0   -1   13    6   -0.038355
    0   -1   14    6   -0.010965
    0   -1   15    6   -0.160997
    0   -1   16    6    0.023280
    0   -1   17    6    0.005295
    0   -1   18    6   -0.121425
    0   -1    1    7    0.003945
    0   -1    2    7   -0.093750
    0   -1    3    7    0.007437
    0   -1    4    7   -0.011275
    0   -1    5    7    0.006400
    0   -1    6    7   -0.073480
    0   -1    7    7   -0.052475
    0   -1    8    7   -0.007935
    0   -1    9    7    0.010788
    0   -1   10    7   -0.006442
    0   -1   11    7    0.143635
    0   -1   12    7   -0.084207
    0   -1   13    7    0.763865
    0   -1   14    7   -0.022880
    0   -1   15    7    0.023247
    0   -1   16    7   -0.050995
    0   -1   17    7   -0.006602
    0   -1   18    7   -0.036340
    0   -1    1    8    0.028620
    0   -1    2    8   -0.081287
    0   -1    3    8    0.016355
    0   -1    4    8    0.004327
    0   -1    5    8    0.022210
    0   -1    6    8   -0.041700
    0   -1    7    8   -0.004300
    0   -1    8    8    0.002602
    0   -1    9    8    0.005502
    0   -1   10    8    0.010455
    0   -1   11    8    0.437805
    0   -1   12    8    0.080555
    0   -1   13    8    0.065140
    0   -1   14    8    0.003905
    0   -1   15    8    0.023527
    0   -1   16    8    0.000710
    0   -1   17    8    0.011012
    0   -1   18    8    0.046005
    0   -1    1    9    0.024472
    0   -1    2    9   -0.003270
    0   -1    3    9   -0.003118
    0   -1    4    9   -0.000213
    0   -1    5    9   -0.003625
    0   -1    6    9   -0.010355
    0   -1    7    9    0.244905
    0   -1    8    9    0.003970
    0   -1    9    9    0.024702
    0   -1   10    9   -0.000173
    0   -1   11    9    0.002627
    0   -1   12    9    0.046205
    0   -1   13    9    0.034952
    0   -1   14    9   -0.006452
    0   -1   15    9   -0.042762
    0   -1   16    9    0.016355
    0   -1   17    9    0.004505
    0   -1   18    9   -0.102968
    0   -1    1   10   -0.193800
    0   -1    2   10   -0.007975
    0   -1    3   10    0.005875
    0   -1    4   10    0.070222
    0   -1    5   10    0.000320
    0   -1    6   10   -0.125952
    0   -1    7   10   -0.031480
    0   -1    8   10   -0.117890
    0   -1    9   10   -0.038862
    0   -1   10   10   -0.165065
    0   -1   11   10    0.054595
    0   -1   12   10    0.558117
    0   -1   13   10   -0.129257
    0   -1   14   10    0.006752
    0   -1   15   10    0.310993
    0   -1   16   10   -0.235855
    0   -1   17   10    0.007240
    0   -1   18   10   -0.222507
    0   -1    1   11    0.014410
    0   -1    2   11    0.001767
    0   -1    3   11    0.001533
    0   -1    4   11    0.000627
    0   -1    5   11    0.001877
    0   -1    6   11    0.004097
    0   -1    7   11    0.007650
    0   -1    8   11   -0.071945
    0   -1    9   11    0.002355
    0   -1   10   11    0.011182
    0   -1   11   11   -0.000427
    0   -1   12   11    0.004132
    0   -1   13   11    0.001610
    0   -1   14   11    0.001852
    0   -1   15   11   -0.054500
    0   -1   16   11   -0.011940
    0   -1   17   11    0.000860
    0   -1   18   11   -0.023270
    0   -1    1   12    0.123032
    0   -1    2   12   -0.006632
    0   -1    3   12   -0.019172
    0   -1    4   12    0.034107
    0   -1    5   12    0.004720
    0   -1    6   12   -0.002832
    0   -1    7   12    0.039465
    0   -1    8   12   -0.010530
    0   -1    9   12    0.000227
    0   -1   10   12    0.080860
    0   -1   11   12    0.004197
    0   -1   12   12   -0.099312
    0   -1   13   12    0.009678
    0   -1   14   12   -0.000818
    0   -1   15   12    0.038660
    0   -1   16   12   -0.012438
    0   -1   17   12    0.006155
    0   -1   18   12   -0.142083
    0   -1    1   13    0.012972
    0   -1    2   13    0.016597
    0   -1    3   13   -0.007210
    0   -1    4   13    0.010782
    0   -1    5   13    0.001235
    0   -1    6   13   -0.049202
    0   -1    7   13   -0.184007
    0   -1    8   13   -0.001842
    0   -1    9   13   -0.001875
    0   -1   10   13    0.032485
    0   -1   11   13   -0.015900
    0   -1   12   13   -0.111670
    0   -1   13   13   -0.055622
    0   -1   14   13    0.004242
    0   -1   15   13    0.042665
    0   -1   16   13   -0.026830
    0   -1   17   13    0.003175
    0   -1   18   13   -0.031267
    0   -1    1   14    0.031950
    0   -1    2   14   -0.003165
    0   -1    3   14   -0.002332
    0   -1    4   14   -0.003557
    0   -1    5   14    0.003987
    0   -1    6   14   -0.026537
    0   -1    7   14   -0.005790
    0   -1    8   14    0.689550
    0   -1    9   14    0.000577
    0   -1   10   14   -0.065555
    0   -1   11   14    0.010958
    0   -1   12   14   -0.029285
    0   -1   13   14    0.035262
    0   -1   14   14   -0.000793
    0   -1   15   14    0.030220
    0   -1   16   14   -0.009507
    0   -1   17   14   -0.003180
    0   -1   18   14   -0.080903
    0   -1    1   15    0.006183
    0   -1    2   15   -0.000697
    0   -1    3   15   -0.007560
    0   -1    4   15   -0.009615
    0   -1    5   15    0.000963
    0   -1    6   15   -0.013940
    0   -1    7   15   -0.022355
    0   -1    8   15    0.014273
    0   -1    9   15    0.004620
    0   -1   10   15    0.003280
    0   -1   11   15    0.004390
    0   -1   12   15   -0.008495
    0   -1   13   15   -0.003410
    0   -1   14   15   -0.001342
    0   -1   15   15   -0.008377
    0   -1   16   15   -0.002062
    0   -1   17   15    0.001045
    0   -1   18   15    0.057190
    0   -1    1   16   -0.220448
    0   -1    2   16   -0.039207
    0   -1    3   16   -0.039315
    0   -1    4   16    0.034405
    0   -1    5   16    0.000995
    0   -1    6   16    0.244815
    0   -1    7   16   -0.052922
    0   -1    8   16    0.001440
    0   -1    9   16    0.012275
    0   -1   10   16    0.098358
    0   -1   11   16    0.023477
    0   -1   12   16   -0.045825
    0   -1   13   16   -0.058978
    0   -1   14   16   -0.018330
    0   -1   15   16    0.063603
    0   -1   16   16    0.146693
    0   -1   17   16    0.002468
    0   -1   18   16    0.337267
    0   -1    1   17   -0.071743
    0   -1    2   17    0.003965
    0   -1    3   17    0.008335
    0   -1    4   17   -0.000432
    0   -1    5   17   -0.000062
    0   -1    6   17    0.020637
    0   -1    7   17    0.002545
    0   -1    8   17   -1.349648
    0   -1    9   17    0.009798
    0   -1   10   17    0.294700
    0   -1   11   17   -0.013225
    0   -1   12   17    0.040535
    0   -1   13   17   -0.026462
    0   -1   14   17   -0.019807
    0   -1   15   17   -0.031745
    0   -1   16   17    0.016120
    0   -1   17   17    0.006122
    0   -1   18   17    0.026270
    0   -1    1   18    0.107582
    0   -1    2   18    0.044280
    0   -1    3   18   -0.157245
    0   -1    4   18    0.044520
    0   -1    5   18   -0.033427
    0   -1    6   18    0.015310
    0   -1    7   18   -0.015810
    0   -1    8   18    0.020925
    0   -1    9   18   -0.046570
    0   -1   10   18   -0.027237
    0   -1   11   18   -0.000298
    0   -1   12   18   -0.059917
    0   -1   13   18   -0.047628
    0   -1   14   18   -0.045103
    0   -1   15   18    0.075470
    0   -1   16   18   -0.046793
    0   -1   17   18    0.028982
    0   -1   18   18    0.976873
    1   -1    1    1   -0.006827
    1   -1    2    1    0.001740
    1   -1    3    1    0.002270
    1   -1    4    1   -0.008757
    1   -1    5    1   -0.003795
    1   -1    6    1    0.008415
    1   -1    7    1   -0.007820
    1   -1    8    1    0.000070
    1   -1    9    1   -0.000478
    1   -1   10    1   -0.018960
    1   -1   11    1    0.000347
    1   -1   12    1    0.016765
    1   -1   13    1    0.009692
    1   -1   14    1   -0.002057
    1   -1   15    1   -0.017247
    1   -1   16    1   -0.001328
    1   -1   17    1    0.001965
    1   -1   18    1    0.104330
    1   -1    1    2   -0.000390
    1   -1    2    2    0.000417
    1   -1    3    2   -0.001982
    1   -1    4    2    0.001317
    1   -1    5    2   -0.000670
    1   -1    6    2   -0.004168
    1   -1    7    2    0.001052
    1   -1    8    2    0.000208
    1   -1    9    2    0.000532
    1   -1   10    2   -0.002093
    1   -1   11    2   -0.000175
    1   -1   12    2   -0.000227
    1   -1   13    2   -0.001643
    1   -1   14    2   -0.000560
    1   -1   15    2   -0.002500
    1   -1   16    2    0.001867
    1   -1   17    2    0.000198
    1   -1   18    2    0.020212
    1   -1    1    3   -0.047235
    1   -1    2    3   -0.004440
    1   -1    3    3   -0.024060
    1   -1    4    3    0.011727
    1   -1    5    3    0.002028
    1   -1    6    3   -0.000445
    1   -1    7    3    0.000327
    1   -1    8    3   -0.009027
    1   -1    9    3    0.002172
    1   -1   10    3   -0.023447
    1   -1   11    3    0.004980
    1   -1   12    3    0.100460
    1   -1   13    3    0.070623
    1   -1   14    3    0.000732
    1   -1   15    3    0.053377
    1   -1   16    3    0.000750
    1   -1   17    3   -0.005622
    1   -1   18    3   -0.345898
    1   -1    1    4   -0.025542
    1   -1    2    4   -0.020147
    1   -1    3    4   -0.007110
    1   -1    4    4    0.024335
    1   -1    5    4    0.000060
    1   -1    6    4    0.048400
    1   -1    7    4   -1.172287
    1   -1    8    4   -0.003395
    1   -1    9    4    0.028650
    1   -1   10    4   -0.012235
    1   -1   11    4    0.008408
    1   -1   12    4    0.037773
    1   -1   13    4    0.017740
    1   -1   14    4   -0.001980
    1   -1   15    4   -0.132190
    1   -1   16    4    0.063605
    1   -1   17    4   -0.002453
    1   -1   18    4    0.119382
    1   -1    1    5    0.002090
    1   -1    2    5   -0.001217
    1   -1    3    5    0.001115
    1   -1    4    5    0.002950
    1   -1    5    5    0.001170
    1   -1    6    5    0.002550
    1   -1    7    5    0.001515
    1   -1    8    5    0.000043
    1   -1    9    5   -0.001803
    1   -1   10    5   -0.000213
    1   -1   11    5    0.000702
    1   -1   12    5    0.003695
    1   -1   13    5    0.000385
    1   -1   14    5    0.000667
    1   -1   15    5    0.000412
    1   -1   16    5   -0.003495
    1   -1   17    5   -0.000715
    1   -1   18    5   -0.056630
    1   -1    1    6    0.023657
    1   -1    2    6   -0.002565
    1   -1    3    6   -0.057587
    1   -1    4    6    0.000465
    1   -1    5    6   -0.002053
    1   -1    6    6   -0.026850
    1   -1    7    6   -0.004855
    1   -1    8    6   -0.001652
    1   -1    9    6    0.013362
    1   -1   10    6    0.008942
    1   -1   11    6    0.001495
    1   -1   12    6    0.026490
    1   -1   13    6    0.016310
    1   -1   14    6    0.003870
    1   -1   15    6   -0.021577
    1   -1   16    6   -0.079770
    1   -1   17    6    0.000673
    1   -1   18    6   -0.013997
    1   -1    1    7   -0.005065
    1   -1    2    7    0.000942
    1   -1    3    7    0.002697
    1   -1    4    7    0.005762
    1   -1    5    7   -0.000290
    1   -1    6    7    0.013200
    1   -1    7    7    0.001647
    1   -1    8    7   -0.000415
    1   -1    9    7   -0.000325
    1   -1   10    7    0.001505
    1   -1   11    7   -0.001723
    1   -1   12    7   -0.000717
    1   -1   13    7    0.005295
    1   -1   14    7    0.000122
    1   -1   15    7   -0.000718
    1   -1   16    7   -0.003860
    1   -1   17    7    0.002093
    1   -1   18    7   -0.000998
    1   -1    1    8   -0.005192
    1   -1    2    8    0.003975
    1   -1    3    8    0.001115
    1   -1    4    8   -0.000332
    1   -1    5    8    0.000642
    1   -1    6    8    0.006267
    1   -1    7    8   -0.000475
    1   -1    8    8   -0.000660
    1   -1    9    8    0.000320
    1   -1   10    8   -0.000073
    1   -1   11    8   -0.003855
    1   -1   12    8   -0.003985
    1   -1   13    8   -0.020845
    1   -1   14    8    0.001342
    1   -1   15    8   -0.001620
    1   -1   16    8   -0.003548
    1   -1   17    8    0.000668
    1   -1   18    8    0.036677
    1   -1    1    9   -0.007527
    1   -1    2    9   -0.002587
    1   -1    3    9   -0.000215
    1   -1    4    9   -0.018792
    1   -1    5    9   -0.001147
    1   -1    6    9    0.018357
    1   -1    7    9    0.007007
    1   -1    8    9    0.001605
    1   -1    9    9   -0.007538
    1   -1   10    9   -0.004752
    1   -1   11    9    0.000050
    1   -1   12    9   -0.018605
    1   -1   13    9    0.004875
    1   -1   14    9   -0.000657
    1   -1   15    9   -0.005420
    1   -1   16    9    0.013105
    1   -1   17    9   -0.001350
    1   -1   18    9   -0.030195
    1   -1    1   10    0.052628
    1   -1    2   10    0.001492
    1   -1    3   10    0.016913
    1   -1    4   10    0.014930
    1   -1    5   10    0.000023
    1   -1    6   10    0.003483
    1   -1    7   10   -0.007795
    1   -1    8   10    0.003462
    1   -1    9   10   -0.017072
    1   -1   10   10    0.000845
    1   -1   11   10    0.005782
    1   -1   12   10   -0.058797
    1   -1   13   10   -0.059815
    1   -1   14   10   -0.005307
    1   -1   15   10    0.046870
    1   -1   16   10   -0.014750
    1   -1   17   10    0.003055
    1   -1   18   10   -0.118012
    1   -1    1   11   -0.002233
    1   -1    2   11    0.000060
    1   -1    3   11    0.000890
    1   -1    4   11    0.000210
    1   -1    5   11    0.000515
    1   -1    6   11    0.002122
    1   -1    7   11   -0.000380
    1   -1    8   11    0.000215
    1   -1    9   11   -0.000607
    1   -1   10   11   -0.000575
    1   -1   11   11    0.000215
    1   -1   12   11   -0.001085
    1   -1   13   11    0.001015
    1   -1   14   11    0.000347
    1   -1   15   11   -0.002417
    1   -1   16   11   -0.000627
    1   -1   17   11    0.000000
    1   -1   18   11   -0.008615
    1   -1    1   12   -0.014922
    1   -1    2   12   -0.002820
    1   -1    3   12    0.000895
    1   -1    4   12    0.023802
    1   -1    5   12    0.003255
    1   -1    6   12   -0.003820
    1   -1    7   12    0.038117
    1   -1    8   12    0.001398
    1   -1    9   12   -0.011815
    1   -1   10   12   -0.004990
    1   -1   11   12    0.001043
    1   -1   12   12   -0.018150
    1   -1   13   12    0.055328
    1   -1   14   12    0.004355
    1   -1   15   12   -0.017548
    1   -1   16   12   -0.012445
    1   -1   17   12    0.000960
    1   -1   18   12   -0.063075
    1   -1    1   13    0.003138
    1   -1    2   13    0.002203
    1   -1    3   13   -0.021017
    1   -1    4   13   -0.008002
    1   -1    5   13   -0.001555
    1   -1    6   13    0.004967
    1   -1    7   13    0.010750
    1   -1    8   13    0.000535
    1   -1    9   13   -0.005675
    1   -1   10   13   -0.010822
    1   -1   11   13   -0.000587
    1   -1   12   13   -0.007692
    1   -1   13   13   -0.003272
    1   -1   14   13   -0.000610
    1   -1   15   13    0.007942
    1   -1   16   13   -0.011942
    1   -1   17   13   -0.000230
    1   -1   18   13   -0.032400
    1   -1    1   14    0.001555
    1   -1    2   14   -0.000400
    1   -1    3   14   -0.000395
    1   -1    4   14   -0.000503
    1   -1    5   14    0.000670
    1   -1    6   14    0.003670
    1   -1    7   14   -0.005162
    1   -1    8   14    0.000660
    1   -1    9   14   -0.000572
    1   -1   10   14    0.003077
    1   -1   11   14    0.000127
    1   -1   12   14    0.000260
    1   -1   13   14    0.006215
    1   -1   14   14    0.000822
    1   -1   15   14    0.010315
    1   -1   16   14   -0.006910
    1   -1   17   14   -0.000492
    1   -1   18   14   -0.035345
    1   -1    1   15   -0.003302
    1   -1    2   15    0.000185
    1   -1    3   15    0.009065
    1   -1    4   15    0.004272
    1   -1    5   15   -0.000597
    1   -1    6   15    0.004205
    1   -1    7   15    0.008462
    1   -1    8   15    0.000785
    1   -1    9   15    0.004782
    1   -1   10   15   -0.015758
    1   -1   11   15    0.000617
    1   -1   12   15    0.001623
    1   -1   13   15   -0.006800
    1   -1   14   15    0.001007
    1   -1   15   15   -0.001917
    1   -1   16   15    0.000255
    1   -1   17   15   -0.002047
    1   -1   18   15    0.006852
    1   -1    1   16   -0.043487
    1   -1    2   16   -0.004215
    1   -1    3   16   -0.009272
    1   -1    4   16    0.017007
    1   -1    5   16   -0.000847
    1   -1    6   16   -0.025625
    1   -1    7   16    0.084863
    1   -1    8   16    0.003000
    1   -1    9   16    0.004552
    1   -1   10   16   -0.041870
    1   -1   11   16    0.001432
    1   -1   12   16    0.041400
    1   -1   13   16   -0.065762
    1   -1   14   16    0.000717
    1   -1   15   16   -0.026745
    1   -1   16   16    0.014008
    1   -1   17   16   -0.004575
    1   -1   18   16    0.083215
    1   -1    1   17    0.001020
    1   -1    2   17   -0.002247
    1   -1    3   17    0.002845
    1   -1    4   17    0.003132
    1   -1    5   17   -0.000730
    1   -1    6   17    0.022282
    1   -1    7   17    0.022175
    1   -1    8   17   -0.004400
    1   -1    9   17   -0.004565
    1   -1   10   17   -0.004762
    1   -1   11   17    0.002597
    1   -1   12   17    0.006477
    1   -1   13   17   -0.001050
    1   -1   14   17   -0.001672
    1   -1   15   17   -0.040003
    1   -1   16   17   -0.000120
    1   -1   17   17    0.000230
    1   -1   18   17   -0.003557
    1   -1    1   18    0.073298
    1   -1    2   18    0.021705
    1   -1    3   18   -0.121698
    1   -1    4   18    0.023302
    1   -1    5   18   -0.030627
    1   -1    6   18    0.026320
    1   -1    7   18   -0.045487
    1   -1    8   18    0.014928
    1   -1    9   18   -0.049507
    1   -1   10   18   -0.033535
    1   -1   11   18   -0.006207
    1   -1   12   18   -0.069820
    1   -1   13   18   -0.024925
    1   -1   14   18   -0.033195
    1   -1   15   18    0.009185
    1   -1   16   18    0.004782
    1   -1   17   18    0.024837
    1   -1   18   18    0.961818
   -1    0    1    1   -0.106777
   -1    0    2    1    0.007825
   -1    0    3    1    0.101947
   -1    0    4    1   -0.147255
   -1    0    5    1    0.023385
   -1    0    6    1   -0.006890
   -1    0    7    1    0.014308
   -1    0    8    1   -0.022190
   -1    0    9    1    0.094573
   -1    0   10    1    0.006342
   -1    0   11    1    0.011687
   -1    0   12    1   -0.036670
   -1    0   13    1   -0.005210
   -1    0   14    1    0.024032
   -1    0   15    1   -0.011630
   -1    0   16    1   -0.072330
   -1    0   17    1    0.040887
   -1    0   18    1    0.238967
   -1    0    1    2    0.066092
   -1    0    2    2   -0.006595
   -1    0    3    2    0.083260
   -1    0    4    2    1.761870
   -1    0    5    2   -0.103362
   -1    0    6    2   -0.017435
   -1    0    7    2    0.017112
   -1    0    8    2   -0.445342
   -1    0    9    2    0.037720
   -1    0   10    2    0.019950
   -1    0   11    2    0.014532
   -1    0   12    2   -0.026225
   -1    0   13    2   -0.011582
   -1    0   14    2   -0.179307
   -1    0   15    2   -0.006190
   -1    0   16    2   -0.000543
   -1    0   17    2   -2.115445
   -1    0   18    2   -0.091747
   -1    0    1    3   -0.009385
   -1    0    2    3   -0.006567
   -1    0    3    3    0.610980
   -1    0    4    3   -0.060487
   -1    0    5    3    0.019790
   -1    0    6    3   -0.002850
   -1    0    7    3    0.001965
   -1    0    8    3    0.004038
   -1    0    9    3    0.025077
   -1    0   10    3    0.077300
   -1    0   11    3    0.004985
   -1    0   12    3   -0.027487
   -1    0   13    3   -0.044705
   -1    0   14    3    0.019835
   -1    0   15    3   -0.000025
   -1    0   16    3   -0.175110
   -1    0   17    3    0.008867
   -1    0   18    3   -0.564808
   -1    0    1    4   -0.019045
   -1    0    2    4   -0.001583
   -1    0    3    4    0.035467
   -1    0    4    4   -0.082185
   -1    0    5    4    0.012025
   -1    0    6    4    0.045885
   -1    0    7    4    0.007122
   -1    0    8    4   -0.004897
   -1    0    9    4   -0.025907
   -1    0   10    4    0.026557
   -1    0   11    4   -0.005327
   -1    0   12    4    0.008137
   -1    0   13    4    0.027733
   -1    0   14    4    0.006970
   -1    0   15    4   -0.015897
   -1    0   16    4   -0.016305
   -1    0   17    4    0.026207
   -1    0   18    4    0.114975
   -1    0    1    5   -0.014390
   -1    0    2    5   -0.000755
   -1    0    3    5   -0.015900
   -1    0    4    5   -0.189815
   -1    0    5    5    0.001120
   -1    0    6    5    0.004660
   -1    0    7    5    0.006917
   -1    0    8    5   -0.066047
   -1    0    9    5   -0.015055
   -1    0   10    5    0.004085
   -1    0   11    5    0.003292
   -1    0   12    5    0.007590
   -1    0   13    5   -0.005120
   -1    0   14    5   -0.010792
   -1    0   15    5    0.002082
   -1    0   16    5    0.002850
   -1    0   17    5   -0.078257
   -1    0   18    5    0.000410
   -1    0    1    6    1.010710
   -1    0    2    6   -0.026350
   -1    0    3    6   -1.292560
   -1    0    4    6    0.358482
   -1    0    5    6   -0.001075
   -1    0    6    6    0.096218
   -1    0    7    6    0.236870
   -1    0    8    6    1.280805
   -1    0    9    6    0.778645
   -1    0   10    6    1.767218
   -1    0   11    6    0.056715
   -1    0   12    6   -0.250247
   -1    0   13    6   -0.183812
   -1    0   14    6   -0.536500
   -1    0   15    6   -0.026825
   -1    0   16    6    0.419722
   -1    0   17    6    0.385290
   -1    0   18    6   -0.477192
   -1    0    1    7    0.137673
   -1    0    2    7   -0.017707
   -1    0    3    7    0.053162
   -1    0    4    7    0.285495
   -1    0    5    7   -0.062770
   -1    0    6    7    0.018200
   -1    0    7    7   -0.148662
   -1    0    8    7    0.397025
   -1    0    9    7   -0.023055
   -1    0   10    7    0.103275
   -1    0   11    7   -0.014958
   -1    0   12    7   -0.135835
   -1    0   13    7    0.022815
   -1    0   14    7   -0.042080
   -1    0   15    7    0.011030
   -1    0   16    7   -0.007485
   -1    0   17    7   -0.589457
   -1    0   18    7   -0.336618
   -1    0    1    8    0.048315
   -1    0    2    8    0.001007
   -1    0    3    8    0.002142
   -1    0    4    8   -0.090780
   -1    0    5    8    0.003657
   -1    0    6    8    0.006970
   -1    0    7    8   -0.002245
   -1    0    8    8    0.003373
   -1    0    9    8    0.005777
   -1    0   10    8   -0.051777
   -1    0   11    8   -0.000282
   -1    0   12    8    0.006695
   -1    0   13    8    0.005782
   -1    0   14    8    0.007270
   -1    0   15    8    0.000763
   -1    0   16    8    0.008730
   -1    0   17    8    0.034327
   -1    0   18    8    0.022668
   -1    0    1    9   -0.015187
   -1    0    2    9    0.004060
   -1    0    3    9    0.080350
   -1    0    4    9   -0.311102
   -1    0    5    9   -0.031892
   -1    0    6    9    0.024155
   -1    0    7    9    0.013215
   -1    0    8    9   -0.016520
   -1    0    9    9   -0.108562
   -1    0   10    9   -0.363365
   -1    0   11    9   -0.029132
   -1    0   12    9    0.008647
   -1    0   13    9    0.041740
   -1    0   14    9    0.010882
   -1    0   15    9    0.007210
   -1    0   16    9    0.166512
   -1    0   17    9   -0.037445
   -1    0   18    9   -0.330728
   -1    0    1   10   -0.116150
   -1    0    2   10    0.002010
   -1    0    3   10   -0.115167
   -1    0    4   10   -0.131990
   -1    0    5   10   -0.012332
   -1    0    6   10    0.051040
   -1    0    7   10    0.017962
   -1    0    8   10    0.009112
   -1    0    9   10   -0.006827
   -1    0   10   10   -0.178277
   -1    0   11   10   -0.001555
   -1    0   12   10   -0.014307
   -1    0   13   10    0.021140
   -1    0   14   10    0.008050
   -1    0   15   10   -0.012102
   -1    0   16   10   -0.056545
   -1    0   17   10   -0.046135
   -1    0   18   10   -0.031607
   -1    0    1   11    0.020798
   -1    0    2   11   -0.011922
   -1    0    3   11    0.019200
   -1    0    4   11   -0.631237
   -1    0    5   11    0.062310
   -1    0    6   11   -0.005305
   -1    0    7   11   -0.005305
   -1    0    8   11    0.261817
   -1    0    9   11    0.020348
   -1    0   10   11   -0.017775
   -1    0   11   11   -0.002142
   -1    0   12   11   -0.002717
   -1    0   13   11    0.001950
   -1    0   14   11    0.016257
   -1    0   15   11   -0.001738
   -1    0   16   11   -0.015545
   -1    0   17   11    0.569427
   -1    0   18   11   -0.073432
   -1    0    1   12   -0.123870
   -1    0    2   12   -0.019493
   -1    0    3   12    0.305845
   -1    0    4   12    0.450202
   -1    0    5   12   -0.152695
   -1    0    6   12    0.129932
   -1    0    7   12    0.290727
   -1    0    8   12    0.821508
   -1    0    9   12    0.047530
   -1    0   10   12    0.925965
   -1    0   11   12   -0.016962
   -1    0   12   12    0.765040
   -1    0   13   12    0.098533
   -1    0   14   12   -0.048855
   -1    0   15   12    0.064995
   -1    0   16   12   -0.951607
   -1    0   17   12   -0.307420
   -1    0   18   12    0.295977
   -1    0    1   13    2.243117
   -1    0    2   13    0.012793
   -1    0    3   13   -0.358050
   -1    0    4   13   -0.662455
   -1    0    5   13   -0.251238
   -1    0    6   13   -0.015120
   -1    0    7   13   -0.189360
   -1    0    8   13   -0.608387
   -1    0    9   13    1.249220
   -1    0   10   13    0.411515
   -1    0   11   13   -0.074415
   -1    0   12   13    0.319452
   -1    0   13   13   -0.204440
   -1    0   14   13   -0.415160
   -1    0   15   13   -0.118732
   -1    0   16   13    0.426132
   -1    0   17   13    3.077767
   -1    0   18   13   -0.331712
   -1    0    1   14   -0.010695
   -1    0    2   14   -0.002730
   -1    0    3   14   -0.011925
   -1    0    4   14   -0.110697
   -1    0    5   14   -0.014668
   -1    0    6   14    0.004795
   -1    0    7   14    0.006325
   -1    0    8   14   -0.018090
   -1    0    9   14   -0.018035
   -1    0   10   14    0.004005
   -1    0   11   14    0.001582
   -1    0   12   14    0.013010
   -1    0   13   14    0.000632
   -1    0   14   14   -0.018435
   -1    0   15   14    0.001855
   -1    0   16   14   -0.006910
   -1    0   17   14   -0.112043
   -1    0   18   14   -0.041777
   -1    0    1   15    0.125738
   -1    0    2   15    0.025563
   -1    0    3   15   -0.302370
   -1    0    4   15   -0.383305
   -1    0    5   15   -0.367792
   -1    0    6   15   -0.185380
   -1    0    7   15   -0.006907
   -1    0    8   15    0.078530
   -1    0    9   15   -0.012735
   -1    0   10   15   -1.038550
   -1    0   11   15    0.136175
   -1    0   12   15    0.016618
   -1    0   13   15   -0.022040
   -1    0   14   15    0.160112
   -1    0   15   15   -0.133167
   -1    0   16   15   -0.625335
   -1    0   17   15   -3.938353
   -1    0   18   15    0.064400
   -1    0    1   16    0.069997
   -1    0    2   16   -0.012867
   -1    0    3   16   -0.231145
   -1    0    4   16    2.220652
   -1    0    5   16    0.004650
   -1    0    6   16   -0.009300
   -1    0    7   16   -0.058218
   -1    0    8   16   -0.060195
   -1    0    9   16   -0.056820
   -1    0   10   16   -0.037648
   -1    0   11   16   -0.026740
   -1    0   12   16   -0.027130
   -1    0   13   16    0.030060
   -1    0   14   16    0.000150
   -1    0   15   16   -0.002152
   -1    0   16   16    0.329945
   -1    0   17   16   -0.058697
   -1    0   18   16   -0.417357
   -1    0    1   17   -0.000875
   -1    0    2   17    0.002182
   -1    0    3   17    0.005673
   -1    0    4   17   -0.059845
   -1    0    5   17   -0.003427
   -1    0    6   17    0.000690
   -1    0    7   17    0.005560
   -1    0    8   17    0.000197
   -1    0    9   17    0.004497
   -1    0   10   17   -0.010540
   -1    0   11   17   -0.000577
   -1    0   12   17   -0.006752
   -1    0   13   17    0.002240
   -1    0   14   17    0.000150
   -1    0   15   17   -0.000002
   -1    0   16   17   -0.008320
   -1    0   17   17   -0.004245
   -1    0   18   17    0.062642
   -1    0    1   18    1.115375
   -1    0    2   18    0.051395
   -1    0    3   18    0.067807
   -1    0    4   18   -0.549375
   -1    0    5   18   -0.178965
   -1    0    6   18   -0.113998
   -1    0    7   18   -0.116595
   -1    0    8   18    0.176318
   -1    0    9   18    0.184612
   -1    0   10   18   -0.234145
   -1    0   11   18   -0.039122
   -1    0   12   18   -0.179312
   -1    0   13   18   -0.080192
   -1    0   14   18   -0.085720
   -1    0   15   18    0.019467
   -1    0   16   18    0.038985
   -1    0   17   18    0.004805
   -1    0   18   18    1.233107
    0    0    1    1  -10.249650
    0    0    2    1   -0.150555
    0    0    3    1   -0.148155
    0    0    4    1   -0.619605
    0    0    5    1    2.035822
    0    0    6    1   -0.378975
    0    0    7    1    2.312545
    0    0    8    1    1.313267
    0    0    9    1    1.465550
    0    0   10    1   -1.092777
    0    0   11    1    1.134505
    0    0   12    1   -0.119782
    0    0   13    1    0.226330
    0    0   14    1    2.865125
    0    0   15    1    0.023088
    0    0   16    1   -1.146412
    0    0   17    1    0.136415
    0    0   18    1    0.275165
    0    0    1    2   -0.150555
    0    0    2    2   -0.952600
    0    0    3    2    0.011533
    0    0    4    2   -0.082568
    0    0    5    2   -1.735160
    0    0    6    2   -0.262992
    0    0    7    2    1.642637
    0    0    8    2    0.109423
    0    0    9    2    0.153180
    0    0   10    2   -0.019803
    0    0   11    2    0.345145
    0    0   12    2    0.395683
    0    0   13    2    0.219550
    0    0   14    2    0.530430
    0    0   15    2    0.623247
    0    0   16    2    1.783112
    0    0   17    2   -0.178395
    0    0   18    2   -0.038592
    0    0    1    3   -0.148155
    0    0    2    3    0.011533
    0    0    3    3   -0.818275
    0    0    4    3    0.861415
    0    0    5    3   -0.083150
    0    0    6    3    0.753795
    0    0    7    3    0.037065
    0    0    8    3    0.074200
    0    0    9    3    0.101962
    0    0   10    3   -0.534440
    0    0   11    3   -0.031240
    0    0   12    3   -0.361245
    0    0   13    3   -0.120570
    0    0   14    3   -0.201575
    0    0   15    3   -0.032660
    0    0   16    3    2.492383
    0    0   17    3    0.154077
    0    0   18    3    0.861435
    0    0    1    4   -0.619605
    0    0    2    4   -0.082568
    0    0    3    4    0.861415
    0    0    4    4   -9.003330
    0    0    5    4    0.213330
    0    0    6    4    0.733345
    0    0    7    4   -0.021545
    0    0    8    4    0.416350
    0    0    9    4   -0.321795
    0    0   10    4    0.190438
    0    0   11    4   -0.071755
    0    0   12    4   -0.437412
    0    0   13    4   -0.083540
    0    0   14    4    0.325497
    0    0   15    4   -0.033743
    0    0   16    4   -0.082305
    0    0   17    4    0.694200
    0    0   18    4    0.401482
    0    0    1    5    2.035822
    0    0    2    5   -1.735160
    0    0    3    5   -0.083150
    0    0    4    5    0.213330
    0    0    5    5   -1.610428
    0    0    6    5   -0.023607
    0    0    7    5    0.939328
    0    0    8    5    0.957152
    0    0    9    5   -0.265955
    0    0   10    5   -0.049452
    0    0   11    5   -0.904328
    0    0   12    5   -0.275735
    0    0   13    5   -0.028427
    0    0   14    5   -0.773332
    0    0   15    5   -0.242402
    0    0   16    5    0.955060
    0    0   17    5    0.684660
    0    0   18    5    0.325342
    0    0    1    6   -0.378975
    0    0    2    6   -0.262992
    0    0    3    6    0.753795
    0    0    4    6    0.733345
    0    0    5    6   -0.023607
    0    0    6    6   -6.150440
    0    0    7    6   -0.024213
    0    0    8    6    0.000722
    0    0    9    6    1.072075
    0    0   10    6    0.550785
    0    0   11    6    0.037170
    0    0   12    6   -0.781698
    0    0   13    6    1.230575
    0    0   14    6   -0.057232
    0    0   15    6   -0.088857
    0    0   16    6    0.651857
    0    0   17    6    0.021903
    0    0   18    6    1.393853
    0    0    1    7    2.312545
    0    0    2    7    1.642637
    0    0    3    7    0.037065
    0    0    4    7   -0.021545
    0    0    5    7    0.939328
    0    0    6    7   -0.024213
    0    0    7    7  -10.666475
    0    0    8    7    0.051130
    0    0    9    7    0.161907
    0    0   10    7    0.058110
    0    0   11    7    0.314027
    0    0   12    7   -0.345100
    0    0   13    7    2.266955
    0    0   14    7   -0.506085
    0    0   15    7   -0.016690
    0    0   16    7   -0.461780
    0    0   17    7    0.027375
    0    0   18    7   -0.937115
    0    0    1    8    1.313267
    0    0    2    8    0.109423
    0    0    3    8    0.074200
    0    0    4    8    0.416350
    0    0    5    8    0.957152
    0    0    6    8    0.000722
    0    0    7    8    0.051130
    0    0    8    8   -0.847640
    0    0    9    8   -0.027145
    0    0   10    8   -0.579272
    0    0   11    8   -0.714410
    0    0   12    8    0.049550
    0    0   13    8   -0.030358
    0    0   14    8   -1.415962
    0    0   15    8   -0.258783
    0    0   16    8    0.486087
    0    0   17    8    1.728665
    0    0   18    8   -0.143615
    0    0    1    9    1.465550
    0    0    2    9    0.153180
    0    0    3    9    0.101962
    0    0    4    9   -0.321795
    0    0    5    9   -0.265955
    0    0    6    9    1.072075
    0    0    7    9    0.161907
    0    0    8    9   -0.027145
    0    0    9    9    0.620312
    0    0   10    9   -0.076417
    0    0   11    9    0.052198
    0    0   12    9   -1.019855
    0    0   13    9    0.243890
    0    0   14    9   -0.253837
    0    0   15    9   -0.015502
    0    0   16    9   -0.225852
    0    0   17    9   -0.046828
    0    0   18    9    0.453247
    0    0    1   10   -1.092777
    0    0    2   10   -0.019803
    0    0    3   10   -0.534440
    0    0    4   10    0.190438
    0    0    5   10   -0.049452
    0    0    6   10    0.550785
    0    0    7   10    0.058110
    0    0    8   10   -0.579272
    0    0    9   10   -0.076417
    0    0   10   10    9.039825
    0    0   11   10   -0.463477
    0    0   12   10    0.311372
    0    0   13   10    0.128137
    0    0   14   10   -0.818902
    0    0   15   10   -0.004035
    0    0   16   10    0.436665
    0    0   17   10    0.167217
    0    0   18   10   -0.019907
    0    0    1   11    1.134505
    0    0    2   11    0.345145
    0    0    3   11   -0.031240
    0    0    4   11   -0.071755
    0    0    5   11   -0.904328
    0    0    6   11    0.037170
    0    0    7   11    0.314027
    0    0    8   11   -0.714410
    0    0    9   11    0.052198
    0    0   10   11   -0.463477
    0    0   11   11   -0.733945
    0    0   12   11    0.259215
    0    0   13   11   -0.325827
    0    0   14   11   -0.164565
    0    0   15   11   -0.384175
    0    0   16   11    1.906180
    0    0   17   11   -0.004415
    0    0   18   11    0.195445
    0    0    1   12   -0.119782
    0    0    2   12    0.395683
    0    0    3   12   -0.361245
    0    0    4   12   -0.437412
    0    0    5   12   -0.275735
    0    0    6   12   -0.781698
    0    0    7   12   -0.345100
    0    0    8   12    0.049550
    0    0    9   12   -1.019855
    0    0   10   12    0.311372
    0    0   11   12    0.259215
    0    0   12   12   -1.692527
    0    0   13   12    1.759562
    0    0   14   12   -0.168135
    0    0   15   12   -0.749670
    0    0   16   12    1.445980
    0    0   17   12   -0.036970
    0    0   18   12   -0.327880
    0    0    1   13    0.226330
    0    0    2   13    0.219550
    0    0    3   13   -0.120570
    0    0    4   13   -0.083540
    0    0    5   13   -0.028427
    0    0    6   13    1.230575
    0    0    7   13    2.266955
    0    0    8   13   -0.030358
    0    0    9   13    0.243890
    0    0   10   13    0.128137
    0    0   11   13   -0.325827
    0    0   12   13    1.759562
    0    0   13   13   -8.802595
    0    0   14   13    0.074360
    0    0   15   13   -0.159530
    0    0   16   13    0.050150
    0    0   17   13   -0.005945
    0    0   18   13    0.130867
    0    0    1   14    2.865125
    0    0    2   14    0.530430
    0    0    3   14   -0.201575
    0    0    4   14    0.325497
    0    0    5   14   -0.773332
    0    0    6   14   -0.057232
    0    0    7   14   -0.506085
    0    0    8   14   -1.415962
    0    0    9   14   -0.253837
    0    0   10   14   -0.818902
    0    0   11   14   -0.164565
    0    0   12   14   -0.168135
    0    0   13   14    0.074360
    0    0   14   14   -1.716580
    0    0   15   14   -0.082682
    0    0   16   14    0.834415
    0    0   17   14   -1.552650
    0    0   18   14    0.210825
    0    0    1   15    0.023088
    0    0    2   15    0.623247
    0    0    3   15   -0.032660
    0    0    4   15   -0.033743
    0    0    5   15   -0.242402
    0    0    6   15   -0.088857
    0    0    7   15   -0.016690
    0    0    8   15   -0.258783
    0    0    9   15   -0.015502
    0    0   10   15   -0.004035
    0    0   11   15   -0.384175
    0    0   12   15   -0.749670
    0    0   13   15   -0.159530
    0    0   14   15   -0.082682
    0    0   15   15   11.558200
    0    0   16   15    0.143602
    0    0   17   15   -0.009112
    0    0   18   15   -0.105372
    0    0    1   16   -1.146412
    0    0    2   16    1.783112
    0    0    3   16    2.492383
    0    0    4   16   -0.082305
    0    0    5   16    0.955060
    0    0    6   16    0.651857
    0    0    7   16   -0.461780
    0    0    8   16    0.486087
    0    0    9   16   -0.225852
    0    0   10   16    0.436665
    0    0   11   16    1.906180
    0    0   12   16    1.445980
    0    0   13   16    0.050150
    0    0   14   16    0.834415
    0    0   15   16    0.143602
    0    0   16   16   -9.030340
    0    0   17   16    0.504390
    0    0   18   16    0.113162
    0    0    1   17    0.136415
    0    0    2   17   -0.178395
    0    0    3   17    0.154077
    0    0    4   17    0.694200
    0    0    5   17    0.684660
    0    0    6   17    0.021903
    0    0    7   17    0.027375
    0    0    8   17    1.728665
    0    0    9   17   -0.046828
    0    0   10   17    0.167217
    0    0   11   17   -0.004415
    0    0   12   17   -0.036970
    0    0   13   17   -0.005945
    0    0   14   17   -1.552650
    0    0   15   17   -0.009112
    0    0   16   17    0.504390
    0    0   17   17   -0.234287
    0    0   18   17   -0.230122
    0    0    1   18    0.275165
    0    0    2   18   -0.038592
    0    0    3   18    0.861435
    0    0    4   18    0.401482
    0    0    5   18    0.325342
    0    0    6   18    1.393853
    0    0    7   18   -0.937115
    0    0    8   18   -0.143615
    0    0    9   18    0.453247
    0    0   10   18   -0.019907
    0    0   11   18    0.195445
    0    0   12   18   -0.327880
    0    0   13   18    0.130867
    0    0   14   18    0.210825
    0    0   15   18   -0.105372
    0    0   16   18    0.113162
    0    0   17   18   -0.230122
    0    0   18   18   -4.087865
    1    0    1    1   -0.106777
    1    0    2    1    0.066092
    1    0    3    1   -0.009385
    1    0    4    1   -0.019045
    1    0    5    1   -0.014390
    1    0    6    1    1.010710
    1    0    7    1    0.137673
    1    0    8    1    0.048315
    1    0    9    1   -0.015187
    1    0   10    1   -0.116150
    1    0   11    1    0.020798
    1    0   12    1   -0.123870
    1    0   13    1    2.243117
    1    0   14    1   -0.010695
    1    0   15    1    0.125738
    1    0   16    1    0.069997
    1    0   17    1   -0.000875
    1    0   18    1    1.115375
    1    0    1    2    0.007825
    1    0    2    2   -0.006595
    1    0    3    2   -0.006567
    1    0    4    2   -0.001583
    1    0    5    2   -0.000755
    1    0    6    2   -0.026350
    1    0    7    2   -0.017707
    1    0    8    2    0.001007
    1    0    9    2    0.004060
    1    0   10    2    0.002010
    1    0   11    2   -0.011922
    1    0   12    2   -0.019493
    1    0   13    2    0.012793
    1    0   14    2   -0.002730
    1    0   15    2    0.025563
    1    0   16    2   -0.012867
    1    0   17    2    0.002182
    1    0   18    2    0.051395
    1    0    1    3    0.101947
    1    0    2    3    0.083260
    1    0    3    3    0.610980
    1    0    4    3    0.035467
    1    0    5    3   -0.015900
    1    0    6    3   -1.292560
    1    0    7    3    0.053162
    1    0    8    3    0.002142
    1    0    9    3    0.080350
    1    0   10    3   -0.115167
    1    0   11    3    0.019200
    1    0   12    3    0.305845
    1    0   13    3   -0.358050
    1    0   14    3   -0.011925
    1    0   15    3   -0.302370
    1    0   16    3   -0.231145
    1    0   17    3    0.005673
    1    0   18    3    0.067807
    1    0    1    4   -0.147255
    1    0    2    4    1.761870
    1    0    3    4   -0.060487
    1    0    4    4   -0.082185
    1    0    5    4   -0.189815
    1    0    6    4    0.358482
    1    0    7    4    0.285495
    1    0    8    4   -0.090780
    1    0    9    4   -0.311102
    1    0   10    4   -0.131990
    1    0   11    4   -0.631237
    1    0   12    4    0.450202
    1    0   13    4   -0.662455
    1    0   14    4   -0.110697
    1    0   15    4   -0.383305
    1    0   16    4    2.220652
    1    0   17    4   -0.059845
    1    0   18    4   -0.549375
    1    0    1    5    0.023385
    1    0    2    5   -0.103362
    1    0    3    5    0.019790
    1    0    4    5    0.012025
    1    0    5    5    0.001120
    1    0    6    5   -0.001075
    1    0    7    5   -0.062770
    1    0    8    5    0.003657
    1    0    9    5   -0.031892
    1    0   10    5   -0.012332
    1    0   11    5    0.062310
    1    0   12    5   -0.152695
    1    0   13    5   -0.251238
    1    0   14    5   -0.014668
    1    0   15    5   -0.367792
    1    0   16    5    0.004650
    1    0   17    5   -0.003427
    1    0   18    5   -0.178965
    1    0    1    6   -0.006890
    1    0    2    6   -0.017435
    1    0    3    6   -0.002850
    1    0    4    6    0.045885
    1    0    5    6    0.004660
    1    0    6    6    0.096218
    1    0    7    6    0.018200
    1    0    8    6    0.006970
    1    0    9    6    0.024155
    1    0   10    6    0.051040
    1    0   11    6   -0.005305
    1    0   12    6    0.129932
    1    0   13    6   -0.015120
    1    0   14    6    0.004795
    1    0   15    6   -0.185380
    1    0   16    6   -0.009300
    1    0   17    6    0.000690
    1    0   18    6   -0.113998
    1    0    1    7    0.014308
    1    0    2    7    0.017112
    1    0    3    7    0.001965
    1    0    4    7    0.007122
    1    0    5    7    0.006917
    1    0    6    7    0.236870
    1    0    7    7   -0.148662
    1    0    8    7   -0.002245
    1    0    9    7    0.013215
    1    0   10    7    0.017962
    1    0   11    7   -0.005305
    1    0   12    7    0.290727
    1    0   13    7   -0.189360
    1    0   14    7    0.006325
    1    0   15    7   -0.006907
    1    0   16    7   -0.058218
    1    0   17    7    0.005560
    1    0   18    7   -0.116595
    1    0    1    8   -0.022190
    1    0    2    8   -0.445342
    1    0    3    8    0.004038
    1    0    4    8   -0.004897
    1    0    5    8   -0.066047
    1    0    6    8    1.280805
    1    0    7    8    0.397025
    1    0    8    8    0.003373
    1    0    9    8   -0.016520
    1    0   10    8    0.009112
    1    0   11    8    0.261817
    1    0   12    8    0.821508
    1    0   13    8   -0.608387
    1    0   14    8   -0.018090
    1    0   15    8    0.078530
    1    0   16    8   -0.060195
    1    0   17    8    0.000197
    1    0   18    8    0.176318
    1    0    1    9    0.094573
    1    0    2    9    0.037720
    1    0    3    9    0.025077
    1    0    4    9   -0.025907
    1    0    5    9   -0.015055
    1    0    6    9    0.778645
    1    0    7    9   -0.023055
    1    0    8    9    0.005777
    1    0    9    9   -0.108562
    1    0   10    9   -0.006827
    1    0   11    9    0.020348
    1    0   12    9    0.047530
    1    0   13    9    1.249220
    1    0   14    9   -0.018035
    1    0   15    9   -0.012735
    1    0   16    9   -0.056820
    1    0   17    9    0.004497
    1    0   18    9    0.184612
    1    0    1   10    0.006342
    1    0    2   10    0.019950
    1    0    3   10    0.077300
    1    0    4   10    0.026557
    1    0    5   10    0.004085
    1    0    6   10    1.767218
    1    0    7   10    0.103275
    1    0    8   10   -0.051777
    1    0    9   10   -0.363365
    1    0   10   10   -0.178277
    1    0   11   10   -0.017775
    1    0   12   10    0.925965
    1    0   13   10    0.411515
    1    0   14   10    0.004005
    1    0   15   10   -1.038550
    1    0   16   10   -0.037648
    1    0   17   10   -0.010540
    1    0   18   10   -0.234145
    1    0    1   11    0.011687
    1    0    2   11    0.014532
    1    0    3   11    0.004985
    1    0    4   11   -0.005327
    1    0    5   11    0.003292
    1    0    6   11    0.056715
    1    0    7   11   -0.014958
    1    0    8   11   -0.000282
    1    0    9   11   -0.029132
    1    0   10   11   -0.001555
    1    0   11   11   -0.002142
    1    0   12   11   -0.016962
    1    0   13   11   -0.074415
    1    0   14   11    0.001582
    1    0   15   11    0.136175
    1    0   16   11   -0.026740
    1    0   17   11   -0.000577
    1    0   18   11   -0.039122
    1    0    1   12   -0.036670
    1    0    2   12   -0.026225
    1    0    3   12   -0.027487
    1    0    4   12    0.008137
    1    0    5   12    0.007590
    1    0    6   12   -0.250247
    1    0    7   12   -0.135835
    1    0    8   12    0.006695
    1    0    9   12    0.008647
    1    0   10   12   -0.014307
    1    0   11   12   -0.002717
    1    0   12   12    0.765040
    1    0   13   12    0.319452
    1    0   14   12    0.013010
    1    0   15   12    0.016618
    1    0   16   12   -0.027130
    1    0   17   12   -0.006752
    1    0   18   12   -0.179312
    1    0    1   13   -0.005210
    1    0    2   13   -0.011582
    1    0    3   13   -0.044705
    1    0    4   13    0.027733
    1    0    5   13   -0.005120
    1    0    6   13   -0.183812
    1    0    7   13    0.022815
    1    0    8   13    0.005782
    1    0    9   13    0.041740
    1    0   10   13    0.021140
    1    0   11   13    0.001950
    1    0   12   13    0.098533
    1    0   13   13   -0.204440
    1    0   14   13    0.000632
    1    0   15   13   -0.022040
    1    0   16   13    0.030060
    1    0   17   13    0.002240
    1    0   18   13   -0.080192
    1    0    1   14    0.024032
    1    0    2   14   -0.179307
    1    0    3   14    0.019835
    1    0    4   14    0.006970
    1    0    5   14   -0.010792
    1    0    6   14   -0.536500
    1    0    7   14   -0.042080
    1    0    8   14    0.007270
    1    0    9   14    0.010882
    1    0   10   14    0.008050
    1    0   11   14    0.016257
    1    0   12   14   -0.048855
    1    0   13   14   -0.415160
    1    0   14   14   -0.018435
    1    0   15   14    0.160112
    1    0   16   14    0.000150
    1    0   17   14    0.000150
    1    0   18   14   -0.085720
    1    0    1   15   -0.011630
    1    0    2   15   -0.006190
    1    0    3   15   -0.000025
    1    0    4   15   -0.015897
    1    0    5   15    0.002082
    1    0    6   15   -0.026825
    1    0    7   15    0.011030
    1    0    8   15    0.000763
    1    0    9   15    0.007210
    1    0   10   15   -0.012102
    1    0   11   15   -0.001738
    1    0   12   15    0.064995
    1    0   13   15   -0.118732
    1    0   14   15    0.001855
    1    0   15   15   -0.133167
    1    0   16   15   -0.002152
    1    0   17   15   -0.000002
    1    0   18   15    0.019467
    1    0    1   16   -0.072330
    1    0    2   16   -0.000543
    1    0    3   16   -0.175110
    1    0    4   16   -0.016305
    1    0    5   16    0.002850
    1    0    6   16    0.419722
    1    0    7   16   -0.007485
    1    0    8   16    0.008730
    1    0    9   16    0.166512
    1    0   10   16   -0.056545
    1    0   11   16   -0.015545
    1    0   12   16   -0.951607
    1    0   13   16    0.426132
    1    0   14   16   -0.006910
    1    0   15   16   -0.625335
    1    0   16   16    0.329945
    1    0   17   16   -0.008320
    1    0   18   16    0.038985
    1    0    1   17    0.040887
    1    0    2   17   -2.115445
    1    0    3   17    0.008867
    1    0    4   17    0.026207
    1    0    5   17   -0.078257
    1    0    6   17    0.385290
    1    0    7   17   -0.589457
    1    0    8   17    0.034327
    1    0    9   17   -0.037445
    1    0   10   17   -0.046135
    1    0   11   17    0.569427
    1    0   12   17   -0.307420
    1    0   13   17    3.077767
    1    0   14   17   -0.112043
    1    0   15   17   -3.938353
    1    0   16   17   -0.058697
    1    0   17   17   -0.004245
    1    0   18   17    0.004805
    1    0    1   18    0.238967
    1    0    2   18   -0.091747
    1    0    3   18   -0.564808
    1    0    4   18    0.114975
    1    0    5   18    0.000410
    1    0    6   18   -0.477192
    1    0    7   18   -0.336618
    1    0    8   18    0.022668
    1    0    9   18   -0.330728
    1    0   10   18   -0.031607
    1    0   11   18   -0.073432
    1    0   12   18    0.295977
    1    0   13   18   -0.331712
    1    0   14   18   -0.041777
    1    0   15   18    0.064400
    1    0   16   18   -0.417357
    1    0   17   18    0.062642
    1    0   18   18    1.233107
   -1    1    1    1   -0.006827
   -1    1    2    1   -0.000390
   -1    1    3    1   -0.047235
   -1    1    4    1   -0.025542
   -1    1    5    1    0.002090
   -1    1    6    1    0.023657
   -1    1    7    1   -0.005065
   -1    1    8    1   -0.005192
   -1    1    9    1   -0.007527
   -1    1   10    1    0.052628
   -1    1   11    1   -0.002233
   -1    1   12    1   -0.014922
   -1    1   13    1    0.003138
   -1    1   14    1    0.001555
   -1    1   15    1   -0.003302
   -1    1   16    1   -0.043487
   -1    1   17    1    0.001020
   -1    1   18    1    0.073298
   -1    1    1    2    0.001740
   -1    1    2    2    0.000417
   -1    1    3    2   -0.004440
   -1    1    4    2   -0.020147
   -1    1    5    2   -0.001217
   -1    1    6    2   -0.002565
   -1    1    7    2    0.000942
   -1    1    8    2    0.003975
   -1    1    9    2   -0.002587
   -1    1   10    2    0.001492
   -1    1   11    2    0.000060
   -1    1   12    2   -0.002820
   -1    1   13    2    0.002203
   -1    1   14    2   -0.000400
   -1    1   15    2    0.000185
   -1    1   16    2   -0.004215
   -1    1   17    2   -0.002247
   -1    1   18    2    0.021705
   -1    1    1    3    0.002270
   -1    1    2    3   -0.001982
   -1    1    3    3   -0.024060
   -1    1    4    3   -0.007110
   -1    1    5    3    0.001115
   -1    1    6    3   -0.057587
   -1    1    7    3    0.002697
   -1    1    8    3    0.001115
   -1    1    9    3   -0.000215
   -1    1   10    3    0.016913
   -1    1   11    3    0.000890
   -1    1   12    3    0.000895
   -1    1   13    3   -0.021017
   -1    1   14    3   -0.000395
   -1    1   15    3    0.009065
   -1    1   16    3   -0.009272
   -1    1   17    3    0.002845
   -1    1   18    3   -0.121698
   -1    1    1    4   -0.008757
   -1    1    2    4    0.001317
   -1    1    3    4    0.011727
   -1    1    4    4    0.024335
   -1    1    5    4    0.002950
   -1    1    6    4    0.000465
   -1    1    7    4    0.005762
   -1    1    8    4   -0.000332
   -1    1    9    4   -0.018792
   -1    1   10    4    0.014930
   -1    1   11    4    0.000210
   -1    1   12    4    0.023802
   -1    1   13    4   -0.008002
   -1    1   14    4   -0.000503
   -1    1   15    4    0.004272
   -1    1   16    4    0.017007
   -1    1   17    4    0.003132
   -1    1   18    4    0.023302
   -1    1    1    5   -0.003795
   -1    1    2    5   -0.000670
   -1    1    3    5    0.002028
   -1    1    4    5    0.000060
   -1    1    5    5    0.001170
   -1    1    6    5   -0.002053
   -1    1    7    5   -0.000290
   -1    1    8    5    0.000642
   -1    1    9    5   -0.001147
   -1    1   10    5    0.000023
   -1    1   11    5    0.000515
   -1    1   12    5    0.003255
   -1    1   13    5   -0.001555
   -1    1   14    5    0.000670
   -1    1   15    5   -0.000597
   -1    1   16    5   -0.000847
   -1    1   17    5   -0.000730
   -1    1   18    5   -0.030627
   -1    1    1    6    0.008415
   -1    1    2    6   -0.004168
   -1    1    3    6   -0.000445
   -1    1    4    6    0.048400
   -1    1    5    6    0.002550
   -1    1    6    6   -0.026850
   -1    1    7    6    0.013200
   -1    1    8    6    0.006267
   -1    1    9    6    0.018357
   -1    1   10    6    0.003483
   -1    1   11    6    0.002122
   -1    1   12    6   -0.003820
   -1    1   13    6    0.004967
   -1    1   14    6    0.003670
   -1    1   15    6    0.004205
   -1    1   16    6   -0.025625
   -1    1   17    6    0.022282
   -1    1   18    6    0.026320
   -1    1    1    7   -0.007820
   -1    1    2    7    0.001052
   -1    1    3    7    0.000327
   -1    1    4    7   -1.172287
   -1    1    5    7    0.001515
   -1    1    6    7   -0.004855
   -1    1    7    7    0.001647
   -1    1    8    7   -0.000475
   -1    1    9    7    0.007007
   -1    1   10    7   -0.007795
   -1    1   11    7   -0.000380
   -1    1   12    7    0.038117
   -1    1   13    7    0.010750
   -1    1   14    7   -0.005162
   -1    1   15    7    0.008462
   -1    1   16    7    0.084863
   -1    1   17    7    0.022175
   -1    1   18    7   -0.045487
   -1    1    1    8    0.000070
   -1    1    2    8    0.000208
   -1    1    3    8   -0.009027
   -1    1    4    8   -0.003395
   -1    1    5    8    0.000043
   -1    1    6    8   -0.001652
   -1    1    7    8   -0.000415
   -1    1    8    8   -0.000660
   -1    1    9    8    0.001605
   -1    1   10    8    0.003462
   -1    1   11    8    0.000215
   -1    1   12    8    0.001398
   -1    1   13    8    0.000535
   -1    1   14    8    0.000660
   -1    1   15    8    0.000785
   -1    1   16    8    0.003000
   -1    1   17    8   -0.004400
   -1    1   18    8    0.014928
   -1    1    1    9   -0.000478
   -1    1    2    9    0.000532
   -1    1    3    9    0.002172
   -1    1    4    9    0.028650
   -1    1    5    9   -0.001803
   -1    1    6    9    0.013362
   -1    1    7    9   -0.000325
   -1    1    8    9    0.000320
   -1    1    9    9   -0.007538
   -1    1   10    9   -0.017072
   -1    1   11    9   -0.000607
   -1    1   12    9   -0.011815
   -1    1   13    9   -0.005675
   -1    1   14    9   -0.000572
   -1    1   15    9    0.004782
   -1    1   16    9    0.004552
   -1    1   17    9   -0.004565
   -1    1   18    9   -0.049507
   -1    1    1   10   -0.018960
   -1    1    2   10   -0.002093
   -1    1    3   10   -0.023447
   -1    1    4   10   -0.012235
   -1    1    5   10   -0.000213
   -1    1    6   10    0.008942
   -1    1    7   10    0.001505
   -1    1    8   10   -0.000073
   -1    1    9   10   -0.004752
   -1    1   10   10    0.000845
   -1    1   11   10   -0.000575
   -1    1   12   10   -0.004990
   -1    1   13   10   -0.010822
   -1    1   14   10    0.003077
   -1    1   15   10   -0.015758
   -1    1   16   10   -0.041870
   -1    1   17   10   -0.004762
   -1    1   18   10   -0.033535
   -1    1    1   11    0.000347
   -1    1    2   11   -0.000175
   -1    1    3   11    0.004980
   -1    1    4   11    0.008408
   -1    1    5   11    0.000702
   -1    1    6   11    0.001495
   -1    1    7   11   -0.001723
   -1    1    8   11   -0.003855
   -1    1    9   11    0.000050
   -1    1   10   11    0.005782
   -1    1   11   11    0.000215
   -1    1   12   11    0.001043
   -1    1   13   11   -0.000587
   -1    1   14   11    0.000127
   -1    1   15   11    0.000617
   -1    1   16   11    0.001432
   -1    1   17   11    0.002597
   -1    1   18   11   -0.006207
   -1    1    1   12    0.016765
   -1    1    2   12   -0.000227
   -1    1    3   12    0.100460
   -1    1    4   12    0.037773
   -1    1    5   12    0.003695
   -1    1    6   12    0.026490
   -1    1    7   12   -0.000717
   -1    1    8   12   -0.003985
   -1    1    9   12   -0.018605
   -1    1   10   12   -0.058797
   -1    1   11   12   -0.001085
   -1    1   12   12   -0.018150
   -1    1   13   12   -0.007692
   -1    1   14   12    0.000260
   -1    1   15   12    0.001623
   -1    1   16   12    0.041400
   -1    1   17   12    0.006477
   -1    1   18   12   -0.069820
   -1    1    1   13    0.009692
   -1    1    2   13   -0.001643
   -1    1    3   13    0.070623
   -1    1    4   13    0.017740
   -1    1    5   13    0.000385
   -1    1    6   13    0.016310
   -1    1    7   13    0.005295
   -1    1    8   13   -0.020845
   -1    1    9   13    0.004875
   -1    1   10   13   -0.059815
   -1    1   11   13    0.001015
   -1    1   12   13    0.055328
   -1    1   13   13   -0.003272
   -1    1   14   13    0.006215
   -1    1   15   13   -0.006800
   -1    1   16   13   -0.065762
   -1    1   17   13   -0.001050
   -1    1   18   13   -0.024925
   -1    1    1   14   -0.002057
   -1    1    2   14   -0.000560
   -1    1    3   14    0.000732
   -1    1    4   14   -0.001980
   -1    1    5   14    0.000667
   -1    1    6   14    0.003870
   -1    1    7   14    0.000122
   -1    1    8   14    0.001342
   -1    1    9   14   -0.000657
   -1    1   10   14   -0.005307
   -1    1   11   14    0.000347
   -1    1   12   14    0.004355
   -1    1   13   14   -0.000610
   -1    1   14   14    0.000822
   -1    1   15   14    0.001007
   -1    1   16   14    0.000717
   -1    1   17   14   -0.001672
   -1    1   18   14   -0.033195
   -1    1    1   15   -0.017247
   -1    1    2   15   -0.002500
   -1    1    3   15    0.053377
   -1    1    4   15   -0.132190
   -1    1    5   15    0.000412
   -1    1    6   15   -0.021577
   -1    1    7   15   -0.000718
   -1    1    8   15   -0.001620
   -1    1    9   15   -0.005420
   -1    1   10   15    0.046870
   -1    1   11   15   -0.002417
   -1    1   12   15   -0.017548
   -1    1   13   15    0.007942
   -1    1   14   15    0.010315
   -1    1   15   15   -0.001917
   -1    1   16   15   -0.026745
   -1    1   17   15   -0.040003
   -1    1   18   15    0.009185
   -1    1    1   16   -0.001328
   -1    1    2   16    0.001867
   -1    1    3   16    0.000750
   -1    1    4   16    0.063605
   -1    1    5   16   -0.003495
   -1    1    6   16   -0.079770
   -1    1    7   16   -0.003860
   -1    1    8   16   -0.003548
   -1    1    9   16    0.013105
   -1    1   10   16   -0.014750
   -1    1   11   16   -0.000627
   -1    1   12   16   -0.012445
   -1    1   13   16   -0.011942
   -1    1   14   16   -0.006910
   -1    1   15   16    0.000255
   -1    1   16   16    0.014008
   -1    1   17   16   -0.000120
   -1    1   18   16    0.004782
   -1    1    1   17    0.001965
   -1    1    2   17    0.000198
   -1    1    3   17   -0.005622
   -1    1    4   17   -0.002453
   -1    1    5   17   -0.000715
   -1    1    6   17    0.000673
   -1    1    7   17    0.002093
   -1    1    8   17    0.000668
   -1    1    9   17   -0.001350
   -1    1   10   17    0.003055
   -1    1   11   17    0.000000
   -1    1   12   17    0.000960
   -1    1   13   17   -0.000230
   -1    1   14   17   -0.000492
   -1    1   15   17   -0.002047
   -1    1   16   17   -0.004575
   -1    1   17   17    0.000230
   -1    1   18   17    0.024837
   -1    1    1   18    0.104330
   -1    1    2   18    0.020212
   -1    1    3   18   -0.345898
   -1    1    4   18    0.119382
   -1    1    5   18   -0.056630
   -1    1    6   18   -0.013997
   -1    1    7   18   -0.000998
   -1    1    8   18    0.036677
   -1    1    9   18   -0.030195
   -1    1   10   18   -0.118012
   -1    1   11   18   -0.008615
   -1    1   12   18   -0.063075
   -1    1   13   18   -0.032400
   -1    1   14   18   -0.035345
   -1    1   15   18    0.006852
   -1    1   16   18    0.083215
   -1    1   17   18   -0.003557
   -1    1   18   18    0.961818
    0    1    1    1    0.120595
    0    1    2    1    0.005580
    0    1    3    1    1.151968
    0    1    4    1   -0.604407
    0    1    5    1   -0.043037
    0    1    6    1    0.130577
    0    1    7    1    0.003945
    0    1    8    1    0.028620
    0    1    9    1    0.024472
    0    1   10    1   -0.193800
    0    1   11    1    0.014410
    0    1   12    1    0.123032
    0    1   13    1    0.012972
    0    1   14    1    0.031950
    0    1   15    1    0.006183
    0    1   16    1   -0.220448
    0    1   17    1   -0.071743
    0    1   18    1    0.107582
    0    1    1    2    0.033350
    0    1    2    2    0.013862
    0    1    3    2   -0.012057
    0    1    4    2   -0.055157
    0    1    5    2   -0.005322
    0    1    6    2   -0.011550
    0    1    7    2   -0.093750
    0    1    8    2   -0.081287
    0    1    9    2   -0.003270
    0    1   10    2   -0.007975
    0    1   11    2    0.001767
    0    1   12    2   -0.006632
    0    1   13    2    0.016597
    0    1   14    2   -0.003165
    0    1   15    2   -0.000697
    0    1   16    2   -0.039207
    0    1   17    2    0.003965
    0    1   18    2    0.044280
    0    1    1    3    0.031383
    0    1    2    3   -0.005922
    0    1    3    3   -0.003705
    0    1    4    3    0.021450
    0    1    5    3    0.002465
    0    1    6    3   -0.030215
    0    1    7    3    0.007437
    0    1    8    3    0.016355
    0    1    9    3   -0.003118
    0    1   10    3    0.005875
    0    1   11    3    0.001533
    0    1   12    3   -0.019172
    0    1   13    3   -0.007210
    0    1   14    3   -0.002332
    0    1   15    3   -0.007560
    0    1   16    3   -0.039315
    0    1   17    3    0.008335
    0    1   18    3   -0.157245
    0    1    1    4   -0.008830
    0    1    2    4   -0.004190
    0    1    3    4   -0.004735
    0    1    4    4    0.109540
    0    1    5    4    0.004407
    0    1    6    4   -0.003087
    0    1    7    4   -0.011275
    0    1    8    4    0.004327
    0    1    9    4   -0.000213
    0    1   10    4    0.070222
    0    1   11    4    0.000627
    0    1   12    4    0.034107
    0    1   13    4    0.010782
    0    1   14    4   -0.003557
    0    1   15    4   -0.009615
    0    1   16    4    0.034405
    0    1   17    4   -0.000432
    0    1   18    4    0.044520
    0    1    1    5   -0.012560
    0    1    2    5   -0.000707
    0    1    3    5    0.011055
    0    1    4    5    0.017110
    0    1    5    5    0.005505
    0    1    6    5    0.000830
    0    1    7    5    0.006400
    0    1    8    5    0.022210
    0    1    9    5   -0.003625
    0    1   10    5    0.000320
    0    1   11    5    0.001877
    0    1   12    5    0.004720
    0    1   13    5    0.001235
    0    1   14    5    0.003987
    0    1   15    5    0.000963
    0    1   16    5    0.000995
    0    1   17    5   -0.000062
    0    1   18    5   -0.033427
    0    1    1    6    0.000173
    0    1    2    6   -0.016407
    0    1    3    6    0.298360
    0    1    4    6   -0.382840
    0    1    5    6    0.008743
    0    1    6    6   -0.084117
    0    1    7    6   -0.073480
    0    1    8    6   -0.041700
    0    1    9    6   -0.010355
    0    1   10    6   -0.125952
    0    1   11    6    0.004097
    0    1   12    6   -0.002832
    0    1   13    6   -0.049202
    0    1   14    6   -0.026537
    0    1   15    6   -0.013940
    0    1   16    6    0.244815
    0    1   17    6    0.020637
    0    1   18    6    0.015310
    0    1    1    7    0.037350
    0    1    2    7   -0.022013
    0    1    3    7    0.019395
    0    1    4    7    0.602343
    0    1    5    7   -0.005935
    0    1    6    7    0.096397
    0    1    7    7   -0.052475
    0    1    8    7   -0.004300
    0    1    9    7    0.244905
    0    1   10    7   -0.031480
    0    1   11    7    0.007650
    0    1   12    7    0.039465
    0    1   13    7   -0.184007
    0    1   14    7   -0.005790
    0    1   15    7   -0.022355
    0    1   16    7   -0.052922
    0    1   17    7    0.002545
    0    1   18    7   -0.015810
    0    1    1    8    0.012690
    0    1    2    8   -0.038410
    0    1    3    8   -0.057575
    0    1    4    8   -0.071633
    0    1    5    8   -0.997040
    0    1    6    8   -0.044922
    0    1    7    8   -0.007935
    0    1    8    8    0.002602
    0    1    9    8    0.003970
    0    1   10    8   -0.117890
    0    1   11    8   -0.071945
    0    1   12    8   -0.010530
    0    1   13    8   -0.001842
    0    1   14    8    0.689550
    0    1   15    8    0.014273
    0    1   16    8    0.001440
    0    1   17    8   -1.349648
    0    1   18    8    0.020925
    0    1    1    9   -0.009565
    0    1    2    9   -0.001873
    0    1    3    9   -0.023962
    0    1    4    9   -1.137655
    0    1    5    9   -0.001677
    0    1    6    9    0.020950
    0    1    7    9    0.010788
    0    1    8    9    0.005502
    0    1    9    9    0.024702
    0    1   10    9   -0.038862
    0    1   11    9    0.002355
    0    1   12    9    0.000227
    0    1   13    9   -0.001875
    0    1   14    9    0.000577
    0    1   15    9    0.004620
    0    1   16    9    0.012275
    0    1   17    9    0.009798
    0    1   18    9   -0.046570
    0    1    1   10   -0.029850
    0    1    2   10    0.003097
    0    1    3   10   -0.805022
    0    1    4   10    0.313567
    0    1    5   10    0.042668
    0    1    6   10    0.155380
    0    1    7   10   -0.006442
    0    1    8   10    0.010455
    0    1    9   10   -0.000173
    0    1   10   10   -0.165065
    0    1   11   10    0.011182
    0    1   12   10    0.080860
    0    1   13   10    0.032485
    0    1   14   10   -0.065555
    0    1   15   10    0.003280
    0    1   16   10    0.098358
    0    1   17   10    0.294700
    0    1   18   10   -0.027237
    0    1    1   11   -0.026725
    0    1    2   11   -0.012015
    0    1    3   11    0.033757
    0    1    4   11    0.065020
    0    1    5   11   -0.013752
    0    1    6   11   -0.007217
    0    1    7   11    0.143635
    0    1    8   11    0.437805
    0    1    9   11    0.002627
    0    1   10   11    0.054595
    0    1   11   11   -0.000427
    0    1   12   11    0.004197
    0    1   13   11   -0.015900
    0    1   14   11    0.010958
    0    1   15   11    0.004390
    0    1   16   11    0.023477
    0    1   17   11   -0.013225
    0    1   18   11   -0.000298
    0    1    1   12    0.082030
    0    1    2   12    0.006000
    0    1    3   12   -0.016732
    0    1    4   12   -0.123090
    0    1    5   12   -0.008347
    0    1    6   12    0.005968
    0    1    7   12   -0.084207
    0    1    8   12    0.080555
    0    1    9   12    0.046205
    0    1   10   12    0.558117
    0    1   11   12    0.004132
    0    1   12   12   -0.099312
    0    1   13   12   -0.111670
    0    1   14   12   -0.029285
    0    1   15   12   -0.008495
    0    1   16   12   -0.045825
    0    1   17   12    0.040535
    0    1   18   12   -0.059917
    0    1    1   13   -0.089375
    0    1    2   13   -0.052625
    0    1    3   13   -0.094687
    0    1    4   13   -0.043422
    0    1    5   13   -0.044542
    0    1    6   13   -0.038355
    0    1    7   13    0.763865
    0    1    8   13    0.065140
    0    1    9   13    0.034952
    0    1   10   13   -0.129257
    0    1   11   13    0.001610
    0    1   12   13    0.009678
    0    1   13   13   -0.055622
    0    1   14   13    0.035262
    0    1   15   13   -0.003410
    0    1   16   13   -0.058978
    0    1   17   13   -0.026462
    0    1   18   13   -0.047628
    0    1    1   14    0.012238
    0    1    2   14    0.002680
    0    1    3   14    0.044718
    0    1    4   14    0.097490
    0    1    5   14    0.003922
    0    1    6   14   -0.010965
    0    1    7   14   -0.022880
    0    1    8   14    0.003905
    0    1    9   14   -0.006452
    0    1   10   14    0.006752
    0    1   11   14    0.001852
    0    1   12   14   -0.000818
    0    1   13   14    0.004242
    0    1   14   14   -0.000793
    0    1   15   14   -0.001342
    0    1   16   14   -0.018330
    0    1   17   14   -0.019807
    0    1   18   14   -0.045103
    0    1    1   15   -0.077018
    0    1    2   15    0.073252
    0    1    3   15   -0.500007
    0    1    4   15   -0.229057
    0    1    5   15   -0.283473
    0    1    6   15   -0.160997
    0    1    7   15    0.023247
    0    1    8   15    0.023527
    0    1    9   15   -0.042762
    0    1   10   15    0.310993
    0    1   11   15   -0.054500
    0    1   12   15    0.038660
    0    1   13   15    0.042665
    0    1   14   15    0.030220
    0    1   15   15   -0.008377
    0    1   16   15    0.063603
    0    1   17   15   -0.031745
    0    1   18   15    0.075470
    0    1    1   16   -0.038295
    0    1    2   16   -0.012368
    0    1    3   16    0.056925
    0    1    4   16    0.289655
    0    1    5   16    0.003922
    0    1    6   16    0.023280
    0    1    7   16   -0.050995
    0    1    8   16    0.000710
    0    1    9   16    0.016355
    0    1   10   16   -0.235855
    0    1   11   16   -0.011940
    0    1   12   16   -0.012438
    0    1   13   16   -0.026830
    0    1   14   16   -0.009507
    0    1   15   16   -0.002062
    0    1   16   16    0.146693
    0    1   17   16    0.016120
    0    1   18   16   -0.046793
    0    1    1   17   -0.004420
    0    1    2   17    0.001373
    0    1    3   17   -0.013462
    0    1    4   17    0.029337
    0    1    5   17   -0.001140
    0    1    6   17    0.005295
    0    1    7   17   -0.006602
    0    1    8   17    0.011012
    0    1    9   17    0.004505
    0    1   10   17    0.007240
    0    1   11   17    0.000860
    0    1   12   17    0.006155
    0    1   13   17    0.003175
    0    1   14   17   -0.003180
    0    1   15   17    0.001045
    0    1   16   17    0.002468
    0    1   17   17    0.006122
    0    1   18   17    0.028982
    0    1    1   18    0.147700
    0    1    2   18    0.051720
    0    1    3   18   -1.294930
    0    1    4   18   -0.457282
    0    1    5   18   -0.067685
    0    1    6   18   -0.121425
    0    1    7   18   -0.036340
    0    1    8   18    0.046005
    0    1    9   18   -0.102968
    0    1   10   18   -0.222507
    0    1   11   18   -0.023270
    0    1   12   18   -0.142083
    0    1   13   18   -0.031267
    0    1   14   18   -0.080903
    0    1   15   18    0.057190
    0    1   16   18    0.337267
    0    1   17   18    0.026270
    0    1   18   18    0.976873
    1    1    1    1   -0.028328
    1    1    2    1    0.007538
    1    1    3    1   -1.448560
    1    1    4    1   -0.223655
    1    1    5    1    0.170063
    1    1    6    1    0.554450
    1    1    7    1    0.295742
    1    1    8    1    0.021082
    1    1    9    1    0.038985
    1    1   10    1   -0.293590
    1    1   11    1   -0.108332
    1    1   12    1   -1.523877
    1    1   13    1    0.418365
    1    1   14    1    0.110860
    1    1   15    1    0.396412
    1    1   16    1    0.021423
    1    1   17    1   -0.068763
    1    1   18    1    0.286442
    1    1    1    2   -0.000385
    1    1    2    2    0.014517
    1    1    3    2   -0.000075
    1    1    4    2   -0.000677
    1    1    5    2    0.002002
    1    1    6    2   -0.024977
    1    1    7    2   -0.001140
    1    1    8    2    0.000930
    1    1    9    2   -0.002895
    1    1   10    2    0.001485
    1    1   11    2   -0.001577
    1    1   12    2   -0.002930
    1    1   13    2   -0.013760
    1    1   14    2    0.001092
    1    1   15    2    0.012430
    1    1   16    2   -0.002832
    1    1   17    2    0.000387
    1    1   18    2    0.020377
    1    1    1    3   -0.035125
    1    1    2    3   -0.016053
    1    1    3    3   -0.071638
    1    1    4    3    0.051497
    1    1    5    3   -0.004477
    1    1    6    3   -0.000458
    1    1    7    3    0.042657
    1    1    8    3    0.045067
    1    1    9    3   -0.066325
    1    1   10    3   -0.004805
    1    1   11    3    0.005430
    1    1   12    3   -0.038192
    1    1   13    3   -0.020198
    1    1   14    3   -0.001095
    1    1   15    3   -0.031305
    1    1   16    3    0.010285
    1    1   17    3    0.000000
    1    1   18    3   -0.136872
    1    1    1    4   -0.029617
    1    1    2    4   -0.027487
    1    1    3    4   -0.016368
    1    1    4    4    0.179032
    1    1    5    4    0.038060
    1    1    6    4   -0.003892
    1    1    7    4    0.019677
    1    1    8    4    0.080945
    1    1    9    4   -0.006592
    1    1   10    4    0.210822
    1    1   11    4    0.003245
    1    1   12    4    0.033715
    1    1   13    4    0.032230
    1    1   14    4   -0.002808
    1    1   15    4   -0.017440
    1    1   16    4    0.074643
    1    1   17    4   -0.008557
    1    1   18    4    0.062335
    1    1    1    5    0.004465
    1    1    2    5   -0.006135
    1    1    3    5    0.015665
    1    1    4    5    0.004347
    1    1    5    5    0.005717
    1    1    6    5    0.008100
    1    1    7    5   -0.012447
    1    1    8    5    0.001482
    1    1    9    5   -0.006415
    1    1   10    5   -0.002637
    1    1   11    5    0.003115
    1    1   12    5    0.005012
    1    1   13    5   -0.003845
    1    1   14    5   -0.001985
    1    1   15    5   -0.004760
    1    1   16    5   -0.003362
    1    1   17    5    0.000175
    1    1   18    5   -0.048012
    1    1    1    6    0.013898
    1    1    2    6   -0.034350
    1    1    3    6   -0.035190
    1    1    4    6    0.038227
    1    1    5    6   -0.007575
    1    1    6    6    0.217673
    1    1    7    6   -0.004670
    1    1    8    6   -0.000820
    1    1    9    6    0.018020
    1    1   10    6    0.005343
    1    1   11    6    0.006380
    1    1   12    6    0.097498
    1    1   13    6    0.019358
    1    1   14    6   -0.011995
    1    1   15    6    0.009125
    1    1   16    6   -0.035262
    1    1   17    6   -0.000735
    1    1   18    6    0.023075
    1    1    1    7   -0.001285
    1    1    2    7   -0.007212
    1    1    3    7   -0.006972
    1    1    4    7    0.062070
    1    1    5    7   -0.001920
    1    1    6    7   -0.064130
    1    1    7    7    0.102930
    1    1    8    7   -0.000472
    1    1    9    7    0.060368
    1    1   10    7    0.008505
    1    1   11    7    0.006037
    1    1   12    7   -0.587688
    1    1   13    7   -1.477975
    1    1   14    7    0.002265
    1    1   15    7   -0.060495
    1    1   16    7   -0.020862
    1    1   17    7    0.000965
    1    1   18    7   -0.020273
    1    1    1    8   -0.019185
    1    1    2    8    0.777687
    1    1    3    8   -0.021005
    1    1    4    8   -0.018857
    1    1    5    8    0.023102
    1    1    6    8   -0.067780
    1    1    7    8    0.012590
    1    1    8    8   -0.001030
    1    1    9    8    0.002315
    1    1   10    8   -0.001783
    1    1   11    8   -0.207617
    1    1   12    8   -0.059085
    1    1   13    8   -0.016137
    1    1   14    8    0.058870
    1    1   15    8    0.447807
    1    1   16    8    0.004372
    1    1   17    8   -0.002683
    1    1   18    8    0.011027
    1    1    1    9   -0.006738
    1    1    2    9   -0.004422
    1    1    3    9    0.001070
    1    1    4    9    0.022308
    1    1    5    9   -0.003347
    1    1    6    9    0.065270
    1    1    7    9    0.001175
    1    1    8    9    0.003795
    1    1    9    9    0.044817
    1    1   10    9   -0.001295
    1    1   11    9   -0.001982
    1    1   12    9   -0.151390
    1    1   13    9   -0.047797
    1    1   14    9   -0.000370
    1    1   15    9   -0.029840
    1    1   16    9    0.013783
    1    1   17    9    0.002302
    1    1   18    9   -0.022945
    1    1    1   10   -0.018842
    1    1    2   10   -0.848008
    1    1    3   10    0.142922
    1    1    4   10    0.008925
    1    1    5   10   -0.174600
    1    1    6   10    0.596270
    1    1    7   10    0.032260
    1    1    8   10    0.000010
    1    1    9   10    0.029270
    1    1   10   10   -0.180285
    1    1   11   10    0.059137
    1    1   12   10    0.539125
    1    1   13   10    0.082047
    1    1   14   10   -0.135277
    1    1   15   10   -0.423602
    1    1   16   10   -0.140855
    1    1   17   10   -0.020635
    1    1   18   10    0.032085
    1    1    1   11   -0.008085
    1    1    2   11   -0.027370
    1    1    3   11   -0.002988
    1    1    4   11   -0.004825
    1    1    5   11   -0.001810
    1    1    6   11   -0.044707
    1    1    7   11    0.071652
    1    1    8   11    0.002675
    1    1    9   11   -0.003955
    1    1   10   11    0.004327
    1    1   11   11    0.007748
    1    1   12   11   -0.022122
    1    1   13   11    0.048485
    1    1   14   11    0.005340
    1    1   15   11   -0.037810
    1    1   16   11   -0.034092
    1    1   17   11    0.002165
    1    1   18   11   -0.009120
    1    1    1   12    0.000075
    1    1    2   12   -0.025535
    1    1    3   12   -0.049965
    1    1    4   12    0.032788
    1    1    5   12    0.002377
    1    1    6   12   -0.444665
    1    1    7   12   -0.009222
    1    1    8   12   -0.000482
    1    1    9   12   -0.000075
    1    1   10   12    0.009720
    1    1   11   12    0.010578
    1    1   12   12   -0.004317
    1    1   13   12   -0.060988
    1    1   14   12   -0.000797
    1    1   15   12   -0.018140
    1    1   16   12   -0.048503
    1    1   17   12   -0.001647
    1    1   18   12   -0.082987
    1    1    1   13    0.000510
    1    1    2   13   -0.008020
    1    1    3   13   -0.010185
    1    1    4   13    0.012768
    1    1    5   13   -0.005905
    1    1    6   13    0.118282
    1    1    7   13    0.035877
    1    1    8   13    0.002260
    1    1    9   13    0.019542
    1    1   10   13   -0.002520
    1    1   11   13   -0.004772
    1    1   12   13   -0.100550
    1    1   13   13    0.109353
    1    1   14   13    0.001230
    1    1   15   13   -0.005950
    1    1   16   13   -0.026280
    1    1   17   13    0.000813
    1    1   18   13   -0.019357
    1    1    1   14   -0.014235
    1    1    2   14    0.008300
    1    1    3   14   -0.004355
    1    1    4   14   -0.012302
    1    1    5   14    0.006340
    1    1    6   14   -0.034620
    1    1    7   14    0.106245
    1    1    8   14   -0.001390
    1    1    9   14   -0.005645
    1    1   10   14    0.011475
    1    1   11   14    0.000872
    1    1   12   14   -0.018208
    1    1   13   14   -0.031630
    1    1   14   14    0.013105
    1    1   15   14    0.020967
    1    1   16   14   -0.021212
    1    1   17   14    0.003535
    1    1   18   14   -0.028878
    1    1    1   15   -0.093422
    1    1    2   15   -0.105290
    1    1    3   15   -0.815522
    1    1    4   15   -0.034337
    1    1    5   15    0.046687
    1    1    6   15    0.023962
    1    1    7   15   -0.076765
    1    1    8   15   -0.031235
    1    1    9   15    0.181372
    1    1   10   15    0.014922
    1    1   11   15   -0.075720
    1    1   12   15    0.646330
    1    1   13   15    0.273427
    1    1   14   15    0.000035
    1    1   15   15   -0.097705
    1    1   16   15    0.176195
    1    1   17   15   -0.016522
    1    1   18   15   -0.146675
    1    1    1   16   -0.008722
    1    1    2   16   -0.057215
    1    1    3   16   -0.111488
    1    1    4   16    0.087555
    1    1    5   16    0.016950
    1    1    6   16    0.357170
    1    1    7   16   -0.049457
    1    1    8   16   -0.000885
    1    1    9   16    0.016878
    1    1   10   16   -0.036477
    1    1   11   16    0.005457
    1    1   12   16    0.058932
    1    1   13   16   -0.060127
    1    1   14   16   -0.012467
    1    1   15   16   -0.033723
    1    1   16   16    0.078553
    1    1   17   16   -0.007165
    1    1   18   16    0.047305
    1    1    1   17    0.013737
    1    1    2   17   -0.002442
    1    1    3   17    0.036882
    1    1    4   17   -0.002962
    1    1    5   17    0.064045
    1    1    6   17    0.019230
    1    1    7   17   -0.179237
    1    1    8   17   -0.005505
    1    1    9   17    0.000440
    1    1   10   17    0.025097
    1    1   11   17    0.008880
    1    1   12   17   -0.003080
    1    1   13   17    0.019745
    1    1   14   17   -0.016275
    1    1   15   17    0.007265
    1    1   16   17    0.034200
    1    1   17   17    0.010750
    1    1   18   17    0.029642
    1    1    1   18    0.097010
    1    1    2   18    0.042513
    1    1    3   18   -0.139660
    1    1    4   18    0.104883
    1    1    5   18   -0.006950
    1    1    6   18   -0.050815
    1    1    7   18   -0.134877
    1    1    8   18   -0.005337
    1    1    9   18    0.013773
    1    1   10   18    0.056755
    1    1   11   18    0.018718
    1    1   12   18    0.007735
    1    1   13   18    0.015027
    1    1   14   18   -0.025977
    1    1   15   18    0.207530
    1    1   16   18    0.031630
    1    1   17   18    0.024115
    1    1   18   18    0.963557
