 ir1  ir2   m    n          ReH 
   -1   -1    1    1    0.005647
   -1   -1    2    1    0.005905
   -1   -1    3    1    0.083087
   -1   -1    4    1    0.011572
   -1   -1    5    1   -0.015830
   -1   -1    6    1   -0.000890
   -1   -1    7    1   -0.007255
   -1   -1    8    1    0.008050
   -1   -1    9    1   -0.024265
   -1   -1   10    1    0.027217
   -1   -1   11    1    0.011133
   -1   -1   12    1    0.099985
   -1   -1   13    1   -0.036872
   -1   -1   14    1   -0.029032
   -1   -1   15    1    0.007927
   -1   -1   16    1    0.064132
   -1   -1   17    1   -0.015430
   -1   -1   18    1   -0.110053
   -1   -1    1    2   -0.000797
   -1   -1    2    2   -0.008957
   -1   -1    3    2   -0.057487
   -1   -1    4    2   -0.010540
   -1   -1    5    2   -0.003687
   -1   -1    6    2    0.013057
   -1   -1    7    2   -0.009020
   -1   -1    8    2   -0.534920
   -1   -1    9    2   -0.017022
   -1   -1   10    2    0.037280
   -1   -1   11    2    0.050080
   -1   -1   12    2   -0.002227
   -1   -1   13    2    0.024957
   -1   -1   14    2    0.049725
   -1   -1   15    2    0.057842
   -1   -1   16    2    0.038288
   -1   -1   17    2    0.027447
   -1   -1   18    2   -0.018570
   -1   -1    1    3    0.025285
   -1   -1    2    3    0.001073
   -1   -1    3    3    0.137033
   -1   -1    4    3    0.026920
   -1   -1    5    3    0.009897
   -1   -1    6    3   -0.002375
   -1   -1    7    3    0.007672
   -1   -1    8    3   -0.033310
   -1   -1    9    3    0.030335
   -1   -1   10    3    0.089365
   -1   -1   11    3    0.010142
   -1   -1   12    3    0.017793
   -1   -1   13    3   -0.108777
   -1   -1   14    3   -0.019377
   -1   -1   15    3    0.072042
   -1   -1   16    3    0.060578
   -1   -1   17    3   -0.022615
   -1   -1   18    3   -0.045232
   -1   -1    1    4   -0.167355
   -1   -1    2    4    0.026255
   -1   -1    3    4    0.112395
   -1   -1    4    4   -0.053212
   -1   -1    5    4   -0.049510
   -1   -1    6    4    0.003258
   -1   -1    7    4   -0.053890
   -1   -1    8    4   -0.014220
   -1   -1    9    4   -0.125043
   -1   -1   10    4   -0.126590
   -1   -1   11    4   -0.103887
   -1   -1   12    4    0.260272
   -1   -1   13    4    0.015015
   -1   -1   14    4   -0.131170
   -1   -1   15    4    0.010930
   -1   -1   16    4   -0.093165
   -1   -1   17    4    0.066915
   -1   -1   18    4   -0.369140
   -1   -1    1    5    0.030345
   -1   -1    2    5   -0.000262
   -1   -1    3    5    0.018967
   -1   -1    4    5   -0.000793
   -1   -1    5    5    0.010692
   -1   -1    6    5    0.002102
   -1   -1    7    5    0.003660
   -1   -1    8    5   -0.098210
   -1   -1    9    5    0.002748
   -1   -1   10    5    0.037202
   -1   -1   11    5    0.012783
   -1   -1   12    5   -0.006422
   -1   -1   13    5   -0.003132
   -1   -1   14    5    0.015235
   -1   -1   15    5    0.001682
   -1   -1   16    5    0.000855
   -1   -1   17    5   -0.004077
   -1   -1   18    5   -0.005292
   -1   -1    1    6    0.627080
   -1   -1    2    6    0.048638
   -1   -1    3    6    0.068712
   -1   -1    4    6    0.091420
   -1   -1    5    6    0.011807
   -1   -1    6    6    0.202940
   -1   -1    7    6    0.051665
   -1   -1    8    6    0.019793
   -1   -1    9    6    0.024032
   -1   -1   10    6   -0.183495
   -1   -1   11    6   -0.241795
   -1   -1   12    6   -0.420815
   -1   -1   13    6   -0.368307
   -1   -1   14    6   -0.222030
   -1   -1   15    6    0.169010
   -1   -1   16    6   -0.187567
   -1   -1   17    6   -0.012305
   -1   -1   18    6    0.184947
   -1   -1    1    7   -1.534335
   -1   -1    2    7   -0.071557
   -1   -1    3    7    0.899762
   -1   -1    4    7    1.297987
   -1   -1    5    7    0.920652
   -1   -1    6    7   -0.483467
   -1   -1    7    7    0.388140
   -1   -1    8    7    0.373412
   -1   -1    9    7    0.213832
   -1   -1   10    7    3.622810
   -1   -1   11    7    0.248608
   -1   -1   12    7    0.031160
   -1   -1   13    7   -0.294557
   -1   -1   14    7    0.496000
   -1   -1   15    7    0.017755
   -1   -1   16    7   -0.501197
   -1   -1   17    7   -0.222630
   -1   -1   18    7   -0.844070
   -1   -1    1    8   -0.007718
   -1   -1    2    8   -0.001360
   -1   -1    3    8   -0.017142
   -1   -1    4    8    0.000158
   -1   -1    5    8    0.005210
   -1   -1    6    8    0.001975
   -1   -1    7    8    0.001040
   -1   -1    8    8    0.003770
   -1   -1    9    8   -0.001135
   -1   -1   10    8    0.027500
   -1   -1   11    8    0.002495
   -1   -1   12    8    0.001373
   -1   -1   13    8    0.010287
   -1   -1   14    8    0.008640
   -1   -1   15    8   -0.001567
   -1   -1   16    8   -0.009505
   -1   -1   17    8    0.003002
   -1   -1   18    8    0.004697
   -1   -1    1    9   -0.118877
   -1   -1    2    9   -0.005000
   -1   -1    3    9   -0.006697
   -1   -1    4    9    0.021532
   -1   -1    5    9   -0.115505
   -1   -1    6    9   -0.032230
   -1   -1    7    9    0.023570
   -1   -1    8    9   -0.080447
   -1   -1    9    9   -0.107663
   -1   -1   10    9   -0.112742
   -1   -1   11    9   -0.264217
   -1   -1   12    9    0.042280
   -1   -1   13    9    0.013397
   -1   -1   14    9   -0.333897
   -1   -1   15    9    0.102125
   -1   -1   16    9    0.204175
   -1   -1   17    9   -0.059565
   -1   -1   18    9   -0.003090
   -1   -1    1   10    0.030910
   -1   -1    2   10    0.005530
   -1   -1    3   10    0.043600
   -1   -1    4   10    0.006587
   -1   -1    5   10    0.017855
   -1   -1    6   10    0.092220
   -1   -1    7   10   -0.024682
   -1   -1    8   10    0.010145
   -1   -1    9   10   -0.003555
   -1   -1   10   10    0.109597
   -1   -1   11   10   -0.024243
   -1   -1   12   10   -0.058970
   -1   -1   13   10    0.150163
   -1   -1   14   10   -0.003488
   -1   -1   15   10   -0.237872
   -1   -1   16   10   -0.024715
   -1   -1   17   10   -0.011592
   -1   -1   18   10    0.013845
   -1   -1    1   11    0.041300
   -1   -1    2   11    0.002680
   -1   -1    3   11    0.039690
   -1   -1    4   11    0.005237
   -1   -1    5   11   -0.001655
   -1   -1    6   11   -0.013065
   -1   -1    7   11    0.012882
   -1   -1    8   11    0.295795
   -1   -1    9   11    0.008970
   -1   -1   10   11   -0.013392
   -1   -1   11   11   -0.010665
   -1   -1   12   11   -0.052078
   -1   -1   13   11   -0.042258
   -1   -1   14   11   -0.007445
   -1   -1   15   11    0.054242
   -1   -1   16   11   -0.002400
   -1   -1   17   11   -0.006975
   -1   -1   18   11    0.002830
   -1   -1    1   12   -0.013500
   -1   -1    2   12   -0.004712
   -1   -1    3   12   -0.032277
   -1   -1    4   12   -0.005320
   -1   -1    5   12    0.002470
   -1   -1    6   12    0.009665
   -1   -1    7   12    0.014780
   -1   -1    8   12   -0.040247
   -1   -1    9   12   -0.001490
   -1   -1   10   12    0.004262
   -1   -1   11   12    0.009073
   -1   -1   12   12    0.065227
   -1   -1   13   12   -0.020583
   -1   -1   14   12    0.008267
   -1   -1   15   12    0.716782
   -1   -1   16   12    0.000410
   -1   -1   17   12    0.001047
   -1   -1   18   12   -0.042200
   -1   -1    1   13   -0.710320
   -1   -1    2   13    0.000195
   -1   -1    3   13   -0.156175
   -1   -1    4   13   -0.029120
   -1   -1    5   13    0.037795
   -1   -1    6   13    0.059518
   -1   -1    7   13   -0.071193
   -1   -1    8   13   -0.287442
   -1   -1    9   13   -0.055830
   -1   -1   10   13    0.029132
   -1   -1   11   13   -0.040377
   -1   -1   12   13    0.345527
   -1   -1   13   13    0.186018
   -1   -1   14   13    0.012630
   -1   -1   15   13   -0.178605
   -1   -1   16   13   -0.110422
   -1   -1   17   13   -0.000562
   -1   -1   18   13   -0.165587
   -1   -1    1   14   -0.010045
   -1   -1    2   14   -0.002150
   -1   -1    3   14   -0.033618
   -1   -1    4   14   -0.010952
   -1   -1    5   14   -0.001172
   -1   -1    6   14    0.004517
   -1   -1    7   14   -0.000950
   -1   -1    8   14   -0.052773
   -1   -1    9   14   -0.002940
   -1   -1   10   14   -0.000458
   -1   -1   11   14   -0.010725
   -1   -1   12   14    0.018770
   -1   -1   13   14    0.031097
   -1   -1   14   14   -0.006530
   -1   -1   15   14   -0.008467
   -1   -1   16   14    0.009990
   -1   -1   17   14    0.001625
   -1   -1   18   14    0.007655
   -1   -1    1   15    0.116830
   -1   -1    2   15    0.002170
   -1   -1    3   15    0.024807
   -1   -1    4   15   -0.020192
   -1   -1    5   15   -0.018600
   -1   -1    6   15    0.031355
   -1   -1    7   15    0.002518
   -1   -1    8   15    0.008630
   -1   -1    9   15   -0.018717
   -1   -1   10   15   -0.019017
   -1   -1   11   15   -0.011060
   -1   -1   12   15    0.082263
   -1   -1   13   15    0.024858
   -1   -1   14   15    0.027880
   -1   -1   15   15   -0.000990
   -1   -1   16   15    0.103915
   -1   -1   17   15    0.002990
   -1   -1   18   15    0.049387
   -1   -1    1   16    0.108578
   -1   -1    2   16    0.015900
   -1   -1    3   16    0.077312
   -1   -1    4   16    0.049390
   -1   -1    5   16    0.025235
   -1   -1    6   16   -0.035047
   -1   -1    7   16   -0.019160
   -1   -1    8   16    0.135793
   -1   -1    9   16    0.097215
   -1   -1   10   16    0.054620
   -1   -1   11   16   -0.005480
   -1   -1   12   16    0.050835
   -1   -1   13   16   -0.053160
   -1   -1   14   16   -0.055000
   -1   -1   15   16    0.208367
   -1   -1   16   16   -0.214207
   -1   -1   17   16   -0.069530
   -1   -1   18   16   -0.157977
   -1   -1    1   17    0.238022
   -1   -1    2   17   -0.012135
   -1   -1    3   17   -0.031758
   -1   -1    4   17    0.022642
   -1   -1    5   17   -0.007252
   -1   -1    6   17    0.001892
   -1   -1    7   17    0.027377
   -1   -1    8   17   -0.006685
   -1   -1    9   17   -0.000685
   -1   -1   10   17   -0.048415
   -1   -1   11   17    0.046017
   -1   -1   12   17   -0.321773
   -1   -1   13   17    0.000665
   -1   -1   14   17   -0.022357
   -1   -1   15   17    0.007825
   -1   -1   16   17   -0.001043
   -1   -1   17   17    0.020715
   -1   -1   18   17    0.070715
   -1   -1    1   18   -0.392930
   -1   -1    2   18    0.009598
   -1   -1    3   18   -0.132392
   -1   -1    4   18   -0.064095
   -1   -1    5   18    0.008515
   -1   -1    6   18    0.067810
   -1   -1    7   18   -0.193292
   -1   -1    8   18   -0.123162
   -1   -1    9   18   -0.164918
   -1   -1   10   18   -0.007220
   -1   -1   11   18   -0.126637
   -1   -1   12   18   -0.181410
   -1   -1   13   18    0.299255
   -1   -1   14   18   -0.089615
   -1   -1   15   18   -0.204547
   -1   -1   16   18   -0.161603
   -1   -1   17   18   -0.040770
   -1   -1   18   18    0.161250
    0   -1    1    1    0.114947
    0   -1    2    1    0.016238
    0   -1    3    1    0.078095
    0   -1    4    1    0.003285
    0   -1    5    1   -0.001513
    0   -1    6    1    0.008030
    0   -1    7    1   -0.002305
    0   -1    8    1    0.953130
    0   -1    9    1    0.010305
    0   -1   10    1    0.068808
    0   -1   11    1    0.013052
    0   -1   12    1    0.764665
    0   -1   13    1    0.147987
    0   -1   14    1   -0.025475
    0   -1   15    1   -0.224048
    0   -1   16    1    0.018398
    0   -1   17    1   -0.009678
    0   -1   18    1   -0.023770
    0   -1    1    2    0.007477
    0   -1    2    2    0.029685
    0   -1    3    2    0.007797
    0   -1    4    2    0.007108
    0   -1    5    2   -0.004522
    0   -1    6    2   -0.010448
    0   -1    7    2    0.003835
    0   -1    8    2    0.057565
    0   -1    9    2   -0.001392
    0   -1   10    2    0.014375
    0   -1   11    2   -0.024915
    0   -1   12    2   -0.222325
    0   -1   13    2   -0.117540
    0   -1   14    2   -0.005132
    0   -1   15    2   -0.112473
    0   -1   16    2    0.020743
    0   -1   17    2    0.011500
    0   -1   18    2   -0.006957
    0   -1    1    3    0.733332
    0   -1    2    3    0.017585
    0   -1    3    3    0.098840
    0   -1    4    3    0.086625
    0   -1    5    3    0.021185
    0   -1    6    3   -0.093608
    0   -1    7    3    0.043152
    0   -1    8    3    0.774810
    0   -1    9    3    0.044207
    0   -1   10    3    0.125267
    0   -1   11    3    0.059102
    0   -1   12    3    0.767572
    0   -1   13    3   -0.123093
    0   -1   14    3   -0.009132
    0   -1   15    3   -0.615660
    0   -1   16    3    0.073245
    0   -1   17    3   -0.009280
    0   -1   18    3    0.792845
    0   -1    1    4   -0.125577
    0   -1    2    4   -0.164497
    0   -1    3    4   -0.031830
    0   -1    4    4    0.004482
    0   -1    5    4    0.129007
    0   -1    6    4   -0.006138
    0   -1    7    4    0.026772
    0   -1    8    4    0.004287
    0   -1    9    4    0.112012
    0   -1   10    4    0.026042
    0   -1   11    4   -0.229345
    0   -1   12    4   -0.474130
    0   -1   13    4    0.035140
    0   -1   14    4   -0.054232
    0   -1   15    4   -0.561847
    0   -1   16    4   -0.371023
    0   -1   17    4    0.022188
    0   -1   18    4    0.304355
    0   -1    1    5    0.006415
    0   -1    2    5   -0.018382
    0   -1    3    5   -0.002010
    0   -1    4    5   -0.014318
    0   -1    5    5   -0.006627
    0   -1    6    5   -0.037635
    0   -1    7    5    0.010170
    0   -1    8    5    0.796368
    0   -1    9    5    0.000408
    0   -1   10    5    0.026742
    0   -1   11    5   -0.016430
    0   -1   12    5    0.104722
    0   -1   13    5    0.066005
    0   -1   14    5   -0.007080
    0   -1   15    5    0.200357
    0   -1   16    5    0.014715
    0   -1   17    5   -0.014627
    0   -1   18    5    0.011465
    0   -1    1    6   -0.012050
    0   -1    2    6   -0.081710
    0   -1    3    6    0.010225
    0   -1    4    6   -0.039530
    0   -1    5    6    0.008833
    0   -1    6    6   -0.081685
    0   -1    7    6    0.009088
    0   -1    8    6    0.002185
    0   -1    9    6   -0.005598
    0   -1   10    6    0.116187
    0   -1   11    6    0.078550
    0   -1   12    6    0.725842
    0   -1   13    6    0.133767
    0   -1   14    6   -0.000517
    0   -1   15    6    0.236017
    0   -1   16    6   -0.064110
    0   -1   17    6   -0.060085
    0   -1   18    6   -0.035540
    0   -1    1    7   -0.104370
    0   -1    2    7    0.122188
    0   -1    3    7   -0.077582
    0   -1    4    7    0.320382
    0   -1    5    7    0.020640
    0   -1    6    7    0.003065
    0   -1    7    7    0.125867
    0   -1    8    7    0.150967
    0   -1    9    7    0.030478
    0   -1   10    7   -0.331485
    0   -1   11    7    0.003253
    0   -1   12    7    0.496935
    0   -1   13    7   -1.585307
    0   -1   14    7   -0.018503
    0   -1   15    7    0.528072
    0   -1   16    7    0.002290
    0   -1   17    7   -0.236823
    0   -1   18    7    0.630310
    0   -1    1    8    0.011790
    0   -1    2    8    0.066482
    0   -1    3    8   -0.007095
    0   -1    4    8   -0.022058
    0   -1    5    8   -0.020780
    0   -1    6    8   -0.073337
    0   -1    7    8    0.000880
    0   -1    8    8    0.000825
    0   -1    9    8    0.020887
    0   -1   10    8   -0.027685
    0   -1   11    8   -0.574685
    0   -1   12    8    0.044172
    0   -1   13    8   -0.053813
    0   -1   14    8   -0.011245
    0   -1   15    8    0.005475
    0   -1   16    8   -0.018422
    0   -1   17    8   -0.009375
    0   -1   18    8    0.045432
    0   -1    1    9    0.290347
    0   -1    2    9    0.459597
    0   -1    3    9    0.046332
    0   -1    4    9    0.195748
    0   -1    5    9   -0.004685
    0   -1    6    9   -0.006498
    0   -1    7    9    0.018390
    0   -1    8    9    0.017230
    0   -1    9    9    0.087568
    0   -1   10    9   -0.065770
    0   -1   11    9   -0.290237
    0   -1   12    9   -0.044042
    0   -1   13    9   -0.501605
    0   -1   14    9    0.056508
    0   -1   15    9   -3.035623
    0   -1   16    9    0.028413
    0   -1   17    9    0.170350
    0   -1   18    9    0.076815
    0   -1    1   10    0.019365
    0   -1    2   10    0.002345
    0   -1    3   10    0.027268
    0   -1    4   10   -0.010155
    0   -1    5   10    0.016392
    0   -1    6   10    0.017292
    0   -1    7   10   -0.031785
    0   -1    8   10    0.004550
    0   -1    9   10   -0.017865
    0   -1   10   10    0.056378
    0   -1   11   10   -0.000250
    0   -1   12   10    0.601897
    0   -1   13   10   -0.021907
    0   -1   14   10   -0.007747
    0   -1   15   10   -0.127315
    0   -1   16   10    0.012757
    0   -1   17   10   -0.011370
    0   -1   18   10    0.090537
    0   -1    1   11   -0.015290
    0   -1    2   11   -0.014037
    0   -1    3   11    0.012615
    0   -1    4   11   -0.009077
    0   -1    5   11   -0.001643
    0   -1    6   11   -0.001430
    0   -1    7   11    0.010827
    0   -1    8   11    0.058672
    0   -1    9   11    0.000067
    0   -1   10   11    0.003508
    0   -1   11   11    0.012453
    0   -1   12   11   -0.013012
    0   -1   13   11    0.013180
    0   -1   14   11   -0.005950
    0   -1   15   11    0.060527
    0   -1   16   11    0.009970
    0   -1   17   11   -0.011955
    0   -1   18   11   -0.030735
    0   -1    1   12   -0.005302
    0   -1    2   12    0.000558
    0   -1    3   12   -0.016577
    0   -1    4   12   -0.001692
    0   -1    5   12   -0.000250
    0   -1    6   12   -0.009625
    0   -1    7   12    0.005610
    0   -1    8   12   -0.034552
    0   -1    9   12   -0.012148
    0   -1   10   12    0.000652
    0   -1   11   12   -0.002757
    0   -1   12   12    0.045215
    0   -1   13   12    0.069475
    0   -1   14   12    0.005205
    0   -1   15   12    0.027527
    0   -1   16   12   -0.003587
    0   -1   17   12    0.001352
    0   -1   18   12    0.004400
    0   -1    1   13   -0.125402
    0   -1    2   13    0.006258
    0   -1    3   13   -0.100710
    0   -1    4   13   -0.016332
    0   -1    5   13    0.003762
    0   -1    6   13   -0.043442
    0   -1    7   13   -0.051945
    0   -1    8   13   -0.020805
    0   -1    9   13   -0.026190
    0   -1   10   13    0.020080
    0   -1   11   13   -0.033862
    0   -1   12   13   -0.741130
    0   -1   13   13    0.116098
    0   -1   14   13    0.025075
    0   -1   15   13    0.067765
    0   -1   16   13   -0.036950
    0   -1   17   13   -0.018597
    0   -1   18   13    0.145283
    0   -1    1   14    0.006482
    0   -1    2   14   -0.003572
    0   -1    3   14   -0.022808
    0   -1    4   14   -0.002548
    0   -1    5   14   -0.000853
    0   -1    6   14    0.005018
    0   -1    7   14    0.004132
    0   -1    8   14   -0.919048
    0   -1    9   14   -0.000485
    0   -1   10   14   -0.017365
    0   -1   11   14   -0.006897
    0   -1   12   14   -0.019100
    0   -1   13   14    0.064542
    0   -1   14   14    0.004732
    0   -1   15   14    0.003333
    0   -1   16   14   -0.003275
    0   -1   17   14   -0.003020
    0   -1   18   14    0.020730
    0   -1    1   15    0.006362
    0   -1    2   15    0.004155
    0   -1    3   15    0.018915
    0   -1    4   15   -0.011180
    0   -1    5   15   -0.007985
    0   -1    6   15    0.050080
    0   -1    7   15    0.001100
    0   -1    8   15    0.003242
    0   -1    9   15   -0.008482
    0   -1   10   15   -0.018623
    0   -1   11   15    0.010630
    0   -1   12   15   -0.172272
    0   -1   13   15    0.047575
    0   -1   14   15   -0.015002
    0   -1   15   15   -0.100668
    0   -1   16   15    0.032043
    0   -1   17   15    0.004425
    0   -1   18   15    0.003580
    0   -1    1   16    0.103395
    0   -1    2   16    0.024117
    0   -1    3   16    0.017740
    0   -1    4   16    0.038612
    0   -1    5   16    0.016330
    0   -1    6   16    0.088655
    0   -1    7   16   -0.024962
    0   -1    8   16   -0.056078
    0   -1    9   16    0.013207
    0   -1   10   16   -0.140225
    0   -1   11   16   -0.022145
    0   -1   12   16    0.554180
    0   -1   13   16    0.093600
    0   -1   14   16    0.018875
    0   -1   15   16    0.321955
    0   -1   16   16   -0.121825
    0   -1   17   16    0.048243
    0   -1   18   16    0.011843
    0   -1    1   17    0.003885
    0   -1    2   17   -0.006417
    0   -1    3   17    0.007627
    0   -1    4   17   -0.003615
    0   -1    5   17   -0.001237
    0   -1    6   17    0.013262
    0   -1    7   17    0.019495
    0   -1    8   17    1.269200
    0   -1    9   17    0.012375
    0   -1   10   17   -0.000883
    0   -1   11   17   -0.044775
    0   -1   12   17    0.379428
    0   -1   13   17   -0.017427
    0   -1   14   17   -0.004385
    0   -1   15   17    0.182217
    0   -1   16   17   -0.018545
    0   -1   17   17   -0.001580
    0   -1   18   17   -0.055433
    0   -1    1   18    0.060120
    0   -1    2   18   -0.024297
    0   -1    3   18   -0.067465
    0   -1    4   18    0.004865
    0   -1    5   18   -0.008355
    0   -1    6   18    0.161328
    0   -1    7   18   -0.189992
    0   -1    8   18    0.168475
    0   -1    9   18   -0.031577
    0   -1   10   18    0.010398
    0   -1   11   18    0.000122
    0   -1   12   18    1.477788
    0   -1   13   18    0.284928
    0   -1   14   18    0.013690
    0   -1   15   18   -0.120760
    0   -1   16   18   -0.088342
    0   -1   17   18   -0.023008
    0   -1   18   18    0.488373
    1   -1    1    1    0.043865
    1   -1    2    1    0.005595
    1   -1    3    1    0.057732
    1   -1    4    1    0.007080
    1   -1    5    1    0.000202
    1   -1    6    1   -0.011345
    1   -1    7    1    0.009712
    1   -1    8    1   -0.011345
    1   -1    9    1    0.010000
    1   -1   10    1    0.022218
    1   -1   11    1    0.008890
    1   -1   12    1    0.150750
    1   -1   13    1   -0.066392
    1   -1   14    1   -0.010287
    1   -1   15    1   -0.029695
    1   -1   16    1    0.006325
    1   -1   17    1    0.000617
    1   -1   18    1   -0.039897
    1   -1    1    2    0.002470
    1   -1    2    2    0.000745
    1   -1    3    2    0.007420
    1   -1    4    2    0.002182
    1   -1    5    2   -0.000847
    1   -1    6    2   -0.001755
    1   -1    7    2    0.000698
    1   -1    8    2   -0.000587
    1   -1    9    2    0.001665
    1   -1   10    2    0.007730
    1   -1   11    2    0.001398
    1   -1   12    2   -0.026767
    1   -1   13    2   -0.008148
    1   -1   14    2   -0.000857
    1   -1   15    2   -0.004355
    1   -1   16    2    0.002863
    1   -1   17    2    0.004195
    1   -1   18    2   -0.002912
    1   -1    1    3    0.064097
    1   -1    2    3    0.010337
    1   -1    3    3    0.094473
    1   -1    4    3    0.002220
    1   -1    5    3    0.001155
    1   -1    6    3   -0.011250
    1   -1    7    3   -0.001072
    1   -1    8    3   -0.036410
    1   -1    9    3    0.040075
    1   -1   10    3    0.054930
    1   -1   11    3    0.013950
    1   -1   12    3    0.108283
    1   -1   13    3   -0.172942
    1   -1   14    3   -0.013320
    1   -1   15    3   -0.008075
    1   -1   16    3    0.023303
    1   -1   17    3   -0.032575
    1   -1   18    3   -0.109642
    1   -1    1    4    0.003990
    1   -1    2    4    0.002062
    1   -1    3    4    0.017645
    1   -1    4    4    0.005550
    1   -1    5    4   -0.003077
    1   -1    6    4    0.013635
    1   -1    7    4    0.059642
    1   -1    8    4    0.001010
    1   -1    9    4    0.058307
    1   -1   10    4   -0.856103
    1   -1   11    4    0.013017
    1   -1   12    4   -0.673212
    1   -1   13    4    0.097752
    1   -1   14    4   -0.008877
    1   -1   15    4   -0.013790
    1   -1   16    4    0.046300
    1   -1   17    4   -0.000618
    1   -1   18    4   -0.117372
    1   -1    1    5   -0.002690
    1   -1    2    5   -0.002093
    1   -1    3    5   -0.002527
    1   -1    4    5   -0.003147
    1   -1    5    5    0.000185
    1   -1    6    5    0.002367
    1   -1    7    5    0.006532
    1   -1    8    5    0.002075
    1   -1    9    5    0.000227
    1   -1   10    5   -0.003428
    1   -1   11    5    0.001427
    1   -1   12    5    0.029312
    1   -1   13    5    0.008577
    1   -1   14    5    0.000350
    1   -1   15    5    0.007805
    1   -1   16    5    0.001825
    1   -1   17    5   -0.006180
    1   -1   18    5   -0.009245
    1   -1    1    6   -0.002027
    1   -1    2    6   -0.001677
    1   -1    3    6   -0.001470
    1   -1    4    6   -0.006092
    1   -1    5    6   -0.000380
    1   -1    6    6   -0.001320
    1   -1    7    6   -0.002155
    1   -1    8    6    0.000617
    1   -1    9    6   -0.000625
    1   -1   10    6    0.005112
    1   -1   11    6   -0.001205
    1   -1   12    6    0.065155
    1   -1   13    6    0.002585
    1   -1   14    6   -0.001147
    1   -1   15    6   -0.001648
    1   -1   16    6    0.006480
    1   -1   17    6   -0.013678
    1   -1   18    6    0.011247
    1   -1    1    7    0.003520
    1   -1    2    7    0.001517
    1   -1    3    7   -0.004513
    1   -1    4    7    0.010103
    1   -1    5    7    0.005762
    1   -1    6    7    0.012302
    1   -1    7    7    0.072195
    1   -1    8    7    0.000077
    1   -1    9    7    0.018947
    1   -1   10    7   -0.063692
    1   -1   11    7    0.009777
    1   -1   12    7    0.004005
    1   -1   13    7   -0.040400
    1   -1   14    7    0.002640
    1   -1   15    7   -0.017372
    1   -1   16    7    0.002540
    1   -1   17    7    0.050085
    1   -1   18    7   -0.144300
    1   -1    1    8   -0.015848
    1   -1    2    8   -0.009085
    1   -1    3    8   -0.010012
    1   -1    4    8   -0.005795
    1   -1    5    8    0.000692
    1   -1    6    8   -0.001175
    1   -1    7    8   -0.001128
    1   -1    8    8    0.001320
    1   -1    9    8   -0.002400
    1   -1   10    8    0.001740
    1   -1   11    8    0.002992
    1   -1   12    8   -0.038240
    1   -1   13    8    0.034667
    1   -1   14    8    0.001380
    1   -1   15    8    0.025923
    1   -1   16    8   -0.004237
    1   -1   17    8   -0.008060
    1   -1   18    8    0.004268
    1   -1    1    9    0.020205
    1   -1    2    9    0.008273
    1   -1    3    9    0.016297
    1   -1    4    9    0.021555
    1   -1    5    9    0.001347
    1   -1    6    9    0.000710
    1   -1    7    9    0.015817
    1   -1    8    9    0.000870
    1   -1    9    9    0.015397
    1   -1   10    9   -0.017437
    1   -1   11    9    0.008627
    1   -1   12    9   -0.069465
    1   -1   13    9   -0.063375
    1   -1   14    9   -0.000878
    1   -1   15    9    0.017065
    1   -1   16    9   -0.011175
    1   -1   17    9    0.051067
    1   -1   18    9   -0.061420
    1   -1    1   10    0.008162
    1   -1    2   10    0.001137
    1   -1    3   10    0.022743
    1   -1    4   10   -0.009367
    1   -1    5   10    0.000590
    1   -1    6   10   -0.000992
    1   -1    7   10   -0.013277
    1   -1    8   10   -0.003805
    1   -1    9   10   -0.001710
    1   -1   10   10    0.025452
    1   -1   11   10    0.002670
    1   -1   12   10   -0.149950
    1   -1   13   10   -0.008058
    1   -1   14   10   -0.004877
    1   -1   15   10    0.006075
    1   -1   16   10    0.004462
    1   -1   17   10   -0.032350
    1   -1   18   10    0.014858
    1   -1    1   11    0.004147
    1   -1    2   11    0.000085
    1   -1    3   11    0.009675
    1   -1    4   11    0.000720
    1   -1    5   11   -0.000233
    1   -1    6   11    0.001590
    1   -1    7   11    0.007482
    1   -1    8   11   -0.001090
    1   -1    9   11    0.003660
    1   -1   10   11    0.000965
    1   -1   11   11    0.001962
    1   -1   12   11   -0.021385
    1   -1   13   11   -0.015210
    1   -1   14   11   -0.001860
    1   -1   15   11   -0.003285
    1   -1   16   11    0.006207
    1   -1   17   11   -0.001970
    1   -1   18   11   -0.020725
    1   -1    1   12   -0.007192
    1   -1    2   12   -0.000890
    1   -1    3   12   -0.013538
    1   -1    4   12    0.000317
    1   -1    5   12   -0.000275
    1   -1    6   12    0.002070
    1   -1    7   12    0.001567
    1   -1    8   12    0.001970
    1   -1    9   12   -0.003902
    1   -1   10   12   -0.004672
    1   -1   11   12   -0.001510
    1   -1   12   12    0.003882
    1   -1   13   12    0.022522
    1   -1   14   12    0.002620
    1   -1   15   12   -0.005298
    1   -1   16   12    0.000350
    1   -1   17   12    0.002415
    1   -1   18   12    0.008707
    1   -1    1   13   -0.073537
    1   -1    2   13   -0.006437
    1   -1    3   13   -0.103510
    1   -1    4   13   -0.016920
    1   -1    5   13    0.001192
    1   -1    6   13   -0.012993
    1   -1    7   13   -0.032127
    1   -1    8   13    0.011853
    1   -1    9   13   -0.022955
    1   -1   10   13   -0.027292
    1   -1   11   13   -0.015713
    1   -1   12   13   -0.010737
    1   -1   13   13    0.131610
    1   -1   14   13    0.019415
    1   -1   15   13    0.006560
    1   -1   16   13   -0.023207
    1   -1   17   13   -0.002955
    1   -1   18   13    0.133680
    1   -1    1   14   -0.012350
    1   -1    2   14   -0.002790
    1   -1    3   14   -0.016772
    1   -1    4   14   -0.001945
    1   -1    5   14    0.000907
    1   -1    6   14    0.003250
    1   -1    7   14    0.001432
    1   -1    8   14    0.004377
    1   -1    9   14   -0.001895
    1   -1   10   14   -0.006423
    1   -1   11   14   -0.001505
    1   -1   12   14    0.027120
    1   -1   13   14    0.028867
    1   -1   14   14    0.003723
    1   -1   15   14    0.018955
    1   -1   16   14   -0.007015
    1   -1   17   14   -0.000160
    1   -1   18   14    0.006812
    1   -1    1   15    0.009843
    1   -1    2   15    0.000695
    1   -1    3   15    0.016085
    1   -1    4   15    0.000907
    1   -1    5   15   -0.000212
    1   -1    6   15    0.009515
    1   -1    7   15   -0.006030
    1   -1    8   15   -0.000875
    1   -1    9   15   -0.001645
    1   -1   10   15    0.007512
    1   -1   11   15    0.003207
    1   -1   12   15   -0.022325
    1   -1   13   15   -0.013753
    1   -1   14   15   -0.003560
    1   -1   15   15   -0.012720
    1   -1   16   15   -0.004457
    1   -1   17   15    0.003070
    1   -1   18   15    0.000320
    1   -1    1   16    0.024738
    1   -1    2   16   -0.000405
    1   -1    3   16    0.009620
    1   -1    4   16    0.006762
    1   -1    5   16    0.002747
    1   -1    6   16   -0.000667
    1   -1    7   16    0.017005
    1   -1    8   16   -0.000857
    1   -1    9   16    0.012235
    1   -1   10   16    0.024422
    1   -1   11   16   -0.000805
    1   -1   12   16    0.124702
    1   -1   13   16   -0.080970
    1   -1   14   16   -0.000122
    1   -1   15   16    0.033765
    1   -1   16   16   -0.000420
    1   -1   17   16    0.004988
    1   -1   18   16   -0.054160
    1   -1    1   17   -0.000830
    1   -1    2   17   -0.002702
    1   -1    3   17   -0.008578
    1   -1    4   17    0.000865
    1   -1    5   17    0.002192
    1   -1    6   17    0.000937
    1   -1    7   17    0.021080
    1   -1    8   17    0.017735
    1   -1    9   17    0.000042
    1   -1   10   17   -0.012740
    1   -1   11   17    0.002445
    1   -1   12   17    0.014352
    1   -1   13   17   -0.002860
    1   -1   14   17   -0.000900
    1   -1   15   17    0.004377
    1   -1   16   17   -0.001465
    1   -1   17   17    0.004830
    1   -1   18   17   -0.038740
    1   -1    1   18   -0.036135
    1   -1    2   18    0.001337
    1   -1    3   18   -0.054433
    1   -1    4   18   -0.028635
    1   -1    5   18   -0.006220
    1   -1    6   18   -0.000225
    1   -1    7   18   -0.144092
    1   -1    8   18    0.007530
    1   -1    9   18   -0.056150
    1   -1   10   18    0.011490
    1   -1   11   18   -0.021240
    1   -1   12   18    0.033770
    1   -1   13   18    0.132072
    1   -1   14   18    0.004490
    1   -1   15   18   -0.011675
    1   -1   16   18   -0.057475
    1   -1   17   18   -0.031235
    1   -1   18   18    0.349760
   -1    0    1    1   -0.003145
   -1    0    2    1   -0.007285
   -1    0    3    1    0.456952
   -1    0    4    1    0.118085
   -1    0    5    1    0.005495
   -1    0    6    1   -0.023228
   -1    0    7    1    0.003357
   -1    0    8    1   -0.014245
   -1    0    9    1   -0.057825
   -1    0   10    1   -0.091930
   -1    0   11    1   -0.010437
   -1    0   12    1   -0.011558
   -1    0   13    1   -0.097333
   -1    0   14    1    0.004018
   -1    0   15    1   -0.023625
   -1    0   16    1    0.088437
   -1    0   17    1   -0.015518
   -1    0   18    1   -0.101737
   -1    0    1    2    0.078302
   -1    0    2    2   -0.014652
   -1    0    3    2   -0.375637
   -1    0    4    2    0.008250
   -1    0    5    2   -0.011022
   -1    0    6    2    0.040488
   -1    0    7    2    0.010348
   -1    0    8    2    0.895885
   -1    0    9    2   -0.062897
   -1    0   10    2    0.139623
   -1    0   11    2   -0.026793
   -1    0   12    2   -0.005977
   -1    0   13    2   -0.011978
   -1    0   14    2    0.165005
   -1    0   15    2   -0.008467
   -1    0   16    2    0.022933
   -1    0   17    2   -1.983532
   -1    0   18    2    0.042892
   -1    0    1    3    0.093393
   -1    0    2    3    0.009147
   -1    0    3    3    0.150553
   -1    0    4    3    0.029412
   -1    0    5    3   -0.010730
   -1    0    6    3   -0.008397
   -1    0    7    3    0.000357
   -1    0    8    3   -0.017887
   -1    0    9    3    0.017872
   -1    0   10    3   -0.019955
   -1    0   11    3    0.006910
   -1    0   12    3   -0.025910
   -1    0   13    3   -0.086083
   -1    0   14    3   -0.021320
   -1    0   15    3    0.007995
   -1    0   16    3    0.031495
   -1    0   17    3   -0.008135
   -1    0   18    3   -0.071010
   -1    0    1    4   -0.028070
   -1    0    2    4   -0.050875
   -1    0    3    4   -0.014087
   -1    0    4    4    0.011755
   -1    0    5    4    0.131110
   -1    0    6    4    0.040400
   -1    0    7    4   -0.029638
   -1    0    8    4   -0.057910
   -1    0    9    4   -0.061755
   -1    0   10    4   -0.197398
   -1    0   11    4   -0.033525
   -1    0   12    4    0.002257
   -1    0   13    4   -0.076512
   -1    0   14    4    0.002317
   -1    0   15    4   -0.014013
   -1    0   16    4    0.210627
   -1    0   17    4    0.024920
   -1    0   18    4    0.024798
   -1    0    1    5    0.012295
   -1    0    2    5    0.000990
   -1    0    3    5   -0.070530
   -1    0    4    5    0.018405
   -1    0    5    5    0.010135
   -1    0    6    5   -0.008280
   -1    0    7    5    0.011430
   -1    0    8    5    0.063113
   -1    0    9    5    0.000813
   -1    0   10    5    0.015582
   -1    0   11    5   -0.002702
   -1    0   12    5    0.005233
   -1    0   13    5   -0.001000
   -1    0   14    5    0.020425
   -1    0   15    5    0.009222
   -1    0   16    5   -0.014353
   -1    0   17    5    0.050260
   -1    0   18    5   -0.005217
   -1    0    1    6    0.368945
   -1    0    2    6   -0.089965
   -1    0    3    6   -0.323600
   -1    0    4    6   -0.123875
   -1    0    5    6    0.124030
   -1    0    6    6   -0.008425
   -1    0    7    6    0.010350
   -1    0    8    6    0.153737
   -1    0    9    6    0.011420
   -1    0   10    6    0.535217
   -1    0   11    6    0.033458
   -1    0   12    6   -0.036122
   -1    0   13    6   -0.094197
   -1    0   14    6   -0.146822
   -1    0   15    6    0.073287
   -1    0   16    6    0.358795
   -1    0   17    6   -0.024897
   -1    0   18    6   -0.132678
   -1    0    1    7    0.029475
   -1    0    2    7   -0.028623
   -1    0    3    7    1.803395
   -1    0    4    7   -0.079490
   -1    0    5    7   -0.039065
   -1    0    6    7    0.011310
   -1    0    7    7    0.071997
   -1    0    8    7    0.007080
   -1    0    9    7    0.133793
   -1    0   10    7    0.099375
   -1    0   11    7    0.010957
   -1    0   12    7    0.003338
   -1    0   13    7   -0.024713
   -1    0   14    7   -0.005622
   -1    0   15    7   -0.005330
   -1    0   16    7    0.108518
   -1    0   17    7   -0.612080
   -1    0   18    7   -0.227405
   -1    0    1    8   -0.011890
   -1    0    2    8   -0.001262
   -1    0    3    8    0.071890
   -1    0    4    8    0.000532
   -1    0    5    8    0.001455
   -1    0    6    8   -0.000208
   -1    0    7    8   -0.003165
   -1    0    8    8    0.008148
   -1    0    9    8    0.001897
   -1    0   10    8   -0.013497
   -1    0   11    8    0.000422
   -1    0   12    8    0.005200
   -1    0   13    8    0.011815
   -1    0   14    8   -0.003940
   -1    0   15    8   -0.004747
   -1    0   16    8    0.000467
   -1    0   17    8   -0.020075
   -1    0   18    8    0.000945
   -1    0    1    9    0.079347
   -1    0    2    9    0.009137
   -1    0    3    9   -0.209242
   -1    0    4    9   -0.036623
   -1    0    5    9   -0.004782
   -1    0    6    9   -0.018077
   -1    0    7    9    0.061840
   -1    0    8    9   -0.306055
   -1    0    9    9    0.206587
   -1    0   10    9   -0.077790
   -1    0   11    9    0.008242
   -1    0   12    9   -0.025355
   -1    0   13    9   -0.050767
   -1    0   14    9   -0.019310
   -1    0   15    9    0.018030
   -1    0   16    9    0.088325
   -1    0   17    9   -0.068125
   -1    0   18    9   -0.062867
   -1    0    1   10    0.103160
   -1    0    2   10    0.037705
   -1    0    3   10    0.053575
   -1    0    4   10   -0.336405
   -1    0    5   10    0.034045
   -1    0    6   10   -0.020708
   -1    0    7   10   -0.160865
   -1    0    8   10    0.025478
   -1    0    9   10   -0.742540
   -1    0   10   10   -0.421750
   -1    0   11   10   -0.037350
   -1    0   12   10    0.361415
   -1    0   13   10    0.108033
   -1    0   14   10    0.151148
   -1    0   15   10    0.019605
   -1    0   16   10   -0.268127
   -1    0   17   10   -0.112232
   -1    0   18   10    0.192650
   -1    0    1   11    0.071765
   -1    0    2   11   -0.002400
   -1    0    3   11    0.130855
   -1    0    4   11   -0.001748
   -1    0    5   11    0.023857
   -1    0    6   11   -0.000407
   -1    0    7   11   -0.002135
   -1    0    8   11   -0.258537
   -1    0    9   11    0.021115
   -1    0   10   11   -0.062980
   -1    0   11   11    0.002253
   -1    0   12   11   -0.009850
   -1    0   13   11   -0.023555
   -1    0   14   11    0.084350
   -1    0   15   11    0.011010
   -1    0   16   11   -0.000580
   -1    0   17   11   -0.928275
   -1    0   18   11   -0.022682
   -1    0    1   12   -0.622422
   -1    0    2   12   -0.011180
   -1    0    3   12   -0.507485
   -1    0    4   12    0.063725
   -1    0    5   12    0.112792
   -1    0    6   12   -0.018372
   -1    0    7   12    0.317347
   -1    0    8   12   -0.002850
   -1    0    9   12   -1.866075
   -1    0   10   12   -0.006312
   -1    0   11   12   -0.072117
   -1    0   12   12    0.251582
   -1    0   13   12    0.089142
   -1    0   14   12    0.030062
   -1    0   15   12   -0.041840
   -1    0   16   12    0.471860
   -1    0   17   12    0.692825
   -1    0   18   12   -0.214997
   -1    0    1   13    0.703145
   -1    0    2   13    0.201558
   -1    0    3   13   -0.510182
   -1    0    4   13    0.015345
   -1    0    5   13   -0.518812
   -1    0    6   13   -0.035347
   -1    0    7   13    0.137625
   -1    0    8   13    0.162940
   -1    0    9   13    0.466933
   -1    0   10   13   -1.958645
   -1    0   11   13   -0.031502
   -1    0   12   13   -0.040810
   -1    0   13   13    0.239672
   -1    0   14   13   -0.057298
   -1    0   15   13    0.015402
   -1    0   16   13   -0.957325
   -1    0   17   13    2.069452
   -1    0   18   13    0.249415
   -1    0    1   14   -0.044567
   -1    0    2   14   -0.001155
   -1    0    3   14   -0.100292
   -1    0    4   14    0.010383
   -1    0    5   14   -0.002092
   -1    0    6   14   -0.002002
   -1    0    7   14    0.007645
   -1    0    8   14    0.058940
   -1    0    9   14   -0.009938
   -1    0   10   14   -0.050028
   -1    0   11   14   -0.004405
   -1    0   12   14    0.007497
   -1    0   13   14    0.008962
   -1    0   14   14    0.012105
   -1    0   15   14    0.002318
   -1    0   16   14   -0.005723
   -1    0   17   14    0.050940
   -1    0   18   14    0.022290
   -1    0    1   15   -0.056260
   -1    0    2   15   -0.078367
   -1    0    3   15   -0.141220
   -1    0    4   15    0.089583
   -1    0    5   15   -0.233130
   -1    0    6   15   -0.006170
   -1    0    7   15   -0.042177
   -1    0    8   15   -0.030983
   -1    0    9   15   -0.203457
   -1    0   10   15    0.183705
   -1    0   11   15    0.008525
   -1    0   12   15   -0.019325
   -1    0   13   15   -0.080488
   -1    0   14   15   -0.414020
   -1    0   15   15    0.019175
   -1    0   16   15    0.275010
   -1    0   17   15   -0.004908
   -1    0   18   15   -0.102087
   -1    0    1   16    0.126040
   -1    0    2   16    0.001812
   -1    0    3   16   -0.505717
   -1    0    4   16   -0.031647
   -1    0    5   16    0.015490
   -1    0    6   16    0.014422
   -1    0    7   16    0.011905
   -1    0    8   16   -0.106365
   -1    0    9   16    0.074835
   -1    0   10   16    0.026955
   -1    0   11   16    0.019840
   -1    0   12   16   -0.028752
   -1    0   13   16    0.012155
   -1    0   14   16   -0.019067
   -1    0   15   16   -0.029245
   -1    0   16   16    0.055075
   -1    0   17   16   -0.006727
   -1    0   18   16   -0.107990
   -1    0    1   17    0.049282
   -1    0    2   17   -0.127925
   -1    0    3   17    0.004585
   -1    0    4   17    0.080420
   -1    0    5   17    1.374165
   -1    0    6   17    0.168347
   -1    0    7   17   -0.026273
   -1    0    8   17   -1.157222
   -1    0    9   17   -0.157028
   -1    0   10   17   -1.398087
   -1    0   11   17   -0.136533
   -1    0   12   17    0.003792
   -1    0   13   17    0.027795
   -1    0   14   17    3.282445
   -1    0   15   17   -0.133915
   -1    0   16   17    0.471850
   -1    0   17   17    0.016028
   -1    0   18   17    0.006157
   -1    0    1   18   -0.682032
   -1    0    2   18   -0.034072
   -1    0    3   18    0.774240
   -1    0    4   18    0.081125
   -1    0    5   18    0.026062
   -1    0    6   18    0.036435
   -1    0    7   18   -0.176970
   -1    0    8   18   -0.009942
   -1    0    9   18   -0.203348
   -1    0   10   18    0.009315
   -1    0   11   18   -0.015010
   -1    0   12   18    0.037077
   -1    0   13   18    0.138088
   -1    0   14   18   -0.110077
   -1    0   15   18   -0.008412
   -1    0   16   18   -0.096397
   -1    0   17   18   -0.055778
   -1    0   18   18    0.508417
    0    0    1    1  -10.594677
    0    0    2    1    0.124270
    0    0    3    1   -0.581120
    0    0    4    1    1.290310
    0    0    5    1    1.300573
    0    0    6    1   -0.437478
    0    0    7    1   -0.311500
    0    0    8    1    0.015185
    0    0    9    1    0.942960
    0    0   10    1    0.169923
    0    0   11    1    0.449477
    0    0   12    1    0.081348
    0    0   13    1   -0.569977
    0    0   14    1    1.549268
    0    0   15    1    0.100377
    0    0   16    1    1.391152
    0    0   17    1    0.842202
    0    0   18    1   -0.657222
    0    0    1    2    0.124270
    0    0    2    2   -3.351475
    0    0    3    2   -0.036628
    0    0    4    2   -0.991067
    0    0    5    2   -1.718792
    0    0    6    2   -3.788335
    0    0    7    2    1.479922
    0    0    8    2   -0.126007
    0    0    9    2    0.707727
    0    0   10    2   -0.301575
    0    0   11    2   -0.442907
    0    0   12    2   -0.218347
    0    0   13    2   -1.933690
    0    0   14    2    0.042128
    0    0   15    2   -1.391515
    0    0   16    2    1.716145
    0    0   17    2    1.677745
    0    0   18    2    1.552495
    0    0    1    3   -0.581120
    0    0    2    3   -0.036628
    0    0    3    3   -7.071640
    0    0    4    3   -0.487820
    0    0    5    3    0.289547
    0    0    6    3    0.004568
    0    0    7    3    0.494493
    0    0    8    3    0.297160
    0    0    9    3   -0.058863
    0    0   10    3   -0.025753
    0    0   11    3    0.028542
    0    0   12    3   -0.098285
    0    0   13    3   -0.222400
    0    0   14    3    0.146545
    0    0   15    3   -0.025240
    0    0   16    3    0.173570
    0    0   17    3    3.453260
    0    0   18    3    1.071708
    0    0    1    4    1.290310
    0    0    2    4   -0.991067
    0    0    3    4   -0.487820
    0    0    4    4   -1.021722
    0    0    5    4    0.356527
    0    0    6    4    5.779765
    0    0    7    4   -0.451810
    0    0    8    4    0.046260
    0    0    9    4   -0.121972
    0    0   10    4   -0.645622
    0    0   11    4    0.597515
    0    0   12    4   -0.022262
    0    0   13    4   -1.559790
    0    0   14    4   -0.110232
    0    0   15    4   -0.655060
    0    0   16    4   -1.507498
    0    0   17    4    1.703642
    0    0   18    4    2.097572
    0    0    1    5    1.300573
    0    0    2    5   -1.718792
    0    0    3    5    0.289547
    0    0    4    5    0.356527
    0    0    5    5   -0.046950
    0    0    6    5    0.819532
    0    0    7    5    0.851062
    0    0    8    5   -0.994493
    0    0    9    5   -0.852485
    0    0   10    5    1.864633
    0    0   11    5   -0.512522
    0    0   12    5    0.102040
    0    0   13    5    0.249803
    0    0   14    5    0.316195
    0    0   15    5   -0.257567
    0    0   16    5   -0.953143
    0    0   17    5   -1.114592
    0    0   18    5    0.384692
    0    0    1    6   -0.437478
    0    0    2    6   -3.788335
    0    0    3    6    0.004568
    0    0    4    6    5.779765
    0    0    5    6    0.819532
    0    0    6    6   13.208017
    0    0    7    6   -0.464612
    0    0    8    6    0.212615
    0    0    9    6   -1.398625
    0    0   10    6   -0.922460
    0    0   11    6    1.037585
    0    0   12    6    0.191805
    0    0   13    6    1.515010
    0    0   14    6    0.082130
    0    0   15    6   -1.751070
    0    0   16    6   -0.864945
    0    0   17    6    2.763292
    0    0   18    6    0.187137
    0    0    1    7   -0.311500
    0    0    2    7    1.479922
    0    0    3    7    0.494493
    0    0    4    7   -0.451810
    0    0    5    7    0.851062
    0    0    6    7   -0.464612
    0    0    7    7   -5.404350
    0    0    8    7    0.058063
    0    0    9    7   -0.966935
    0    0   10    7    0.284162
    0    0   11    7   -0.037957
    0    0   12    7    0.199685
    0    0   13    7    0.209675
    0    0   14    7    0.241085
    0    0   15    7   -0.095852
    0    0   16    7    0.557030
    0    0   17    7   -0.069962
    0    0   18    7   -0.076685
    0    0    1    8    0.015185
    0    0    2    8   -0.126007
    0    0    3    8    0.297160
    0    0    4    8    0.046260
    0    0    5    8   -0.994493
    0    0    6    8    0.212615
    0    0    7    8    0.058063
    0    0    8    8   -0.590907
    0    0    9    8   -0.453317
    0    0   10    8   -0.281822
    0    0   11    8    0.514025
    0    0   12    8    0.087693
    0    0   13    8    0.255662
    0    0   14    8    1.350472
    0    0   15    8    0.034742
    0    0   16    8   -0.359085
    0    0   17    8    0.021972
    0    0   18    8    0.045530
    0    0    1    9    0.942960
    0    0    2    9    0.707727
    0    0    3    9   -0.058863
    0    0    4    9   -0.121972
    0    0    5    9   -0.852485
    0    0    6    9   -1.398625
    0    0    7    9   -0.966935
    0    0    8    9   -0.453317
    0    0    9    9    9.706392
    0    0   10    9    0.475077
    0    0   11    9   -0.436540
    0    0   12    9   -0.786460
    0    0   13    9    0.235837
    0    0   14    9   -0.457408
    0    0   15    9   -0.496962
    0    0   16    9   -0.740835
    0    0   17    9   -0.086925
    0    0   18    9   -0.535650
    0    0    1   10    0.169923
    0    0    2   10   -0.301575
    0    0    3   10   -0.025753
    0    0    4   10   -0.645622
    0    0    5   10    1.864633
    0    0    6   10   -0.922460
    0    0    7   10    0.284162
    0    0    8   10   -0.281822
    0    0    9   10    0.475077
    0    0   10   10    3.894237
    0    0   11   10    0.255742
    0    0   12   10   -0.170340
    0    0   13   10   -0.070477
    0    0   14   10    1.364912
    0    0   15   10    0.137535
    0    0   16   10   -1.009365
    0    0   17   10   -0.015817
    0    0   18   10   -0.843295
    0    0    1   11    0.449477
    0    0    2   11   -0.442907
    0    0    3   11    0.028542
    0    0    4   11    0.597515
    0    0    5   11   -0.512522
    0    0    6   11    1.037585
    0    0    7   11   -0.037957
    0    0    8   11    0.514025
    0    0    9   11   -0.436540
    0    0   10   11    0.255742
    0    0   11   11    0.805457
    0    0   12   11    0.083970
    0    0   13   11    0.608182
    0    0   14   11    0.250320
    0    0   15   11   -1.075130
    0    0   16   11   -1.218485
    0    0   17   11    0.780095
    0    0   18   11    0.624010
    0    0    1   12    0.081348
    0    0    2   12   -0.218347
    0    0    3   12   -0.098285
    0    0    4   12   -0.022262
    0    0    5   12    0.102040
    0    0    6   12    0.191805
    0    0    7   12    0.199685
    0    0    8   12    0.087693
    0    0    9   12   -0.786460
    0    0   10   12   -0.170340
    0    0   11   12    0.083970
    0    0   12   12    2.249745
    0    0   13   12   -3.146417
    0    0   14   12   -0.103330
    0    0   15   12   -0.419200
    0    0   16   12   -0.472355
    0    0   17   12    0.009905
    0    0   18   12    0.462230
    0    0    1   13   -0.569977
    0    0    2   13   -1.933690
    0    0    3   13   -0.222400
    0    0    4   13   -1.559790
    0    0    5   13    0.249803
    0    0    6   13    1.515010
    0    0    7   13    0.209675
    0    0    8   13    0.255662
    0    0    9   13    0.235837
    0    0   10   13   -0.070477
    0    0   11   13    0.608182
    0    0   12   13   -3.146417
    0    0   13   13   -0.536010
    0    0   14   13    0.130373
    0    0   15   13    1.762842
    0    0   16   13   -0.755445
    0    0   17   13   -3.611867
    0    0   18   13   -0.814412
    0    0    1   14    1.549268
    0    0    2   14    0.042128
    0    0    3   14    0.146545
    0    0    4   14   -0.110232
    0    0    5   14    0.316195
    0    0    6   14    0.082130
    0    0    7   14    0.241085
    0    0    8   14    1.350472
    0    0    9   14   -0.457408
    0    0   10   14    1.364912
    0    0   11   14    0.250320
    0    0   12   14   -0.103330
    0    0   13   14    0.130373
    0    0   14   14    0.322080
    0    0   15   14   -0.220562
    0    0   16   14   -3.452352
    0    0   17   14   -1.952777
    0    0   18   14   -1.146887
    0    0    1   15    0.100377
    0    0    2   15   -1.391515
    0    0    3   15   -0.025240
    0    0    4   15   -0.655060
    0    0    5   15   -0.257567
    0    0    6   15   -1.751070
    0    0    7   15   -0.095852
    0    0    8   15    0.034742
    0    0    9   15   -0.496962
    0    0   10   15    0.137535
    0    0   11   15   -1.075130
    0    0   12   15   -0.419200
    0    0   13   15    1.762842
    0    0   14   15   -0.220562
    0    0   15   15   10.329952
    0    0   16   15    0.908218
    0    0   17   15   -2.275332
    0    0   18   15    0.018268
    0    0    1   16    1.391152
    0    0    2   16    1.716145
    0    0    3   16    0.173570
    0    0    4   16   -1.507498
    0    0    5   16   -0.953143
    0    0    6   16   -0.864945
    0    0    7   16    0.557030
    0    0    8   16   -0.359085
    0    0    9   16   -0.740835
    0    0   10   16   -1.009365
    0    0   11   16   -1.218485
    0    0   12   16   -0.472355
    0    0   13   16   -0.755445
    0    0   14   16   -3.452352
    0    0   15   16    0.908218
    0    0   16   16   -0.446910
    0    0   17   16    0.424212
    0    0   18   16   -0.366837
    0    0    1   17    0.842202
    0    0    2   17    1.677745
    0    0    3   17    3.453260
    0    0    4   17    1.703642
    0    0    5   17   -1.114592
    0    0    6   17    2.763292
    0    0    7   17   -0.069962
    0    0    8   17    0.021972
    0    0    9   17   -0.086925
    0    0   10   17   -0.015817
    0    0   11   17    0.780095
    0    0   12   17    0.009905
    0    0   13   17   -3.611867
    0    0   14   17   -1.952777
    0    0   15   17   -2.275332
    0    0   16   17    0.424212
    0    0   17   17    2.927573
    0    0   18   17   -0.002018
    0    0    1   18   -0.657222
    0    0    2   18    1.552495
    0    0    3   18    1.071708
    0    0    4   18    2.097572
    0    0    5   18    0.384692
    0    0    6   18    0.187137
    0    0    7   18   -0.076685
    0    0    8   18    0.045530
    0    0    9   18   -0.535650
    0    0   10   18   -0.843295
    0    0   11   18    0.624010
    0    0   12   18    0.462230
    0    0   13   18   -0.814412
    0    0   14   18   -1.146887
    0    0   15   18    0.018268
    0    0   16   18   -0.366837
    0    0   17   18   -0.002018
    0    0   18   18  -12.357465
    1    0    1    1   -0.003145
    1    0    2    1    0.078302
    1    0    3    1    0.093393
    1    0    4    1   -0.028070
    1    0    5    1    0.012295
    1    0    6    1    0.368945
    1    0    7    1    0.029475
    1    0    8    1   -0.011890
    1    0    9    1    0.079347
    1    0   10    1    0.103160
    1    0   11    1    0.071765
    1    0   12    1   -0.622422
    1    0   13    1    0.703145
    1    0   14    1   -0.044567
    1    0   15    1   -0.056260
    1    0   16    1    0.126040
    1    0   17    1    0.049282
    1    0   18    1   -0.682032
    1    0    1    2   -0.007285
    1    0    2    2   -0.014652
    1    0    3    2    0.009147
    1    0    4    2   -0.050875
    1    0    5    2    0.000990
    1    0    6    2   -0.089965
    1    0    7    2   -0.028623
    1    0    8    2   -0.001262
    1    0    9    2    0.009137
    1    0   10    2    0.037705
    1    0   11    2   -0.002400
    1    0   12    2   -0.011180
    1    0   13    2    0.201558
    1    0   14    2   -0.001155
    1    0   15    2   -0.078367
    1    0   16    2    0.001812
    1    0   17    2   -0.127925
    1    0   18    2   -0.034072
    1    0    1    3    0.456952
    1    0    2    3   -0.375637
    1    0    3    3    0.150553
    1    0    4    3   -0.014087
    1    0    5    3   -0.070530
    1    0    6    3   -0.323600
    1    0    7    3    1.803395
    1    0    8    3    0.071890
    1    0    9    3   -0.209242
    1    0   10    3    0.053575
    1    0   11    3    0.130855
    1    0   12    3   -0.507485
    1    0   13    3   -0.510182
    1    0   14    3   -0.100292
    1    0   15    3   -0.141220
    1    0   16    3   -0.505717
    1    0   17    3    0.004585
    1    0   18    3    0.774240
    1    0    1    4    0.118085
    1    0    2    4    0.008250
    1    0    3    4    0.029412
    1    0    4    4    0.011755
    1    0    5    4    0.018405
    1    0    6    4   -0.123875
    1    0    7    4   -0.079490
    1    0    8    4    0.000532
    1    0    9    4   -0.036623
    1    0   10    4   -0.336405
    1    0   11    4   -0.001748
    1    0   12    4    0.063725
    1    0   13    4    0.015345
    1    0   14    4    0.010383
    1    0   15    4    0.089583
    1    0   16    4   -0.031647
    1    0   17    4    0.080420
    1    0   18    4    0.081125
    1    0    1    5    0.005495
    1    0    2    5   -0.011022
    1    0    3    5   -0.010730
    1    0    4    5    0.131110
    1    0    5    5    0.010135
    1    0    6    5    0.124030
    1    0    7    5   -0.039065
    1    0    8    5    0.001455
    1    0    9    5   -0.004782
    1    0   10    5    0.034045
    1    0   11    5    0.023857
    1    0   12    5    0.112792
    1    0   13    5   -0.518812
    1    0   14    5   -0.002092
    1    0   15    5   -0.233130
    1    0   16    5    0.015490
    1    0   17    5    1.374165
    1    0   18    5    0.026062
    1    0    1    6   -0.023228
    1    0    2    6    0.040488
    1    0    3    6   -0.008397
    1    0    4    6    0.040400
    1    0    5    6   -0.008280
    1    0    6    6   -0.008425
    1    0    7    6    0.011310
    1    0    8    6   -0.000208
    1    0    9    6   -0.018077
    1    0   10    6   -0.020708
    1    0   11    6   -0.000407
    1    0   12    6   -0.018372
    1    0   13    6   -0.035347
    1    0   14    6   -0.002002
    1    0   15    6   -0.006170
    1    0   16    6    0.014422
    1    0   17    6    0.168347
    1    0   18    6    0.036435
    1    0    1    7    0.003357
    1    0    2    7    0.010348
    1    0    3    7    0.000357
    1    0    4    7   -0.029638
    1    0    5    7    0.011430
    1    0    6    7    0.010350
    1    0    7    7    0.071997
    1    0    8    7   -0.003165
    1    0    9    7    0.061840
    1    0   10    7   -0.160865
    1    0   11    7   -0.002135
    1    0   12    7    0.317347
    1    0   13    7    0.137625
    1    0   14    7    0.007645
    1    0   15    7   -0.042177
    1    0   16    7    0.011905
    1    0   17    7   -0.026273
    1    0   18    7   -0.176970
    1    0    1    8   -0.014245
    1    0    2    8    0.895885
    1    0    3    8   -0.017887
    1    0    4    8   -0.057910
    1    0    5    8    0.063113
    1    0    6    8    0.153737
    1    0    7    8    0.007080
    1    0    8    8    0.008148
    1    0    9    8   -0.306055
    1    0   10    8    0.025478
    1    0   11    8   -0.258537
    1    0   12    8   -0.002850
    1    0   13    8    0.162940
    1    0   14    8    0.058940
    1    0   15    8   -0.030983
    1    0   16    8   -0.106365
    1    0   17    8   -1.157222
    1    0   18    8   -0.009942
    1    0    1    9   -0.057825
    1    0    2    9   -0.062897
    1    0    3    9    0.017872
    1    0    4    9   -0.061755
    1    0    5    9    0.000813
    1    0    6    9    0.011420
    1    0    7    9    0.133793
    1    0    8    9    0.001897
    1    0    9    9    0.206587
    1    0   10    9   -0.742540
    1    0   11    9    0.021115
    1    0   12    9   -1.866075
    1    0   13    9    0.466933
    1    0   14    9   -0.009938
    1    0   15    9   -0.203457
    1    0   16    9    0.074835
    1    0   17    9   -0.157028
    1    0   18    9   -0.203348
    1    0    1   10   -0.091930
    1    0    2   10    0.139623
    1    0    3   10   -0.019955
    1    0    4   10   -0.197398
    1    0    5   10    0.015582
    1    0    6   10    0.535217
    1    0    7   10    0.099375
    1    0    8   10   -0.013497
    1    0    9   10   -0.077790
    1    0   10   10   -0.421750
    1    0   11   10   -0.062980
    1    0   12   10   -0.006312
    1    0   13   10   -1.958645
    1    0   14   10   -0.050028
    1    0   15   10    0.183705
    1    0   16   10    0.026955
    1    0   17   10   -1.398087
    1    0   18   10    0.009315
    1    0    1   11   -0.010437
    1    0    2   11   -0.026793
    1    0    3   11    0.006910
    1    0    4   11   -0.033525
    1    0    5   11   -0.002702
    1    0    6   11    0.033458
    1    0    7   11    0.010957
    1    0    8   11    0.000422
    1    0    9   11    0.008242
    1    0   10   11   -0.037350
    1    0   11   11    0.002253
    1    0   12   11   -0.072117
    1    0   13   11   -0.031502
    1    0   14   11   -0.004405
    1    0   15   11    0.008525
    1    0   16   11    0.019840
    1    0   17   11   -0.136533
    1    0   18   11   -0.015010
    1    0    1   12   -0.011558
    1    0    2   12   -0.005977
    1    0    3   12   -0.025910
    1    0    4   12    0.002257
    1    0    5   12    0.005233
    1    0    6   12   -0.036122
    1    0    7   12    0.003338
    1    0    8   12    0.005200
    1    0    9   12   -0.025355
    1    0   10   12    0.361415
    1    0   11   12   -0.009850
    1    0   12   12    0.251582
    1    0   13   12   -0.040810
    1    0   14   12    0.007497
    1    0   15   12   -0.019325
    1    0   16   12   -0.028752
    1    0   17   12    0.003792
    1    0   18   12    0.037077
    1    0    1   13   -0.097333
    1    0    2   13   -0.011978
    1    0    3   13   -0.086083
    1    0    4   13   -0.076512
    1    0    5   13   -0.001000
    1    0    6   13   -0.094197
    1    0    7   13   -0.024713
    1    0    8   13    0.011815
    1    0    9   13   -0.050767
    1    0   10   13    0.108033
    1    0   11   13   -0.023555
    1    0   12   13    0.089142
    1    0   13   13    0.239672
    1    0   14   13    0.008962
    1    0   15   13   -0.080488
    1    0   16   13    0.012155
    1    0   17   13    0.027795
    1    0   18   13    0.138088
    1    0    1   14    0.004018
    1    0    2   14    0.165005
    1    0    3   14   -0.021320
    1    0    4   14    0.002317
    1    0    5   14    0.020425
    1    0    6   14   -0.146822
    1    0    7   14   -0.005622
    1    0    8   14   -0.003940
    1    0    9   14   -0.019310
    1    0   10   14    0.151148
    1    0   11   14    0.084350
    1    0   12   14    0.030062
    1    0   13   14   -0.057298
    1    0   14   14    0.012105
    1    0   15   14   -0.414020
    1    0   16   14   -0.019067
    1    0   17   14    3.282445
    1    0   18   14   -0.110077
    1    0    1   15   -0.023625
    1    0    2   15   -0.008467
    1    0    3   15    0.007995
    1    0    4   15   -0.014013
    1    0    5   15    0.009222
    1    0    6   15    0.073287
    1    0    7   15   -0.005330
    1    0    8   15   -0.004747
    1    0    9   15    0.018030
    1    0   10   15    0.019605
    1    0   11   15    0.011010
    1    0   12   15   -0.041840
    1    0   13   15    0.015402
    1    0   14   15    0.002318
    1    0   15   15    0.019175
    1    0   16   15   -0.029245
    1    0   17   15   -0.133915
    1    0   18   15   -0.008412
    1    0    1   16    0.088437
    1    0    2   16    0.022933
    1    0    3   16    0.031495
    1    0    4   16    0.210627
    1    0    5   16   -0.014353
    1    0    6   16    0.358795
    1    0    7   16    0.108518
    1    0    8   16    0.000467
    1    0    9   16    0.088325
    1    0   10   16   -0.268127
    1    0   11   16   -0.000580
    1    0   12   16    0.471860
    1    0   13   16   -0.957325
    1    0   14   16   -0.005723
    1    0   15   16    0.275010
    1    0   16   16    0.055075
    1    0   17   16    0.471850
    1    0   18   16   -0.096397
    1    0    1   17   -0.015518
    1    0    2   17   -1.983532
    1    0    3   17   -0.008135
    1    0    4   17    0.024920
    1    0    5   17    0.050260
    1    0    6   17   -0.024897
    1    0    7   17   -0.612080
    1    0    8   17   -0.020075
    1    0    9   17   -0.068125
    1    0   10   17   -0.112232
    1    0   11   17   -0.928275
    1    0   12   17    0.692825
    1    0   13   17    2.069452
    1    0   14   17    0.050940
    1    0   15   17   -0.004908
    1    0   16   17   -0.006727
    1    0   17   17    0.016028
    1    0   18   17   -0.055778
    1    0    1   18   -0.101737
    1    0    2   18    0.042892
    1    0    3   18   -0.071010
    1    0    4   18    0.024798
    1    0    5   18   -0.005217
    1    0    6   18   -0.132678
    1    0    7   18   -0.227405
    1    0    8   18    0.000945
    1    0    9   18   -0.062867
    1    0   10   18    0.192650
    1    0   11   18   -0.022682
    1    0   12   18   -0.214997
    1    0   13   18    0.249415
    1    0   14   18    0.022290
    1    0   15   18   -0.102087
    1    0   16   18   -0.107990
    1    0   17   18    0.006157
    1    0   18   18    0.508417
   -1    1    1    1    0.043865
   -1    1    2    1    0.002470
   -1    1    3    1    0.064097
   -1    1    4    1    0.003990
   -1    1    5    1   -0.002690
   -1    1    6    1   -0.002027
   -1    1    7    1    0.003520
   -1    1    8    1   -0.015848
   -1    1    9    1    0.020205
   -1    1   10    1    0.008162
   -1    1   11    1    0.004147
   -1    1   12    1   -0.007192
   -1    1   13    1   -0.073537
   -1    1   14    1   -0.012350
   -1    1   15    1    0.009843
   -1    1   16    1    0.024738
   -1    1   17    1   -0.000830
   -1    1   18    1   -0.036135
   -1    1    1    2    0.005595
   -1    1    2    2    0.000745
   -1    1    3    2    0.010337
   -1    1    4    2    0.002062
   -1    1    5    2   -0.002093
   -1    1    6    2   -0.001677
   -1    1    7    2    0.001517
   -1    1    8    2   -0.009085
   -1    1    9    2    0.008273
   -1    1   10    2    0.001137
   -1    1   11    2    0.000085
   -1    1   12    2   -0.000890
   -1    1   13    2   -0.006437
   -1    1   14    2   -0.002790
   -1    1   15    2    0.000695
   -1    1   16    2   -0.000405
   -1    1   17    2   -0.002702
   -1    1   18    2    0.001337
   -1    1    1    3    0.057732
   -1    1    2    3    0.007420
   -1    1    3    3    0.094473
   -1    1    4    3    0.017645
   -1    1    5    3   -0.002527
   -1    1    6    3   -0.001470
   -1    1    7    3   -0.004513
   -1    1    8    3   -0.010012
   -1    1    9    3    0.016297
   -1    1   10    3    0.022743
   -1    1   11    3    0.009675
   -1    1   12    3   -0.013538
   -1    1   13    3   -0.103510
   -1    1   14    3   -0.016772
   -1    1   15    3    0.016085
   -1    1   16    3    0.009620
   -1    1   17    3   -0.008578
   -1    1   18    3   -0.054433
   -1    1    1    4    0.007080
   -1    1    2    4    0.002182
   -1    1    3    4    0.002220
   -1    1    4    4    0.005550
   -1    1    5    4   -0.003147
   -1    1    6    4   -0.006092
   -1    1    7    4    0.010103
   -1    1    8    4   -0.005795
   -1    1    9    4    0.021555
   -1    1   10    4   -0.009367
   -1    1   11    4    0.000720
   -1    1   12    4    0.000317
   -1    1   13    4   -0.016920
   -1    1   14    4   -0.001945
   -1    1   15    4    0.000907
   -1    1   16    4    0.006762
   -1    1   17    4    0.000865
   -1    1   18    4   -0.028635
   -1    1    1    5    0.000202
   -1    1    2    5   -0.000847
   -1    1    3    5    0.001155
   -1    1    4    5   -0.003077
   -1    1    5    5    0.000185
   -1    1    6    5   -0.000380
   -1    1    7    5    0.005762
   -1    1    8    5    0.000692
   -1    1    9    5    0.001347
   -1    1   10    5    0.000590
   -1    1   11    5   -0.000233
   -1    1   12    5   -0.000275
   -1    1   13    5    0.001192
   -1    1   14    5    0.000907
   -1    1   15    5   -0.000212
   -1    1   16    5    0.002747
   -1    1   17    5    0.002192
   -1    1   18    5   -0.006220
   -1    1    1    6   -0.011345
   -1    1    2    6   -0.001755
   -1    1    3    6   -0.011250
   -1    1    4    6    0.013635
   -1    1    5    6    0.002367
   -1    1    6    6   -0.001320
   -1    1    7    6    0.012302
   -1    1    8    6   -0.001175
   -1    1    9    6    0.000710
   -1    1   10    6   -0.000992
   -1    1   11    6    0.001590
   -1    1   12    6    0.002070
   -1    1   13    6   -0.012993
   -1    1   14    6    0.003250
   -1    1   15    6    0.009515
   -1    1   16    6   -0.000667
   -1    1   17    6    0.000937
   -1    1   18    6   -0.000225
   -1    1    1    7    0.009712
   -1    1    2    7    0.000698
   -1    1    3    7   -0.001072
   -1    1    4    7    0.059642
   -1    1    5    7    0.006532
   -1    1    6    7   -0.002155
   -1    1    7    7    0.072195
   -1    1    8    7   -0.001128
   -1    1    9    7    0.015817
   -1    1   10    7   -0.013277
   -1    1   11    7    0.007482
   -1    1   12    7    0.001567
   -1    1   13    7   -0.032127
   -1    1   14    7    0.001432
   -1    1   15    7   -0.006030
   -1    1   16    7    0.017005
   -1    1   17    7    0.021080
   -1    1   18    7   -0.144092
   -1    1    1    8   -0.011345
   -1    1    2    8   -0.000587
   -1    1    3    8   -0.036410
   -1    1    4    8    0.001010
   -1    1    5    8    0.002075
   -1    1    6    8    0.000617
   -1    1    7    8    0.000077
   -1    1    8    8    0.001320
   -1    1    9    8    0.000870
   -1    1   10    8   -0.003805
   -1    1   11    8   -0.001090
   -1    1   12    8    0.001970
   -1    1   13    8    0.011853
   -1    1   14    8    0.004377
   -1    1   15    8   -0.000875
   -1    1   16    8   -0.000857
   -1    1   17    8    0.017735
   -1    1   18    8    0.007530
   -1    1    1    9    0.010000
   -1    1    2    9    0.001665
   -1    1    3    9    0.040075
   -1    1    4    9    0.058307
   -1    1    5    9    0.000227
   -1    1    6    9   -0.000625
   -1    1    7    9    0.018947
   -1    1    8    9   -0.002400
   -1    1    9    9    0.015397
   -1    1   10    9   -0.001710
   -1    1   11    9    0.003660
   -1    1   12    9   -0.003902
   -1    1   13    9   -0.022955
   -1    1   14    9   -0.001895
   -1    1   15    9   -0.001645
   -1    1   16    9    0.012235
   -1    1   17    9    0.000042
   -1    1   18    9   -0.056150
   -1    1    1   10    0.022218
   -1    1    2   10    0.007730
   -1    1    3   10    0.054930
   -1    1    4   10   -0.856103
   -1    1    5   10   -0.003428
   -1    1    6   10    0.005112
   -1    1    7   10   -0.063692
   -1    1    8   10    0.001740
   -1    1    9   10   -0.017437
   -1    1   10   10    0.025452
   -1    1   11   10    0.000965
   -1    1   12   10   -0.004672
   -1    1   13   10   -0.027292
   -1    1   14   10   -0.006423
   -1    1   15   10    0.007512
   -1    1   16   10    0.024422
   -1    1   17   10   -0.012740
   -1    1   18   10    0.011490
   -1    1    1   11    0.008890
   -1    1    2   11    0.001398
   -1    1    3   11    0.013950
   -1    1    4   11    0.013017
   -1    1    5   11    0.001427
   -1    1    6   11   -0.001205
   -1    1    7   11    0.009777
   -1    1    8   11    0.002992
   -1    1    9   11    0.008627
   -1    1   10   11    0.002670
   -1    1   11   11    0.001962
   -1    1   12   11   -0.001510
   -1    1   13   11   -0.015713
   -1    1   14   11   -0.001505
   -1    1   15   11    0.003207
   -1    1   16   11   -0.000805
   -1    1   17   11    0.002445
   -1    1   18   11   -0.021240
   -1    1    1   12    0.150750
   -1    1    2   12   -0.026767
   -1    1    3   12    0.108283
   -1    1    4   12   -0.673212
   -1    1    5   12    0.029312
   -1    1    6   12    0.065155
   -1    1    7   12    0.004005
   -1    1    8   12   -0.038240
   -1    1    9   12   -0.069465
   -1    1   10   12   -0.149950
   -1    1   11   12   -0.021385
   -1    1   12   12    0.003882
   -1    1   13   12   -0.010737
   -1    1   14   12    0.027120
   -1    1   15   12   -0.022325
   -1    1   16   12    0.124702
   -1    1   17   12    0.014352
   -1    1   18   12    0.033770
   -1    1    1   13   -0.066392
   -1    1    2   13   -0.008148
   -1    1    3   13   -0.172942
   -1    1    4   13    0.097752
   -1    1    5   13    0.008577
   -1    1    6   13    0.002585
   -1    1    7   13   -0.040400
   -1    1    8   13    0.034667
   -1    1    9   13   -0.063375
   -1    1   10   13   -0.008058
   -1    1   11   13   -0.015210
   -1    1   12   13    0.022522
   -1    1   13   13    0.131610
   -1    1   14   13    0.028867
   -1    1   15   13   -0.013753
   -1    1   16   13   -0.080970
   -1    1   17   13   -0.002860
   -1    1   18   13    0.132072
   -1    1    1   14   -0.010287
   -1    1    2   14   -0.000857
   -1    1    3   14   -0.013320
   -1    1    4   14   -0.008877
   -1    1    5   14    0.000350
   -1    1    6   14   -0.001147
   -1    1    7   14    0.002640
   -1    1    8   14    0.001380
   -1    1    9   14   -0.000878
   -1    1   10   14   -0.004877
   -1    1   11   14   -0.001860
   -1    1   12   14    0.002620
   -1    1   13   14    0.019415
   -1    1   14   14    0.003723
   -1    1   15   14   -0.003560
   -1    1   16   14   -0.000122
   -1    1   17   14   -0.000900
   -1    1   18   14    0.004490
   -1    1    1   15   -0.029695
   -1    1    2   15   -0.004355
   -1    1    3   15   -0.008075
   -1    1    4   15   -0.013790
   -1    1    5   15    0.007805
   -1    1    6   15   -0.001648
   -1    1    7   15   -0.017372
   -1    1    8   15    0.025923
   -1    1    9   15    0.017065
   -1    1   10   15    0.006075
   -1    1   11   15   -0.003285
   -1    1   12   15   -0.005298
   -1    1   13   15    0.006560
   -1    1   14   15    0.018955
   -1    1   15   15   -0.012720
   -1    1   16   15    0.033765
   -1    1   17   15    0.004377
   -1    1   18   15   -0.011675
   -1    1    1   16    0.006325
   -1    1    2   16    0.002863
   -1    1    3   16    0.023303
   -1    1    4   16    0.046300
   -1    1    5   16    0.001825
   -1    1    6   16    0.006480
   -1    1    7   16    0.002540
   -1    1    8   16   -0.004237
   -1    1    9   16   -0.011175
   -1    1   10   16    0.004462
   -1    1   11   16    0.006207
   -1    1   12   16    0.000350
   -1    1   13   16   -0.023207
   -1    1   14   16   -0.007015
   -1    1   15   16   -0.004457
   -1    1   16   16   -0.000420
   -1    1   17   16   -0.001465
   -1    1   18   16   -0.057475
   -1    1    1   17    0.000617
   -1    1    2   17    0.004195
   -1    1    3   17   -0.032575
   -1    1    4   17   -0.000618
   -1    1    5   17   -0.006180
   -1    1    6   17   -0.013678
   -1    1    7   17    0.050085
   -1    1    8   17   -0.008060
   -1    1    9   17    0.051067
   -1    1   10   17   -0.032350
   -1    1   11   17   -0.001970
   -1    1   12   17    0.002415
   -1    1   13   17   -0.002955
   -1    1   14   17   -0.000160
   -1    1   15   17    0.003070
   -1    1   16   17    0.004988
   -1    1   17   17    0.004830
   -1    1   18   17   -0.031235
   -1    1    1   18   -0.039897
   -1    1    2   18   -0.002912
   -1    1    3   18   -0.109642
   -1    1    4   18   -0.117372
   -1    1    5   18   -0.009245
   -1    1    6   18    0.011247
   -1    1    7   18   -0.144300
   -1    1    8   18    0.004268
   -1    1    9   18   -0.061420
   -1    1   10   18    0.014858
   -1    1   11   18   -0.020725
   -1    1   12   18    0.008707
   -1    1   13   18    0.133680
   -1    1   14   18    0.006812
   -1    1   15   18    0.000320
   -1    1   16   18   -0.054160
   -1    1   17   18   -0.038740
   -1    1   18   18    0.349760
    0    1    1    1    0.114947
    0    1    2    1    0.007477
    0    1    3    1    0.733332
    0    1    4    1   -0.125577
    0    1    5    1    0.006415
    0    1    6    1   -0.012050
    0    1    7    1   -0.104370
    0    1    8    1    0.011790
    0    1    9    1    0.290347
    0    1   10    1    0.019365
    0    1   11    1   -0.015290
    0    1   12    1   -0.005302
    0    1   13    1   -0.125402
    0    1   14    1    0.006482
    0    1   15    1    0.006362
    0    1   16    1    0.103395
    0    1   17    1    0.003885
    0    1   18    1    0.060120
    0    1    1    2    0.016238
    0    1    2    2    0.029685
    0    1    3    2    0.017585
    0    1    4    2   -0.164497
    0    1    5    2   -0.018382
    0    1    6    2   -0.081710
    0    1    7    2    0.122188
    0    1    8    2    0.066482
    0    1    9    2    0.459597
    0    1   10    2    0.002345
    0    1   11    2   -0.014037
    0    1   12    2    0.000558
    0    1   13    2    0.006258
    0    1   14    2   -0.003572
    0    1   15    2    0.004155
    0    1   16    2    0.024117
    0    1   17    2   -0.006417
    0    1   18    2   -0.024297
    0    1    1    3    0.078095
    0    1    2    3    0.007797
    0    1    3    3    0.098840
    0    1    4    3   -0.031830
    0    1    5    3   -0.002010
    0    1    6    3    0.010225
    0    1    7    3   -0.077582
    0    1    8    3   -0.007095
    0    1    9    3    0.046332
    0    1   10    3    0.027268
    0    1   11    3    0.012615
    0    1   12    3   -0.016577
    0    1   13    3   -0.100710
    0    1   14    3   -0.022808
    0    1   15    3    0.018915
    0    1   16    3    0.017740
    0    1   17    3    0.007627
    0    1   18    3   -0.067465
    0    1    1    4    0.003285
    0    1    2    4    0.007108
    0    1    3    4    0.086625
    0    1    4    4    0.004482
    0    1    5    4   -0.014318
    0    1    6    4   -0.039530
    0    1    7    4    0.320382
    0    1    8    4   -0.022058
    0    1    9    4    0.195748
    0    1   10    4   -0.010155
    0    1   11    4   -0.009077
    0    1   12    4   -0.001692
    0    1   13    4   -0.016332
    0    1   14    4   -0.002548
    0    1   15    4   -0.011180
    0    1   16    4    0.038612
    0    1   17    4   -0.003615
    0    1   18    4    0.004865
    0    1    1    5   -0.001513
    0    1    2    5   -0.004522
    0    1    3    5    0.021185
    0    1    4    5    0.129007
    0    1    5    5   -0.006627
    0    1    6    5    0.008833
    0    1    7    5    0.020640
    0    1    8    5   -0.020780
    0    1    9    5   -0.004685
    0    1   10    5    0.016392
    0    1   11    5   -0.001643
    0    1   12    5   -0.000250
    0    1   13    5    0.003762
    0    1   14    5   -0.000853
    0    1   15    5   -0.007985
    0    1   16    5    0.016330
    0    1   17    5   -0.001237
    0    1   18    5   -0.008355
    0    1    1    6    0.008030
    0    1    2    6   -0.010448
    0    1    3    6   -0.093608
    0    1    4    6   -0.006138
    0    1    5    6   -0.037635
    0    1    6    6   -0.081685
    0    1    7    6    0.003065
    0    1    8    6   -0.073337
    0    1    9    6   -0.006498
    0    1   10    6    0.017292
    0    1   11    6   -0.001430
    0    1   12    6   -0.009625
    0    1   13    6   -0.043442
    0    1   14    6    0.005018
    0    1   15    6    0.050080
    0    1   16    6    0.088655
    0    1   17    6    0.013262
    0    1   18    6    0.161328
    0    1    1    7   -0.002305
    0    1    2    7    0.003835
    0    1    3    7    0.043152
    0    1    4    7    0.026772
    0    1    5    7    0.010170
    0    1    6    7    0.009088
    0    1    7    7    0.125867
    0    1    8    7    0.000880
    0    1    9    7    0.018390
    0    1   10    7   -0.031785
    0    1   11    7    0.010827
    0    1   12    7    0.005610
    0    1   13    7   -0.051945
    0    1   14    7    0.004132
    0    1   15    7    0.001100
    0    1   16    7   -0.024962
    0    1   17    7    0.019495
    0    1   18    7   -0.189992
    0    1    1    8    0.953130
    0    1    2    8    0.057565
    0    1    3    8    0.774810
    0    1    4    8    0.004287
    0    1    5    8    0.796368
    0    1    6    8    0.002185
    0    1    7    8    0.150967
    0    1    8    8    0.000825
    0    1    9    8    0.017230
    0    1   10    8    0.004550
    0    1   11    8    0.058672
    0    1   12    8   -0.034552
    0    1   13    8   -0.020805
    0    1   14    8   -0.919048
    0    1   15    8    0.003242
    0    1   16    8   -0.056078
    0    1   17    8    1.269200
    0    1   18    8    0.168475
    0    1    1    9    0.010305
    0    1    2    9   -0.001392
    0    1    3    9    0.044207
    0    1    4    9    0.112012
    0    1    5    9    0.000408
    0    1    6    9   -0.005598
    0    1    7    9    0.030478
    0    1    8    9    0.020887
    0    1    9    9    0.087568
    0    1   10    9   -0.017865
    0    1   11    9    0.000067
    0    1   12    9   -0.012148
    0    1   13    9   -0.026190
    0    1   14    9   -0.000485
    0    1   15    9   -0.008482
    0    1   16    9    0.013207
    0    1   17    9    0.012375
    0    1   18    9   -0.031577
    0    1    1   10    0.068808
    0    1    2   10    0.014375
    0    1    3   10    0.125267
    0    1    4   10    0.026042
    0    1    5   10    0.026742
    0    1    6   10    0.116187
    0    1    7   10   -0.331485
    0    1    8   10   -0.027685
    0    1    9   10   -0.065770
    0    1   10   10    0.056378
    0    1   11   10    0.003508
    0    1   12   10    0.000652
    0    1   13   10    0.020080
    0    1   14   10   -0.017365
    0    1   15   10   -0.018623
    0    1   16   10   -0.140225
    0    1   17   10   -0.000883
    0    1   18   10    0.010398
    0    1    1   11    0.013052
    0    1    2   11   -0.024915
    0    1    3   11    0.059102
    0    1    4   11   -0.229345
    0    1    5   11   -0.016430
    0    1    6   11    0.078550
    0    1    7   11    0.003253
    0    1    8   11   -0.574685
    0    1    9   11   -0.290237
    0    1   10   11   -0.000250
    0    1   11   11    0.012453
    0    1   12   11   -0.002757
    0    1   13   11   -0.033862
    0    1   14   11   -0.006897
    0    1   15   11    0.010630
    0    1   16   11   -0.022145
    0    1   17   11   -0.044775
    0    1   18   11    0.000122
    0    1    1   12    0.764665
    0    1    2   12   -0.222325
    0    1    3   12    0.767572
    0    1    4   12   -0.474130
    0    1    5   12    0.104722
    0    1    6   12    0.725842
    0    1    7   12    0.496935
    0    1    8   12    0.044172
    0    1    9   12   -0.044042
    0    1   10   12    0.601897
    0    1   11   12   -0.013012
    0    1   12   12    0.045215
    0    1   13   12   -0.741130
    0    1   14   12   -0.019100
    0    1   15   12   -0.172272
    0    1   16   12    0.554180
    0    1   17   12    0.379428
    0    1   18   12    1.477788
    0    1    1   13    0.147987
    0    1    2   13   -0.117540
    0    1    3   13   -0.123093
    0    1    4   13    0.035140
    0    1    5   13    0.066005
    0    1    6   13    0.133767
    0    1    7   13   -1.585307
    0    1    8   13   -0.053813
    0    1    9   13   -0.501605
    0    1   10   13   -0.021907
    0    1   11   13    0.013180
    0    1   12   13    0.069475
    0    1   13   13    0.116098
    0    1   14   13    0.064542
    0    1   15   13    0.047575
    0    1   16   13    0.093600
    0    1   17   13   -0.017427
    0    1   18   13    0.284928
    0    1    1   14   -0.025475
    0    1    2   14   -0.005132
    0    1    3   14   -0.009132
    0    1    4   14   -0.054232
    0    1    5   14   -0.007080
    0    1    6   14   -0.000517
    0    1    7   14   -0.018503
    0    1    8   14   -0.011245
    0    1    9   14    0.056508
    0    1   10   14   -0.007747
    0    1   11   14   -0.005950
    0    1   12   14    0.005205
    0    1   13   14    0.025075
    0    1   14   14    0.004732
    0    1   15   14   -0.015002
    0    1   16   14    0.018875
    0    1   17   14   -0.004385
    0    1   18   14    0.013690
    0    1    1   15   -0.224048
    0    1    2   15   -0.112473
    0    1    3   15   -0.615660
    0    1    4   15   -0.561847
    0    1    5   15    0.200357
    0    1    6   15    0.236017
    0    1    7   15    0.528072
    0    1    8   15    0.005475
    0    1    9   15   -3.035623
    0    1   10   15   -0.127315
    0    1   11   15    0.060527
    0    1   12   15    0.027527
    0    1   13   15    0.067765
    0    1   14   15    0.003333
    0    1   15   15   -0.100668
    0    1   16   15    0.321955
    0    1   17   15    0.182217
    0    1   18   15   -0.120760
    0    1    1   16    0.018398
    0    1    2   16    0.020743
    0    1    3   16    0.073245
    0    1    4   16   -0.371023
    0    1    5   16    0.014715
    0    1    6   16   -0.064110
    0    1    7   16    0.002290
    0    1    8   16   -0.018422
    0    1    9   16    0.028413
    0    1   10   16    0.012757
    0    1   11   16    0.009970
    0    1   12   16   -0.003587
    0    1   13   16   -0.036950
    0    1   14   16   -0.003275
    0    1   15   16    0.032043
    0    1   16   16   -0.121825
    0    1   17   16   -0.018545
    0    1   18   16   -0.088342
    0    1    1   17   -0.009678
    0    1    2   17    0.011500
    0    1    3   17   -0.009280
    0    1    4   17    0.022188
    0    1    5   17   -0.014627
    0    1    6   17   -0.060085
    0    1    7   17   -0.236823
    0    1    8   17   -0.009375
    0    1    9   17    0.170350
    0    1   10   17   -0.011370
    0    1   11   17   -0.011955
    0    1   12   17    0.001352
    0    1   13   17   -0.018597
    0    1   14   17   -0.003020
    0    1   15   17    0.004425
    0    1   16   17    0.048243
    0    1   17   17   -0.001580
    0    1   18   17   -0.023008
    0    1    1   18   -0.023770
    0    1    2   18   -0.006957
    0    1    3   18    0.792845
    0    1    4   18    0.304355
    0    1    5   18    0.011465
    0    1    6   18   -0.035540
    0    1    7   18    0.630310
    0    1    8   18    0.045432
    0    1    9   18    0.076815
    0    1   10   18    0.090537
    0    1   11   18   -0.030735
    0    1   12   18    0.004400
    0    1   13   18    0.145283
    0    1   14   18    0.020730
    0    1   15   18    0.003580
    0    1   16   18    0.011843
    0    1   17   18   -0.055433
    0    1   18   18    0.488373
    1    1    1    1    0.005647
    1    1    2    1   -0.000797
    1    1    3    1    0.025285
    1    1    4    1   -0.167355
    1    1    5    1    0.030345
    1    1    6    1    0.627080
    1    1    7    1   -1.534335
    1    1    8    1   -0.007718
    1    1    9    1   -0.118877
    1    1   10    1    0.030910
    1    1   11    1    0.041300
    1    1   12    1   -0.013500
    1    1   13    1   -0.710320
    1    1   14    1   -0.010045
    1    1   15    1    0.116830
    1    1   16    1    0.108578
    1    1   17    1    0.238022
    1    1   18    1   -0.392930
    1    1    1    2    0.005905
    1    1    2    2   -0.008957
    1    1    3    2    0.001073
    1    1    4    2    0.026255
    1    1    5    2   -0.000262
    1    1    6    2    0.048638
    1    1    7    2   -0.071557
    1    1    8    2   -0.001360
    1    1    9    2   -0.005000
    1    1   10    2    0.005530
    1    1   11    2    0.002680
    1    1   12    2   -0.004712
    1    1   13    2    0.000195
    1    1   14    2   -0.002150
    1    1   15    2    0.002170
    1    1   16    2    0.015900
    1    1   17    2   -0.012135
    1    1   18    2    0.009598
    1    1    1    3    0.083087
    1    1    2    3   -0.057487
    1    1    3    3    0.137033
    1    1    4    3    0.112395
    1    1    5    3    0.018967
    1    1    6    3    0.068712
    1    1    7    3    0.899762
    1    1    8    3   -0.017142
    1    1    9    3   -0.006697
    1    1   10    3    0.043600
    1    1   11    3    0.039690
    1    1   12    3   -0.032277
    1    1   13    3   -0.156175
    1    1   14    3   -0.033618
    1    1   15    3    0.024807
    1    1   16    3    0.077312
    1    1   17    3   -0.031758
    1    1   18    3   -0.132392
    1    1    1    4    0.011572
    1    1    2    4   -0.010540
    1    1    3    4    0.026920
    1    1    4    4   -0.053212
    1    1    5    4   -0.000793
    1    1    6    4    0.091420
    1    1    7    4    1.297987
    1    1    8    4    0.000158
    1    1    9    4    0.021532
    1    1   10    4    0.006587
    1    1   11    4    0.005237
    1    1   12    4   -0.005320
    1    1   13    4   -0.029120
    1    1   14    4   -0.010952
    1    1   15    4   -0.020192
    1    1   16    4    0.049390
    1    1   17    4    0.022642
    1    1   18    4   -0.064095
    1    1    1    5   -0.015830
    1    1    2    5   -0.003687
    1    1    3    5    0.009897
    1    1    4    5   -0.049510
    1    1    5    5    0.010692
    1    1    6    5    0.011807
    1    1    7    5    0.920652
    1    1    8    5    0.005210
    1    1    9    5   -0.115505
    1    1   10    5    0.017855
    1    1   11    5   -0.001655
    1    1   12    5    0.002470
    1    1   13    5    0.037795
    1    1   14    5   -0.001172
    1    1   15    5   -0.018600
    1    1   16    5    0.025235
    1    1   17    5   -0.007252
    1    1   18    5    0.008515
    1    1    1    6   -0.000890
    1    1    2    6    0.013057
    1    1    3    6   -0.002375
    1    1    4    6    0.003258
    1    1    5    6    0.002102
    1    1    6    6    0.202940
    1    1    7    6   -0.483467
    1    1    8    6    0.001975
    1    1    9    6   -0.032230
    1    1   10    6    0.092220
    1    1   11    6   -0.013065
    1    1   12    6    0.009665
    1    1   13    6    0.059518
    1    1   14    6    0.004517
    1    1   15    6    0.031355
    1    1   16    6   -0.035047
    1    1   17    6    0.001892
    1    1   18    6    0.067810
    1    1    1    7   -0.007255
    1    1    2    7   -0.009020
    1    1    3    7    0.007672
    1    1    4    7   -0.053890
    1    1    5    7    0.003660
    1    1    6    7    0.051665
    1    1    7    7    0.388140
    1    1    8    7    0.001040
    1    1    9    7    0.023570
    1    1   10    7   -0.024682
    1    1   11    7    0.012882
    1    1   12    7    0.014780
    1    1   13    7   -0.071193
    1    1   14    7   -0.000950
    1    1   15    7    0.002518
    1    1   16    7   -0.019160
    1    1   17    7    0.027377
    1    1   18    7   -0.193292
    1    1    1    8    0.008050
    1    1    2    8   -0.534920
    1    1    3    8   -0.033310
    1    1    4    8   -0.014220
    1    1    5    8   -0.098210
    1    1    6    8    0.019793
    1    1    7    8    0.373412
    1    1    8    8    0.003770
    1    1    9    8   -0.080447
    1    1   10    8    0.010145
    1    1   11    8    0.295795
    1    1   12    8   -0.040247
    1    1   13    8   -0.287442
    1    1   14    8   -0.052773
    1    1   15    8    0.008630
    1    1   16    8    0.135793
    1    1   17    8   -0.006685
    1    1   18    8   -0.123162
    1    1    1    9   -0.024265
    1    1    2    9   -0.017022
    1    1    3    9    0.030335
    1    1    4    9   -0.125043
    1    1    5    9    0.002748
    1    1    6    9    0.024032
    1    1    7    9    0.213832
    1    1    8    9   -0.001135
    1    1    9    9   -0.107663
    1    1   10    9   -0.003555
    1    1   11    9    0.008970
    1    1   12    9   -0.001490
    1    1   13    9   -0.055830
    1    1   14    9   -0.002940
    1    1   15    9   -0.018717
    1    1   16    9    0.097215
    1    1   17    9   -0.000685
    1    1   18    9   -0.164918
    1    1    1   10    0.027217
    1    1    2   10    0.037280
    1    1    3   10    0.089365
    1    1    4   10   -0.126590
    1    1    5   10    0.037202
    1    1    6   10   -0.183495
    1    1    7   10    3.622810
    1    1    8   10    0.027500
    1    1    9   10   -0.112742
    1    1   10   10    0.109597
    1    1   11   10   -0.013392
    1    1   12   10    0.004262
    1    1   13   10    0.029132
    1    1   14   10   -0.000458
    1    1   15   10   -0.019017
    1    1   16   10    0.054620
    1    1   17   10   -0.048415
    1    1   18   10   -0.007220
    1    1    1   11    0.011133
    1    1    2   11    0.050080
    1    1    3   11    0.010142
    1    1    4   11   -0.103887
    1    1    5   11    0.012783
    1    1    6   11   -0.241795
    1    1    7   11    0.248608
    1    1    8   11    0.002495
    1    1    9   11   -0.264217
    1    1   10   11   -0.024243
    1    1   11   11   -0.010665
    1    1   12   11    0.009073
    1    1   13   11   -0.040377
    1    1   14   11   -0.010725
    1    1   15   11   -0.011060
    1    1   16   11   -0.005480
    1    1   17   11    0.046017
    1    1   18   11   -0.126637
    1    1    1   12    0.099985
    1    1    2   12   -0.002227
    1    1    3   12    0.017793
    1    1    4   12    0.260272
    1    1    5   12   -0.006422
    1    1    6   12   -0.420815
    1    1    7   12    0.031160
    1    1    8   12    0.001373
    1    1    9   12    0.042280
    1    1   10   12   -0.058970
    1    1   11   12   -0.052078
    1    1   12   12    0.065227
    1    1   13   12    0.345527
    1    1   14   12    0.018770
    1    1   15   12    0.082263
    1    1   16   12    0.050835
    1    1   17   12   -0.321773
    1    1   18   12   -0.181410
    1    1    1   13   -0.036872
    1    1    2   13    0.024957
    1    1    3   13   -0.108777
    1    1    4   13    0.015015
    1    1    5   13   -0.003132
    1    1    6   13   -0.368307
    1    1    7   13   -0.294557
    1    1    8   13    0.010287
    1    1    9   13    0.013397
    1    1   10   13    0.150163
    1    1   11   13   -0.042258
    1    1   12   13   -0.020583
    1    1   13   13    0.186018
    1    1   14   13    0.031097
    1    1   15   13    0.024858
    1    1   16   13   -0.053160
    1    1   17   13    0.000665
    1    1   18   13    0.299255
    1    1    1   14   -0.029032
    1    1    2   14    0.049725
    1    1    3   14   -0.019377
    1    1    4   14   -0.131170
    1    1    5   14    0.015235
    1    1    6   14   -0.222030
    1    1    7   14    0.496000
    1    1    8   14    0.008640
    1    1    9   14   -0.333897
    1    1   10   14   -0.003488
    1    1   11   14   -0.007445
    1    1   12   14    0.008267
    1    1   13   14    0.012630
    1    1   14   14   -0.006530
    1    1   15   14    0.027880
    1    1   16   14   -0.055000
    1    1   17   14   -0.022357
    1    1   18   14   -0.089615
    1    1    1   15    0.007927
    1    1    2   15    0.057842
    1    1    3   15    0.072042
    1    1    4   15    0.010930
    1    1    5   15    0.001682
    1    1    6   15    0.169010
    1    1    7   15    0.017755
    1    1    8   15   -0.001567
    1    1    9   15    0.102125
    1    1   10   15   -0.237872
    1    1   11   15    0.054242
    1    1   12   15    0.716782
    1    1   13   15   -0.178605
    1    1   14   15   -0.008467
    1    1   15   15   -0.000990
    1    1   16   15    0.208367
    1    1   17   15    0.007825
    1    1   18   15   -0.204547
    1    1    1   16    0.064132
    1    1    2   16    0.038288
    1    1    3   16    0.060578
    1    1    4   16   -0.093165
    1    1    5   16    0.000855
    1    1    6   16   -0.187567
    1    1    7   16   -0.501197
    1    1    8   16   -0.009505
    1    1    9   16    0.204175
    1    1   10   16   -0.024715
    1    1   11   16   -0.002400
    1    1   12   16    0.000410
    1    1   13   16   -0.110422
    1    1   14   16    0.009990
    1    1   15   16    0.103915
    1    1   16   16   -0.214207
    1    1   17   16   -0.001043
    1    1   18   16   -0.161603
    1    1    1   17   -0.015430
    1    1    2   17    0.027447
    1    1    3   17   -0.022615
    1    1    4   17    0.066915
    1    1    5   17   -0.004077
    1    1    6   17   -0.012305
    1    1    7   17   -0.222630
    1    1    8   17    0.003002
    1    1    9   17   -0.059565
    1    1   10   17   -0.011592
    1    1   11   17   -0.006975
    1    1   12   17    0.001047
    1    1   13   17   -0.000562
    1    1   14   17    0.001625
    1    1   15   17    0.002990
    1    1   16   17   -0.069530
    1    1   17   17    0.020715
    1    1   18   17   -0.040770
    1    1    1   18   -0.110053
    1    1    2   18   -0.018570
    1    1    3   18   -0.045232
    1    1    4   18   -0.369140
    1    1    5   18   -0.005292
    1    1    6   18    0.184947
    1    1    7   18   -0.844070
    1    1    8   18    0.004697
    1    1    9   18   -0.003090
    1    1   10   18    0.013845
    1    1   11   18    0.002830
    1    1   12   18   -0.042200
    1    1   13   18   -0.165587
    1    1   14   18    0.007655
    1    1   15   18    0.049387
    1    1   16   18   -0.157977
    1    1   17   18    0.070715
    1    1   18   18    0.161250
