 ir1  ir2   m    n          ReH 
   -1   -1    1    1   -0.128990
   -1   -1    2    1   -0.015190
   -1   -1    3    1   -0.027920
   -1   -1    4    1    0.096240
   -1   -1    5    1    0.008335
   -1   -1    6    1   -0.013695
   -1   -1    7    1   -0.021520
   -1   -1    8    1   -0.005185
   -1   -1    9    1   -0.030623
   -1   -1   10    1    0.002123
   -1   -1   11    1    0.017375
   -1   -1   12    1   -0.063157
   -1   -1   13    1   -0.069415
   -1   -1   14    1    0.053967
   -1   -1   15    1    0.023147
   -1   -1   16    1    0.146512
   -1   -1   17    1    0.011662
   -1   -1   18    1   -0.074775
   -1   -1    1    2    0.053852
   -1   -1    2    2   -0.003650
   -1   -1    3    2    0.012760
   -1   -1    4    2    0.026407
   -1   -1    5    2    0.001957
   -1   -1    6    2   -0.055665
   -1   -1    7    2    0.040252
   -1   -1    8    2   -0.004425
   -1   -1    9    2    0.081542
   -1   -1   10    2    0.025465
   -1   -1   11    2    0.026755
   -1   -1   12    2   -0.034530
   -1   -1   13    2   -0.053262
   -1   -1   14    2    0.029545
   -1   -1   15    2    0.032495
   -1   -1   16    2   -0.041672
   -1   -1   17    2   -0.090807
   -1   -1   18    2   -0.040122
   -1   -1    1    3    0.012162
   -1   -1    2    3   -0.020935
   -1   -1    3    3    0.070682
   -1   -1    4    3    0.104820
   -1   -1    5    3    0.026195
   -1   -1    6    3    0.031540
   -1   -1    7    3   -0.020833
   -1   -1    8    3   -0.013687
   -1   -1    9    3   -0.022583
   -1   -1   10    3    0.075935
   -1   -1   11    3   -0.049220
   -1   -1   12    3   -0.060073
   -1   -1   13    3   -0.034205
   -1   -1   14    3   -0.023822
   -1   -1   15    3    0.028070
   -1   -1   16    3   -0.041030
   -1   -1   17    3    0.031752
   -1   -1   18    3    0.070540
   -1   -1    1    4    0.132110
   -1   -1    2    4    0.007912
   -1   -1    3    4   -0.034588
   -1   -1    4    4   -0.068060
   -1   -1    5    4    0.030877
   -1   -1    6    4    0.052507
   -1   -1    7    4   -0.017355
   -1   -1    8    4    0.015302
   -1   -1    9    4    0.013978
   -1   -1   10    4   -0.037917
   -1   -1   11    4    0.003850
   -1   -1   12    4    0.026060
   -1   -1   13    4    0.127323
   -1   -1   14    4    0.015428
   -1   -1   15    4   -0.029675
   -1   -1   16    4   -0.130428
   -1   -1   17    4   -0.013980
   -1   -1   18    4    0.071500
   -1   -1    1    5    0.032407
   -1   -1    2    5    0.018627
   -1   -1    3    5   -0.089797
   -1   -1    4    5   -0.030683
   -1   -1    5    5   -0.008650
   -1   -1    6    5    0.023125
   -1   -1    7    5    0.001725
   -1   -1    8    5   -0.001457
   -1   -1    9    5   -0.043595
   -1   -1   10    5    0.046902
   -1   -1   11    5    0.038443
   -1   -1   12    5    0.032572
   -1   -1   13    5    0.003282
   -1   -1   14    5    0.010633
   -1   -1   15    5    0.004565
   -1   -1   16    5    0.036272
   -1   -1   17    5   -0.037395
   -1   -1   18    5    0.015610
   -1   -1    1    6    0.038627
   -1   -1    2    6   -0.001120
   -1   -1    3    6   -0.029312
   -1   -1    4    6   -0.069940
   -1   -1    5    6   -0.092507
   -1   -1    6    6    0.236877
   -1   -1    7    6    0.190997
   -1   -1    8    6    0.014840
   -1   -1    9    6    0.139415
   -1   -1   10    6   -0.075507
   -1   -1   11    6   -0.022865
   -1   -1   12    6    0.006145
   -1   -1   13    6   -0.528155
   -1   -1   14    6    0.036090
   -1   -1   15    6    0.161303
   -1   -1   16    6    0.102618
   -1   -1   17    6   -0.031865
   -1   -1   18    6    0.532530
   -1   -1    1    7    0.119917
   -1   -1    2    7   -0.008640
   -1   -1    3    7   -0.054110
   -1   -1    4    7   -0.086500
   -1   -1    5    7   -0.036987
   -1   -1    6    7   -0.383288
   -1   -1    7    7    0.318153
   -1   -1    8    7    0.014510
   -1   -1    9    7    0.088237
   -1   -1   10    7   -0.063292
   -1   -1   11    7   -0.069802
   -1   -1   12    7   -0.064550
   -1   -1   13    7   -0.476490
   -1   -1   14    7    0.048755
   -1   -1   15    7    0.050402
   -1   -1   16    7   -0.003067
   -1   -1   17    7   -0.047865
   -1   -1   18    7    0.287945
   -1   -1    1    8   -0.039865
   -1   -1    2    8   -0.000770
   -1   -1    3    8   -0.008490
   -1   -1    4    8   -0.002630
   -1   -1    5    8   -0.001730
   -1   -1    6    8   -0.008562
   -1   -1    7    8   -0.001175
   -1   -1    8    8   -0.007705
   -1   -1    9    8   -0.015805
   -1   -1   10    8    0.000215
   -1   -1   11    8    0.004737
   -1   -1   12    8   -0.001230
   -1   -1   13    8   -0.009792
   -1   -1   14    8   -0.016972
   -1   -1   15    8   -0.005152
   -1   -1   16    8    0.016008
   -1   -1   17    8   -0.009142
   -1   -1   18    8   -0.013765
   -1   -1    1    9   -0.539660
   -1   -1    2    9    0.849357
   -1   -1    3    9   -2.052097
   -1   -1    4    9    0.753852
   -1   -1    5    9    0.227520
   -1   -1    6    9   -0.585992
   -1   -1    7    9    0.247467
   -1   -1    8    9    0.078175
   -1   -1    9    9    0.148430
   -1   -1   10    9   -0.057658
   -1   -1   11    9    0.100217
   -1   -1   12    9    0.096360
   -1   -1   13    9    0.345720
   -1   -1   14    9    0.135203
   -1   -1   15    9   -2.245410
   -1   -1   16    9   -0.207340
   -1   -1   17    9   -0.031028
   -1   -1   18    9   -0.154817
   -1   -1    1   10    0.005662
   -1   -1    2   10   -0.048535
   -1   -1    3   10    0.045217
   -1   -1    4   10    0.037440
   -1   -1    5   10    0.035165
   -1   -1    6   10    0.117175
   -1   -1    7   10   -0.130658
   -1   -1    8   10   -0.005165
   -1   -1    9   10   -0.055053
   -1   -1   10   10   -0.497537
   -1   -1   11   10   -0.057923
   -1   -1   12   10   -0.114180
   -1   -1   13   10   -0.209470
   -1   -1   14   10   -0.019393
   -1   -1   15   10    0.096492
   -1   -1   16   10   -0.092025
   -1   -1   17   10   -0.000440
   -1   -1   18   10    0.080418
   -1   -1    1   11   -0.029038
   -1   -1    2   11    0.009132
   -1   -1    3   11   -0.039822
   -1   -1    4   11    0.005375
   -1   -1    5   11    0.000365
   -1   -1    6   11    0.001925
   -1   -1    7   11    0.015932
   -1   -1    8   11   -0.000510
   -1   -1    9   11    0.005977
   -1   -1   10   11   -0.019190
   -1   -1   11   11    0.018085
   -1   -1   12   11   -0.000448
   -1   -1   13   11   -0.017050
   -1   -1   14   11    0.007888
   -1   -1   15   11   -0.008127
   -1   -1   16   11    0.012358
   -1   -1   17   11   -0.005350
   -1   -1   18   11   -0.004870
   -1   -1    1   12   -0.218177
   -1   -1    2   12    0.083980
   -1   -1    3   12   -0.131192
   -1   -1    4   12    0.086755
   -1   -1    5   12    0.000282
   -1   -1    6   12    0.012770
   -1   -1    7   12   -0.064625
   -1   -1    8   12   -0.010158
   -1   -1    9   12   -0.045510
   -1   -1   10   12   -0.170130
   -1   -1   11   12   -0.002685
   -1   -1   12   12    0.003837
   -1   -1   13   12    0.059985
   -1   -1   14   12    0.043035
   -1   -1   15   12   -0.154805
   -1   -1   16   12    0.156735
   -1   -1   17   12   -0.040792
   -1   -1   18   12   -0.195028
   -1   -1    1   13   -0.177735
   -1   -1    2   13    0.069492
   -1   -1    3   13   -0.203660
   -1   -1    4   13    0.159098
   -1   -1    5   13   -0.039170
   -1   -1    6   13   -0.059675
   -1   -1    7   13    0.086972
   -1   -1    8   13    0.003860
   -1   -1    9   13    0.042388
   -1   -1   10   13    0.027200
   -1   -1   11   13    0.084380
   -1   -1   12   13   -0.035053
   -1   -1   13   13   -0.076590
   -1   -1   14   13    0.077065
   -1   -1   15   13   -0.106510
   -1   -1   16   13    0.199205
   -1   -1   17   13   -0.069402
   -1   -1   18   13   -0.229195
   -1   -1    1   14    0.045975
   -1   -1    2   14    0.005487
   -1   -1    3   14   -0.022782
   -1   -1    4   14   -0.032127
   -1   -1    5   14   -0.004207
   -1   -1    6   14   -0.011498
   -1   -1    7   14    0.009902
   -1   -1    8   14    0.001530
   -1   -1    9   14    0.004632
   -1   -1   10   14    0.010355
   -1   -1   11   14    0.017227
   -1   -1   12   14    0.016165
   -1   -1   13   14    0.014412
   -1   -1   14   14    0.007832
   -1   -1   15   14   -0.003237
   -1   -1   16   14   -0.023802
   -1   -1   17   14   -0.008045
   -1   -1   18   14   -0.003622
   -1   -1    1   15   -0.000688
   -1   -1    2   15    0.046707
   -1   -1    3   15   -0.153375
   -1   -1    4   15   -0.029535
   -1   -1    5   15   -0.011222
   -1   -1    6   15   -0.169725
   -1   -1    7   15    0.086612
   -1   -1    8   15    0.022050
   -1   -1    9   15   -0.004267
   -1   -1   10   15   -0.097917
   -1   -1   11   15    0.088953
   -1   -1   12   15    0.027443
   -1   -1   13   15    0.162947
   -1   -1   14   15    0.058280
   -1   -1   15   15   -0.055207
   -1   -1   16   15    0.035170
   -1   -1   17   15   -0.092265
   -1   -1   18   15   -0.147972
   -1   -1    1   16   -0.017487
   -1   -1    2   16   -0.025110
   -1   -1    3   16    0.233485
   -1   -1    4   16    0.056282
   -1   -1    5   16    0.039363
   -1   -1    6   16    0.106400
   -1   -1    7   16   -0.106395
   -1   -1    8   16   -0.057677
   -1   -1    9   16    0.040392
   -1   -1   10   16   -0.008467
   -1   -1   11   16   -0.101422
   -1   -1   12   16   -0.021530
   -1   -1   13   16    0.079625
   -1   -1   14   16   -0.087097
   -1   -1   15   16   -0.096905
   -1   -1   16   16   -0.118140
   -1   -1   17   16    0.336570
   -1   -1   18   16   -0.018105
   -1   -1    1   17    0.043537
   -1   -1    2   17    0.011860
   -1   -1    3   17   -0.094433
   -1   -1    4   17   -0.023945
   -1   -1    5   17    0.013232
   -1   -1    6   17    0.128135
   -1   -1    7   17   -0.046612
   -1   -1    8   17    0.001515
   -1   -1    9   17    0.012605
   -1   -1   10   17    0.004330
   -1   -1   11   17   -0.025848
   -1   -1   12   17    0.015230
   -1   -1   13   17   -0.026265
   -1   -1   14   17   -0.005480
   -1   -1   15   17   -0.009595
   -1   -1   16   17   -0.063287
   -1   -1   17   17    0.012320
   -1   -1   18   17    0.129873
   -1   -1    1   18   -0.623572
   -1   -1    2   18    0.063207
   -1   -1    3   18    0.023435
   -1   -1    4   18    0.096752
   -1   -1    5   18    0.064030
   -1   -1    6   18   -0.026263
   -1   -1    7   18   -0.023505
   -1   -1    8   18   -0.239885
   -1   -1    9   18   -0.028555
   -1   -1   10   18   -0.426240
   -1   -1   11   18    0.020610
   -1   -1   12   18   -0.010020
   -1   -1   13   18    0.036035
   -1   -1   14   18   -0.093430
   -1   -1   15   18   -0.125705
   -1   -1   16   18   -0.060022
   -1   -1   17   18    0.438532
   -1   -1   18   18    0.108775
    0   -1    1    1   -0.001680
    0   -1    2    1    0.018072
    0   -1    3    1    0.103805
    0   -1    4    1    0.075912
    0   -1    5    1   -0.026702
    0   -1    6    1    0.132635
    0   -1    7    1   -0.738605
    0   -1    8    1   -0.005995
    0   -1    9    1    0.001490
    0   -1   10    1    0.191723
    0   -1   11    1   -0.026282
    0   -1   12    1    0.056302
    0   -1   13    1    0.205537
    0   -1   14    1   -0.003318
    0   -1   15    1   -0.026663
    0   -1   16    1    0.053162
    0   -1   17    1    0.015160
    0   -1   18    1   -0.158353
    0   -1    1    2    0.015435
    0   -1    2    2    0.008862
    0   -1    3    2   -0.028070
    0   -1    4    2   -0.010152
    0   -1    5    2   -0.006177
    0   -1    6    2    0.023220
    0   -1    7    2   -1.406805
    0   -1    8    2   -0.003097
    0   -1    9    2   -0.420252
    0   -1   10    2    0.136362
    0   -1   11    2    0.047957
    0   -1   12    2    0.026462
    0   -1   13    2    0.038340
    0   -1   14    2   -0.009777
    0   -1   15    2   -0.016985
    0   -1   16    2    0.060937
    0   -1   17    2    0.029100
    0   -1   18    2    0.034072
    0   -1    1    3   -0.034728
    0   -1    2    3   -0.047432
    0   -1    3    3    0.053013
    0   -1    4    3    0.035865
    0   -1    5    3   -0.001412
    0   -1    6    3    0.064260
    0   -1    7    3   -0.190480
    0   -1    8    3   -0.016620
    0   -1    9    3   -0.198592
    0   -1   10    3    0.036780
    0   -1   11    3   -0.000925
    0   -1   12    3    0.029215
    0   -1   13    3   -0.117640
    0   -1   14    3   -0.041800
    0   -1   15    3    0.282598
    0   -1   16    3    0.073590
    0   -1   17    3    0.004662
    0   -1   18    3   -0.006790
    0   -1    1    4   -0.303968
    0   -1    2    4    0.012892
    0   -1    3    4    0.180990
    0   -1    4    4    0.161715
    0   -1    5    4    0.040260
    0   -1    6    4   -0.015967
    0   -1    7    4   -0.160585
    0   -1    8    4   -0.026360
    0   -1    9    4   -0.082382
    0   -1   10    4   -0.092037
    0   -1   11    4    0.051380
    0   -1   12    4    0.031632
    0   -1   13    4    0.850293
    0   -1   14    4   -0.046572
    0   -1   15    4   -0.070742
    0   -1   16    4    0.025957
    0   -1   17    4    0.026915
    0   -1   18    4   -0.626355
    0   -1    1    5   -0.012610
    0   -1    2    5   -0.035025
    0   -1    3    5    0.011177
    0   -1    4    5   -0.000780
    0   -1    5    5    0.010833
    0   -1    6    5    0.018982
    0   -1    7    5   -0.694785
    0   -1    8    5    0.002223
    0   -1    9    5    0.149095
    0   -1   10    5   -0.129265
    0   -1   11    5   -0.000573
    0   -1   12    5   -0.049333
    0   -1   13    5   -0.113787
    0   -1   14    5    0.010047
    0   -1   15    5    0.051165
    0   -1   16    5   -0.031433
    0   -1   17    5   -0.011312
    0   -1   18    5    0.005292
    0   -1    1    6   -0.052427
    0   -1    2    6   -0.011678
    0   -1    3    6    0.028317
    0   -1    4    6   -0.001005
    0   -1    5    6   -0.030610
    0   -1    6    6   -0.353702
    0   -1    7    6    0.827387
    0   -1    8    6    0.006710
    0   -1    9    6   -0.207175
    0   -1   10    6   -0.518732
    0   -1   11    6   -0.035180
    0   -1   12    6   -0.069672
    0   -1   13    6   -0.048705
    0   -1   14    6    0.010717
    0   -1   15    6   -0.132212
    0   -1   16    6    0.172123
    0   -1   17    6    0.055575
    0   -1   18    6   -0.087907
    0   -1    1    7    0.034798
    0   -1    2    7   -0.009132
    0   -1    3    7   -0.012905
    0   -1    4    7   -0.023027
    0   -1    5    7    0.016365
    0   -1    6    7    0.159687
    0   -1    7    7   -0.087817
    0   -1    8    7    0.003617
    0   -1    9    7    0.076370
    0   -1   10    7   -0.228115
    0   -1   11    7    0.002525
    0   -1   12    7    0.001420
    0   -1   13    7    0.067572
    0   -1   14    7    0.000705
    0   -1   15    7    0.048577
    0   -1   16    7   -0.091267
    0   -1   17    7    0.006762
    0   -1   18    7    0.019192
    0   -1    1    8    0.074065
    0   -1    2    8   -0.077130
    0   -1    3    8    0.071248
    0   -1    4    8   -0.004560
    0   -1    5    8   -0.052577
    0   -1    6    8   -0.008885
    0   -1    7    8    0.027050
    0   -1    8    8    0.003460
    0   -1    9    8    0.314277
    0   -1   10    8    0.021043
    0   -1   11    8   -0.110492
    0   -1   12    8   -0.007570
    0   -1   13    8   -0.220663
    0   -1   14    8   -0.012087
    0   -1   15    8    0.147760
    0   -1   16    8    0.070765
    0   -1   17    8   -0.083265
    0   -1   18    8    0.038532
    0   -1    1    9    0.044425
    0   -1    2    9    0.002212
    0   -1    3    9    0.022445
    0   -1    4    9   -0.035228
    0   -1    5    9    0.014440
    0   -1    6    9    0.105383
    0   -1    7    9    0.032000
    0   -1    8    9    0.007302
    0   -1    9    9   -0.168927
    0   -1   10    9    0.097085
    0   -1   11    9    0.012857
    0   -1   12    9    0.514167
    0   -1   13    9    0.156630
    0   -1   14    9   -0.000860
    0   -1   15    9   -0.044100
    0   -1   16    9   -0.070822
    0   -1   17    9    0.037570
    0   -1   18    9    0.028387
    0   -1    1   10   -0.009157
    0   -1    2   10    0.012903
    0   -1    3   10   -0.010430
    0   -1    4   10    0.012582
    0   -1    5   10   -0.010043
    0   -1    6   10   -0.059157
    0   -1    7   10    0.009225
    0   -1    8   10   -0.004412
    0   -1    9   10   -0.029130
    0   -1   10   10    0.176912
    0   -1   11   10    0.001420
    0   -1   12   10    0.018023
    0   -1   13   10    0.032035
    0   -1   14   10   -0.003222
    0   -1   15   10   -0.019152
    0   -1   16   10    0.058140
    0   -1   17   10   -0.022400
    0   -1   18   10   -0.003448
    0   -1    1   11   -0.001055
    0   -1    2   11    0.001973
    0   -1    3   11   -0.018715
    0   -1    4   11   -0.010885
    0   -1    5   11    0.001450
    0   -1    6   11   -0.023348
    0   -1    7   11    0.093287
    0   -1    8   11    0.005010
    0   -1    9   11    0.012323
    0   -1   10   11    0.020660
    0   -1   11   11    0.007555
    0   -1   12   11   -0.005792
    0   -1   13   11    0.007095
    0   -1   14   11    0.013170
    0   -1   15   11   -0.020245
    0   -1   16   11   -0.022017
    0   -1   17   11   -0.002765
    0   -1   18   11   -0.005777
    0   -1    1   12    0.027043
    0   -1    2   12    0.016562
    0   -1    3   12   -0.132347
    0   -1    4   12   -0.010042
    0   -1    5   12   -0.022170
    0   -1    6   12   -0.209695
    0   -1    7   12   -0.818275
    0   -1    8   12    0.001048
    0   -1    9   12   -0.526870
    0   -1   10   12    0.142797
    0   -1   11   12    0.017922
    0   -1   12   12   -0.015412
    0   -1   13   12   -0.123042
    0   -1   14   12    0.005640
    0   -1   15   12    0.208575
    0   -1   16   12    0.169030
    0   -1   17   12   -0.005022
    0   -1   18   12   -0.184515
    0   -1    1   13    0.058300
    0   -1    2   13    0.012297
    0   -1    3   13    0.000827
    0   -1    4   13   -0.032025
    0   -1    5   13   -0.023735
    0   -1    6   13   -0.200875
    0   -1    7   13   -0.787675
    0   -1    8   13    0.013057
    0   -1    9   13    0.174032
    0   -1   10   13    0.266115
    0   -1   11   13   -0.019340
    0   -1   12   13    0.027780
    0   -1   13   13    0.035207
    0   -1   14   13    0.023655
    0   -1   15   13   -0.127737
    0   -1   16   13    0.015680
    0   -1   17   13    0.030882
    0   -1   18   13   -0.042340
    0   -1    1   14    0.017900
    0   -1    2   14   -0.021080
    0   -1    3   14    0.017847
    0   -1    4   14    0.001218
    0   -1    5   14    0.003042
    0   -1    6   14   -0.005942
    0   -1    7   14   -0.125350
    0   -1    8   14   -0.002117
    0   -1    9   14   -0.010085
    0   -1   10   14   -0.023450
    0   -1   11   14    0.025083
    0   -1   12   14   -0.026585
    0   -1   13   14   -0.050502
    0   -1   14   14   -0.006527
    0   -1   15   14    0.000042
    0   -1   16   14   -0.015772
    0   -1   17   14   -0.006732
    0   -1   18   14    0.025305
    0   -1    1   15   -0.013042
    0   -1    2   15    0.014625
    0   -1    3   15   -0.049193
    0   -1    4   15   -0.008712
    0   -1    5   15    0.009670
    0   -1    6   15    0.012262
    0   -1    7   15   -0.731542
    0   -1    8   15    0.010665
    0   -1    9   15    0.013670
    0   -1   10   15    0.078200
    0   -1   11   15    0.027322
    0   -1   12   15   -0.024365
    0   -1   13   15    0.134155
    0   -1   14   15    0.018435
    0   -1   15   15    0.065412
    0   -1   16   15   -0.036550
    0   -1   17   15    0.023587
    0   -1   18   15   -0.012607
    0   -1    1   16    0.010578
    0   -1    2   16    0.116467
    0   -1    3   16   -0.029137
    0   -1    4   16    0.013300
    0   -1    5   16   -0.028988
    0   -1    6   16   -0.449722
    0   -1    7   16    0.063710
    0   -1    8   16   -0.015405
    0   -1    9   16    0.526165
    0   -1   10   16    0.067215
    0   -1   11   16   -0.249420
    0   -1   12   16    0.064043
    0   -1   13   16   -0.555462
    0   -1   14   16   -0.001558
    0   -1   15   16   -0.286345
    0   -1   16   16    0.128375
    0   -1   17   16   -0.067045
    0   -1   18   16   -0.045767
    0   -1    1   17   -0.044840
    0   -1    2   17   -0.005912
    0   -1    3   17    0.027282
    0   -1    4   17    0.006540
    0   -1    5   17    0.012032
    0   -1    6   17   -0.009920
    0   -1    7   17    0.064190
    0   -1    8   17   -0.002100
    0   -1    9   17    0.099358
    0   -1   10   17   -0.148668
    0   -1   11   17    0.080990
    0   -1   12   17   -0.015365
    0   -1   13   17    0.027240
    0   -1   14   17    0.011267
    0   -1   15   17   -0.035597
    0   -1   16   17    0.008533
    0   -1   17   17    0.009320
    0   -1   18   17   -0.024362
    0   -1    1   18    0.096225
    0   -1    2   18    0.699060
    0   -1    3   18   -0.996267
    0   -1    4   18   -0.639825
    0   -1    5   18    0.032043
    0   -1    6   18    0.484295
    0   -1    7   18    0.076127
    0   -1    8   18   -0.028670
    0   -1    9   18    0.237970
    0   -1   10   18    0.084542
    0   -1   11   18   -0.086247
    0   -1   12   18   -0.163508
    0   -1   13   18   -1.688357
    0   -1   14   18    0.019320
    0   -1   15   18   -4.317107
    0   -1   16   18    0.117062
    0   -1   17   18   -0.012830
    0   -1   18   18    0.043595
    1   -1    1    1   -0.003260
    1   -1    2    1   -0.013800
    1   -1    3    1    0.000935
    1   -1    4    1    0.009027
    1   -1    5    1   -0.003900
    1   -1    6    1   -0.032165
    1   -1    7    1   -1.146975
    1   -1    8    1   -0.002447
    1   -1    9    1   -0.124082
    1   -1   10    1    0.033112
    1   -1   11    1   -0.001045
    1   -1   12    1   -0.013507
    1   -1   13    1   -0.097172
    1   -1   14    1   -0.007063
    1   -1   15    1   -0.020352
    1   -1   16    1    0.031795
    1   -1   17    1    0.009487
    1   -1   18    1    0.012917
    1   -1    1    2   -0.001805
    1   -1    2    2   -0.004233
    1   -1    3    2    0.005415
    1   -1    4    2    0.002960
    1   -1    5    2    0.003730
    1   -1    6    2    0.019530
    1   -1    7    2    0.006822
    1   -1    8    2    0.000128
    1   -1    9    2    0.026690
    1   -1   10    2   -0.077082
    1   -1   11    2   -0.001675
    1   -1   12    2   -0.007788
    1   -1   13    2   -0.000873
    1   -1   14    2    0.000067
    1   -1   15    2    0.009260
    1   -1   16    2   -0.024065
    1   -1   17    2   -0.000310
    1   -1   18    2    0.000085
    1   -1    1    3    0.011772
    1   -1    2    3    0.005217
    1   -1    3    3   -0.021687
    1   -1    4    3   -0.003700
    1   -1    5    3   -0.002220
    1   -1    6    3   -0.032375
    1   -1    7    3   -0.036018
    1   -1    8    3    0.001835
    1   -1    9    3    0.048647
    1   -1   10    3   -0.025350
    1   -1   11    3    0.003050
    1   -1   12    3   -0.004670
    1   -1   13    3    0.000090
    1   -1   14    3    0.008247
    1   -1   15    3    0.019100
    1   -1   16    3   -0.010817
    1   -1   17    3   -0.025343
    1   -1   18    3    0.001083
    1   -1    1    4    0.011953
    1   -1    2    4    0.019970
    1   -1    3    4   -0.027142
    1   -1    4    4   -0.007265
    1   -1    5    4   -0.012852
    1   -1    6    4    0.026035
    1   -1    7    4    0.173412
    1   -1    8    4   -0.001545
    1   -1    9    4   -0.096737
    1   -1   10    4    0.599745
    1   -1   11    4    0.017647
    1   -1   12    4    0.026040
    1   -1   13    4   -0.010745
    1   -1   14    4   -0.005912
    1   -1   15    4   -0.003768
    1   -1   16    4    0.054918
    1   -1   17    4   -0.013105
    1   -1   18    4   -0.001830
    1   -1    1    5    0.000112
    1   -1    2    5    0.002102
    1   -1    3    5   -0.006157
    1   -1    4    5   -0.003192
    1   -1    5    5    0.000202
    1   -1    6    5    0.018972
    1   -1    7    5    0.122883
    1   -1    8    5   -0.000817
    1   -1    9    5   -0.030217
    1   -1   10    5    0.058427
    1   -1   11    5    0.003150
    1   -1   12    5    0.012917
    1   -1   13    5    0.017805
    1   -1   14    5   -0.003170
    1   -1   15    5   -0.009360
    1   -1   16    5    0.012930
    1   -1   17    5    0.001410
    1   -1   18    5    0.002398
    1   -1    1    6    0.011632
    1   -1    2    6   -0.007097
    1   -1    3    6    0.005802
    1   -1    4    6   -0.016242
    1   -1    5    6    0.006365
    1   -1    6    6    0.102945
    1   -1    7    6   -0.049415
    1   -1    8    6    0.001012
    1   -1    9    6    0.036295
    1   -1   10    6    0.111735
    1   -1   11    6    0.003580
    1   -1   12    6    0.026710
    1   -1   13    6    0.073460
    1   -1   14    6   -0.004435
    1   -1   15    6    0.010922
    1   -1   16    6   -0.020197
    1   -1   17    6    0.007005
    1   -1   18    6    0.009165
    1   -1    1    7   -0.008628
    1   -1    2    7   -0.000755
    1   -1    3    7    0.004605
    1   -1    4    7    0.013102
    1   -1    5    7   -0.000280
    1   -1    6    7   -0.017702
    1   -1    7    7    0.013722
    1   -1    8    7   -0.001533
    1   -1    9    7   -0.016275
    1   -1   10    7   -0.017808
    1   -1   11    7   -0.004027
    1   -1   12    7   -0.013470
    1   -1   13    7   -0.032955
    1   -1   14    7   -0.002097
    1   -1   15    7   -0.009340
    1   -1   16    7    0.002077
    1   -1   17    7    0.005882
    1   -1   18    7   -0.001395
    1   -1    1    8    0.003977
    1   -1    2    8    0.010895
    1   -1    3    8    0.008550
    1   -1    4    8    0.001095
    1   -1    5    8    0.001553
    1   -1    6    8   -0.006672
    1   -1    7    8   -0.847615
    1   -1    8    8    0.000732
    1   -1    9    8    0.165647
    1   -1   10    8   -0.034740
    1   -1   11    8   -0.000505
    1   -1   12    8   -0.001290
    1   -1   13    8    0.067815
    1   -1   14    8    0.003375
    1   -1   15    8    0.009415
    1   -1   16    8   -0.028005
    1   -1   17    8   -0.009633
    1   -1   18    8   -0.010817
    1   -1    1    9   -0.024602
    1   -1    2    9    0.008612
    1   -1    3    9    0.009715
    1   -1    4    9    0.016318
    1   -1    5    9    0.002427
    1   -1    6    9    0.029298
    1   -1    7    9    0.001898
    1   -1    8    9   -0.000620
    1   -1    9    9    0.008100
    1   -1   10    9   -0.014582
    1   -1   11    9   -0.001553
    1   -1   12    9   -0.003820
    1   -1   13    9   -0.006177
    1   -1   14    9   -0.002862
    1   -1   15    9    0.000303
    1   -1   16    9   -0.024962
    1   -1   17    9    0.004250
    1   -1   18    9   -0.001850
    1   -1    1   10    0.017992
    1   -1    2   10    0.001032
    1   -1    3   10   -0.019475
    1   -1    4   10   -0.015770
    1   -1    5   10    0.004672
    1   -1    6   10    0.003662
    1   -1    7   10    0.086155
    1   -1    8   10   -0.001035
    1   -1    9   10    0.019300
    1   -1   10   10   -0.042433
    1   -1   11   10    0.003235
    1   -1   12   10    0.011090
    1   -1   13   10    0.050657
    1   -1   14   10    0.000540
    1   -1   15   10   -0.004157
    1   -1   16   10   -0.008420
    1   -1   17   10   -0.000190
    1   -1   18   10    0.008135
    1   -1    1   11   -0.000385
    1   -1    2   11   -0.002900
    1   -1    3   11    0.005783
    1   -1    4   11    0.001698
    1   -1    5   11    0.001490
    1   -1    6   11    0.012155
    1   -1    7   11    0.016450
    1   -1    8   11   -0.000247
    1   -1    9   11   -0.021992
    1   -1   10   11    0.005905
    1   -1   11   11   -0.001607
    1   -1   12   11   -0.000495
    1   -1   13   11   -0.001740
    1   -1   14   11   -0.001585
    1   -1   15   11   -0.000055
    1   -1   16   11   -0.003448
    1   -1   17   11    0.008897
    1   -1   18   11    0.001515
    1   -1    1   12    0.004692
    1   -1    2   12   -0.008455
    1   -1    3   12    0.009340
    1   -1    4   12   -0.007680
    1   -1    5   12    0.008092
    1   -1    6   12    0.030092
    1   -1    7   12   -0.004253
    1   -1    8   12    0.002120
    1   -1    9   12    0.069000
    1   -1   10   12   -0.135190
    1   -1   11   12   -0.001480
    1   -1   12   12   -0.000440
    1   -1   13   12    0.026918
    1   -1   14   12    0.002167
    1   -1   15   12    0.015615
    1   -1   16   12   -0.046720
    1   -1   17   12    0.000795
    1   -1   18   12    0.002942
    1   -1    1   13   -0.000035
    1   -1    2   13   -0.017297
    1   -1    3   13    0.019463
    1   -1    4   13   -0.006847
    1   -1    5   13    0.013200
    1   -1    6   13    0.077390
    1   -1    7   13   -0.063543
    1   -1    8   13    0.000662
    1   -1    9   13   -0.001817
    1   -1   10   13   -0.021997
    1   -1   11   13   -0.004100
    1   -1   12   13   -0.000625
    1   -1   13   13    0.017515
    1   -1   14   13   -0.004995
    1   -1   15   13    0.000350
    1   -1   16   13   -0.045145
    1   -1   17   13    0.025715
    1   -1   18   13    0.009668
    1   -1    1   14   -0.003200
    1   -1    2   14    0.002575
    1   -1    3   14   -0.003257
    1   -1    4   14    0.003405
    1   -1    5   14   -0.000585
    1   -1    6   14   -0.003602
    1   -1    7   14   -0.024928
    1   -1    8   14   -0.001362
    1   -1    9   14   -0.029165
    1   -1   10   14    0.022080
    1   -1   11   14    0.004508
    1   -1   12   14    0.006427
    1   -1   13   14   -0.001567
    1   -1   14   14   -0.003365
    1   -1   15   14   -0.006895
    1   -1   16   14    0.012870
    1   -1   17   14   -0.002770
    1   -1   18   14    0.002982
    1   -1    1   15   -0.000810
    1   -1    2   15   -0.002730
    1   -1    3   15    0.002725
    1   -1    4   15   -0.001772
    1   -1    5   15   -0.001285
    1   -1    6   15   -0.001965
    1   -1    7   15   -0.001713
    1   -1    8   15    0.000275
    1   -1    9   15   -0.026345
    1   -1   10   15    0.024377
    1   -1   11   15   -0.002587
    1   -1   12   15    0.010225
    1   -1   13   15    0.000620
    1   -1   14   15   -0.001380
    1   -1   15   15   -0.013303
    1   -1   16   15    0.031010
    1   -1   17   15    0.011980
    1   -1   18   15   -0.001867
    1   -1    1   16    0.013980
    1   -1    2   16   -0.006033
    1   -1    3   16    0.001455
    1   -1    4   16   -0.015257
    1   -1    5   16   -0.001587
    1   -1    6   16   -0.073955
    1   -1    7   16    0.115130
    1   -1    8   16    0.005087
    1   -1    9   16    0.110090
    1   -1   10   16   -0.099197
    1   -1   11   16   -0.001935
    1   -1   12   16   -0.011920
    1   -1   13   16   -0.012472
    1   -1   14   16    0.011992
    1   -1   15   16    0.014287
    1   -1   16   16   -0.030435
    1   -1   17   16   -0.020098
    1   -1   18   16   -0.003693
    1   -1    1   17    0.004932
    1   -1    2   17   -0.001702
    1   -1    3   17   -0.001305
    1   -1    4   17   -0.004912
    1   -1    5   17   -0.001445
    1   -1    6   17   -0.003852
    1   -1    7   17    0.131433
    1   -1    8   17    0.000452
    1   -1    9   17   -0.002587
    1   -1   10   17    0.046082
    1   -1   11   17   -0.004992
    1   -1   12   17    0.009097
    1   -1   13   17   -0.020053
    1   -1   14   17    0.001610
    1   -1   15   17    0.005225
    1   -1   16   17    0.007003
    1   -1   17   17   -0.003678
    1   -1   18   17    0.000985
    1   -1    1   18    0.006642
    1   -1    2   18   -0.026547
    1   -1    3   18   -0.005387
    1   -1    4   18   -0.006787
    1   -1    5   18   -0.004175
    1   -1    6   18    0.069332
    1   -1    7   18    0.231760
    1   -1    8   18    0.000035
    1   -1    9   18    0.031947
    1   -1   10   18    0.001107
    1   -1   11   18   -0.008877
    1   -1   12   18   -0.168615
    1   -1   13   18   -0.139995
    1   -1   14   18   -0.004445
    1   -1   15   18   -0.045480
    1   -1   16   18    0.004905
    1   -1   17   18    0.001618
    1   -1   18   18    0.001425
   -1    0    1    1   -0.150740
   -1    0    2    1    0.006385
   -1    0    3    1   -0.019050
   -1    0    4    1    0.227627
   -1    0    5    1   -0.009140
   -1    0    6    1    0.192688
   -1    0    7    1   -0.062922
   -1    0    8    1   -0.012130
   -1    0    9    1   -0.014167
   -1    0   10    1    0.043780
   -1    0   11    1    0.011198
   -1    0   12    1    0.078845
   -1    0   13    1    0.109877
   -1    0   14    1    0.012263
   -1    0   15    1   -0.019572
   -1    0   16    1    0.025345
   -1    0   17    1   -0.013652
   -1    0   18    1   -0.025842
   -1    0    1    2    0.302497
   -1    0    2    2   -0.007972
   -1    0    3    2    0.029715
   -1    0    4    2   -0.264622
   -1    0    5    2    0.048330
   -1    0    6    2    0.041507
   -1    0    7    2   -0.032817
   -1    0    8    2   -0.599247
   -1    0    9    2   -0.042415
   -1    0   10    2   -0.394082
   -1    0   11    2    0.036640
   -1    0   12    2    0.054777
   -1    0   13    2    0.078977
   -1    0   14    2   -0.064973
   -1    0   15    2   -0.020635
   -1    0   16    2    0.231865
   -1    0   17    2    1.575902
   -1    0   18    2   -0.007087
   -1    0    1    3   -0.033800
   -1    0    2    3   -0.006978
   -1    0    3    3   -0.222398
   -1    0    4    3    0.363945
   -1    0    5    3    0.079682
   -1    0    6    3   -0.042977
   -1    0    7    3    0.022440
   -1    0    8    3    0.062080
   -1    0    9    3    0.038425
   -1    0   10    3    0.059743
   -1    0   11    3   -0.006582
   -1    0   12    3   -0.099272
   -1    0   13    3   -0.082290
   -1    0   14    3    0.059042
   -1    0   15    3    0.011390
   -1    0   16    3   -0.049970
   -1    0   17    3    0.064885
   -1    0   18    3    0.001425
   -1    0    1    4    0.150675
   -1    0    2    4   -0.021357
   -1    0    3    4    0.053405
   -1    0    4    4   -0.071665
   -1    0    5    4    0.001465
   -1    0    6    4   -0.090437
   -1    0    7    4    0.031587
   -1    0    8    4   -0.005213
   -1    0    9    4   -0.009040
   -1    0   10    4   -0.003663
   -1    0   11    4   -0.009985
   -1    0   12    4   -0.071220
   -1    0   13    4   -0.062772
   -1    0   14    4    0.026617
   -1    0   15    4    0.025955
   -1    0   16    4   -0.014447
   -1    0   17    4   -0.065922
   -1    0   18    4    0.009620
   -1    0    1    5   -0.063833
   -1    0    2    5   -0.011817
   -1    0    3    5    0.040248
   -1    0    4    5    0.065155
   -1    0    5    5   -0.015938
   -1    0    6    5   -0.071135
   -1    0    7    5    0.040313
   -1    0    8    5    0.227417
   -1    0    9    5    0.013870
   -1    0   10    5    0.036785
   -1    0   11    5   -0.014625
   -1    0   12    5   -0.023080
   -1    0   13    5   -0.071660
   -1    0   14    5   -0.012395
   -1    0   15    5    0.005810
   -1    0   16    5   -0.019232
   -1    0   17    5   -0.095312
   -1    0   18    5   -0.013700
   -1    0    1    6    0.754478
   -1    0    2    6    0.106320
   -1    0    3    6   -0.042752
   -1    0    4    6    0.176775
   -1    0    5    6   -0.156092
   -1    0    6    6   -0.363277
   -1    0    7    6    0.207435
   -1    0    8    6   -1.229618
   -1    0    9    6    0.043067
   -1    0   10    6    0.629965
   -1    0   11    6   -0.099387
   -1    0   12    6   -0.416623
   -1    0   13    6   -0.461445
   -1    0   14    6    0.692690
   -1    0   15    6    0.024078
   -1    0   16    6   -0.438753
   -1    0   17    6   -1.352423
   -1    0   18    6   -0.816178
   -1    0    1    7   -0.497628
   -1    0    2    7    0.002002
   -1    0    3    7   -0.050385
   -1    0    4    7    1.318580
   -1    0    5    7   -0.158992
   -1    0    6    7    0.264105
   -1    0    7    7   -0.210252
   -1    0    8    7    0.034080
   -1    0    9    7   -0.045790
   -1    0   10    7   -0.142822
   -1    0   11    7   -0.101390
   -1    0   12    7    0.465730
   -1    0   13    7    0.539205
   -1    0   14    7   -0.374792
   -1    0   15    7   -0.109290
   -1    0   16    7   -0.106137
   -1    0   17    7    0.507197
   -1    0   18    7   -0.047935
   -1    0    1    8   -0.002753
   -1    0    2    8    0.000652
   -1    0    3    8    0.009725
   -1    0    4    8    0.003232
   -1    0    5    8   -0.004645
   -1    0    6    8    0.004233
   -1    0    7    8    0.003662
   -1    0    8    8   -0.027180
   -1    0    9    8    0.008318
   -1    0   10    8   -0.001482
   -1    0   11    8    0.001255
   -1    0   12    8    0.003250
   -1    0   13    8    0.000790
   -1    0   14    8   -0.000260
   -1    0   15    8    0.004278
   -1    0   16    8   -0.016052
   -1    0   17    8   -0.020577
   -1    0   18    8   -0.003565
   -1    0    1    9   -0.884713
   -1    0    2    9    0.084565
   -1    0    3    9   -0.219620
   -1    0    4    9   -0.151877
   -1    0    5    9   -0.184750
   -1    0    6    9   -0.005890
   -1    0    7    9    0.063560
   -1    0    8    9   -0.031478
   -1    0    9    9    0.007932
   -1    0   10    9   -0.001380
   -1    0   11    9   -0.003437
   -1    0   12    9    0.276565
   -1    0   13    9   -0.027335
   -1    0   14    9    0.452350
   -1    0   15    9    0.049927
   -1    0   16    9    1.315430
   -1    0   17    9   -0.056758
   -1    0   18    9   -0.763240
   -1    0    1   10   -1.175640
   -1    0    2   10   -0.196747
   -1    0    3   10   -1.393487
   -1    0    4   10   -0.130452
   -1    0    5   10    0.218070
   -1    0    6   10    3.555588
   -1    0    7   10   -2.587137
   -1    0    8   10    0.157427
   -1    0    9   10   -0.630690
   -1    0   10   10    0.014738
   -1    0   11   10    0.123060
   -1    0   12   10   -1.160142
   -1    0   13   10   -1.116715
   -1    0   14   10    0.033723
   -1    0   15   10    0.382815
   -1    0   16   10    0.337313
   -1    0   17   10    0.453473
   -1    0   18   10   -0.435055
   -1    0    1   11   -0.027482
   -1    0    2   11    0.014640
   -1    0    3   11   -0.038260
   -1    0    4   11    0.061795
   -1    0    5   11   -0.011330
   -1    0    6   11   -0.001038
   -1    0    7   11    0.000055
   -1    0    8   11    0.035210
   -1    0    9   11   -0.004812
   -1    0   10   11   -0.048797
   -1    0   11   11    0.016040
   -1    0   12   11    0.018240
   -1    0   13   11   -0.015317
   -1    0   14   11   -0.207810
   -1    0   15   11   -0.001877
   -1    0   16   11   -0.003242
   -1    0   17   11    1.093885
   -1    0   18   11   -0.012508
   -1    0    1   12   -0.466550
   -1    0    2   12   -0.096987
   -1    0    3   12   -0.381757
   -1    0    4   12   -0.228230
   -1    0    5   12   -0.109308
   -1    0    6   12    0.211950
   -1    0    7   12   -0.090865
   -1    0    8   12    0.090518
   -1    0    9   12   -0.010563
   -1    0   10   12   -0.213410
   -1    0   11   12   -0.005085
   -1    0   12   12    0.104345
   -1    0   13   12    0.075792
   -1    0   14   12   -0.018390
   -1    0   15   12    0.271170
   -1    0   16   12    0.253580
   -1    0   17   12   -0.022090
   -1    0   18   12    0.820687
   -1    0    1   13   -0.231552
   -1    0    2   13    0.127922
   -1    0    3   13    0.117210
   -1    0    4   13    1.339697
   -1    0    5   13   -0.258490
   -1    0    6   13    0.124157
   -1    0    7   13   -0.050277
   -1    0    8   13    0.559760
   -1    0    9   13    0.013718
   -1    0   10   13   -1.279220
   -1    0   11   13    0.068435
   -1    0   12   13    0.366962
   -1    0   13   13   -0.002790
   -1    0   14   13    1.334735
   -1    0   15   13   -0.001655
   -1    0   16   13    0.342832
   -1    0   17   13   -3.848885
   -1    0   18   13    0.251242
   -1    0    1   14    0.004477
   -1    0    2   14   -0.005127
   -1    0    3   14    0.025540
   -1    0    4   14   -0.083033
   -1    0    5   14   -0.013005
   -1    0    6   14   -0.023643
   -1    0    7   14    0.008117
   -1    0    8   14    0.016898
   -1    0    9   14    0.001635
   -1    0   10   14   -0.002825
   -1    0   11   14    0.004215
   -1    0   12   14    0.008000
   -1    0   13   14   -0.006818
   -1    0   14   14   -0.014680
   -1    0   15   14    0.006330
   -1    0   16   14    0.004925
   -1    0   17   14   -0.044922
   -1    0   18   14    0.016358
   -1    0    1   15    0.078712
   -1    0    2   15   -0.031927
   -1    0    3   15    0.746375
   -1    0    4   15    0.810342
   -1    0    5   15   -0.054717
   -1    0    6   15   -0.027120
   -1    0    7   15    0.055095
   -1    0    8   15   -0.592605
   -1    0    9   15    0.078242
   -1    0   10   15    0.359970
   -1    0   11   15   -0.098497
   -1    0   12   15    0.081185
   -1    0   13   15   -0.198217
   -1    0   14   15   -0.241290
   -1    0   15   15   -0.014167
   -1    0   16   15   -0.512035
   -1    0   17   15    0.289835
   -1    0   18   15    0.375653
   -1    0    1   16    0.460875
   -1    0    2   16   -0.024710
   -1    0    3   16   -0.009978
   -1    0    4   16    0.064278
   -1    0    5   16    0.118087
   -1    0    6   16    0.243570
   -1    0    7   16   -0.108682
   -1    0    8   16    0.065597
   -1    0    9   16   -0.080185
   -1    0   10   16   -0.106575
   -1    0   11   16    0.001442
   -1    0   12   16    0.024837
   -1    0   13   16    0.187105
   -1    0   14   16    0.054290
   -1    0   15   16    0.031717
   -1    0   16   16   -0.045582
   -1    0   17   16    0.418930
   -1    0   18   16    0.141192
   -1    0    1   17    0.038517
   -1    0    2   17    0.002518
   -1    0    3   17   -0.087737
   -1    0    4   17    0.281050
   -1    0    5   17   -1.660355
   -1    0    6   17   -0.098745
   -1    0    7   17    0.043350
   -1    0    8   17    0.262493
   -1    0    9   17    0.023282
   -1    0   10   17   -0.011788
   -1    0   11   17    0.063275
   -1    0   12   17   -0.069932
   -1    0   13   17   -0.202155
   -1    0   14   17   -4.499990
   -1    0   15   17   -0.019800
   -1    0   16   17   -0.131097
   -1    0   17   17    0.026197
   -1    0   18   17   -0.036110
   -1    0    1   18    0.040307
   -1    0    2   18    0.000915
   -1    0    3   18    0.047940
   -1    0    4   18   -0.136775
   -1    0    5   18   -0.001560
   -1    0    6   18   -0.006458
   -1    0    7   18   -0.002687
   -1    0    8   18   -0.027738
   -1    0    9   18    0.015742
   -1    0   10   18   -0.000585
   -1    0   11   18    0.001217
   -1    0   12   18    0.000517
   -1    0   13   18    0.012485
   -1    0   14   18   -0.033967
   -1    0   15   18   -0.014633
   -1    0   16   18   -0.091195
   -1    0   17   18    0.003725
   -1    0   18   18    0.024105
    0    0    1    1    5.854475
    0    0    2    1    0.139180
    0    0    3    1    0.588417
    0    0    4    1   -2.301190
    0    0    5    1   -0.675132
    0    0    6    1   -1.899147
    0    0    7    1    0.657025
    0    0    8    1   -1.203153
    0    0    9    1    0.193257
    0    0   10    1   -0.050600
    0    0   11    1   -0.445408
    0    0   12    1    1.184585
    0    0   13    1   -0.640905
    0    0   14    1   -0.921382
    0    0   15    1   -0.363062
    0    0   16    1    0.707115
    0    0   17    1   -2.520915
    0    0   18    1   -0.602523
    0    0    1    2    0.139180
    0    0    2    2    4.291270
    0    0    3    2    0.923595
    0    0    4    2   -0.518205
    0    0    5    2    2.790920
    0    0    6    2   -0.202812
    0    0    7    2   -0.090340
    0    0    8    2   -0.139222
    0    0    9    2    0.305457
    0    0   10    2   -0.236808
    0    0   11    2    2.101277
    0    0   12    2    0.009755
    0    0   13    2    3.019795
    0    0   14    2    0.967417
    0    0   15    2    0.318820
    0    0   16    2    0.506175
    0    0   17    2   -2.620050
    0    0   18    2    0.085370
    0    0    1    3    0.588417
    0    0    2    3    0.923595
    0    0    3    3   -9.512562
    0    0    4    3    2.167250
    0    0    5    3    1.537995
    0    0    6    3    1.102725
    0    0    7    3   -0.856060
    0    0    8    3    0.396855
    0    0    9    3   -0.500635
    0    0   10    3   -0.442472
    0    0   11    3    1.596492
    0    0   12    3    0.086012
    0    0   13    3    0.990482
    0    0   14    3    1.701930
    0    0   15    3    0.171788
    0    0   16    3   -0.444122
    0    0   17    3    0.029085
    0    0   18    3   -0.182315
    0    0    1    4   -2.301190
    0    0    2    4   -0.518205
    0    0    3    4    2.167250
    0    0    4    4   -5.457223
    0    0    5    4    0.264255
    0    0    6    4    1.162112
    0    0    7    4   -0.183345
    0    0    8    4    0.325513
    0    0    9    4   -0.017467
    0    0   10    4    2.346182
    0    0   11    4    0.030570
    0    0   12    4    1.142122
    0    0   13    4    0.968703
    0    0   14    4   -0.014677
    0    0   15    4    1.141515
    0    0   16    4   -0.268247
    0    0   17    4    0.074285
    0    0   18    4   -0.618962
    0    0    1    5   -0.675132
    0    0    2    5    2.790920
    0    0    3    5    1.537995
    0    0    4    5    0.264255
    0    0    5    5    0.521785
    0    0    6    5   -0.202467
    0    0    7    5   -0.202760
    0    0    8    5   -0.496900
    0    0    9    5   -0.150667
    0    0   10    5    0.073590
    0    0   11    5    0.585777
    0    0   12    5    0.003520
    0    0   13    5   -1.007172
    0    0   14    5   -0.045885
    0    0   15    5    1.314175
    0    0   16    5   -0.686910
    0    0   17    5    1.360800
    0    0   18    5    0.019188
    0    0    1    6   -1.899147
    0    0    2    6   -0.202812
    0    0    3    6    1.102725
    0    0    4    6    1.162112
    0    0    5    6   -0.202467
    0    0    6    6    5.387235
    0    0    7    6   -2.163577
    0    0    8    6   -0.122378
    0    0    9    6   -1.497257
    0    0   10    6    1.239645
    0    0   11    6    0.112145
    0    0   12    6   -0.022102
    0    0   13    6   -3.348857
    0    0   14    6   -0.073290
    0    0   15    6    1.010692
    0    0   16    6   -2.323555
    0    0   17    6   -0.669647
    0    0   18    6   -0.416265
    0    0    1    7    0.657025
    0    0    2    7   -0.090340
    0    0    3    7   -0.856060
    0    0    4    7   -0.183345
    0    0    5    7   -0.202760
    0    0    6    7   -2.163577
    0    0    7    7    7.142952
    0    0    8    7    0.053657
    0    0    9    7    0.979475
    0    0   10    7   -0.141855
    0    0   11    7   -0.573585
    0    0   12    7    1.564607
    0    0   13    7   -2.060377
    0    0   14    7    0.104717
    0    0   15    7    0.800257
    0    0   16    7    0.119025
    0    0   17    7   -0.600227
    0    0   18    7   -0.184067
    0    0    1    8   -1.203153
    0    0    2    8   -0.139222
    0    0    3    8    0.396855
    0    0    4    8    0.325513
    0    0    5    8   -0.496900
    0    0    6    8   -0.122378
    0    0    7    8    0.053657
    0    0    8    8   -0.865530
    0    0    9    8   -0.029847
    0    0   10    8   -0.154240
    0    0   11    8   -0.053848
    0    0   12    8   -0.034270
    0    0   13    8   -0.159437
    0    0   14    8   -1.512435
    0    0   15    8   -0.011040
    0    0   16    8   -0.200258
    0    0   17    8   -1.766310
    0    0   18    8    0.188050
    0    0    1    9    0.193257
    0    0    2    9    0.305457
    0    0    3    9   -0.500635
    0    0    4    9   -0.017467
    0    0    5    9   -0.150667
    0    0    6    9   -1.497257
    0    0    7    9    0.979475
    0    0    8    9   -0.029847
    0    0    9    9  -10.041620
    0    0   10    9   -0.207725
    0    0   11    9    0.557542
    0    0   12    9    0.735685
    0    0   13    9    0.242660
    0    0   14    9   -0.032677
    0    0   15    9    0.570850
    0    0   16    9    1.523687
    0    0   17    9    1.140732
    0    0   18    9    0.406183
    0    0    1   10   -0.050600
    0    0    2   10   -0.236808
    0    0    3   10   -0.442472
    0    0    4   10    2.346182
    0    0    5   10    0.073590
    0    0    6   10    1.239645
    0    0    7   10   -0.141855
    0    0    8   10   -0.154240
    0    0    9   10   -0.207725
    0    0   10   10    0.943375
    0    0   11   10    0.065210
    0    0   12   10   -0.037450
    0    0   13   10    0.276887
    0    0   14   10   -0.263195
    0    0   15   10    0.451635
    0    0   16   10   -0.030365
    0    0   17   10    0.653670
    0    0   18   10    0.032962
    0    0    1   11   -0.445408
    0    0    2   11    2.101277
    0    0    3   11    1.596492
    0    0    4   11    0.030570
    0    0    5   11    0.585777
    0    0    6   11    0.112145
    0    0    7   11   -0.573585
    0    0    8   11   -0.053848
    0    0    9   11    0.557542
    0    0   10   11    0.065210
    0    0   11   11    1.144673
    0    0   12   11   -0.037542
    0    0   13   11   -0.364027
    0    0   14   11    0.103645
    0    0   15   11    0.821167
    0    0   16   11    1.115750
    0    0   17   11   -0.308460
    0    0   18   11    0.001968
    0    0    1   12    1.184585
    0    0    2   12    0.009755
    0    0    3   12    0.086012
    0    0    4   12    1.142122
    0    0    5   12    0.003520
    0    0    6   12   -0.022102
    0    0    7   12    1.564607
    0    0    8   12   -0.034270
    0    0    9   12    0.735685
    0    0   10   12   -0.037450
    0    0   11   12   -0.037542
    0    0   12   12   -1.901747
    0    0   13   12    0.539890
    0    0   14   12   -0.017925
    0    0   15   12   -0.287832
    0    0   16   12    0.000152
    0    0   17   12    0.222090
    0    0   18   12   -0.337872
    0    0    1   13   -0.640905
    0    0    2   13    3.019795
    0    0    3   13    0.990482
    0    0    4   13    0.968703
    0    0    5   13   -1.007172
    0    0    6   13   -3.348857
    0    0    7   13   -2.060377
    0    0    8   13   -0.159437
    0    0    9   13    0.242660
    0    0   10   13    0.276887
    0    0   11   13   -0.364027
    0    0   12   13    0.539890
    0    0   13   13    5.437893
    0    0   14   13   -0.208580
    0    0   15   13   -0.209670
    0    0   16   13   -0.576448
    0    0   17   13   -0.729920
    0    0   18   13   -0.396215
    0    0    1   14   -0.921382
    0    0    2   14    0.967417
    0    0    3   14    1.701930
    0    0    4   14   -0.014677
    0    0    5   14   -0.045885
    0    0    6   14   -0.073290
    0    0    7   14    0.104717
    0    0    8   14   -1.512435
    0    0    9   14   -0.032677
    0    0   10   14   -0.263195
    0    0   11   14    0.103645
    0    0   12   14   -0.017925
    0    0   13   14   -0.208580
    0    0   14   14   -1.944278
    0    0   15   14    0.308895
    0    0   16   14    1.869433
    0    0   17   14    1.730983
    0    0   18   14    0.060840
    0    0    1   15   -0.363062
    0    0    2   15    0.318820
    0    0    3   15    0.171788
    0    0    4   15    1.141515
    0    0    5   15    1.314175
    0    0    6   15    1.010692
    0    0    7   15    0.800257
    0    0    8   15   -0.011040
    0    0    9   15    0.570850
    0    0   10   15    0.451635
    0    0   11   15    0.821167
    0    0   12   15   -0.287832
    0    0   13   15   -0.209670
    0    0   14   15    0.308895
    0    0   15   15  -10.511762
    0    0   16   15   -2.146208
    0    0   17   15    1.513358
    0    0   18   15   -0.286257
    0    0    1   16    0.707115
    0    0    2   16    0.506175
    0    0    3   16   -0.444122
    0    0    4   16   -0.268247
    0    0    5   16   -0.686910
    0    0    6   16   -2.323555
    0    0    7   16    0.119025
    0    0    8   16   -0.200258
    0    0    9   16    1.523687
    0    0   10   16   -0.030365
    0    0   11   16    1.115750
    0    0   12   16    0.000152
    0    0   13   16   -0.576448
    0    0   14   16    1.869433
    0    0   15   16   -2.146208
    0    0   16   16    0.798878
    0    0   17   16   -0.340747
    0    0   18   16    0.180633
    0    0    1   17   -2.520915
    0    0    2   17   -2.620050
    0    0    3   17    0.029085
    0    0    4   17    0.074285
    0    0    5   17    1.360800
    0    0    6   17   -0.669647
    0    0    7   17   -0.600227
    0    0    8   17   -1.766310
    0    0    9   17    1.140732
    0    0   10   17    0.653670
    0    0   11   17   -0.308460
    0    0   12   17    0.222090
    0    0   13   17   -0.729920
    0    0   14   17    1.730983
    0    0   15   17    1.513358
    0    0   16   17   -0.340747
    0    0   17   17   -4.154788
    0    0   18   17   -0.062205
    0    0    1   18   -0.602523
    0    0    2   18    0.085370
    0    0    3   18   -0.182315
    0    0    4   18   -0.618962
    0    0    5   18    0.019188
    0    0    6   18   -0.416265
    0    0    7   18   -0.184067
    0    0    8   18    0.188050
    0    0    9   18    0.406183
    0    0   10   18    0.032962
    0    0   11   18    0.001968
    0    0   12   18   -0.337872
    0    0   13   18   -0.396215
    0    0   14   18    0.060840
    0    0   15   18   -0.286257
    0    0   16   18    0.180633
    0    0   17   18   -0.062205
    0    0   18   18   -3.698563
    1    0    1    1   -0.150740
    1    0    2    1    0.302497
    1    0    3    1   -0.033800
    1    0    4    1    0.150675
    1    0    5    1   -0.063833
    1    0    6    1    0.754478
    1    0    7    1   -0.497628
    1    0    8    1   -0.002753
    1    0    9    1   -0.884713
    1    0   10    1   -1.175640
    1    0   11    1   -0.027482
    1    0   12    1   -0.466550
    1    0   13    1   -0.231552
    1    0   14    1    0.004477
    1    0   15    1    0.078712
    1    0   16    1    0.460875
    1    0   17    1    0.038517
    1    0   18    1    0.040307
    1    0    1    2    0.006385
    1    0    2    2   -0.007972
    1    0    3    2   -0.006978
    1    0    4    2   -0.021357
    1    0    5    2   -0.011817
    1    0    6    2    0.106320
    1    0    7    2    0.002002
    1    0    8    2    0.000652
    1    0    9    2    0.084565
    1    0   10    2   -0.196747
    1    0   11    2    0.014640
    1    0   12    2   -0.096987
    1    0   13    2    0.127922
    1    0   14    2   -0.005127
    1    0   15    2   -0.031927
    1    0   16    2   -0.024710
    1    0   17    2    0.002518
    1    0   18    2    0.000915
    1    0    1    3   -0.019050
    1    0    2    3    0.029715
    1    0    3    3   -0.222398
    1    0    4    3    0.053405
    1    0    5    3    0.040248
    1    0    6    3   -0.042752
    1    0    7    3   -0.050385
    1    0    8    3    0.009725
    1    0    9    3   -0.219620
    1    0   10    3   -1.393487
    1    0   11    3   -0.038260
    1    0   12    3   -0.381757
    1    0   13    3    0.117210
    1    0   14    3    0.025540
    1    0   15    3    0.746375
    1    0   16    3   -0.009978
    1    0   17    3   -0.087737
    1    0   18    3    0.047940
    1    0    1    4    0.227627
    1    0    2    4   -0.264622
    1    0    3    4    0.363945
    1    0    4    4   -0.071665
    1    0    5    4    0.065155
    1    0    6    4    0.176775
    1    0    7    4    1.318580
    1    0    8    4    0.003232
    1    0    9    4   -0.151877
    1    0   10    4   -0.130452
    1    0   11    4    0.061795
    1    0   12    4   -0.228230
    1    0   13    4    1.339697
    1    0   14    4   -0.083033
    1    0   15    4    0.810342
    1    0   16    4    0.064278
    1    0   17    4    0.281050
    1    0   18    4   -0.136775
    1    0    1    5   -0.009140
    1    0    2    5    0.048330
    1    0    3    5    0.079682
    1    0    4    5    0.001465
    1    0    5    5   -0.015938
    1    0    6    5   -0.156092
    1    0    7    5   -0.158992
    1    0    8    5   -0.004645
    1    0    9    5   -0.184750
    1    0   10    5    0.218070
    1    0   11    5   -0.011330
    1    0   12    5   -0.109308
    1    0   13    5   -0.258490
    1    0   14    5   -0.013005
    1    0   15    5   -0.054717
    1    0   16    5    0.118087
    1    0   17    5   -1.660355
    1    0   18    5   -0.001560
    1    0    1    6    0.192688
    1    0    2    6    0.041507
    1    0    3    6   -0.042977
    1    0    4    6   -0.090437
    1    0    5    6   -0.071135
    1    0    6    6   -0.363277
    1    0    7    6    0.264105
    1    0    8    6    0.004233
    1    0    9    6   -0.005890
    1    0   10    6    3.555588
    1    0   11    6   -0.001038
    1    0   12    6    0.211950
    1    0   13    6    0.124157
    1    0   14    6   -0.023643
    1    0   15    6   -0.027120
    1    0   16    6    0.243570
    1    0   17    6   -0.098745
    1    0   18    6   -0.006458
    1    0    1    7   -0.062922
    1    0    2    7   -0.032817
    1    0    3    7    0.022440
    1    0    4    7    0.031587
    1    0    5    7    0.040313
    1    0    6    7    0.207435
    1    0    7    7   -0.210252
    1    0    8    7    0.003662
    1    0    9    7    0.063560
    1    0   10    7   -2.587137
    1    0   11    7    0.000055
    1    0   12    7   -0.090865
    1    0   13    7   -0.050277
    1    0   14    7    0.008117
    1    0   15    7    0.055095
    1    0   16    7   -0.108682
    1    0   17    7    0.043350
    1    0   18    7   -0.002687
    1    0    1    8   -0.012130
    1    0    2    8   -0.599247
    1    0    3    8    0.062080
    1    0    4    8   -0.005213
    1    0    5    8    0.227417
    1    0    6    8   -1.229618
    1    0    7    8    0.034080
    1    0    8    8   -0.027180
    1    0    9    8   -0.031478
    1    0   10    8    0.157427
    1    0   11    8    0.035210
    1    0   12    8    0.090518
    1    0   13    8    0.559760
    1    0   14    8    0.016898
    1    0   15    8   -0.592605
    1    0   16    8    0.065597
    1    0   17    8    0.262493
    1    0   18    8   -0.027738
    1    0    1    9   -0.014167
    1    0    2    9   -0.042415
    1    0    3    9    0.038425
    1    0    4    9   -0.009040
    1    0    5    9    0.013870
    1    0    6    9    0.043067
    1    0    7    9   -0.045790
    1    0    8    9    0.008318
    1    0    9    9    0.007932
    1    0   10    9   -0.630690
    1    0   11    9   -0.004812
    1    0   12    9   -0.010563
    1    0   13    9    0.013718
    1    0   14    9    0.001635
    1    0   15    9    0.078242
    1    0   16    9   -0.080185
    1    0   17    9    0.023282
    1    0   18    9    0.015742
    1    0    1   10    0.043780
    1    0    2   10   -0.394082
    1    0    3   10    0.059743
    1    0    4   10   -0.003663
    1    0    5   10    0.036785
    1    0    6   10    0.629965
    1    0    7   10   -0.142822
    1    0    8   10   -0.001482
    1    0    9   10   -0.001380
    1    0   10   10    0.014738
    1    0   11   10   -0.048797
    1    0   12   10   -0.213410
    1    0   13   10   -1.279220
    1    0   14   10   -0.002825
    1    0   15   10    0.359970
    1    0   16   10   -0.106575
    1    0   17   10   -0.011788
    1    0   18   10   -0.000585
    1    0    1   11    0.011198
    1    0    2   11    0.036640
    1    0    3   11   -0.006582
    1    0    4   11   -0.009985
    1    0    5   11   -0.014625
    1    0    6   11   -0.099387
    1    0    7   11   -0.101390
    1    0    8   11    0.001255
    1    0    9   11   -0.003437
    1    0   10   11    0.123060
    1    0   11   11    0.016040
    1    0   12   11   -0.005085
    1    0   13   11    0.068435
    1    0   14   11    0.004215
    1    0   15   11   -0.098497
    1    0   16   11    0.001442
    1    0   17   11    0.063275
    1    0   18   11    0.001217
    1    0    1   12    0.078845
    1    0    2   12    0.054777
    1    0    3   12   -0.099272
    1    0    4   12   -0.071220
    1    0    5   12   -0.023080
    1    0    6   12   -0.416623
    1    0    7   12    0.465730
    1    0    8   12    0.003250
    1    0    9   12    0.276565
    1    0   10   12   -1.160142
    1    0   11   12    0.018240
    1    0   12   12    0.104345
    1    0   13   12    0.366962
    1    0   14   12    0.008000
    1    0   15   12    0.081185
    1    0   16   12    0.024837
    1    0   17   12   -0.069932
    1    0   18   12    0.000517
    1    0    1   13    0.109877
    1    0    2   13    0.078977
    1    0    3   13   -0.082290
    1    0    4   13   -0.062772
    1    0    5   13   -0.071660
    1    0    6   13   -0.461445
    1    0    7   13    0.539205
    1    0    8   13    0.000790
    1    0    9   13   -0.027335
    1    0   10   13   -1.116715
    1    0   11   13   -0.015317
    1    0   12   13    0.075792
    1    0   13   13   -0.002790
    1    0   14   13   -0.006818
    1    0   15   13   -0.198217
    1    0   16   13    0.187105
    1    0   17   13   -0.202155
    1    0   18   13    0.012485
    1    0    1   14    0.012263
    1    0    2   14   -0.064973
    1    0    3   14    0.059042
    1    0    4   14    0.026617
    1    0    5   14   -0.012395
    1    0    6   14    0.692690
    1    0    7   14   -0.374792
    1    0    8   14   -0.000260
    1    0    9   14    0.452350
    1    0   10   14    0.033723
    1    0   11   14   -0.207810
    1    0   12   14   -0.018390
    1    0   13   14    1.334735
    1    0   14   14   -0.014680
    1    0   15   14   -0.241290
    1    0   16   14    0.054290
    1    0   17   14   -4.499990
    1    0   18   14   -0.033967
    1    0    1   15   -0.019572
    1    0    2   15   -0.020635
    1    0    3   15    0.011390
    1    0    4   15    0.025955
    1    0    5   15    0.005810
    1    0    6   15    0.024078
    1    0    7   15   -0.109290
    1    0    8   15    0.004278
    1    0    9   15    0.049927
    1    0   10   15    0.382815
    1    0   11   15   -0.001877
    1    0   12   15    0.271170
    1    0   13   15   -0.001655
    1    0   14   15    0.006330
    1    0   15   15   -0.014167
    1    0   16   15    0.031717
    1    0   17   15   -0.019800
    1    0   18   15   -0.014633
    1    0    1   16    0.025345
    1    0    2   16    0.231865
    1    0    3   16   -0.049970
    1    0    4   16   -0.014447
    1    0    5   16   -0.019232
    1    0    6   16   -0.438753
    1    0    7   16   -0.106137
    1    0    8   16   -0.016052
    1    0    9   16    1.315430
    1    0   10   16    0.337313
    1    0   11   16   -0.003242
    1    0   12   16    0.253580
    1    0   13   16    0.342832
    1    0   14   16    0.004925
    1    0   15   16   -0.512035
    1    0   16   16   -0.045582
    1    0   17   16   -0.131097
    1    0   18   16   -0.091195
    1    0    1   17   -0.013652
    1    0    2   17    1.575902
    1    0    3   17    0.064885
    1    0    4   17   -0.065922
    1    0    5   17   -0.095312
    1    0    6   17   -1.352423
    1    0    7   17    0.507197
    1    0    8   17   -0.020577
    1    0    9   17   -0.056758
    1    0   10   17    0.453473
    1    0   11   17    1.093885
    1    0   12   17   -0.022090
    1    0   13   17   -3.848885
    1    0   14   17   -0.044922
    1    0   15   17    0.289835
    1    0   16   17    0.418930
    1    0   17   17    0.026197
    1    0   18   17    0.003725
    1    0    1   18   -0.025842
    1    0    2   18   -0.007087
    1    0    3   18    0.001425
    1    0    4   18    0.009620
    1    0    5   18   -0.013700
    1    0    6   18   -0.816178
    1    0    7   18   -0.047935
    1    0    8   18   -0.003565
    1    0    9   18   -0.763240
    1    0   10   18   -0.435055
    1    0   11   18   -0.012508
    1    0   12   18    0.820687
    1    0   13   18    0.251242
    1    0   14   18    0.016358
    1    0   15   18    0.375653
    1    0   16   18    0.141192
    1    0   17   18   -0.036110
    1    0   18   18    0.024105
   -1    1    1    1   -0.003260
   -1    1    2    1   -0.001805
   -1    1    3    1    0.011772
   -1    1    4    1    0.011953
   -1    1    5    1    0.000112
   -1    1    6    1    0.011632
   -1    1    7    1   -0.008628
   -1    1    8    1    0.003977
   -1    1    9    1   -0.024602
   -1    1   10    1    0.017992
   -1    1   11    1   -0.000385
   -1    1   12    1    0.004692
   -1    1   13    1   -0.000035
   -1    1   14    1   -0.003200
   -1    1   15    1   -0.000810
   -1    1   16    1    0.013980
   -1    1   17    1    0.004932
   -1    1   18    1    0.006642
   -1    1    1    2   -0.013800
   -1    1    2    2   -0.004233
   -1    1    3    2    0.005217
   -1    1    4    2    0.019970
   -1    1    5    2    0.002102
   -1    1    6    2   -0.007097
   -1    1    7    2   -0.000755
   -1    1    8    2    0.010895
   -1    1    9    2    0.008612
   -1    1   10    2    0.001032
   -1    1   11    2   -0.002900
   -1    1   12    2   -0.008455
   -1    1   13    2   -0.017297
   -1    1   14    2    0.002575
   -1    1   15    2   -0.002730
   -1    1   16    2   -0.006033
   -1    1   17    2   -0.001702
   -1    1   18    2   -0.026547
   -1    1    1    3    0.000935
   -1    1    2    3    0.005415
   -1    1    3    3   -0.021687
   -1    1    4    3   -0.027142
   -1    1    5    3   -0.006157
   -1    1    6    3    0.005802
   -1    1    7    3    0.004605
   -1    1    8    3    0.008550
   -1    1    9    3    0.009715
   -1    1   10    3   -0.019475
   -1    1   11    3    0.005783
   -1    1   12    3    0.009340
   -1    1   13    3    0.019463
   -1    1   14    3   -0.003257
   -1    1   15    3    0.002725
   -1    1   16    3    0.001455
   -1    1   17    3   -0.001305
   -1    1   18    3   -0.005387
   -1    1    1    4    0.009027
   -1    1    2    4    0.002960
   -1    1    3    4   -0.003700
   -1    1    4    4   -0.007265
   -1    1    5    4   -0.003192
   -1    1    6    4   -0.016242
   -1    1    7    4    0.013102
   -1    1    8    4    0.001095
   -1    1    9    4    0.016318
   -1    1   10    4   -0.015770
   -1    1   11    4    0.001698
   -1    1   12    4   -0.007680
   -1    1   13    4   -0.006847
   -1    1   14    4    0.003405
   -1    1   15    4   -0.001772
   -1    1   16    4   -0.015257
   -1    1   17    4   -0.004912
   -1    1   18    4   -0.006787
   -1    1    1    5   -0.003900
   -1    1    2    5    0.003730
   -1    1    3    5   -0.002220
   -1    1    4    5   -0.012852
   -1    1    5    5    0.000202
   -1    1    6    5    0.006365
   -1    1    7    5   -0.000280
   -1    1    8    5    0.001553
   -1    1    9    5    0.002427
   -1    1   10    5    0.004672
   -1    1   11    5    0.001490
   -1    1   12    5    0.008092
   -1    1   13    5    0.013200
   -1    1   14    5   -0.000585
   -1    1   15    5   -0.001285
   -1    1   16    5   -0.001587
   -1    1   17    5   -0.001445
   -1    1   18    5   -0.004175
   -1    1    1    6   -0.032165
   -1    1    2    6    0.019530
   -1    1    3    6   -0.032375
   -1    1    4    6    0.026035
   -1    1    5    6    0.018972
   -1    1    6    6    0.102945
   -1    1    7    6   -0.017702
   -1    1    8    6   -0.006672
   -1    1    9    6    0.029298
   -1    1   10    6    0.003662
   -1    1   11    6    0.012155
   -1    1   12    6    0.030092
   -1    1   13    6    0.077390
   -1    1   14    6   -0.003602
   -1    1   15    6   -0.001965
   -1    1   16    6   -0.073955
   -1    1   17    6   -0.003852
   -1    1   18    6    0.069332
   -1    1    1    7   -1.146975
   -1    1    2    7    0.006822
   -1    1    3    7   -0.036018
   -1    1    4    7    0.173412
   -1    1    5    7    0.122883
   -1    1    6    7   -0.049415
   -1    1    7    7    0.013722
   -1    1    8    7   -0.847615
   -1    1    9    7    0.001898
   -1    1   10    7    0.086155
   -1    1   11    7    0.016450
   -1    1   12    7   -0.004253
   -1    1   13    7   -0.063543
   -1    1   14    7   -0.024928
   -1    1   15    7   -0.001713
   -1    1   16    7    0.115130
   -1    1   17    7    0.131433
   -1    1   18    7    0.231760
   -1    1    1    8   -0.002447
   -1    1    2    8    0.000128
   -1    1    3    8    0.001835
   -1    1    4    8   -0.001545
   -1    1    5    8   -0.000817
   -1    1    6    8    0.001012
   -1    1    7    8   -0.001533
   -1    1    8    8    0.000732
   -1    1    9    8   -0.000620
   -1    1   10    8   -0.001035
   -1    1   11    8   -0.000247
   -1    1   12    8    0.002120
   -1    1   13    8    0.000662
   -1    1   14    8   -0.001362
   -1    1   15    8    0.000275
   -1    1   16    8    0.005087
   -1    1   17    8    0.000452
   -1    1   18    8    0.000035
   -1    1    1    9   -0.124082
   -1    1    2    9    0.026690
   -1    1    3    9    0.048647
   -1    1    4    9   -0.096737
   -1    1    5    9   -0.030217
   -1    1    6    9    0.036295
   -1    1    7    9   -0.016275
   -1    1    8    9    0.165647
   -1    1    9    9    0.008100
   -1    1   10    9    0.019300
   -1    1   11    9   -0.021992
   -1    1   12    9    0.069000
   -1    1   13    9   -0.001817
   -1    1   14    9   -0.029165
   -1    1   15    9   -0.026345
   -1    1   16    9    0.110090
   -1    1   17    9   -0.002587
   -1    1   18    9    0.031947
   -1    1    1   10    0.033112
   -1    1    2   10   -0.077082
   -1    1    3   10   -0.025350
   -1    1    4   10    0.599745
   -1    1    5   10    0.058427
   -1    1    6   10    0.111735
   -1    1    7   10   -0.017808
   -1    1    8   10   -0.034740
   -1    1    9   10   -0.014582
   -1    1   10   10   -0.042433
   -1    1   11   10    0.005905
   -1    1   12   10   -0.135190
   -1    1   13   10   -0.021997
   -1    1   14   10    0.022080
   -1    1   15   10    0.024377
   -1    1   16   10   -0.099197
   -1    1   17   10    0.046082
   -1    1   18   10    0.001107
   -1    1    1   11   -0.001045
   -1    1    2   11   -0.001675
   -1    1    3   11    0.003050
   -1    1    4   11    0.017647
   -1    1    5   11    0.003150
   -1    1    6   11    0.003580
   -1    1    7   11   -0.004027
   -1    1    8   11   -0.000505
   -1    1    9   11   -0.001553
   -1    1   10   11    0.003235
   -1    1   11   11   -0.001607
   -1    1   12   11   -0.001480
   -1    1   13   11   -0.004100
   -1    1   14   11    0.004508
   -1    1   15   11   -0.002587
   -1    1   16   11   -0.001935
   -1    1   17   11   -0.004992
   -1    1   18   11   -0.008877
   -1    1    1   12   -0.013507
   -1    1    2   12   -0.007788
   -1    1    3   12   -0.004670
   -1    1    4   12    0.026040
   -1    1    5   12    0.012917
   -1    1    6   12    0.026710
   -1    1    7   12   -0.013470
   -1    1    8   12   -0.001290
   -1    1    9   12   -0.003820
   -1    1   10   12    0.011090
   -1    1   11   12   -0.000495
   -1    1   12   12   -0.000440
   -1    1   13   12   -0.000625
   -1    1   14   12    0.006427
   -1    1   15   12    0.010225
   -1    1   16   12   -0.011920
   -1    1   17   12    0.009097
   -1    1   18   12   -0.168615
   -1    1    1   13   -0.097172
   -1    1    2   13   -0.000873
   -1    1    3   13    0.000090
   -1    1    4   13   -0.010745
   -1    1    5   13    0.017805
   -1    1    6   13    0.073460
   -1    1    7   13   -0.032955
   -1    1    8   13    0.067815
   -1    1    9   13   -0.006177
   -1    1   10   13    0.050657
   -1    1   11   13   -0.001740
   -1    1   12   13    0.026918
   -1    1   13   13    0.017515
   -1    1   14   13   -0.001567
   -1    1   15   13    0.000620
   -1    1   16   13   -0.012472
   -1    1   17   13   -0.020053
   -1    1   18   13   -0.139995
   -1    1    1   14   -0.007063
   -1    1    2   14    0.000067
   -1    1    3   14    0.008247
   -1    1    4   14   -0.005912
   -1    1    5   14   -0.003170
   -1    1    6   14   -0.004435
   -1    1    7   14   -0.002097
   -1    1    8   14    0.003375
   -1    1    9   14   -0.002862
   -1    1   10   14    0.000540
   -1    1   11   14   -0.001585
   -1    1   12   14    0.002167
   -1    1   13   14   -0.004995
   -1    1   14   14   -0.003365
   -1    1   15   14   -0.001380
   -1    1   16   14    0.011992
   -1    1   17   14    0.001610
   -1    1   18   14   -0.004445
   -1    1    1   15   -0.020352
   -1    1    2   15    0.009260
   -1    1    3   15    0.019100
   -1    1    4   15   -0.003768
   -1    1    5   15   -0.009360
   -1    1    6   15    0.010922
   -1    1    7   15   -0.009340
   -1    1    8   15    0.009415
   -1    1    9   15    0.000303
   -1    1   10   15   -0.004157
   -1    1   11   15   -0.000055
   -1    1   12   15    0.015615
   -1    1   13   15    0.000350
   -1    1   14   15   -0.006895
   -1    1   15   15   -0.013303
   -1    1   16   15    0.014287
   -1    1   17   15    0.005225
   -1    1   18   15   -0.045480
   -1    1    1   16    0.031795
   -1    1    2   16   -0.024065
   -1    1    3   16   -0.010817
   -1    1    4   16    0.054918
   -1    1    5   16    0.012930
   -1    1    6   16   -0.020197
   -1    1    7   16    0.002077
   -1    1    8   16   -0.028005
   -1    1    9   16   -0.024962
   -1    1   10   16   -0.008420
   -1    1   11   16   -0.003448
   -1    1   12   16   -0.046720
   -1    1   13   16   -0.045145
   -1    1   14   16    0.012870
   -1    1   15   16    0.031010
   -1    1   16   16   -0.030435
   -1    1   17   16    0.007003
   -1    1   18   16    0.004905
   -1    1    1   17    0.009487
   -1    1    2   17   -0.000310
   -1    1    3   17   -0.025343
   -1    1    4   17   -0.013105
   -1    1    5   17    0.001410
   -1    1    6   17    0.007005
   -1    1    7   17    0.005882
   -1    1    8   17   -0.009633
   -1    1    9   17    0.004250
   -1    1   10   17   -0.000190
   -1    1   11   17    0.008897
   -1    1   12   17    0.000795
   -1    1   13   17    0.025715
   -1    1   14   17   -0.002770
   -1    1   15   17    0.011980
   -1    1   16   17   -0.020098
   -1    1   17   17   -0.003678
   -1    1   18   17    0.001618
   -1    1    1   18    0.012917
   -1    1    2   18    0.000085
   -1    1    3   18    0.001083
   -1    1    4   18   -0.001830
   -1    1    5   18    0.002398
   -1    1    6   18    0.009165
   -1    1    7   18   -0.001395
   -1    1    8   18   -0.010817
   -1    1    9   18   -0.001850
   -1    1   10   18    0.008135
   -1    1   11   18    0.001515
   -1    1   12   18    0.002942
   -1    1   13   18    0.009668
   -1    1   14   18    0.002982
   -1    1   15   18   -0.001867
   -1    1   16   18   -0.003693
   -1    1   17   18    0.000985
   -1    1   18   18    0.001425
    0    1    1    1   -0.001680
    0    1    2    1    0.015435
    0    1    3    1   -0.034728
    0    1    4    1   -0.303968
    0    1    5    1   -0.012610
    0    1    6    1   -0.052427
    0    1    7    1    0.034798
    0    1    8    1    0.074065
    0    1    9    1    0.044425
    0    1   10    1   -0.009157
    0    1   11    1   -0.001055
    0    1   12    1    0.027043
    0    1   13    1    0.058300
    0    1   14    1    0.017900
    0    1   15    1   -0.013042
    0    1   16    1    0.010578
    0    1   17    1   -0.044840
    0    1   18    1    0.096225
    0    1    1    2    0.018072
    0    1    2    2    0.008862
    0    1    3    2   -0.047432
    0    1    4    2    0.012892
    0    1    5    2   -0.035025
    0    1    6    2   -0.011678
    0    1    7    2   -0.009132
    0    1    8    2   -0.077130
    0    1    9    2    0.002212
    0    1   10    2    0.012903
    0    1   11    2    0.001973
    0    1   12    2    0.016562
    0    1   13    2    0.012297
    0    1   14    2   -0.021080
    0    1   15    2    0.014625
    0    1   16    2    0.116467
    0    1   17    2   -0.005912
    0    1   18    2    0.699060
    0    1    1    3    0.103805
    0    1    2    3   -0.028070
    0    1    3    3    0.053013
    0    1    4    3    0.180990
    0    1    5    3    0.011177
    0    1    6    3    0.028317
    0    1    7    3   -0.012905
    0    1    8    3    0.071248
    0    1    9    3    0.022445
    0    1   10    3   -0.010430
    0    1   11    3   -0.018715
    0    1   12    3   -0.132347
    0    1   13    3    0.000827
    0    1   14    3    0.017847
    0    1   15    3   -0.049193
    0    1   16    3   -0.029137
    0    1   17    3    0.027282
    0    1   18    3   -0.996267
    0    1    1    4    0.075912
    0    1    2    4   -0.010152
    0    1    3    4    0.035865
    0    1    4    4    0.161715
    0    1    5    4   -0.000780
    0    1    6    4   -0.001005
    0    1    7    4   -0.023027
    0    1    8    4   -0.004560
    0    1    9    4   -0.035228
    0    1   10    4    0.012582
    0    1   11    4   -0.010885
    0    1   12    4   -0.010042
    0    1   13    4   -0.032025
    0    1   14    4    0.001218
    0    1   15    4   -0.008712
    0    1   16    4    0.013300
    0    1   17    4    0.006540
    0    1   18    4   -0.639825
    0    1    1    5   -0.026702
    0    1    2    5   -0.006177
    0    1    3    5   -0.001412
    0    1    4    5    0.040260
    0    1    5    5    0.010833
    0    1    6    5   -0.030610
    0    1    7    5    0.016365
    0    1    8    5   -0.052577
    0    1    9    5    0.014440
    0    1   10    5   -0.010043
    0    1   11    5    0.001450
    0    1   12    5   -0.022170
    0    1   13    5   -0.023735
    0    1   14    5    0.003042
    0    1   15    5    0.009670
    0    1   16    5   -0.028988
    0    1   17    5    0.012032
    0    1   18    5    0.032043
    0    1    1    6    0.132635
    0    1    2    6    0.023220
    0    1    3    6    0.064260
    0    1    4    6   -0.015967
    0    1    5    6    0.018982
    0    1    6    6   -0.353702
    0    1    7    6    0.159687
    0    1    8    6   -0.008885
    0    1    9    6    0.105383
    0    1   10    6   -0.059157
    0    1   11    6   -0.023348
    0    1   12    6   -0.209695
    0    1   13    6   -0.200875
    0    1   14    6   -0.005942
    0    1   15    6    0.012262
    0    1   16    6   -0.449722
    0    1   17    6   -0.009920
    0    1   18    6    0.484295
    0    1    1    7   -0.738605
    0    1    2    7   -1.406805
    0    1    3    7   -0.190480
    0    1    4    7   -0.160585
    0    1    5    7   -0.694785
    0    1    6    7    0.827387
    0    1    7    7   -0.087817
    0    1    8    7    0.027050
    0    1    9    7    0.032000
    0    1   10    7    0.009225
    0    1   11    7    0.093287
    0    1   12    7   -0.818275
    0    1   13    7   -0.787675
    0    1   14    7   -0.125350
    0    1   15    7   -0.731542
    0    1   16    7    0.063710
    0    1   17    7    0.064190
    0    1   18    7    0.076127
    0    1    1    8   -0.005995
    0    1    2    8   -0.003097
    0    1    3    8   -0.016620
    0    1    4    8   -0.026360
    0    1    5    8    0.002223
    0    1    6    8    0.006710
    0    1    7    8    0.003617
    0    1    8    8    0.003460
    0    1    9    8    0.007302
    0    1   10    8   -0.004412
    0    1   11    8    0.005010
    0    1   12    8    0.001048
    0    1   13    8    0.013057
    0    1   14    8   -0.002117
    0    1   15    8    0.010665
    0    1   16    8   -0.015405
    0    1   17    8   -0.002100
    0    1   18    8   -0.028670
    0    1    1    9    0.001490
    0    1    2    9   -0.420252
    0    1    3    9   -0.198592
    0    1    4    9   -0.082382
    0    1    5    9    0.149095
    0    1    6    9   -0.207175
    0    1    7    9    0.076370
    0    1    8    9    0.314277
    0    1    9    9   -0.168927
    0    1   10    9   -0.029130
    0    1   11    9    0.012323
    0    1   12    9   -0.526870
    0    1   13    9    0.174032
    0    1   14    9   -0.010085
    0    1   15    9    0.013670
    0    1   16    9    0.526165
    0    1   17    9    0.099358
    0    1   18    9    0.237970
    0    1    1   10    0.191723
    0    1    2   10    0.136362
    0    1    3   10    0.036780
    0    1    4   10   -0.092037
    0    1    5   10   -0.129265
    0    1    6   10   -0.518732
    0    1    7   10   -0.228115
    0    1    8   10    0.021043
    0    1    9   10    0.097085
    0    1   10   10    0.176912
    0    1   11   10    0.020660
    0    1   12   10    0.142797
    0    1   13   10    0.266115
    0    1   14   10   -0.023450
    0    1   15   10    0.078200
    0    1   16   10    0.067215
    0    1   17   10   -0.148668
    0    1   18   10    0.084542
    0    1    1   11   -0.026282
    0    1    2   11    0.047957
    0    1    3   11   -0.000925
    0    1    4   11    0.051380
    0    1    5   11   -0.000573
    0    1    6   11   -0.035180
    0    1    7   11    0.002525
    0    1    8   11   -0.110492
    0    1    9   11    0.012857
    0    1   10   11    0.001420
    0    1   11   11    0.007555
    0    1   12   11    0.017922
    0    1   13   11   -0.019340
    0    1   14   11    0.025083
    0    1   15   11    0.027322
    0    1   16   11   -0.249420
    0    1   17   11    0.080990
    0    1   18   11   -0.086247
    0    1    1   12    0.056302
    0    1    2   12    0.026462
    0    1    3   12    0.029215
    0    1    4   12    0.031632
    0    1    5   12   -0.049333
    0    1    6   12   -0.069672
    0    1    7   12    0.001420
    0    1    8   12   -0.007570
    0    1    9   12    0.514167
    0    1   10   12    0.018023
    0    1   11   12   -0.005792
    0    1   12   12   -0.015412
    0    1   13   12    0.027780
    0    1   14   12   -0.026585
    0    1   15   12   -0.024365
    0    1   16   12    0.064043
    0    1   17   12   -0.015365
    0    1   18   12   -0.163508
    0    1    1   13    0.205537
    0    1    2   13    0.038340
    0    1    3   13   -0.117640
    0    1    4   13    0.850293
    0    1    5   13   -0.113787
    0    1    6   13   -0.048705
    0    1    7   13    0.067572
    0    1    8   13   -0.220663
    0    1    9   13    0.156630
    0    1   10   13    0.032035
    0    1   11   13    0.007095
    0    1   12   13   -0.123042
    0    1   13   13    0.035207
    0    1   14   13   -0.050502
    0    1   15   13    0.134155
    0    1   16   13   -0.555462
    0    1   17   13    0.027240
    0    1   18   13   -1.688357
    0    1    1   14   -0.003318
    0    1    2   14   -0.009777
    0    1    3   14   -0.041800
    0    1    4   14   -0.046572
    0    1    5   14    0.010047
    0    1    6   14    0.010717
    0    1    7   14    0.000705
    0    1    8   14   -0.012087
    0    1    9   14   -0.000860
    0    1   10   14   -0.003222
    0    1   11   14    0.013170
    0    1   12   14    0.005640
    0    1   13   14    0.023655
    0    1   14   14   -0.006527
    0    1   15   14    0.018435
    0    1   16   14   -0.001558
    0    1   17   14    0.011267
    0    1   18   14    0.019320
    0    1    1   15   -0.026663
    0    1    2   15   -0.016985
    0    1    3   15    0.282598
    0    1    4   15   -0.070742
    0    1    5   15    0.051165
    0    1    6   15   -0.132212
    0    1    7   15    0.048577
    0    1    8   15    0.147760
    0    1    9   15   -0.044100
    0    1   10   15   -0.019152
    0    1   11   15   -0.020245
    0    1   12   15    0.208575
    0    1   13   15   -0.127737
    0    1   14   15    0.000042
    0    1   15   15    0.065412
    0    1   16   15   -0.286345
    0    1   17   15   -0.035597
    0    1   18   15   -4.317107
    0    1    1   16    0.053162
    0    1    2   16    0.060937
    0    1    3   16    0.073590
    0    1    4   16    0.025957
    0    1    5   16   -0.031433
    0    1    6   16    0.172123
    0    1    7   16   -0.091267
    0    1    8   16    0.070765
    0    1    9   16   -0.070822
    0    1   10   16    0.058140
    0    1   11   16   -0.022017
    0    1   12   16    0.169030
    0    1   13   16    0.015680
    0    1   14   16   -0.015772
    0    1   15   16   -0.036550
    0    1   16   16    0.128375
    0    1   17   16    0.008533
    0    1   18   16    0.117062
    0    1    1   17    0.015160
    0    1    2   17    0.029100
    0    1    3   17    0.004662
    0    1    4   17    0.026915
    0    1    5   17   -0.011312
    0    1    6   17    0.055575
    0    1    7   17    0.006762
    0    1    8   17   -0.083265
    0    1    9   17    0.037570
    0    1   10   17   -0.022400
    0    1   11   17   -0.002765
    0    1   12   17   -0.005022
    0    1   13   17    0.030882
    0    1   14   17   -0.006732
    0    1   15   17    0.023587
    0    1   16   17   -0.067045
    0    1   17   17    0.009320
    0    1   18   17   -0.012830
    0    1    1   18   -0.158353
    0    1    2   18    0.034072
    0    1    3   18   -0.006790
    0    1    4   18   -0.626355
    0    1    5   18    0.005292
    0    1    6   18   -0.087907
    0    1    7   18    0.019192
    0    1    8   18    0.038532
    0    1    9   18    0.028387
    0    1   10   18   -0.003448
    0    1   11   18   -0.005777
    0    1   12   18   -0.184515
    0    1   13   18   -0.042340
    0    1   14   18    0.025305
    0    1   15   18   -0.012607
    0    1   16   18   -0.045767
    0    1   17   18   -0.024362
    0    1   18   18    0.043595
    1    1    1    1   -0.128990
    1    1    2    1    0.053852
    1    1    3    1    0.012162
    1    1    4    1    0.132110
    1    1    5    1    0.032407
    1    1    6    1    0.038627
    1    1    7    1    0.119917
    1    1    8    1   -0.039865
    1    1    9    1   -0.539660
    1    1   10    1    0.005662
    1    1   11    1   -0.029038
    1    1   12    1   -0.218177
    1    1   13    1   -0.177735
    1    1   14    1    0.045975
    1    1   15    1   -0.000688
    1    1   16    1   -0.017487
    1    1   17    1    0.043537
    1    1   18    1   -0.623572
    1    1    1    2   -0.015190
    1    1    2    2   -0.003650
    1    1    3    2   -0.020935
    1    1    4    2    0.007912
    1    1    5    2    0.018627
    1    1    6    2   -0.001120
    1    1    7    2   -0.008640
    1    1    8    2   -0.000770
    1    1    9    2    0.849357
    1    1   10    2   -0.048535
    1    1   11    2    0.009132
    1    1   12    2    0.083980
    1    1   13    2    0.069492
    1    1   14    2    0.005487
    1    1   15    2    0.046707
    1    1   16    2   -0.025110
    1    1   17    2    0.011860
    1    1   18    2    0.063207
    1    1    1    3   -0.027920
    1    1    2    3    0.012760
    1    1    3    3    0.070682
    1    1    4    3   -0.034588
    1    1    5    3   -0.089797
    1    1    6    3   -0.029312
    1    1    7    3   -0.054110
    1    1    8    3   -0.008490
    1    1    9    3   -2.052097
    1    1   10    3    0.045217
    1    1   11    3   -0.039822
    1    1   12    3   -0.131192
    1    1   13    3   -0.203660
    1    1   14    3   -0.022782
    1    1   15    3   -0.153375
    1    1   16    3    0.233485
    1    1   17    3   -0.094433
    1    1   18    3    0.023435
    1    1    1    4    0.096240
    1    1    2    4    0.026407
    1    1    3    4    0.104820
    1    1    4    4   -0.068060
    1    1    5    4   -0.030683
    1    1    6    4   -0.069940
    1    1    7    4   -0.086500
    1    1    8    4   -0.002630
    1    1    9    4    0.753852
    1    1   10    4    0.037440
    1    1   11    4    0.005375
    1    1   12    4    0.086755
    1    1   13    4    0.159098
    1    1   14    4   -0.032127
    1    1   15    4   -0.029535
    1    1   16    4    0.056282
    1    1   17    4   -0.023945
    1    1   18    4    0.096752
    1    1    1    5    0.008335
    1    1    2    5    0.001957
    1    1    3    5    0.026195
    1    1    4    5    0.030877
    1    1    5    5   -0.008650
    1    1    6    5   -0.092507
    1    1    7    5   -0.036987
    1    1    8    5   -0.001730
    1    1    9    5    0.227520
    1    1   10    5    0.035165
    1    1   11    5    0.000365
    1    1   12    5    0.000282
    1    1   13    5   -0.039170
    1    1   14    5   -0.004207
    1    1   15    5   -0.011222
    1    1   16    5    0.039363
    1    1   17    5    0.013232
    1    1   18    5    0.064030
    1    1    1    6   -0.013695
    1    1    2    6   -0.055665
    1    1    3    6    0.031540
    1    1    4    6    0.052507
    1    1    5    6    0.023125
    1    1    6    6    0.236877
    1    1    7    6   -0.383288
    1    1    8    6   -0.008562
    1    1    9    6   -0.585992
    1    1   10    6    0.117175
    1    1   11    6    0.001925
    1    1   12    6    0.012770
    1    1   13    6   -0.059675
    1    1   14    6   -0.011498
    1    1   15    6   -0.169725
    1    1   16    6    0.106400
    1    1   17    6    0.128135
    1    1   18    6   -0.026263
    1    1    1    7   -0.021520
    1    1    2    7    0.040252
    1    1    3    7   -0.020833
    1    1    4    7   -0.017355
    1    1    5    7    0.001725
    1    1    6    7    0.190997
    1    1    7    7    0.318153
    1    1    8    7   -0.001175
    1    1    9    7    0.247467
    1    1   10    7   -0.130658
    1    1   11    7    0.015932
    1    1   12    7   -0.064625
    1    1   13    7    0.086972
    1    1   14    7    0.009902
    1    1   15    7    0.086612
    1    1   16    7   -0.106395
    1    1   17    7   -0.046612
    1    1   18    7   -0.023505
    1    1    1    8   -0.005185
    1    1    2    8   -0.004425
    1    1    3    8   -0.013687
    1    1    4    8    0.015302
    1    1    5    8   -0.001457
    1    1    6    8    0.014840
    1    1    7    8    0.014510
    1    1    8    8   -0.007705
    1    1    9    8    0.078175
    1    1   10    8   -0.005165
    1    1   11    8   -0.000510
    1    1   12    8   -0.010158
    1    1   13    8    0.003860
    1    1   14    8    0.001530
    1    1   15    8    0.022050
    1    1   16    8   -0.057677
    1    1   17    8    0.001515
    1    1   18    8   -0.239885
    1    1    1    9   -0.030623
    1    1    2    9    0.081542
    1    1    3    9   -0.022583
    1    1    4    9    0.013978
    1    1    5    9   -0.043595
    1    1    6    9    0.139415
    1    1    7    9    0.088237
    1    1    8    9   -0.015805
    1    1    9    9    0.148430
    1    1   10    9   -0.055053
    1    1   11    9    0.005977
    1    1   12    9   -0.045510
    1    1   13    9    0.042388
    1    1   14    9    0.004632
    1    1   15    9   -0.004267
    1    1   16    9    0.040392
    1    1   17    9    0.012605
    1    1   18    9   -0.028555
    1    1    1   10    0.002123
    1    1    2   10    0.025465
    1    1    3   10    0.075935
    1    1    4   10   -0.037917
    1    1    5   10    0.046902
    1    1    6   10   -0.075507
    1    1    7   10   -0.063292
    1    1    8   10    0.000215
    1    1    9   10   -0.057658
    1    1   10   10   -0.497537
    1    1   11   10   -0.019190
    1    1   12   10   -0.170130
    1    1   13   10    0.027200
    1    1   14   10    0.010355
    1    1   15   10   -0.097917
    1    1   16   10   -0.008467
    1    1   17   10    0.004330
    1    1   18   10   -0.426240
    1    1    1   11    0.017375
    1    1    2   11    0.026755
    1    1    3   11   -0.049220
    1    1    4   11    0.003850
    1    1    5   11    0.038443
    1    1    6   11   -0.022865
    1    1    7   11   -0.069802
    1    1    8   11    0.004737
    1    1    9   11    0.100217
    1    1   10   11   -0.057923
    1    1   11   11    0.018085
    1    1   12   11   -0.002685
    1    1   13   11    0.084380
    1    1   14   11    0.017227
    1    1   15   11    0.088953
    1    1   16   11   -0.101422
    1    1   17   11   -0.025848
    1    1   18   11    0.020610
    1    1    1   12   -0.063157
    1    1    2   12   -0.034530
    1    1    3   12   -0.060073
    1    1    4   12    0.026060
    1    1    5   12    0.032572
    1    1    6   12    0.006145
    1    1    7   12   -0.064550
    1    1    8   12   -0.001230
    1    1    9   12    0.096360
    1    1   10   12   -0.114180
    1    1   11   12   -0.000448
    1    1   12   12    0.003837
    1    1   13   12   -0.035053
    1    1   14   12    0.016165
    1    1   15   12    0.027443
    1    1   16   12   -0.021530
    1    1   17   12    0.015230
    1    1   18   12   -0.010020
    1    1    1   13   -0.069415
    1    1    2   13   -0.053262
    1    1    3   13   -0.034205
    1    1    4   13    0.127323
    1    1    5   13    0.003282
    1    1    6   13   -0.528155
    1    1    7   13   -0.476490
    1    1    8   13   -0.009792
    1    1    9   13    0.345720
    1    1   10   13   -0.209470
    1    1   11   13   -0.017050
    1    1   12   13    0.059985
    1    1   13   13   -0.076590
    1    1   14   13    0.014412
    1    1   15   13    0.162947
    1    1   16   13    0.079625
    1    1   17   13   -0.026265
    1    1   18   13    0.036035
    1    1    1   14    0.053967
    1    1    2   14    0.029545
    1    1    3   14   -0.023822
    1    1    4   14    0.015428
    1    1    5   14    0.010633
    1    1    6   14    0.036090
    1    1    7   14    0.048755
    1    1    8   14   -0.016972
    1    1    9   14    0.135203
    1    1   10   14   -0.019393
    1    1   11   14    0.007888
    1    1   12   14    0.043035
    1    1   13   14    0.077065
    1    1   14   14    0.007832
    1    1   15   14    0.058280
    1    1   16   14   -0.087097
    1    1   17   14   -0.005480
    1    1   18   14   -0.093430
    1    1    1   15    0.023147
    1    1    2   15    0.032495
    1    1    3   15    0.028070
    1    1    4   15   -0.029675
    1    1    5   15    0.004565
    1    1    6   15    0.161303
    1    1    7   15    0.050402
    1    1    8   15   -0.005152
    1    1    9   15   -2.245410
    1    1   10   15    0.096492
    1    1   11   15   -0.008127
    1    1   12   15   -0.154805
    1    1   13   15   -0.106510
    1    1   14   15   -0.003237
    1    1   15   15   -0.055207
    1    1   16   15   -0.096905
    1    1   17   15   -0.009595
    1    1   18   15   -0.125705
    1    1    1   16    0.146512
    1    1    2   16   -0.041672
    1    1    3   16   -0.041030
    1    1    4   16   -0.130428
    1    1    5   16    0.036272
    1    1    6   16    0.102618
    1    1    7   16   -0.003067
    1    1    8   16    0.016008
    1    1    9   16   -0.207340
    1    1   10   16   -0.092025
    1    1   11   16    0.012358
    1    1   12   16    0.156735
    1    1   13   16    0.199205
    1    1   14   16   -0.023802
    1    1   15   16    0.035170
    1    1   16   16   -0.118140
    1    1   17   16   -0.063287
    1    1   18   16   -0.060022
    1    1    1   17    0.011662
    1    1    2   17   -0.090807
    1    1    3   17    0.031752
    1    1    4   17   -0.013980
    1    1    5   17   -0.037395
    1    1    6   17   -0.031865
    1    1    7   17   -0.047865
    1    1    8   17   -0.009142
    1    1    9   17   -0.031028
    1    1   10   17   -0.000440
    1    1   11   17   -0.005350
    1    1   12   17   -0.040792
    1    1   13   17   -0.069402
    1    1   14   17   -0.008045
    1    1   15   17   -0.092265
    1    1   16   17    0.336570
    1    1   17   17    0.012320
    1    1   18   17    0.438532
    1    1    1   18   -0.074775
    1    1    2   18   -0.040122
    1    1    3   18    0.070540
    1    1    4   18    0.071500
    1    1    5   18    0.015610
    1    1    6   18    0.532530
    1    1    7   18    0.287945
    1    1    8   18   -0.013765
    1    1    9   18   -0.154817
    1    1   10   18    0.080418
    1    1   11   18   -0.004870
    1    1   12   18   -0.195028
    1    1   13   18   -0.229195
    1    1   14   18   -0.003622
    1    1   15   18   -0.147972
    1    1   16   18   -0.018105
    1    1   17   18    0.129873
    1    1   18   18    0.108775
