 ir1  ir2   m    n          ReH 
   -1   -1    1    1   -0.077512
   -1   -1    2    1   -0.005508
   -1   -1    3    1   -0.036070
   -1   -1    4    1   -0.026818
   -1   -1    5    1    0.025800
   -1   -1    6    1    0.000303
   -1   -1    7    1   -0.006955
   -1   -1    8    1    0.010743
   -1   -1    9    1    0.080545
   -1   -1   10    1   -0.012965
   -1   -1   11    1    0.029172
   -1   -1   12    1   -0.015580
   -1   -1   13    1    0.008560
   -1   -1   14    1    0.047070
   -1   -1   15    1    0.007210
   -1   -1   16    1    0.016722
   -1   -1   17    1   -0.026142
   -1   -1   18    1   -0.087552
   -1   -1    1    2   -0.003577
   -1   -1    2    2   -0.001177
   -1   -1    3    2   -0.002747
   -1   -1    4    2    0.083985
   -1   -1    5    2    0.006935
   -1   -1    6    2    0.002530
   -1   -1    7    2   -0.008660
   -1   -1    8    2    0.013455
   -1   -1    9    2   -0.001712
   -1   -1   10    2    0.033335
   -1   -1   11    2   -0.013370
   -1   -1   12    2   -0.005285
   -1   -1   13    2    0.001128
   -1   -1   14    2    0.022443
   -1   -1   15    2   -0.054640
   -1   -1   16    2    0.012113
   -1   -1   17    2   -0.020305
   -1   -1   18    2    0.003720
   -1   -1    1    3    0.058332
   -1   -1    2    3   -0.002247
   -1   -1    3    3   -0.031602
   -1   -1    4    3   -0.618007
   -1   -1    5    3    0.003525
   -1   -1    6    3   -0.030567
   -1   -1    7    3   -0.027242
   -1   -1    8    3   -0.000802
   -1   -1    9    3    0.080452
   -1   -1   10    3    0.024172
   -1   -1   11    3   -0.003798
   -1   -1   12    3   -0.016183
   -1   -1   13    3    0.032598
   -1   -1   14    3   -0.013840
   -1   -1   15    3    0.029605
   -1   -1   16    3    0.023667
   -1   -1   17    3   -0.006435
   -1   -1   18    3   -0.041927
   -1   -1    1    4    0.009007
   -1   -1    2    4   -0.006983
   -1   -1    3    4   -0.023055
   -1   -1    4    4   -0.257217
   -1   -1    5    4    0.008592
   -1   -1    6    4   -0.004260
   -1   -1    7    4   -0.005265
   -1   -1    8    4    0.001477
   -1   -1    9    4   -0.006370
   -1   -1   10    4    0.012550
   -1   -1   11    4   -0.002972
   -1   -1   12    4    0.008835
   -1   -1   13    4   -0.019860
   -1   -1   14    4    0.008788
   -1   -1   15    4    0.000892
   -1   -1   16    4   -0.010530
   -1   -1   17    4   -0.001932
   -1   -1   18    4   -0.027668
   -1   -1    1    5    0.056452
   -1   -1    2    5   -0.007202
   -1   -1    3    5   -0.031187
   -1   -1    4    5   -0.104390
   -1   -1    5    5    0.033298
   -1   -1    6    5   -0.007952
   -1   -1    7    5   -0.004638
   -1   -1    8    5    0.011667
   -1   -1    9    5    0.041350
   -1   -1   10    5    0.050463
   -1   -1   11    5    0.017687
   -1   -1   12    5    0.004367
   -1   -1   13    5    0.013163
   -1   -1   14    5    0.080505
   -1   -1   15    5   -0.003387
   -1   -1   16    5   -0.020100
   -1   -1   17    5   -0.027202
   -1   -1   18    5   -0.130082
   -1   -1    1    6    0.057970
   -1   -1    2    6   -0.016047
   -1   -1    3    6   -0.003782
   -1   -1    4    6   -0.081345
   -1   -1    5    6    0.013720
   -1   -1    6    6   -0.090372
   -1   -1    7    6   -0.052270
   -1   -1    8    6   -0.004150
   -1   -1    9    6    0.018625
   -1   -1   10    6   -0.028073
   -1   -1   11    6    0.082775
   -1   -1   12    6    0.033232
   -1   -1   13    6   -0.006125
   -1   -1   14    6    0.088880
   -1   -1   15    6   -0.075557
   -1   -1   16    6    0.114545
   -1   -1   17    6   -0.006267
   -1   -1   18    6   -0.053722
   -1   -1    1    7   -1.504252
   -1   -1    2    7    0.048332
   -1   -1    3    7    0.160595
   -1   -1    4    7    0.115850
   -1   -1    5    7   -0.195575
   -1   -1    6    7    0.020317
   -1   -1    7    7    0.018568
   -1   -1    8    7   -0.041497
   -1   -1    9    7    0.179867
   -1   -1   10    7   -0.408825
   -1   -1   11    7   -0.218147
   -1   -1   12    7   -0.030050
   -1   -1   13    7    0.032897
   -1   -1   14    7   -0.544270
   -1   -1   15    7    0.226075
   -1   -1   16    7    0.055312
   -1   -1   17    7    0.326890
   -1   -1   18    7    0.595017
   -1   -1    1    8    0.033102
   -1   -1    2    8   -0.003350
   -1   -1    3    8   -0.003913
   -1   -1    4    8   -0.012042
   -1   -1    5    8    0.006290
   -1   -1    6    8   -0.000362
   -1   -1    7    8   -0.000555
   -1   -1    8    8    0.001670
   -1   -1    9    8   -0.000195
   -1   -1   10    8    0.021807
   -1   -1   11    8    0.002387
   -1   -1   12    8    0.001540
   -1   -1   13    8    0.000392
   -1   -1   14    8    0.028382
   -1   -1   15    8   -0.005962
   -1   -1   16    8   -0.002732
   -1   -1   17    8    0.009598
   -1   -1   18    8   -0.028142
   -1   -1    1    9    0.007673
   -1   -1    2    9    0.002420
   -1   -1    3    9    0.012942
   -1   -1    4    9    0.213687
   -1   -1    5    9   -0.006270
   -1   -1    6    9   -0.005295
   -1   -1    7    9   -0.008170
   -1   -1    8    9   -0.001330
   -1   -1    9    9    0.035055
   -1   -1   10    9   -0.007352
   -1   -1   11    9   -0.007898
   -1   -1   12    9   -0.017655
   -1   -1   13    9    0.002580
   -1   -1   14    9   -0.010757
   -1   -1   15    9    0.019762
   -1   -1   16    9   -0.024695
   -1   -1   17    9    0.011645
   -1   -1   18    9   -0.002550
   -1   -1    1   10    0.134505
   -1   -1    2   10   -0.021802
   -1   -1    3   10    0.028650
   -1   -1    4   10   -0.061125
   -1   -1    5   10   -0.004017
   -1   -1    6   10   -0.003363
   -1   -1    7   10    0.047190
   -1   -1    8   10   -0.016855
   -1   -1    9   10   -0.840372
   -1   -1   10   10    0.172395
   -1   -1   11   10   -0.073165
   -1   -1   12   10    0.112650
   -1   -1   13   10   -0.165075
   -1   -1   14   10   -0.019527
   -1   -1   15   10    0.027402
   -1   -1   16   10   -0.057755
   -1   -1   17   10    0.029795
   -1   -1   18   10    0.117958
   -1   -1    1   11   -0.031245
   -1   -1    2   11    0.002847
   -1   -1    3   11   -0.000635
   -1   -1    4   11   -0.012175
   -1   -1    5   11    0.007355
   -1   -1    6   11   -0.001755
   -1   -1    7   11   -0.003975
   -1   -1    8   11    0.006467
   -1   -1    9   11    0.031862
   -1   -1   10   11    0.000062
   -1   -1   11   11   -0.002163
   -1   -1   12   11   -0.011232
   -1   -1   13   11    0.006570
   -1   -1   14   11    0.012400
   -1   -1   15   11    0.003540
   -1   -1   16   11    0.009395
   -1   -1   17   11   -0.004785
   -1   -1   18   11   -0.025090
   -1   -1    1   12   -0.016760
   -1   -1    2   12   -0.007595
   -1   -1    3   12   -0.002882
   -1   -1    4   12   -0.015235
   -1   -1    5   12    0.004102
   -1   -1    6   12    0.002405
   -1   -1    7   12   -0.002652
   -1   -1    8   12    0.007090
   -1   -1    9   12    0.019115
   -1   -1   10   12   -0.024462
   -1   -1   11   12    0.050772
   -1   -1   12   12    0.048012
   -1   -1   13   12    0.019272
   -1   -1   14   12   -0.001645
   -1   -1   15   12   -0.022395
   -1   -1   16   12   -0.011012
   -1   -1   17   12   -0.009880
   -1   -1   18   12    0.007832
   -1   -1    1   13    0.105670
   -1   -1    2   13    0.024350
   -1   -1    3   13    0.025860
   -1   -1    4   13   -0.365662
   -1   -1    5   13   -0.026275
   -1   -1    6   13    0.027122
   -1   -1    7   13    0.030385
   -1   -1    8   13   -0.009567
   -1   -1    9   13    0.060560
   -1   -1   10   13   -0.052870
   -1   -1   11   13   -0.044530
   -1   -1   12   13    0.001135
   -1   -1   13   13   -0.040833
   -1   -1   14   13   -0.023750
   -1   -1   15   13    0.008208
   -1   -1   16   13   -0.043800
   -1   -1   17   13   -0.005077
   -1   -1   18   13    0.073942
   -1   -1    1   14    0.027772
   -1   -1    2   14   -0.001910
   -1   -1    3   14   -0.021047
   -1   -1    4   14   -0.089727
   -1   -1    5   14    0.007762
   -1   -1    6   14    0.001825
   -1   -1    7   14    0.004322
   -1   -1    8   14   -0.001540
   -1   -1    9   14   -0.009475
   -1   -1   10   14   -0.005593
   -1   -1   11   14   -0.002435
   -1   -1   12   14    0.000690
   -1   -1   13   14   -0.001080
   -1   -1   14   14    0.013037
   -1   -1   15   14   -0.001832
   -1   -1   16   14   -0.019442
   -1   -1   17   14    0.004440
   -1   -1   18   14   -0.016975
   -1   -1    1   15   -0.045047
   -1   -1    2   15   -0.014460
   -1   -1    3   15   -0.014037
   -1   -1    4   15    0.073597
   -1   -1    5   15    0.022122
   -1   -1    6   15    0.010363
   -1   -1    7   15    0.037875
   -1   -1    8   15   -0.021225
   -1   -1    9   15   -0.043908
   -1   -1   10   15   -0.005560
   -1   -1   11   15    0.127397
   -1   -1   12   15    0.079075
   -1   -1   13   15    0.030700
   -1   -1   14   15    0.059880
   -1   -1   15   15    0.170735
   -1   -1   16   15    0.018290
   -1   -1   17   15    0.006737
   -1   -1   18   15   -0.124200
   -1   -1    1   16   -0.135920
   -1   -1    2   16    0.006092
   -1   -1    3   16   -0.005335
   -1   -1    4   16    0.134505
   -1   -1    5   16   -0.006753
   -1   -1    6   16    0.036650
   -1   -1    7   16    0.050963
   -1   -1    8   16   -0.023605
   -1   -1    9   16   -0.025743
   -1   -1   10   16   -0.092122
   -1   -1   11   16    0.001022
   -1   -1   12   16   -0.003570
   -1   -1   13   16    0.014447
   -1   -1   14   16   -0.046335
   -1   -1   15   16   -0.025055
   -1   -1   16   16   -0.086095
   -1   -1   17   16    0.091383
   -1   -1   18   16    0.019578
   -1   -1    1   17   -0.021397
   -1   -1    2   17    0.014718
   -1   -1    3   17    0.012695
   -1   -1    4   17    0.036792
   -1   -1    5   17   -0.002910
   -1   -1    6   17   -0.007100
   -1   -1    7   17   -0.008752
   -1   -1    8   17    0.008140
   -1   -1    9   17   -0.017180
   -1   -1   10   17    0.021650
   -1   -1   11   17   -0.087722
   -1   -1   12   17   -0.015915
   -1   -1   13   17   -0.023065
   -1   -1   14   17   -0.006083
   -1   -1   15   17   -0.013227
   -1   -1   16   17    0.012892
   -1   -1   17   17   -0.008618
   -1   -1   18   17   -0.010430
   -1   -1    1   18    0.164528
   -1   -1    2   18   -0.007550
   -1   -1    3   18    0.045925
   -1   -1    4   18    0.305367
   -1   -1    5   18   -0.027985
   -1   -1    6   18    0.006508
   -1   -1    7   18   -0.004485
   -1   -1    8   18   -0.005708
   -1   -1    9   18   -0.030067
   -1   -1   10   18    0.046825
   -1   -1   11   18    0.017900
   -1   -1   12   18    0.005662
   -1   -1   13   18   -0.025230
   -1   -1   14   18   -0.020862
   -1   -1   15   18   -0.034557
   -1   -1   16   18    0.058637
   -1   -1   17   18   -0.026333
   -1   -1   18   18    0.067570
    0   -1    1    1    0.033250
    0   -1    2    1   -0.045365
    0   -1    3    1   -0.029340
    0   -1    4    1    0.094172
    0   -1    5    1    0.004793
    0   -1    6    1   -0.054127
    0   -1    7    1   -0.076570
    0   -1    8    1    0.003045
    0   -1    9    1   -0.017685
    0   -1   10    1    0.101392
    0   -1   11    1   -0.010025
    0   -1   12    1   -0.089380
    0   -1   13    1    0.072347
    0   -1   14    1    0.047745
    0   -1   15    1   -0.008867
    0   -1   16    1    0.090208
    0   -1   17    1   -0.016530
    0   -1   18    1   -0.021427
    0   -1    1    2   -0.009360
    0   -1    2    2   -0.003012
    0   -1    3    2   -0.003305
    0   -1    4    2    0.028337
    0   -1    5    2    0.003827
    0   -1    6    2   -0.003290
    0   -1    7    2   -0.004535
    0   -1    8    2    0.001430
    0   -1    9    2   -0.014422
    0   -1   10    2    0.005190
    0   -1   11    2    0.020102
    0   -1   12    2    0.075705
    0   -1   13    2    0.117225
    0   -1   14    2    0.002510
    0   -1   15    2   -0.044660
    0   -1   16    2    0.012880
    0   -1   17    2   -0.002120
    0   -1   18    2   -0.029628
    0   -1    1    3   -0.041435
    0   -1    2    3   -0.003380
    0   -1    3    3   -0.017612
    0   -1    4    3    0.340058
    0   -1    5    3    0.020162
    0   -1    6    3   -0.013795
    0   -1    7    3    0.002608
    0   -1    8    3    0.006667
    0   -1    9    3    0.009862
    0   -1   10    3    0.021382
    0   -1   11    3    0.013740
    0   -1   12    3    0.206822
    0   -1   13    3    0.022708
    0   -1   14    3    0.019457
    0   -1   15    3    0.037455
    0   -1   16    3   -0.008500
    0   -1   17    3   -0.021450
    0   -1   18    3   -0.092367
    0   -1    1    4    0.003378
    0   -1    2    4   -0.000917
    0   -1    3    4   -0.013770
    0   -1    4    4    0.008370
    0   -1    5    4    0.003652
    0   -1    6    4   -0.000890
    0   -1    7    4   -0.005748
    0   -1    8    4    0.000445
    0   -1    9    4   -0.001525
    0   -1   10    4    0.000210
    0   -1   11    4    0.002050
    0   -1   12    4    0.009735
    0   -1   13    4    0.006427
    0   -1   14    4    0.004932
    0   -1   15    4    0.001252
    0   -1   16    4   -0.005643
    0   -1   17    4   -0.005412
    0   -1   18    4   -0.012748
    0   -1    1    5    0.001687
    0   -1    2    5    0.002217
    0   -1    3    5   -0.004045
    0   -1    4    5   -0.088015
    0   -1    5    5    0.003797
    0   -1    6    5   -0.004507
    0   -1    7    5    0.005390
    0   -1    8    5    0.001172
    0   -1    9    5    0.035825
    0   -1   10    5    0.022273
    0   -1   11    5    0.000020
    0   -1   12    5    0.103262
    0   -1   13    5    0.075372
    0   -1   14    5    0.008983
    0   -1   15    5    0.038500
    0   -1   16    5   -0.005740
    0   -1   17    5   -0.006050
    0   -1   18    5   -0.020592
    0   -1    1    6   -0.001702
    0   -1    2    6   -0.022668
    0   -1    3    6    0.027840
    0   -1    4    6   -0.250705
    0   -1    5    6    0.001510
    0   -1    6    6   -0.140775
    0   -1    7    6    0.037015
    0   -1    8    6    0.000582
    0   -1    9    6    0.207182
    0   -1   10    6    0.212105
    0   -1   11    6    0.010535
    0   -1   12    6   -0.758022
    0   -1   13    6    0.180620
    0   -1   14    6   -0.006390
    0   -1   15    6    0.118605
    0   -1   16    6    0.004500
    0   -1   17    6   -0.003525
    0   -1   18    6   -0.024887
    0   -1    1    7   -0.055008
    0   -1    2    7    0.195820
    0   -1    3    7    0.053775
    0   -1    4    7    0.102425
    0   -1    5    7   -0.020495
    0   -1    6    7   -0.216135
    0   -1    7    7   -0.089360
    0   -1    8    7    0.006578
    0   -1    9    7    0.140822
    0   -1   10    7    0.009515
    0   -1   11    7   -0.344780
    0   -1   12    7   -0.124297
    0   -1   13    7   -0.794940
    0   -1   14    7    0.037768
    0   -1   15    7    0.023230
    0   -1   16    7    0.100202
    0   -1   17    7    0.044320
    0   -1   18    7    0.097850
    0   -1    1    8    0.060105
    0   -1    2    8    0.014070
    0   -1    3    8    0.013327
    0   -1    4    8   -0.075130
    0   -1    5    8   -0.065930
    0   -1    6    8    0.021757
    0   -1    7    8    0.017105
    0   -1    8    8   -0.007310
    0   -1    9    8   -0.049482
    0   -1   10    8   -0.056245
    0   -1   11    8   -0.212953
    0   -1   12    8    0.165290
    0   -1   13    8   -0.015895
    0   -1   14    8   -0.055452
    0   -1   15    8    0.012877
    0   -1   16    8   -0.001237
    0   -1   17    8   -0.015315
    0   -1   18    8    0.123645
    0   -1    1    9   -0.008887
    0   -1    2    9    0.016807
    0   -1    3    9    0.023292
    0   -1    4    9    0.317850
    0   -1    5    9    0.003965
    0   -1    6    9    0.050515
    0   -1    7    9    0.001550
    0   -1    8    9    0.000958
    0   -1    9    9    0.005552
    0   -1   10    9   -0.005422
    0   -1   11    9   -0.008465
    0   -1   12    9   -0.029035
    0   -1   13    9   -0.006720
    0   -1   14    9    0.000602
    0   -1   15    9   -0.026863
    0   -1   16    9   -0.004840
    0   -1   17    9   -0.009815
    0   -1   18    9   -0.026682
    0   -1    1   10    0.046530
    0   -1    2   10    0.011947
    0   -1    3   10   -0.017592
    0   -1    4   10   -1.056472
    0   -1    5   10   -0.008805
    0   -1    6   10   -0.046695
    0   -1    7   10   -0.075260
    0   -1    8   10   -0.002482
    0   -1    9   10   -0.004327
    0   -1   10   10   -0.085620
    0   -1   11   10   -0.041917
    0   -1   12   10    0.047345
    0   -1   13   10   -0.086940
    0   -1   14   10    0.005215
    0   -1   15   10    0.024210
    0   -1   16   10   -0.010478
    0   -1   17   10   -0.016242
    0   -1   18   10    0.008050
    0   -1    1   11   -0.002232
    0   -1    2   11   -0.003825
    0   -1    3   11    0.004363
    0   -1    4   11   -0.012275
    0   -1    5   11    0.002180
    0   -1    6   11   -0.016790
    0   -1    7   11   -0.001612
    0   -1    8   11    0.000482
    0   -1    9   11    0.014082
    0   -1   10   11    0.022735
    0   -1   11   11    0.005810
    0   -1   12   11    0.001090
    0   -1   13   11    0.049952
    0   -1   14   11    0.002110
    0   -1   15   11    0.012238
    0   -1   16   11    0.011805
    0   -1   17   11   -0.007175
    0   -1   18   11   -0.022185
    0   -1    1   12   -0.004817
    0   -1    2   12    0.010392
    0   -1    3   12    0.009113
    0   -1    4   12   -0.011023
    0   -1    5   12    0.001172
    0   -1    6   12    0.004360
    0   -1    7   12    0.016007
    0   -1    8   12    0.000670
    0   -1    9   12   -0.004712
    0   -1   10   12    0.012217
    0   -1   11   12    0.003280
    0   -1   12   12    0.062570
    0   -1   13   12    0.038900
    0   -1   14   12    0.001867
    0   -1   15   12   -0.011765
    0   -1   16   12   -0.001990
    0   -1   17   12   -0.006175
    0   -1   18   12   -0.008642
    0   -1    1   13   -0.020645
    0   -1    2   13   -0.020633
    0   -1    3   13    0.016517
    0   -1    4   13    0.056300
    0   -1    5   13   -0.001450
    0   -1    6   13   -0.038802
    0   -1    7   13   -0.013560
    0   -1    8   13   -0.001695
    0   -1    9   13   -0.026628
    0   -1   10   13   -0.001760
    0   -1   11   13    0.030808
    0   -1   12   13   -0.083050
    0   -1   13   13   -0.001720
    0   -1   14   13   -0.011493
    0   -1   15   13   -0.015405
    0   -1   16   13    0.036615
    0   -1   17   13    0.003227
    0   -1   18   13   -0.005030
    0   -1    1   14   -0.001072
    0   -1    2   14    0.013375
    0   -1    3   14    0.017077
    0   -1    4   14    0.381362
    0   -1    5   14   -0.007925
    0   -1    6   14    0.022382
    0   -1    7   14    0.012228
    0   -1    8   14    0.001512
    0   -1    9   14    0.014852
    0   -1   10   14   -0.023620
    0   -1   11   14   -0.012922
    0   -1   12   14    0.010390
    0   -1   13   14   -0.034900
    0   -1   14   14   -0.007607
    0   -1   15   14    0.012412
    0   -1   16   14   -0.006835
    0   -1   17   14    0.000940
    0   -1   18   14    0.022855
    0   -1    1   15   -0.015242
    0   -1    2   15   -0.069070
    0   -1    3   15    0.040462
    0   -1    4   15   -0.097700
    0   -1    5   15    0.011055
    0   -1    6   15    0.006063
    0   -1    7   15    0.002747
    0   -1    8   15    0.000553
    0   -1    9   15    0.029628
    0   -1   10   15    0.022743
    0   -1   11   15   -0.014768
    0   -1   12   15   -0.326212
    0   -1   13   15   -0.165637
    0   -1   14   15   -0.001645
    0   -1   15   15    0.201480
    0   -1   16   15    0.018867
    0   -1   17   15    0.084175
    0   -1   18   15   -0.032235
    0   -1    1   16   -0.000602
    0   -1    2   16    0.056050
    0   -1    3   16   -0.048092
    0   -1    4   16    0.020025
    0   -1    5   16   -0.051210
    0   -1    6   16    0.023860
    0   -1    7   16    0.012465
    0   -1    8   16   -0.001225
    0   -1    9   16   -0.728595
    0   -1   10   16    0.202530
    0   -1   11   16   -0.181062
    0   -1   12   16    0.231407
    0   -1   13   16   -0.827580
    0   -1   14   16   -0.024725
    0   -1   15   16    0.163610
    0   -1   16   16   -0.083132
    0   -1   17   16    0.065363
    0   -1   18   16    0.385440
    0   -1    1   17   -0.048990
    0   -1    2   17   -0.015075
    0   -1    3   17   -0.014735
    0   -1    4   17    0.031705
    0   -1    5   17    0.019527
    0   -1    6   17   -0.009697
    0   -1    7   17   -0.000148
    0   -1    8   17    0.003027
    0   -1    9   17    0.002760
    0   -1   10   17    0.008382
    0   -1   11   17    0.077787
    0   -1   12   17    0.034477
    0   -1   13   17    0.066592
    0   -1   14   17    0.024897
    0   -1   15   17   -0.034775
    0   -1   16   17   -0.005552
    0   -1   17   17    0.000042
    0   -1   18   17   -0.038650
    0   -1    1   18   -0.046597
    0   -1    2   18   -0.054780
    0   -1    3   18   -0.079955
    0   -1    4   18   -0.134387
    0   -1    5   18    0.012422
    0   -1    6   18   -0.020868
    0   -1    7   18   -0.050015
    0   -1    8   18   -0.002115
    0   -1    9   18   -0.017870
    0   -1   10   18   -0.030873
    0   -1   11   18    0.078075
    0   -1   12   18   -0.080147
    0   -1   13   18    0.142940
    0   -1   14   18    0.000395
    0   -1   15   18   -0.122797
    0   -1   16   18    0.009597
    0   -1   17   18   -0.018693
    0   -1   18   18   -0.002390
    1   -1    1    1    0.014575
    1   -1    2    1   -0.011195
    1   -1    3    1   -0.031425
    1   -1    4    1   -0.025863
    1   -1    5    1   -0.000308
    1   -1    6    1    0.026610
    1   -1    7    1   -0.034520
    1   -1    8    1   -0.000075
    1   -1    9    1    0.060780
    1   -1   10    1    0.004138
    1   -1   11    1    0.014238
    1   -1   12    1    0.129297
    1   -1   13    1    0.062865
    1   -1   14    1   -0.004217
    1   -1   15    1    0.017257
    1   -1   16    1   -0.013615
    1   -1   17    1   -0.015607
    1   -1   18    1    0.006727
    1   -1    1    2    0.001400
    1   -1    2    2    0.001870
    1   -1    3    2   -0.000280
    1   -1    4    2    0.001790
    1   -1    5    2   -0.000025
    1   -1    6    2    0.003152
    1   -1    7    2    0.001832
    1   -1    8    2   -0.000005
    1   -1    9    2    0.000040
    1   -1   10    2   -0.002230
    1   -1   11    2   -0.000362
    1   -1   12    2    0.083405
    1   -1   13    2    0.004540
    1   -1   14    2    0.000620
    1   -1   15    2    0.000720
    1   -1   16    2   -0.004990
    1   -1   17    2   -0.001635
    1   -1   18    2   -0.002135
    1   -1    1    3   -0.015257
    1   -1    2    3    0.004747
    1   -1    3    3    0.008610
    1   -1    4    3   -0.007915
    1   -1    5    3    0.004823
    1   -1    6    3    0.019660
    1   -1    7    3    0.023022
    1   -1    8    3    0.001925
    1   -1    9    3    0.008063
    1   -1   10    3    0.010637
    1   -1   11    3    0.005362
    1   -1   12    3   -0.080388
    1   -1   13    3    0.011772
    1   -1   14    3    0.003167
    1   -1   15    3   -0.000437
    1   -1   16    3   -0.004150
    1   -1   17    3    0.002110
    1   -1   18    3   -0.014697
    1   -1    1    4    0.000018
    1   -1    2    4    0.000380
    1   -1    3    4   -0.000618
    1   -1    4    4   -0.008470
    1   -1    5    4    0.001488
    1   -1    6    4    0.001392
    1   -1    7    4    0.000810
    1   -1    8    4    0.000090
    1   -1    9    4   -0.000015
    1   -1   10    4    0.001057
    1   -1   11    4    0.000622
    1   -1   12    4    0.001160
    1   -1   13    4    0.002478
    1   -1   14    4    0.001302
    1   -1   15    4    0.000157
    1   -1   16    4   -0.002307
    1   -1   17    4   -0.001020
    1   -1   18    4   -0.004330
    1   -1    1    5   -0.000675
    1   -1    2    5    0.001810
    1   -1    3    5    0.001555
    1   -1    4    5   -0.001675
    1   -1    5    5    0.000495
    1   -1    6    5   -0.003167
    1   -1    7    5    0.001705
    1   -1    8    5    0.000565
    1   -1    9    5   -0.004035
    1   -1   10    5    0.003862
    1   -1   11    5   -0.003458
    1   -1   12    5   -0.006307
    1   -1   13    5    0.001120
    1   -1   14    5    0.001560
    1   -1   15    5   -0.008757
    1   -1   16    5   -0.000920
    1   -1   17    5   -0.000545
    1   -1   18    5    0.000187
    1   -1    1    6    0.008475
    1   -1    2    6    0.000955
    1   -1    3    6    0.009950
    1   -1    4    6   -0.002267
    1   -1    5    6   -0.000540
    1   -1    6    6    0.006465
    1   -1    7    6    0.016358
    1   -1    8    6    0.000460
    1   -1    9    6   -0.011280
    1   -1   10    6    0.016380
    1   -1   11    6   -0.001823
    1   -1   12    6    0.026020
    1   -1   13    6   -0.005967
    1   -1   14    6   -0.000833
    1   -1   15    6   -0.021595
    1   -1   16    6   -0.001725
    1   -1   17    6    0.000532
    1   -1   18    6    0.012345
    1   -1    1    7    0.017080
    1   -1    2    7    0.007262
    1   -1    3    7    0.003617
    1   -1    4    7   -0.005782
    1   -1    5    7   -0.000398
    1   -1    6    7    0.006900
    1   -1    7    7    0.012485
    1   -1    8    7    0.000188
    1   -1    9    7   -0.016100
    1   -1   10    7   -0.005363
    1   -1   11    7    0.002430
    1   -1   12    7    0.038497
    1   -1   13    7    0.005085
    1   -1   14    7   -0.001510
    1   -1   15    7   -0.013992
    1   -1   16    7   -0.023083
    1   -1   17    7    0.001725
    1   -1   18    7    0.011272
    1   -1    1    8   -0.002480
    1   -1    2    8   -0.009910
    1   -1    3    8    0.000333
    1   -1    4    8    0.016887
    1   -1    5    8    0.000558
    1   -1    6    8    0.004887
    1   -1    7    8    0.004620
    1   -1    8    8   -0.000145
    1   -1    9    8   -0.013230
    1   -1   10    8   -0.008155
    1   -1   11    8    0.011355
    1   -1   12    8   -0.097615
    1   -1   13    8   -0.000777
    1   -1   14    8   -0.002110
    1   -1   15    8   -0.007317
    1   -1   16    8   -0.002995
    1   -1   17    8    0.002445
    1   -1   18    8   -0.002000
    1   -1    1    9   -0.012910
    1   -1    2    9    0.002903
    1   -1    3    9    0.002322
    1   -1    4    9    0.000675
    1   -1    5    9    0.001882
    1   -1    6    9    0.003308
    1   -1    7    9    0.009562
    1   -1    8    9    0.001437
    1   -1    9    9   -0.003127
    1   -1   10    9    0.003227
    1   -1   11    9   -0.000072
    1   -1   12    9   -1.116932
    1   -1   13    9   -0.002830
    1   -1   14    9    0.001645
    1   -1   15    9   -0.009575
    1   -1   16    9    0.000110
    1   -1   17    9    0.001455
    1   -1   18    9   -0.003687
    1   -1    1   10   -0.002482
    1   -1    2   10   -0.003242
    1   -1    3   10   -0.004820
    1   -1    4   10   -0.004415
    1   -1    5   10    0.001210
    1   -1    6   10   -0.005470
    1   -1    7   10   -0.010340
    1   -1    8   10   -0.000525
    1   -1    9   10    0.001820
    1   -1   10   10   -0.000442
    1   -1   11   10    0.001072
    1   -1   12   10    0.579205
    1   -1   13   10   -0.001135
    1   -1   14   10    0.000918
    1   -1   15   10    0.010157
    1   -1   16   10   -0.000107
    1   -1   17   10    0.000570
    1   -1   18   10   -0.007330
    1   -1    1   11    0.000755
    1   -1    2   11    0.000222
    1   -1    3   11    0.001250
    1   -1    4   11   -0.001055
    1   -1    5   11   -0.000053
    1   -1    6   11    0.000872
    1   -1    7   11    0.001457
    1   -1    8   11    0.000073
    1   -1    9   11   -0.001245
    1   -1   10   11    0.002590
    1   -1   11   11   -0.000303
    1   -1   12   11    0.021030
    1   -1   13   11    0.002215
    1   -1   14   11    0.000160
    1   -1   15   11   -0.003458
    1   -1   16   11   -0.000095
    1   -1   17   11   -0.000210
    1   -1   18   11    0.000535
    1   -1    1   12   -0.001685
    1   -1    2   12   -0.000160
    1   -1    3   12    0.002475
    1   -1    4   12    0.003605
    1   -1    5   12   -0.000138
    1   -1    6   12    0.001568
    1   -1    7   12    0.005455
    1   -1    8   12   -0.000137
    1   -1    9   12    0.001805
    1   -1   10   12   -0.001247
    1   -1   11   12    0.000420
    1   -1   12   12    0.003472
    1   -1   13   12    0.003480
    1   -1   14   12   -0.000830
    1   -1   15   12    0.001888
    1   -1   16   12    0.000540
    1   -1   17   12    0.001063
    1   -1   18   12   -0.000380
    1   -1    1   13   -0.012087
    1   -1    2   13   -0.005682
    1   -1    3   13   -0.000767
    1   -1    4   13    0.001775
    1   -1    5   13    0.000660
    1   -1    6   13   -0.002975
    1   -1    7   13   -0.013705
    1   -1    8   13    0.000687
    1   -1    9   13    0.001180
    1   -1   10   13    0.006637
    1   -1   11   13   -0.002695
    1   -1   12   13    0.044867
    1   -1   13   13   -0.001760
    1   -1   14   13    0.000682
    1   -1   15   13   -0.001873
    1   -1   16   13    0.021890
    1   -1   17   13    0.000023
    1   -1   18   13   -0.005900
    1   -1    1   14   -0.003532
    1   -1    2   14    0.002810
    1   -1    3   14    0.004180
    1   -1    4   14    0.001882
    1   -1    5   14    0.000748
    1   -1    6   14   -0.002492
    1   -1    7   14    0.004597
    1   -1    8   14    0.000510
    1   -1    9   14   -0.010332
    1   -1   10   14    0.002460
    1   -1   11   14   -0.001260
    1   -1   12   14   -0.345010
    1   -1   13   14    0.009035
    1   -1   14   14    0.001830
    1   -1   15   14   -0.006265
    1   -1   16   14    0.001325
    1   -1   17   14   -0.002033
    1   -1   18   14   -0.005665
    1   -1    1   15    0.017950
    1   -1    2   15   -0.003292
    1   -1    3   15    0.005550
    1   -1    4   15   -0.003332
    1   -1    5   15   -0.001080
    1   -1    6   15   -0.010383
    1   -1    7   15   -0.002883
    1   -1    8   15   -0.001405
    1   -1    9   15   -0.001017
    1   -1   10   15    0.014487
    1   -1   11   15   -0.000700
    1   -1   12   15   -0.533527
    1   -1   13   15    0.001885
    1   -1   14   15   -0.001192
    1   -1   15   15    0.000418
    1   -1   16   15    0.000410
    1   -1   17   15    0.003622
    1   -1   18   15    0.007562
    1   -1    1   16    0.013340
    1   -1    2   16    0.000622
    1   -1    3   16   -0.003577
    1   -1    4   16   -0.046670
    1   -1    5   16   -0.000580
    1   -1    6   16   -0.032520
    1   -1    7   16   -0.028665
    1   -1    8   16   -0.002062
    1   -1    9   16    0.008618
    1   -1   10   16   -0.044340
    1   -1   11   16   -0.003102
    1   -1   12   16   -0.130447
    1   -1   13   16   -0.017338
    1   -1   14   16   -0.000610
    1   -1   15   16    0.027827
    1   -1   16   16    0.016970
    1   -1   17   16   -0.008440
    1   -1   18   16   -0.003012
    1   -1    1   17    0.006657
    1   -1    2   17    0.011085
    1   -1    3   17   -0.002440
    1   -1    4   17   -0.002322
    1   -1    5   17    0.000932
    1   -1    6   17   -0.006545
    1   -1    7   17    0.002385
    1   -1    8   17    0.000370
    1   -1    9   17   -0.001463
    1   -1   10   17   -0.003455
    1   -1   11   17   -0.017057
    1   -1   12   17    0.064605
    1   -1   13   17   -0.031425
    1   -1   14   17    0.005680
    1   -1   15   17   -0.004307
    1   -1   16   17   -0.009520
    1   -1   17   17   -0.000690
    1   -1   18   17   -0.002012
    1   -1    1   18   -0.003182
    1   -1    2   18    0.004555
    1   -1    3   18   -0.009642
    1   -1    4   18    0.008830
    1   -1    5   18   -0.001927
    1   -1    6   18    0.004310
    1   -1    7   18   -0.005355
    1   -1    8   18    0.000067
    1   -1    9   18    0.008750
    1   -1   10   18   -0.013827
    1   -1   11   18   -0.002363
    1   -1   12   18    0.581455
    1   -1   13   18   -0.030888
    1   -1   14   18   -0.001035
    1   -1   15   18    0.019482
    1   -1   16   18   -0.006745
    1   -1   17   18    0.000832
    1   -1   18   18    0.002840
   -1    0    1    1   -0.256212
   -1    0    2    1    0.002950
   -1    0    3    1    0.040962
   -1    0    4    1    0.002873
   -1    0    5    1    0.002835
   -1    0    6    1    0.005190
   -1    0    7    1    0.024090
   -1    0    8    1    0.022290
   -1    0    9    1    0.007120
   -1    0   10    1    0.008962
   -1    0   11    1    0.008060
   -1    0   12    1   -0.002158
   -1    0   13    1   -0.031480
   -1    0   14    1    0.010255
   -1    0   15    1    0.001268
   -1    0   16    1   -0.006637
   -1    0   17    1   -0.064367
   -1    0   18    1   -0.027412
   -1    0    1    2   -0.210680
   -1    0    2    2   -0.002982
   -1    0    3    2    0.074720
   -1    0    4    2    0.003655
   -1    0    5    2    0.064585
   -1    0    6    2   -0.035450
   -1    0    7    2   -0.017630
   -1    0    8    2   -0.198325
   -1    0    9    2    0.002092
   -1    0   10    2    0.008760
   -1    0   11    2   -0.012317
   -1    0   12    2   -0.004397
   -1    0   13    2    0.005972
   -1    0   14    2   -0.086285
   -1    0   15    2    0.002682
   -1    0   16    2   -0.133275
   -1    0   17    2    2.315160
   -1    0   18    2   -0.053690
   -1    0    1    3    0.547300
   -1    0    2    3    0.028740
   -1    0    3    3   -0.141052
   -1    0    4    3    0.002385
   -1    0    5    3   -0.108642
   -1    0    6    3   -0.164730
   -1    0    7    3   -0.115513
   -1    0    8    3   -0.074240
   -1    0    9    3   -0.169967
   -1    0   10    3   -0.213023
   -1    0   11    3   -0.012603
   -1    0   12    3    0.014447
   -1    0   13    3   -0.050212
   -1    0   14    3   -0.127620
   -1    0   15    3   -0.120155
   -1    0   16    3    0.174677
   -1    0   17    3    0.015455
   -1    0   18    3    0.423173
   -1    0    1    4   -0.116290
   -1    0    2    4    0.020732
   -1    0    3    4    0.715472
   -1    0    4    4    0.108018
   -1    0    5    4   -0.066147
   -1    0    6    4   -0.180610
   -1    0    7    4   -0.211965
   -1    0    8    4    0.028110
   -1    0    9    4    0.098532
   -1    0   10    4   -0.145337
   -1    0   11    4   -0.006240
   -1    0   12    4   -0.025943
   -1    0   13    4    0.021713
   -1    0   14    4    0.069090
   -1    0   15    4   -0.001300
   -1    0   16    4    0.019077
   -1    0   17    4    0.030402
   -1    0   18    4    0.134695
   -1    0    1    5   -0.189265
   -1    0    2    5   -0.006437
   -1    0    3    5    0.002417
   -1    0    4    5   -0.004705
   -1    0    5    5    0.033872
   -1    0    6    5   -0.011862
   -1    0    7    5    0.013548
   -1    0    8    5    0.097360
   -1    0    9    5   -0.011845
   -1    0   10    5    0.003235
   -1    0   11    5   -0.004655
   -1    0   12    5    0.003825
   -1    0   13    5   -0.004687
   -1    0   14    5    0.093030
   -1    0   15    5    0.005790
   -1    0   16    5    0.085085
   -1    0   17    5    0.061775
   -1    0   18    5   -0.060050
   -1    0    1    6    0.174175
   -1    0    2    6   -0.021652
   -1    0    3    6    0.232815
   -1    0    4    6    0.001175
   -1    0    5    6   -0.110172
   -1    0    6    6   -0.005370
   -1    0    7    6    0.040330
   -1    0    8    6    0.302245
   -1    0    9    6   -0.073890
   -1    0   10    6    0.316652
   -1    0   11    6    0.007837
   -1    0   12    6    0.017490
   -1    0   13    6   -0.026473
   -1    0   14    6   -0.011018
   -1    0   15    6   -0.356155
   -1    0   16    6    0.328958
   -1    0   17    6    0.475542
   -1    0   18    6   -0.438188
   -1    0    1    7   -1.089038
   -1    0    2    7    0.043345
   -1    0    3    7    0.586217
   -1    0    4    7    0.023507
   -1    0    5    7   -0.023558
   -1    0    6    7   -0.324047
   -1    0    7    7   -0.046840
   -1    0    8    7   -0.005470
   -1    0    9    7    0.030353
   -1    0   10    7    0.024287
   -1    0   11    7   -0.018535
   -1    0   12    7    0.042380
   -1    0   13    7   -0.079287
   -1    0   14    7    0.158952
   -1    0   15    7    0.006167
   -1    0   16    7    1.263185
   -1    0   17    7    0.590317
   -1    0   18    7    0.244142
   -1    0    1    8    0.015615
   -1    0    2    8   -0.000878
   -1    0    3    8   -0.007352
   -1    0    4    8   -0.000730
   -1    0    5    8   -0.009497
   -1    0    6    8   -0.001725
   -1    0    7    8   -0.003222
   -1    0    8    8    0.009410
   -1    0    9    8   -0.003630
   -1    0   10    8   -0.009435
   -1    0   11    8   -0.001435
   -1    0   12    8   -0.000180
   -1    0   13    8   -0.000632
   -1    0   14    8   -0.011867
   -1    0   15    8    0.000632
   -1    0   16    8    0.007452
   -1    0   17    8   -0.035795
   -1    0   18    8    0.014602
   -1    0    1    9    0.257180
   -1    0    2    9   -0.005550
   -1    0    3    9    0.069288
   -1    0    4    9    0.004312
   -1    0    5    9    0.016055
   -1    0    6    9   -0.019362
   -1    0    7    9   -0.065740
   -1    0    8    9   -0.065075
   -1    0    9    9    0.037655
   -1    0   10    9    0.151530
   -1    0   11    9   -0.004190
   -1    0   12    9   -0.005585
   -1    0   13    9    0.009040
   -1    0   14    9   -0.021152
   -1    0   15    9   -0.032107
   -1    0   16    9   -0.369360
   -1    0   17    9    0.087155
   -1    0   18    9   -0.022355
   -1    0    1   10    0.203135
   -1    0    2   10   -0.072680
   -1    0    3   10   -0.860663
   -1    0    4   10    0.001715
   -1    0    5   10   -0.107622
   -1    0    6   10   -0.739827
   -1    0    7   10   -0.630615
   -1    0    8   10   -0.223583
   -1    0    9   10   -0.318882
   -1    0   10   10    0.136385
   -1    0   11   10   -0.141522
   -1    0   12   10    0.042072
   -1    0   13   10    0.012450
   -1    0   14   10    0.014960
   -1    0   15   10    0.007830
   -1    0   16   10    0.566770
   -1    0   17   10    0.065340
   -1    0   18   10    0.851845
   -1    0    1   11   -0.192322
   -1    0    2   11    0.017647
   -1    0    3   11    0.058717
   -1    0    4   11   -0.002707
   -1    0    5   11   -0.025695
   -1    0    6   11   -0.014222
   -1    0    7   11    0.028813
   -1    0    8   11    0.154565
   -1    0    9   11   -0.007217
   -1    0   10   11   -0.005417
   -1    0   11   11    0.016275
   -1    0   12   11    0.005840
   -1    0   13   11   -0.011807
   -1    0   14   11   -0.059055
   -1    0   15   11    0.016397
   -1    0   16   11    0.038530
   -1    0   17   11    0.091625
   -1    0   18   11    0.010520
   -1    0    1   12    0.424685
   -1    0    2   12   -0.001405
   -1    0    3   12    0.428842
   -1    0    4   12   -0.126122
   -1    0    5   12    0.383360
   -1    0    6   12    0.092323
   -1    0    7   12    0.244190
   -1    0    8   12   -1.187550
   -1    0    9   12    0.175935
   -1    0   10   12    0.301737
   -1    0   11   12   -0.054912
   -1    0   12   12   -0.056065
   -1    0   13   12    0.015470
   -1    0   14   12   -1.634088
   -1    0   15   12   -0.216525
   -1    0   16   12   -0.280700
   -1    0   17   12   -0.016497
   -1    0   18   12   -0.429307
   -1    0    1   13    0.381102
   -1    0    2   13    0.128855
   -1    0    3   13    0.713665
   -1    0    4   13    0.098340
   -1    0    5   13   -0.105405
   -1    0    6   13   -0.373062
   -1    0    7   13   -0.093147
   -1    0    8   13    0.342150
   -1    0    9   13   -0.155908
   -1    0   10   13   -0.110165
   -1    0   11   13    0.028800
   -1    0   12   13   -0.025848
   -1    0   13   13    0.007403
   -1    0   14   13   -1.284433
   -1    0   15   13    0.009483
   -1    0   16   13   -0.447060
   -1    0   17   13   -3.199233
   -1    0   18   13    0.709653
   -1    0    1   14    0.089642
   -1    0    2   14   -0.009938
   -1    0    3   14   -0.026732
   -1    0    4   14   -0.004750
   -1    0    5   14    0.025430
   -1    0    6   14   -0.006312
   -1    0    7   14   -0.010852
   -1    0    8   14   -0.055342
   -1    0    9   14    0.008337
   -1    0   10   14    0.002350
   -1    0   11   14   -0.008167
   -1    0   12   14   -0.000182
   -1    0   13   14    0.003703
   -1    0   14   14    0.023027
   -1    0   15   14   -0.011815
   -1    0   16   14   -0.011990
   -1    0   17   14    0.101865
   -1    0   18   14   -0.018965
   -1    0    1   15   -0.524860
   -1    0    2   15    0.061832
   -1    0    3   15   -0.455300
   -1    0    4   15    0.003393
   -1    0    5   15    0.155280
   -1    0    6   15    0.300857
   -1    0    7   15    0.079827
   -1    0    8   15    0.883862
   -1    0    9   15    0.038012
   -1    0   10   15   -0.181107
   -1    0   11   15    0.078510
   -1    0   12   15    0.013002
   -1    0   13   15    0.051295
   -1    0   14   15    0.346060
   -1    0   15   15    0.168170
   -1    0   16   15    0.299047
   -1    0   17   15    0.053437
   -1    0   18   15   -0.326787
   -1    0    1   16    0.780885
   -1    0    2   16   -0.003287
   -1    0    3   16    0.023190
   -1    0    4   16    0.002482
   -1    0    5   16    0.055800
   -1    0    6   16    0.005848
   -1    0    7   16   -0.011355
   -1    0    8   16   -0.345455
   -1    0    9   16   -0.042322
   -1    0   10   16    0.177535
   -1    0   11   16   -0.015142
   -1    0   12   16   -0.000772
   -1    0   13   16    0.078937
   -1    0   14   16    0.018498
   -1    0   15   16   -0.019547
   -1    0   16   16    0.005093
   -1    0   17   16    0.516160
   -1    0   18   16   -0.110117
   -1    0    1   17    2.083128
   -1    0    2   17    0.071207
   -1    0    3   17   -0.034467
   -1    0    4   17    0.002695
   -1    0    5   17   -0.636172
   -1    0    6   17    0.055312
   -1    0    7   17    0.071555
   -1    0    8   17    2.196057
   -1    0    9   17    0.015722
   -1    0   10   17   -0.005915
   -1    0   11   17    0.117128
   -1    0   12   17    0.013945
   -1    0   13   17    0.021967
   -1    0   14   17   -2.159105
   -1    0   15   17    0.038892
   -1    0   16   17    0.095555
   -1    0   17   17   -0.014652
   -1    0   18   17   -0.356532
   -1    0    1   18    0.503175
   -1    0    2   18   -0.012417
   -1    0    3   18    0.117380
   -1    0    4   18    0.016800
   -1    0    5   18   -0.027525
   -1    0    6   18    0.009670
   -1    0    7   18    0.010770
   -1    0    8   18    0.310267
   -1    0    9   18    0.110622
   -1    0   10   18    0.027237
   -1    0   11   18    0.012385
   -1    0   12   18   -0.013882
   -1    0   13   18    0.008405
   -1    0   14   18   -0.012520
   -1    0   15   18   -0.019535
   -1    0   16   18   -0.116498
   -1    0   17   18   -0.178715
   -1    0   18   18   -0.099037
    0    0    1    1    0.833470
    0    0    2    1   -0.529637
    0    0    3    1   -0.551453
    0    0    4    1   -0.040710
    0    0    5    1   -0.258175
    0    0    6    1   -0.452800
    0    0    7    1   -1.618605
    0    0    8    1    0.580417
    0    0    9    1   -0.498545
    0    0   10    1   -0.043930
    0    0   11    1   -0.487017
    0    0   12    1   -0.035620
    0    0   13    1    0.029393
    0    0   14    1    0.364875
    0    0   15    1   -0.265735
    0    0   16    1    0.664032
    0    0   17    1   -1.707743
    0    0   18    1    2.200610
    0    0    1    2   -0.529637
    0    0    2    2    0.007995
    0    0    3    2    0.214257
    0    0    4    2    0.065068
    0    0    5    2    0.800060
    0    0    6    2    0.681525
    0    0    7    2    0.295398
    0    0    8    2   -0.097370
    0    0    9    2    0.076967
    0    0   10    2   -0.341658
    0    0   11    2    0.246265
    0    0   12    2   -1.852390
    0    0   13    2   -1.374940
    0    0   14    2    0.659108
    0    0   15    2    2.572440
    0    0   16    2   -1.362350
    0    0   17    2   -1.193307
    0    0   18    2    4.891107
    0    0    1    3   -0.551453
    0    0    2    3    0.214257
    0    0    3    3    1.741348
    0    0    4    3    1.327483
    0    0    5    3   -0.372293
    0    0    6    3    0.752035
    0    0    7    3    2.071327
    0    0    8    3    0.142032
    0    0    9    3    1.139465
    0    0   10    3    0.797555
    0    0   11    3    0.047202
    0    0   12    3   -0.045120
    0    0   13    3   -0.235088
    0    0   14    3   -1.209672
    0    0   15    3    0.358292
    0    0   16    3   -0.947008
    0    0   17    3    0.462440
    0    0   18    3    2.130562
    0    0    1    4   -0.040710
    0    0    2    4    0.065068
    0    0    3    4    1.327483
    0    0    4    4    1.050847
    0    0    5    4   -0.020930
    0    0    6    4    0.289262
    0    0    7    4    0.565560
    0    0    8    4   -0.003480
    0    0    9    4    0.005077
    0    0   10    4    0.225238
    0    0   11    4    0.039245
    0    0   12    4    0.006145
    0    0   13    4   -0.348250
    0    0   14    4   -0.174077
    0    0   15    4   -0.181930
    0    0   16    4    0.052305
    0    0   17    4    0.038065
    0    0   18    4    0.145040
    0    0    1    5   -0.258175
    0    0    2    5    0.800060
    0    0    3    5   -0.372293
    0    0    4    5   -0.020930
    0    0    5    5    2.825482
    0    0    6    5   -0.693118
    0    0    7    5   -1.478630
    0    0    8    5    0.150030
    0    0    9    5    0.463280
    0    0   10    5    1.729385
    0    0   11    5    1.202198
    0    0   12    5    0.180715
    0    0   13    5   -0.240498
    0    0   14    5    2.447405
    0    0   15    5   -0.859475
    0    0   16    5   -1.025992
    0    0   17    5    1.757517
    0    0   18    5   -2.684448
    0    0    1    6   -0.452800
    0    0    2    6    0.681525
    0    0    3    6    0.752035
    0    0    4    6    0.289262
    0    0    5    6   -0.693118
    0    0    6    6   -0.733195
    0    0    7    6   -5.065727
    0    0    8    6   -0.054152
    0    0    9    6    1.583640
    0    0   10    6    1.414210
    0    0   11    6   -0.253840
    0    0   12    6    0.544992
    0    0   13    6   -0.260242
    0    0   14    6    0.183325
    0    0   15    6   -1.375815
    0    0   16    6    0.413197
    0    0   17    6    0.054497
    0    0   18    6   -0.500528
    0    0    1    7   -1.618605
    0    0    2    7    0.295398
    0    0    3    7    2.071327
    0    0    4    7    0.565560
    0    0    5    7   -1.478630
    0    0    6    7   -5.065727
    0    0    7    7   10.031182
    0    0    8    7   -0.155270
    0    0    9    7    1.245230
    0    0   10    7    1.484405
    0    0   11    7   -0.205470
    0    0   12    7    0.856680
    0    0   13    7   -0.572780
    0    0   14    7    0.301895
    0    0   15    7   -2.348762
    0    0   16    7    0.155488
    0    0   17    7   -0.008513
    0    0   18    7   -0.599765
    0    0    1    8    0.580417
    0    0    2    8   -0.097370
    0    0    3    8    0.142032
    0    0    4    8   -0.003480
    0    0    5    8    0.150030
    0    0    6    8   -0.054152
    0    0    7    8   -0.155270
    0    0    8    8    1.969668
    0    0    9    8   -0.068483
    0    0   10    8    0.448865
    0    0   11    8   -0.001680
    0    0   12    8   -0.023225
    0    0   13    8    0.134375
    0    0   14    8   -0.348313
    0    0   15    8    0.056775
    0    0   16    8   -0.578195
    0    0   17    8   -0.448150
    0    0   18    8   -0.258873
    0    0    1    9   -0.498545
    0    0    2    9    0.076967
    0    0    3    9    1.139465
    0    0    4    9    0.005077
    0    0    5    9    0.463280
    0    0    6    9    1.583640
    0    0    7    9    1.245230
    0    0    8    9   -0.068483
    0    0    9    9    0.281020
    0    0   10    9    1.662905
    0    0   11    9    0.199715
    0    0   12    9    0.566140
    0    0   13    9   -0.903000
    0    0   14    9    0.327270
    0    0   15    9    1.692870
    0    0   16    9   -0.232422
    0    0   17    9   -0.043322
    0    0   18    9   -2.127587
    0    0    1   10   -0.043930
    0    0    2   10   -0.341658
    0    0    3   10    0.797555
    0    0    4   10    0.225238
    0    0    5   10    1.729385
    0    0    6   10    1.414210
    0    0    7   10    1.484405
    0    0    8   10    0.448865
    0    0    9   10    1.662905
    0    0   10   10    4.408985
    0    0   11   10   -0.013937
    0    0   12   10   -0.772880
    0    0   13   10    0.384745
    0    0   14   10    0.970072
    0    0   15   10   -1.148527
    0    0   16   10   -0.285322
    0    0   17   10   -0.723733
    0    0   18   10   -6.250545
    0    0    1   11   -0.487017
    0    0    2   11    0.246265
    0    0    3   11    0.047202
    0    0    4   11    0.039245
    0    0    5   11    1.202198
    0    0    6   11   -0.253840
    0    0    7   11   -0.205470
    0    0    8   11   -0.001680
    0    0    9   11    0.199715
    0    0   10   11   -0.013937
    0    0   11   11    1.455397
    0    0   12   11   -0.799145
    0    0   13   11   -0.260132
    0    0   14   11    0.115825
    0    0   15   11    0.077142
    0    0   16   11   -1.033090
    0    0   17   11   -1.541190
    0    0   18   11    1.190702
    0    0    1   12   -0.035620
    0    0    2   12   -1.852390
    0    0    3   12   -0.045120
    0    0    4   12    0.006145
    0    0    5   12    0.180715
    0    0    6   12    0.544992
    0    0    7   12    0.856680
    0    0    8   12   -0.023225
    0    0    9   12    0.566140
    0    0   10   12   -0.772880
    0    0   11   12   -0.799145
    0    0   12   12  -10.657678
    0    0   13   12   -6.547080
    0    0   14   12   -0.061485
    0    0   15   12    0.686933
    0    0   16   12    0.023187
    0    0   17   12    3.741490
    0    0   18   12    0.495212
    0    0    1   13    0.029393
    0    0    2   13   -1.374940
    0    0    3   13   -0.235088
    0    0    4   13   -0.348250
    0    0    5   13   -0.240498
    0    0    6   13   -0.260242
    0    0    7   13   -0.572780
    0    0    8   13    0.134375
    0    0    9   13   -0.903000
    0    0   10   13    0.384745
    0    0   11   13   -0.260132
    0    0   12   13   -6.547080
    0    0   13   13    8.577200
    0    0   14   13   -0.220038
    0    0   15   13    0.010727
    0    0   16   13   -2.253827
    0    0   17   13    2.242860
    0    0   18   13    0.234282
    0    0    1   14    0.364875
    0    0    2   14    0.659108
    0    0    3   14   -1.209672
    0    0    4   14   -0.174077
    0    0    5   14    2.447405
    0    0    6   14    0.183325
    0    0    7   14    0.301895
    0    0    8   14   -0.348313
    0    0    9   14    0.327270
    0    0   10   14    0.970072
    0    0   11   14    0.115825
    0    0   12   14   -0.061485
    0    0   13   14   -0.220038
    0    0   14   14    2.982873
    0    0   15   14    0.149477
    0    0   16   14   -0.739762
    0    0   17   14    1.927630
    0    0   18   14   -3.891475
    0    0    1   15   -0.265735
    0    0    2   15    2.572440
    0    0    3   15    0.358292
    0    0    4   15   -0.181930
    0    0    5   15   -0.859475
    0    0    6   15   -1.375815
    0    0    7   15   -2.348762
    0    0    8   15    0.056775
    0    0    9   15    1.692870
    0    0   10   15   -1.148527
    0    0   11   15    0.077142
    0    0   12   15    0.686933
    0    0   13   15    0.010727
    0    0   14   15    0.149477
    0    0   15   15   -7.044378
    0    0   16   15   -0.149135
    0    0   17   15    0.762495
    0    0   18   15    0.304250
    0    0    1   16    0.664032
    0    0    2   16   -1.362350
    0    0    3   16   -0.947008
    0    0    4   16    0.052305
    0    0    5   16   -1.025992
    0    0    6   16    0.413197
    0    0    7   16    0.155488
    0    0    8   16   -0.578195
    0    0    9   16   -0.232422
    0    0   10   16   -0.285322
    0    0   11   16   -1.033090
    0    0   12   16    0.023187
    0    0   13   16   -2.253827
    0    0   14   16   -0.739762
    0    0   15   16   -0.149135
    0    0   16   16   11.532357
    0    0   17   16    0.145762
    0    0   18   16    1.134667
    0    0    1   17   -1.707743
    0    0    2   17   -1.193307
    0    0    3   17    0.462440
    0    0    4   17    0.038065
    0    0    5   17    1.757517
    0    0    6   17    0.054497
    0    0    7   17   -0.008513
    0    0    8   17   -0.448150
    0    0    9   17   -0.043322
    0    0   10   17   -0.723733
    0    0   11   17   -1.541190
    0    0   12   17    3.741490
    0    0   13   17    2.242860
    0    0   14   17    1.927630
    0    0   15   17    0.762495
    0    0   16   17    0.145762
    0    0   17   17    3.371192
    0    0   18   17    3.432867
    0    0    1   18    2.200610
    0    0    2   18    4.891107
    0    0    3   18    2.130562
    0    0    4   18    0.145040
    0    0    5   18   -2.684448
    0    0    6   18   -0.500528
    0    0    7   18   -0.599765
    0    0    8   18   -0.258873
    0    0    9   18   -2.127587
    0    0   10   18   -6.250545
    0    0   11   18    1.190702
    0    0   12   18    0.495212
    0    0   13   18    0.234282
    0    0   14   18   -3.891475
    0    0   15   18    0.304250
    0    0   16   18    1.134667
    0    0   17   18    3.432867
    0    0   18   18    2.594047
    1    0    1    1   -0.256212
    1    0    2    1   -0.210680
    1    0    3    1    0.547300
    1    0    4    1   -0.116290
    1    0    5    1   -0.189265
    1    0    6    1    0.174175
    1    0    7    1   -1.089038
    1    0    8    1    0.015615
    1    0    9    1    0.257180
    1    0   10    1    0.203135
    1    0   11    1   -0.192322
    1    0   12    1    0.424685
    1    0   13    1    0.381102
    1    0   14    1    0.089642
    1    0   15    1   -0.524860
    1    0   16    1    0.780885
    1    0   17    1    2.083128
    1    0   18    1    0.503175
    1    0    1    2    0.002950
    1    0    2    2   -0.002982
    1    0    3    2    0.028740
    1    0    4    2    0.020732
    1    0    5    2   -0.006437
    1    0    6    2   -0.021652
    1    0    7    2    0.043345
    1    0    8    2   -0.000878
    1    0    9    2   -0.005550
    1    0   10    2   -0.072680
    1    0   11    2    0.017647
    1    0   12    2   -0.001405
    1    0   13    2    0.128855
    1    0   14    2   -0.009938
    1    0   15    2    0.061832
    1    0   16    2   -0.003287
    1    0   17    2    0.071207
    1    0   18    2   -0.012417
    1    0    1    3    0.040962
    1    0    2    3    0.074720
    1    0    3    3   -0.141052
    1    0    4    3    0.715472
    1    0    5    3    0.002417
    1    0    6    3    0.232815
    1    0    7    3    0.586217
    1    0    8    3   -0.007352
    1    0    9    3    0.069288
    1    0   10    3   -0.860663
    1    0   11    3    0.058717
    1    0   12    3    0.428842
    1    0   13    3    0.713665
    1    0   14    3   -0.026732
    1    0   15    3   -0.455300
    1    0   16    3    0.023190
    1    0   17    3   -0.034467
    1    0   18    3    0.117380
    1    0    1    4    0.002873
    1    0    2    4    0.003655
    1    0    3    4    0.002385
    1    0    4    4    0.108018
    1    0    5    4   -0.004705
    1    0    6    4    0.001175
    1    0    7    4    0.023507
    1    0    8    4   -0.000730
    1    0    9    4    0.004312
    1    0   10    4    0.001715
    1    0   11    4   -0.002707
    1    0   12    4   -0.126122
    1    0   13    4    0.098340
    1    0   14    4   -0.004750
    1    0   15    4    0.003393
    1    0   16    4    0.002482
    1    0   17    4    0.002695
    1    0   18    4    0.016800
    1    0    1    5    0.002835
    1    0    2    5    0.064585
    1    0    3    5   -0.108642
    1    0    4    5   -0.066147
    1    0    5    5    0.033872
    1    0    6    5   -0.110172
    1    0    7    5   -0.023558
    1    0    8    5   -0.009497
    1    0    9    5    0.016055
    1    0   10    5   -0.107622
    1    0   11    5   -0.025695
    1    0   12    5    0.383360
    1    0   13    5   -0.105405
    1    0   14    5    0.025430
    1    0   15    5    0.155280
    1    0   16    5    0.055800
    1    0   17    5   -0.636172
    1    0   18    5   -0.027525
    1    0    1    6    0.005190
    1    0    2    6   -0.035450
    1    0    3    6   -0.164730
    1    0    4    6   -0.180610
    1    0    5    6   -0.011862
    1    0    6    6   -0.005370
    1    0    7    6   -0.324047
    1    0    8    6   -0.001725
    1    0    9    6   -0.019362
    1    0   10    6   -0.739827
    1    0   11    6   -0.014222
    1    0   12    6    0.092323
    1    0   13    6   -0.373062
    1    0   14    6   -0.006312
    1    0   15    6    0.300857
    1    0   16    6    0.005848
    1    0   17    6    0.055312
    1    0   18    6    0.009670
    1    0    1    7    0.024090
    1    0    2    7   -0.017630
    1    0    3    7   -0.115513
    1    0    4    7   -0.211965
    1    0    5    7    0.013548
    1    0    6    7    0.040330
    1    0    7    7   -0.046840
    1    0    8    7   -0.003222
    1    0    9    7   -0.065740
    1    0   10    7   -0.630615
    1    0   11    7    0.028813
    1    0   12    7    0.244190
    1    0   13    7   -0.093147
    1    0   14    7   -0.010852
    1    0   15    7    0.079827
    1    0   16    7   -0.011355
    1    0   17    7    0.071555
    1    0   18    7    0.010770
    1    0    1    8    0.022290
    1    0    2    8   -0.198325
    1    0    3    8   -0.074240
    1    0    4    8    0.028110
    1    0    5    8    0.097360
    1    0    6    8    0.302245
    1    0    7    8   -0.005470
    1    0    8    8    0.009410
    1    0    9    8   -0.065075
    1    0   10    8   -0.223583
    1    0   11    8    0.154565
    1    0   12    8   -1.187550
    1    0   13    8    0.342150
    1    0   14    8   -0.055342
    1    0   15    8    0.883862
    1    0   16    8   -0.345455
    1    0   17    8    2.196057
    1    0   18    8    0.310267
    1    0    1    9    0.007120
    1    0    2    9    0.002092
    1    0    3    9   -0.169967
    1    0    4    9    0.098532
    1    0    5    9   -0.011845
    1    0    6    9   -0.073890
    1    0    7    9    0.030353
    1    0    8    9   -0.003630
    1    0    9    9    0.037655
    1    0   10    9   -0.318882
    1    0   11    9   -0.007217
    1    0   12    9    0.175935
    1    0   13    9   -0.155908
    1    0   14    9    0.008337
    1    0   15    9    0.038012
    1    0   16    9   -0.042322
    1    0   17    9    0.015722
    1    0   18    9    0.110622
    1    0    1   10    0.008962
    1    0    2   10    0.008760
    1    0    3   10   -0.213023
    1    0    4   10   -0.145337
    1    0    5   10    0.003235
    1    0    6   10    0.316652
    1    0    7   10    0.024287
    1    0    8   10   -0.009435
    1    0    9   10    0.151530
    1    0   10   10    0.136385
    1    0   11   10   -0.005417
    1    0   12   10    0.301737
    1    0   13   10   -0.110165
    1    0   14   10    0.002350
    1    0   15   10   -0.181107
    1    0   16   10    0.177535
    1    0   17   10   -0.005915
    1    0   18   10    0.027237
    1    0    1   11    0.008060
    1    0    2   11   -0.012317
    1    0    3   11   -0.012603
    1    0    4   11   -0.006240
    1    0    5   11   -0.004655
    1    0    6   11    0.007837
    1    0    7   11   -0.018535
    1    0    8   11   -0.001435
    1    0    9   11   -0.004190
    1    0   10   11   -0.141522
    1    0   11   11    0.016275
    1    0   12   11   -0.054912
    1    0   13   11    0.028800
    1    0   14   11   -0.008167
    1    0   15   11    0.078510
    1    0   16   11   -0.015142
    1    0   17   11    0.117128
    1    0   18   11    0.012385
    1    0    1   12   -0.002158
    1    0    2   12   -0.004397
    1    0    3   12    0.014447
    1    0    4   12   -0.025943
    1    0    5   12    0.003825
    1    0    6   12    0.017490
    1    0    7   12    0.042380
    1    0    8   12   -0.000180
    1    0    9   12   -0.005585
    1    0   10   12    0.042072
    1    0   11   12    0.005840
    1    0   12   12   -0.056065
    1    0   13   12   -0.025848
    1    0   14   12   -0.000182
    1    0   15   12    0.013002
    1    0   16   12   -0.000772
    1    0   17   12    0.013945
    1    0   18   12   -0.013882
    1    0    1   13   -0.031480
    1    0    2   13    0.005972
    1    0    3   13   -0.050212
    1    0    4   13    0.021713
    1    0    5   13   -0.004687
    1    0    6   13   -0.026473
    1    0    7   13   -0.079287
    1    0    8   13   -0.000632
    1    0    9   13    0.009040
    1    0   10   13    0.012450
    1    0   11   13   -0.011807
    1    0   12   13    0.015470
    1    0   13   13    0.007403
    1    0   14   13    0.003703
    1    0   15   13    0.051295
    1    0   16   13    0.078937
    1    0   17   13    0.021967
    1    0   18   13    0.008405
    1    0    1   14    0.010255
    1    0    2   14   -0.086285
    1    0    3   14   -0.127620
    1    0    4   14    0.069090
    1    0    5   14    0.093030
    1    0    6   14   -0.011018
    1    0    7   14    0.158952
    1    0    8   14   -0.011867
    1    0    9   14   -0.021152
    1    0   10   14    0.014960
    1    0   11   14   -0.059055
    1    0   12   14   -1.634088
    1    0   13   14   -1.284433
    1    0   14   14    0.023027
    1    0   15   14    0.346060
    1    0   16   14    0.018498
    1    0   17   14   -2.159105
    1    0   18   14   -0.012520
    1    0    1   15    0.001268
    1    0    2   15    0.002682
    1    0    3   15   -0.120155
    1    0    4   15   -0.001300
    1    0    5   15    0.005790
    1    0    6   15   -0.356155
    1    0    7   15    0.006167
    1    0    8   15    0.000632
    1    0    9   15   -0.032107
    1    0   10   15    0.007830
    1    0   11   15    0.016397
    1    0   12   15   -0.216525
    1    0   13   15    0.009483
    1    0   14   15   -0.011815
    1    0   15   15    0.168170
    1    0   16   15   -0.019547
    1    0   17   15    0.038892
    1    0   18   15   -0.019535
    1    0    1   16   -0.006637
    1    0    2   16   -0.133275
    1    0    3   16    0.174677
    1    0    4   16    0.019077
    1    0    5   16    0.085085
    1    0    6   16    0.328958
    1    0    7   16    1.263185
    1    0    8   16    0.007452
    1    0    9   16   -0.369360
    1    0   10   16    0.566770
    1    0   11   16    0.038530
    1    0   12   16   -0.280700
    1    0   13   16   -0.447060
    1    0   14   16   -0.011990
    1    0   15   16    0.299047
    1    0   16   16    0.005093
    1    0   17   16    0.095555
    1    0   18   16   -0.116498
    1    0    1   17   -0.064367
    1    0    2   17    2.315160
    1    0    3   17    0.015455
    1    0    4   17    0.030402
    1    0    5   17    0.061775
    1    0    6   17    0.475542
    1    0    7   17    0.590317
    1    0    8   17   -0.035795
    1    0    9   17    0.087155
    1    0   10   17    0.065340
    1    0   11   17    0.091625
    1    0   12   17   -0.016497
    1    0   13   17   -3.199233
    1    0   14   17    0.101865
    1    0   15   17    0.053437
    1    0   16   17    0.516160
    1    0   17   17   -0.014652
    1    0   18   17   -0.178715
    1    0    1   18   -0.027412
    1    0    2   18   -0.053690
    1    0    3   18    0.423173
    1    0    4   18    0.134695
    1    0    5   18   -0.060050
    1    0    6   18   -0.438188
    1    0    7   18    0.244142
    1    0    8   18    0.014602
    1    0    9   18   -0.022355
    1    0   10   18    0.851845
    1    0   11   18    0.010520
    1    0   12   18   -0.429307
    1    0   13   18    0.709653
    1    0   14   18   -0.018965
    1    0   15   18   -0.326787
    1    0   16   18   -0.110117
    1    0   17   18   -0.356532
    1    0   18   18   -0.099037
   -1    1    1    1    0.014575
   -1    1    2    1    0.001400
   -1    1    3    1   -0.015257
   -1    1    4    1    0.000018
   -1    1    5    1   -0.000675
   -1    1    6    1    0.008475
   -1    1    7    1    0.017080
   -1    1    8    1   -0.002480
   -1    1    9    1   -0.012910
   -1    1   10    1   -0.002482
   -1    1   11    1    0.000755
   -1    1   12    1   -0.001685
   -1    1   13    1   -0.012087
   -1    1   14    1   -0.003532
   -1    1   15    1    0.017950
   -1    1   16    1    0.013340
   -1    1   17    1    0.006657
   -1    1   18    1   -0.003182
   -1    1    1    2   -0.011195
   -1    1    2    2    0.001870
   -1    1    3    2    0.004747
   -1    1    4    2    0.000380
   -1    1    5    2    0.001810
   -1    1    6    2    0.000955
   -1    1    7    2    0.007262
   -1    1    8    2   -0.009910
   -1    1    9    2    0.002903
   -1    1   10    2   -0.003242
   -1    1   11    2    0.000222
   -1    1   12    2   -0.000160
   -1    1   13    2   -0.005682
   -1    1   14    2    0.002810
   -1    1   15    2   -0.003292
   -1    1   16    2    0.000622
   -1    1   17    2    0.011085
   -1    1   18    2    0.004555
   -1    1    1    3   -0.031425
   -1    1    2    3   -0.000280
   -1    1    3    3    0.008610
   -1    1    4    3   -0.000618
   -1    1    5    3    0.001555
   -1    1    6    3    0.009950
   -1    1    7    3    0.003617
   -1    1    8    3    0.000333
   -1    1    9    3    0.002322
   -1    1   10    3   -0.004820
   -1    1   11    3    0.001250
   -1    1   12    3    0.002475
   -1    1   13    3   -0.000767
   -1    1   14    3    0.004180
   -1    1   15    3    0.005550
   -1    1   16    3   -0.003577
   -1    1   17    3   -0.002440
   -1    1   18    3   -0.009642
   -1    1    1    4   -0.025863
   -1    1    2    4    0.001790
   -1    1    3    4   -0.007915
   -1    1    4    4   -0.008470
   -1    1    5    4   -0.001675
   -1    1    6    4   -0.002267
   -1    1    7    4   -0.005782
   -1    1    8    4    0.016887
   -1    1    9    4    0.000675
   -1    1   10    4   -0.004415
   -1    1   11    4   -0.001055
   -1    1   12    4    0.003605
   -1    1   13    4    0.001775
   -1    1   14    4    0.001882
   -1    1   15    4   -0.003332
   -1    1   16    4   -0.046670
   -1    1   17    4   -0.002322
   -1    1   18    4    0.008830
   -1    1    1    5   -0.000308
   -1    1    2    5   -0.000025
   -1    1    3    5    0.004823
   -1    1    4    5    0.001488
   -1    1    5    5    0.000495
   -1    1    6    5   -0.000540
   -1    1    7    5   -0.000398
   -1    1    8    5    0.000558
   -1    1    9    5    0.001882
   -1    1   10    5    0.001210
   -1    1   11    5   -0.000053
   -1    1   12    5   -0.000138
   -1    1   13    5    0.000660
   -1    1   14    5    0.000748
   -1    1   15    5   -0.001080
   -1    1   16    5   -0.000580
   -1    1   17    5    0.000932
   -1    1   18    5   -0.001927
   -1    1    1    6    0.026610
   -1    1    2    6    0.003152
   -1    1    3    6    0.019660
   -1    1    4    6    0.001392
   -1    1    5    6   -0.003167
   -1    1    6    6    0.006465
   -1    1    7    6    0.006900
   -1    1    8    6    0.004887
   -1    1    9    6    0.003308
   -1    1   10    6   -0.005470
   -1    1   11    6    0.000872
   -1    1   12    6    0.001568
   -1    1   13    6   -0.002975
   -1    1   14    6   -0.002492
   -1    1   15    6   -0.010383
   -1    1   16    6   -0.032520
   -1    1   17    6   -0.006545
   -1    1   18    6    0.004310
   -1    1    1    7   -0.034520
   -1    1    2    7    0.001832
   -1    1    3    7    0.023022
   -1    1    4    7    0.000810
   -1    1    5    7    0.001705
   -1    1    6    7    0.016358
   -1    1    7    7    0.012485
   -1    1    8    7    0.004620
   -1    1    9    7    0.009562
   -1    1   10    7   -0.010340
   -1    1   11    7    0.001457
   -1    1   12    7    0.005455
   -1    1   13    7   -0.013705
   -1    1   14    7    0.004597
   -1    1   15    7   -0.002883
   -1    1   16    7   -0.028665
   -1    1   17    7    0.002385
   -1    1   18    7   -0.005355
   -1    1    1    8   -0.000075
   -1    1    2    8   -0.000005
   -1    1    3    8    0.001925
   -1    1    4    8    0.000090
   -1    1    5    8    0.000565
   -1    1    6    8    0.000460
   -1    1    7    8    0.000188
   -1    1    8    8   -0.000145
   -1    1    9    8    0.001437
   -1    1   10    8   -0.000525
   -1    1   11    8    0.000073
   -1    1   12    8   -0.000137
   -1    1   13    8    0.000687
   -1    1   14    8    0.000510
   -1    1   15    8   -0.001405
   -1    1   16    8   -0.002062
   -1    1   17    8    0.000370
   -1    1   18    8    0.000067
   -1    1    1    9    0.060780
   -1    1    2    9    0.000040
   -1    1    3    9    0.008063
   -1    1    4    9   -0.000015
   -1    1    5    9   -0.004035
   -1    1    6    9   -0.011280
   -1    1    7    9   -0.016100
   -1    1    8    9   -0.013230
   -1    1    9    9   -0.003127
   -1    1   10    9    0.001820
   -1    1   11    9   -0.001245
   -1    1   12    9    0.001805
   -1    1   13    9    0.001180
   -1    1   14    9   -0.010332
   -1    1   15    9   -0.001017
   -1    1   16    9    0.008618
   -1    1   17    9   -0.001463
   -1    1   18    9    0.008750
   -1    1    1   10    0.004138
   -1    1    2   10   -0.002230
   -1    1    3   10    0.010637
   -1    1    4   10    0.001057
   -1    1    5   10    0.003862
   -1    1    6   10    0.016380
   -1    1    7   10   -0.005363
   -1    1    8   10   -0.008155
   -1    1    9   10    0.003227
   -1    1   10   10   -0.000442
   -1    1   11   10    0.002590
   -1    1   12   10   -0.001247
   -1    1   13   10    0.006637
   -1    1   14   10    0.002460
   -1    1   15   10    0.014487
   -1    1   16   10   -0.044340
   -1    1   17   10   -0.003455
   -1    1   18   10   -0.013827
   -1    1    1   11    0.014238
   -1    1    2   11   -0.000362
   -1    1    3   11    0.005362
   -1    1    4   11    0.000622
   -1    1    5   11   -0.003458
   -1    1    6   11   -0.001823
   -1    1    7   11    0.002430
   -1    1    8   11    0.011355
   -1    1    9   11   -0.000072
   -1    1   10   11    0.001072
   -1    1   11   11   -0.000303
   -1    1   12   11    0.000420
   -1    1   13   11   -0.002695
   -1    1   14   11   -0.001260
   -1    1   15   11   -0.000700
   -1    1   16   11   -0.003102
   -1    1   17   11   -0.017057
   -1    1   18   11   -0.002363
   -1    1    1   12    0.129297
   -1    1    2   12    0.083405
   -1    1    3   12   -0.080388
   -1    1    4   12    0.001160
   -1    1    5   12   -0.006307
   -1    1    6   12    0.026020
   -1    1    7   12    0.038497
   -1    1    8   12   -0.097615
   -1    1    9   12   -1.116932
   -1    1   10   12    0.579205
   -1    1   11   12    0.021030
   -1    1   12   12    0.003472
   -1    1   13   12    0.044867
   -1    1   14   12   -0.345010
   -1    1   15   12   -0.533527
   -1    1   16   12   -0.130447
   -1    1   17   12    0.064605
   -1    1   18   12    0.581455
   -1    1    1   13    0.062865
   -1    1    2   13    0.004540
   -1    1    3   13    0.011772
   -1    1    4   13    0.002478
   -1    1    5   13    0.001120
   -1    1    6   13   -0.005967
   -1    1    7   13    0.005085
   -1    1    8   13   -0.000777
   -1    1    9   13   -0.002830
   -1    1   10   13   -0.001135
   -1    1   11   13    0.002215
   -1    1   12   13    0.003480
   -1    1   13   13   -0.001760
   -1    1   14   13    0.009035
   -1    1   15   13    0.001885
   -1    1   16   13   -0.017338
   -1    1   17   13   -0.031425
   -1    1   18   13   -0.030888
   -1    1    1   14   -0.004217
   -1    1    2   14    0.000620
   -1    1    3   14    0.003167
   -1    1    4   14    0.001302
   -1    1    5   14    0.001560
   -1    1    6   14   -0.000833
   -1    1    7   14   -0.001510
   -1    1    8   14   -0.002110
   -1    1    9   14    0.001645
   -1    1   10   14    0.000918
   -1    1   11   14    0.000160
   -1    1   12   14   -0.000830
   -1    1   13   14    0.000682
   -1    1   14   14    0.001830
   -1    1   15   14   -0.001192
   -1    1   16   14   -0.000610
   -1    1   17   14    0.005680
   -1    1   18   14   -0.001035
   -1    1    1   15    0.017257
   -1    1    2   15    0.000720
   -1    1    3   15   -0.000437
   -1    1    4   15    0.000157
   -1    1    5   15   -0.008757
   -1    1    6   15   -0.021595
   -1    1    7   15   -0.013992
   -1    1    8   15   -0.007317
   -1    1    9   15   -0.009575
   -1    1   10   15    0.010157
   -1    1   11   15   -0.003458
   -1    1   12   15    0.001888
   -1    1   13   15   -0.001873
   -1    1   14   15   -0.006265
   -1    1   15   15    0.000418
   -1    1   16   15    0.027827
   -1    1   17   15   -0.004307
   -1    1   18   15    0.019482
   -1    1    1   16   -0.013615
   -1    1    2   16   -0.004990
   -1    1    3   16   -0.004150
   -1    1    4   16   -0.002307
   -1    1    5   16   -0.000920
   -1    1    6   16   -0.001725
   -1    1    7   16   -0.023083
   -1    1    8   16   -0.002995
   -1    1    9   16    0.000110
   -1    1   10   16   -0.000107
   -1    1   11   16   -0.000095
   -1    1   12   16    0.000540
   -1    1   13   16    0.021890
   -1    1   14   16    0.001325
   -1    1   15   16    0.000410
   -1    1   16   16    0.016970
   -1    1   17   16   -0.009520
   -1    1   18   16   -0.006745
   -1    1    1   17   -0.015607
   -1    1    2   17   -0.001635
   -1    1    3   17    0.002110
   -1    1    4   17   -0.001020
   -1    1    5   17   -0.000545
   -1    1    6   17    0.000532
   -1    1    7   17    0.001725
   -1    1    8   17    0.002445
   -1    1    9   17    0.001455
   -1    1   10   17    0.000570
   -1    1   11   17   -0.000210
   -1    1   12   17    0.001063
   -1    1   13   17    0.000023
   -1    1   14   17   -0.002033
   -1    1   15   17    0.003622
   -1    1   16   17   -0.008440
   -1    1   17   17   -0.000690
   -1    1   18   17    0.000832
   -1    1    1   18    0.006727
   -1    1    2   18   -0.002135
   -1    1    3   18   -0.014697
   -1    1    4   18   -0.004330
   -1    1    5   18    0.000187
   -1    1    6   18    0.012345
   -1    1    7   18    0.011272
   -1    1    8   18   -0.002000
   -1    1    9   18   -0.003687
   -1    1   10   18   -0.007330
   -1    1   11   18    0.000535
   -1    1   12   18   -0.000380
   -1    1   13   18   -0.005900
   -1    1   14   18   -0.005665
   -1    1   15   18    0.007562
   -1    1   16   18   -0.003012
   -1    1   17   18   -0.002012
   -1    1   18   18    0.002840
    0    1    1    1    0.033250
    0    1    2    1   -0.009360
    0    1    3    1   -0.041435
    0    1    4    1    0.003378
    0    1    5    1    0.001687
    0    1    6    1   -0.001702
    0    1    7    1   -0.055008
    0    1    8    1    0.060105
    0    1    9    1   -0.008887
    0    1   10    1    0.046530
    0    1   11    1   -0.002232
    0    1   12    1   -0.004817
    0    1   13    1   -0.020645
    0    1   14    1   -0.001072
    0    1   15    1   -0.015242
    0    1   16    1   -0.000602
    0    1   17    1   -0.048990
    0    1   18    1   -0.046597
    0    1    1    2   -0.045365
    0    1    2    2   -0.003012
    0    1    3    2   -0.003380
    0    1    4    2   -0.000917
    0    1    5    2    0.002217
    0    1    6    2   -0.022668
    0    1    7    2    0.195820
    0    1    8    2    0.014070
    0    1    9    2    0.016807
    0    1   10    2    0.011947
    0    1   11    2   -0.003825
    0    1   12    2    0.010392
    0    1   13    2   -0.020633
    0    1   14    2    0.013375
    0    1   15    2   -0.069070
    0    1   16    2    0.056050
    0    1   17    2   -0.015075
    0    1   18    2   -0.054780
    0    1    1    3   -0.029340
    0    1    2    3   -0.003305
    0    1    3    3   -0.017612
    0    1    4    3   -0.013770
    0    1    5    3   -0.004045
    0    1    6    3    0.027840
    0    1    7    3    0.053775
    0    1    8    3    0.013327
    0    1    9    3    0.023292
    0    1   10    3   -0.017592
    0    1   11    3    0.004363
    0    1   12    3    0.009113
    0    1   13    3    0.016517
    0    1   14    3    0.017077
    0    1   15    3    0.040462
    0    1   16    3   -0.048092
    0    1   17    3   -0.014735
    0    1   18    3   -0.079955
    0    1    1    4    0.094172
    0    1    2    4    0.028337
    0    1    3    4    0.340058
    0    1    4    4    0.008370
    0    1    5    4   -0.088015
    0    1    6    4   -0.250705
    0    1    7    4    0.102425
    0    1    8    4   -0.075130
    0    1    9    4    0.317850
    0    1   10    4   -1.056472
    0    1   11    4   -0.012275
    0    1   12    4   -0.011023
    0    1   13    4    0.056300
    0    1   14    4    0.381362
    0    1   15    4   -0.097700
    0    1   16    4    0.020025
    0    1   17    4    0.031705
    0    1   18    4   -0.134387
    0    1    1    5    0.004793
    0    1    2    5    0.003827
    0    1    3    5    0.020162
    0    1    4    5    0.003652
    0    1    5    5    0.003797
    0    1    6    5    0.001510
    0    1    7    5   -0.020495
    0    1    8    5   -0.065930
    0    1    9    5    0.003965
    0    1   10    5   -0.008805
    0    1   11    5    0.002180
    0    1   12    5    0.001172
    0    1   13    5   -0.001450
    0    1   14    5   -0.007925
    0    1   15    5    0.011055
    0    1   16    5   -0.051210
    0    1   17    5    0.019527
    0    1   18    5    0.012422
    0    1    1    6   -0.054127
    0    1    2    6   -0.003290
    0    1    3    6   -0.013795
    0    1    4    6   -0.000890
    0    1    5    6   -0.004507
    0    1    6    6   -0.140775
    0    1    7    6   -0.216135
    0    1    8    6    0.021757
    0    1    9    6    0.050515
    0    1   10    6   -0.046695
    0    1   11    6   -0.016790
    0    1   12    6    0.004360
    0    1   13    6   -0.038802
    0    1   14    6    0.022382
    0    1   15    6    0.006063
    0    1   16    6    0.023860
    0    1   17    6   -0.009697
    0    1   18    6   -0.020868
    0    1    1    7   -0.076570
    0    1    2    7   -0.004535
    0    1    3    7    0.002608
    0    1    4    7   -0.005748
    0    1    5    7    0.005390
    0    1    6    7    0.037015
    0    1    7    7   -0.089360
    0    1    8    7    0.017105
    0    1    9    7    0.001550
    0    1   10    7   -0.075260
    0    1   11    7   -0.001612
    0    1   12    7    0.016007
    0    1   13    7   -0.013560
    0    1   14    7    0.012228
    0    1   15    7    0.002747
    0    1   16    7    0.012465
    0    1   17    7   -0.000148
    0    1   18    7   -0.050015
    0    1    1    8    0.003045
    0    1    2    8    0.001430
    0    1    3    8    0.006667
    0    1    4    8    0.000445
    0    1    5    8    0.001172
    0    1    6    8    0.000582
    0    1    7    8    0.006578
    0    1    8    8   -0.007310
    0    1    9    8    0.000958
    0    1   10    8   -0.002482
    0    1   11    8    0.000482
    0    1   12    8    0.000670
    0    1   13    8   -0.001695
    0    1   14    8    0.001512
    0    1   15    8    0.000553
    0    1   16    8   -0.001225
    0    1   17    8    0.003027
    0    1   18    8   -0.002115
    0    1    1    9   -0.017685
    0    1    2    9   -0.014422
    0    1    3    9    0.009862
    0    1    4    9   -0.001525
    0    1    5    9    0.035825
    0    1    6    9    0.207182
    0    1    7    9    0.140822
    0    1    8    9   -0.049482
    0    1    9    9    0.005552
    0    1   10    9   -0.004327
    0    1   11    9    0.014082
    0    1   12    9   -0.004712
    0    1   13    9   -0.026628
    0    1   14    9    0.014852
    0    1   15    9    0.029628
    0    1   16    9   -0.728595
    0    1   17    9    0.002760
    0    1   18    9   -0.017870
    0    1    1   10    0.101392
    0    1    2   10    0.005190
    0    1    3   10    0.021382
    0    1    4   10    0.000210
    0    1    5   10    0.022273
    0    1    6   10    0.212105
    0    1    7   10    0.009515
    0    1    8   10   -0.056245
    0    1    9   10   -0.005422
    0    1   10   10   -0.085620
    0    1   11   10    0.022735
    0    1   12   10    0.012217
    0    1   13   10   -0.001760
    0    1   14   10   -0.023620
    0    1   15   10    0.022743
    0    1   16   10    0.202530
    0    1   17   10    0.008382
    0    1   18   10   -0.030873
    0    1    1   11   -0.010025
    0    1    2   11    0.020102
    0    1    3   11    0.013740
    0    1    4   11    0.002050
    0    1    5   11    0.000020
    0    1    6   11    0.010535
    0    1    7   11   -0.344780
    0    1    8   11   -0.212953
    0    1    9   11   -0.008465
    0    1   10   11   -0.041917
    0    1   11   11    0.005810
    0    1   12   11    0.003280
    0    1   13   11    0.030808
    0    1   14   11   -0.012922
    0    1   15   11   -0.014768
    0    1   16   11   -0.181062
    0    1   17   11    0.077787
    0    1   18   11    0.078075
    0    1    1   12   -0.089380
    0    1    2   12    0.075705
    0    1    3   12    0.206822
    0    1    4   12    0.009735
    0    1    5   12    0.103262
    0    1    6   12   -0.758022
    0    1    7   12   -0.124297
    0    1    8   12    0.165290
    0    1    9   12   -0.029035
    0    1   10   12    0.047345
    0    1   11   12    0.001090
    0    1   12   12    0.062570
    0    1   13   12   -0.083050
    0    1   14   12    0.010390
    0    1   15   12   -0.326212
    0    1   16   12    0.231407
    0    1   17   12    0.034477
    0    1   18   12   -0.080147
    0    1    1   13    0.072347
    0    1    2   13    0.117225
    0    1    3   13    0.022708
    0    1    4   13    0.006427
    0    1    5   13    0.075372
    0    1    6   13    0.180620
    0    1    7   13   -0.794940
    0    1    8   13   -0.015895
    0    1    9   13   -0.006720
    0    1   10   13   -0.086940
    0    1   11   13    0.049952
    0    1   12   13    0.038900
    0    1   13   13   -0.001720
    0    1   14   13   -0.034900
    0    1   15   13   -0.165637
    0    1   16   13   -0.827580
    0    1   17   13    0.066592
    0    1   18   13    0.142940
    0    1    1   14    0.047745
    0    1    2   14    0.002510
    0    1    3   14    0.019457
    0    1    4   14    0.004932
    0    1    5   14    0.008983
    0    1    6   14   -0.006390
    0    1    7   14    0.037768
    0    1    8   14   -0.055452
    0    1    9   14    0.000602
    0    1   10   14    0.005215
    0    1   11   14    0.002110
    0    1   12   14    0.001867
    0    1   13   14   -0.011493
    0    1   14   14   -0.007607
    0    1   15   14   -0.001645
    0    1   16   14   -0.024725
    0    1   17   14    0.024897
    0    1   18   14    0.000395
    0    1    1   15   -0.008867
    0    1    2   15   -0.044660
    0    1    3   15    0.037455
    0    1    4   15    0.001252
    0    1    5   15    0.038500
    0    1    6   15    0.118605
    0    1    7   15    0.023230
    0    1    8   15    0.012877
    0    1    9   15   -0.026863
    0    1   10   15    0.024210
    0    1   11   15    0.012238
    0    1   12   15   -0.011765
    0    1   13   15   -0.015405
    0    1   14   15    0.012412
    0    1   15   15    0.201480
    0    1   16   15    0.163610
    0    1   17   15   -0.034775
    0    1   18   15   -0.122797
    0    1    1   16    0.090208
    0    1    2   16    0.012880
    0    1    3   16   -0.008500
    0    1    4   16   -0.005643
    0    1    5   16   -0.005740
    0    1    6   16    0.004500
    0    1    7   16    0.100202
    0    1    8   16   -0.001237
    0    1    9   16   -0.004840
    0    1   10   16   -0.010478
    0    1   11   16    0.011805
    0    1   12   16   -0.001990
    0    1   13   16    0.036615
    0    1   14   16   -0.006835
    0    1   15   16    0.018867
    0    1   16   16   -0.083132
    0    1   17   16   -0.005552
    0    1   18   16    0.009597
    0    1    1   17   -0.016530
    0    1    2   17   -0.002120
    0    1    3   17   -0.021450
    0    1    4   17   -0.005412
    0    1    5   17   -0.006050
    0    1    6   17   -0.003525
    0    1    7   17    0.044320
    0    1    8   17   -0.015315
    0    1    9   17   -0.009815
    0    1   10   17   -0.016242
    0    1   11   17   -0.007175
    0    1   12   17   -0.006175
    0    1   13   17    0.003227
    0    1   14   17    0.000940
    0    1   15   17    0.084175
    0    1   16   17    0.065363
    0    1   17   17    0.000042
    0    1   18   17   -0.018693
    0    1    1   18   -0.021427
    0    1    2   18   -0.029628
    0    1    3   18   -0.092367
    0    1    4   18   -0.012748
    0    1    5   18   -0.020592
    0    1    6   18   -0.024887
    0    1    7   18    0.097850
    0    1    8   18    0.123645
    0    1    9   18   -0.026682
    0    1   10   18    0.008050
    0    1   11   18   -0.022185
    0    1   12   18   -0.008642
    0    1   13   18   -0.005030
    0    1   14   18    0.022855
    0    1   15   18   -0.032235
    0    1   16   18    0.385440
    0    1   17   18   -0.038650
    0    1   18   18   -0.002390
    1    1    1    1   -0.077512
    1    1    2    1   -0.003577
    1    1    3    1    0.058332
    1    1    4    1    0.009007
    1    1    5    1    0.056452
    1    1    6    1    0.057970
    1    1    7    1   -1.504252
    1    1    8    1    0.033102
    1    1    9    1    0.007673
    1    1   10    1    0.134505
    1    1   11    1   -0.031245
    1    1   12    1   -0.016760
    1    1   13    1    0.105670
    1    1   14    1    0.027772
    1    1   15    1   -0.045047
    1    1   16    1   -0.135920
    1    1   17    1   -0.021397
    1    1   18    1    0.164528
    1    1    1    2   -0.005508
    1    1    2    2   -0.001177
    1    1    3    2   -0.002247
    1    1    4    2   -0.006983
    1    1    5    2   -0.007202
    1    1    6    2   -0.016047
    1    1    7    2    0.048332
    1    1    8    2   -0.003350
    1    1    9    2    0.002420
    1    1   10    2   -0.021802
    1    1   11    2    0.002847
    1    1   12    2   -0.007595
    1    1   13    2    0.024350
    1    1   14    2   -0.001910
    1    1   15    2   -0.014460
    1    1   16    2    0.006092
    1    1   17    2    0.014718
    1    1   18    2   -0.007550
    1    1    1    3   -0.036070
    1    1    2    3   -0.002747
    1    1    3    3   -0.031602
    1    1    4    3   -0.023055
    1    1    5    3   -0.031187
    1    1    6    3   -0.003782
    1    1    7    3    0.160595
    1    1    8    3   -0.003913
    1    1    9    3    0.012942
    1    1   10    3    0.028650
    1    1   11    3   -0.000635
    1    1   12    3   -0.002882
    1    1   13    3    0.025860
    1    1   14    3   -0.021047
    1    1   15    3   -0.014037
    1    1   16    3   -0.005335
    1    1   17    3    0.012695
    1    1   18    3    0.045925
    1    1    1    4   -0.026818
    1    1    2    4    0.083985
    1    1    3    4   -0.618007
    1    1    4    4   -0.257217
    1    1    5    4   -0.104390
    1    1    6    4   -0.081345
    1    1    7    4    0.115850
    1    1    8    4   -0.012042
    1    1    9    4    0.213687
    1    1   10    4   -0.061125
    1    1   11    4   -0.012175
    1    1   12    4   -0.015235
    1    1   13    4   -0.365662
    1    1   14    4   -0.089727
    1    1   15    4    0.073597
    1    1   16    4    0.134505
    1    1   17    4    0.036792
    1    1   18    4    0.305367
    1    1    1    5    0.025800
    1    1    2    5    0.006935
    1    1    3    5    0.003525
    1    1    4    5    0.008592
    1    1    5    5    0.033298
    1    1    6    5    0.013720
    1    1    7    5   -0.195575
    1    1    8    5    0.006290
    1    1    9    5   -0.006270
    1    1   10    5   -0.004017
    1    1   11    5    0.007355
    1    1   12    5    0.004102
    1    1   13    5   -0.026275
    1    1   14    5    0.007762
    1    1   15    5    0.022122
    1    1   16    5   -0.006753
    1    1   17    5   -0.002910
    1    1   18    5   -0.027985
    1    1    1    6    0.000303
    1    1    2    6    0.002530
    1    1    3    6   -0.030567
    1    1    4    6   -0.004260
    1    1    5    6   -0.007952
    1    1    6    6   -0.090372
    1    1    7    6    0.020317
    1    1    8    6   -0.000362
    1    1    9    6   -0.005295
    1    1   10    6   -0.003363
    1    1   11    6   -0.001755
    1    1   12    6    0.002405
    1    1   13    6    0.027122
    1    1   14    6    0.001825
    1    1   15    6    0.010363
    1    1   16    6    0.036650
    1    1   17    6   -0.007100
    1    1   18    6    0.006508
    1    1    1    7   -0.006955
    1    1    2    7   -0.008660
    1    1    3    7   -0.027242
    1    1    4    7   -0.005265
    1    1    5    7   -0.004638
    1    1    6    7   -0.052270
    1    1    7    7    0.018568
    1    1    8    7   -0.000555
    1    1    9    7   -0.008170
    1    1   10    7    0.047190
    1    1   11    7   -0.003975
    1    1   12    7   -0.002652
    1    1   13    7    0.030385
    1    1   14    7    0.004322
    1    1   15    7    0.037875
    1    1   16    7    0.050963
    1    1   17    7   -0.008752
    1    1   18    7   -0.004485
    1    1    1    8    0.010743
    1    1    2    8    0.013455
    1    1    3    8   -0.000802
    1    1    4    8    0.001477
    1    1    5    8    0.011667
    1    1    6    8   -0.004150
    1    1    7    8   -0.041497
    1    1    8    8    0.001670
    1    1    9    8   -0.001330
    1    1   10    8   -0.016855
    1    1   11    8    0.006467
    1    1   12    8    0.007090
    1    1   13    8   -0.009567
    1    1   14    8   -0.001540
    1    1   15    8   -0.021225
    1    1   16    8   -0.023605
    1    1   17    8    0.008140
    1    1   18    8   -0.005708
    1    1    1    9    0.080545
    1    1    2    9   -0.001712
    1    1    3    9    0.080452
    1    1    4    9   -0.006370
    1    1    5    9    0.041350
    1    1    6    9    0.018625
    1    1    7    9    0.179867
    1    1    8    9   -0.000195
    1    1    9    9    0.035055
    1    1   10    9   -0.840372
    1    1   11    9    0.031862
    1    1   12    9    0.019115
    1    1   13    9    0.060560
    1    1   14    9   -0.009475
    1    1   15    9   -0.043908
    1    1   16    9   -0.025743
    1    1   17    9   -0.017180
    1    1   18    9   -0.030067
    1    1    1   10   -0.012965
    1    1    2   10    0.033335
    1    1    3   10    0.024172
    1    1    4   10    0.012550
    1    1    5   10    0.050463
    1    1    6   10   -0.028073
    1    1    7   10   -0.408825
    1    1    8   10    0.021807
    1    1    9   10   -0.007352
    1    1   10   10    0.172395
    1    1   11   10    0.000062
    1    1   12   10   -0.024462
    1    1   13   10   -0.052870
    1    1   14   10   -0.005593
    1    1   15   10   -0.005560
    1    1   16   10   -0.092122
    1    1   17   10    0.021650
    1    1   18   10    0.046825
    1    1    1   11    0.029172
    1    1    2   11   -0.013370
    1    1    3   11   -0.003798
    1    1    4   11   -0.002972
    1    1    5   11    0.017687
    1    1    6   11    0.082775
    1    1    7   11   -0.218147
    1    1    8   11    0.002387
    1    1    9   11   -0.007898
    1    1   10   11   -0.073165
    1    1   11   11   -0.002163
    1    1   12   11    0.050772
    1    1   13   11   -0.044530
    1    1   14   11   -0.002435
    1    1   15   11    0.127397
    1    1   16   11    0.001022
    1    1   17   11   -0.087722
    1    1   18   11    0.017900
    1    1    1   12   -0.015580
    1    1    2   12   -0.005285
    1    1    3   12   -0.016183
    1    1    4   12    0.008835
    1    1    5   12    0.004367
    1    1    6   12    0.033232
    1    1    7   12   -0.030050
    1    1    8   12    0.001540
    1    1    9   12   -0.017655
    1    1   10   12    0.112650
    1    1   11   12   -0.011232
    1    1   12   12    0.048012
    1    1   13   12    0.001135
    1    1   14   12    0.000690
    1    1   15   12    0.079075
    1    1   16   12   -0.003570
    1    1   17   12   -0.015915
    1    1   18   12    0.005662
    1    1    1   13    0.008560
    1    1    2   13    0.001128
    1    1    3   13    0.032598
    1    1    4   13   -0.019860
    1    1    5   13    0.013163
    1    1    6   13   -0.006125
    1    1    7   13    0.032897
    1    1    8   13    0.000392
    1    1    9   13    0.002580
    1    1   10   13   -0.165075
    1    1   11   13    0.006570
    1    1   12   13    0.019272
    1    1   13   13   -0.040833
    1    1   14   13   -0.001080
    1    1   15   13    0.030700
    1    1   16   13    0.014447
    1    1   17   13   -0.023065
    1    1   18   13   -0.025230
    1    1    1   14    0.047070
    1    1    2   14    0.022443
    1    1    3   14   -0.013840
    1    1    4   14    0.008788
    1    1    5   14    0.080505
    1    1    6   14    0.088880
    1    1    7   14   -0.544270
    1    1    8   14    0.028382
    1    1    9   14   -0.010757
    1    1   10   14   -0.019527
    1    1   11   14    0.012400
    1    1   12   14   -0.001645
    1    1   13   14   -0.023750
    1    1   14   14    0.013037
    1    1   15   14    0.059880
    1    1   16   14   -0.046335
    1    1   17   14   -0.006083
    1    1   18   14   -0.020862
    1    1    1   15    0.007210
    1    1    2   15   -0.054640
    1    1    3   15    0.029605
    1    1    4   15    0.000892
    1    1    5   15   -0.003387
    1    1    6   15   -0.075557
    1    1    7   15    0.226075
    1    1    8   15   -0.005962
    1    1    9   15    0.019762
    1    1   10   15    0.027402
    1    1   11   15    0.003540
    1    1   12   15   -0.022395
    1    1   13   15    0.008208
    1    1   14   15   -0.001832
    1    1   15   15    0.170735
    1    1   16   15   -0.025055
    1    1   17   15   -0.013227
    1    1   18   15   -0.034557
    1    1    1   16    0.016722
    1    1    2   16    0.012113
    1    1    3   16    0.023667
    1    1    4   16   -0.010530
    1    1    5   16   -0.020100
    1    1    6   16    0.114545
    1    1    7   16    0.055312
    1    1    8   16   -0.002732
    1    1    9   16   -0.024695
    1    1   10   16   -0.057755
    1    1   11   16    0.009395
    1    1   12   16   -0.011012
    1    1   13   16   -0.043800
    1    1   14   16   -0.019442
    1    1   15   16    0.018290
    1    1   16   16   -0.086095
    1    1   17   16    0.012892
    1    1   18   16    0.058637
    1    1    1   17   -0.026142
    1    1    2   17   -0.020305
    1    1    3   17   -0.006435
    1    1    4   17   -0.001932
    1    1    5   17   -0.027202
    1    1    6   17   -0.006267
    1    1    7   17    0.326890
    1    1    8   17    0.009598
    1    1    9   17    0.011645
    1    1   10   17    0.029795
    1    1   11   17   -0.004785
    1    1   12   17   -0.009880
    1    1   13   17   -0.005077
    1    1   14   17    0.004440
    1    1   15   17    0.006737
    1    1   16   17    0.091383
    1    1   17   17   -0.008618
    1    1   18   17   -0.026333
    1    1    1   18   -0.087552
    1    1    2   18    0.003720
    1    1    3   18   -0.041927
    1    1    4   18   -0.027668
    1    1    5   18   -0.130082
    1    1    6   18   -0.053722
    1    1    7   18    0.595017
    1    1    8   18   -0.028142
    1    1    9   18   -0.002550
    1    1   10   18    0.117958
    1    1   11   18   -0.025090
    1    1   12   18    0.007832
    1    1   13   18    0.073942
    1    1   14   18   -0.016975
    1    1   15   18   -0.124200
    1    1   16   18    0.019578
    1    1   17   18   -0.010430
    1    1   18   18    0.067570
