 ir1  ir2   m    n          ReH 
   -1   -1    1    1   -0.095225
   -1   -1    2    1    0.005750
   -1   -1    3    1   -0.051117
   -1   -1    4    1   -0.034302
   -1   -1    5    1   -0.009622
   -1   -1    6    1   -0.011030
   -1   -1    7    1    0.005018
   -1   -1    8    1    0.002825
   -1   -1    9    1   -0.004120
   -1   -1   10    1   -0.034040
   -1   -1   11    1    0.003600
   -1   -1   12    1   -0.003025
   -1   -1   13    1    0.018457
   -1   -1   14    1   -0.008725
   -1   -1   15    1    0.006690
   -1   -1   16    1    0.007015
   -1   -1   17    1   -0.002425
   -1   -1   18    1   -0.015955
   -1   -1    1    2   -0.137115
   -1   -1    2    2   -0.014138
   -1   -1    3    2    0.007092
   -1   -1    4    2   -0.009122
   -1   -1    5    2    0.012925
   -1   -1    6    2    0.011473
   -1   -1    7    2    0.002692
   -1   -1    8    2   -0.000660
   -1   -1    9    2   -0.005110
   -1   -1   10    2    0.162925
   -1   -1   11    2    0.059645
   -1   -1   12    2   -0.006877
   -1   -1   13    2    0.029892
   -1   -1   14    2    0.022477
   -1   -1   15    2    0.040460
   -1   -1   16    2   -0.006225
   -1   -1   17    2   -0.008007
   -1   -1   18    2    0.002380
   -1   -1    1    3   -0.154230
   -1   -1    2    3    0.010552
   -1   -1    3    3   -0.010297
   -1   -1    4    3    0.021075
   -1   -1    5    3   -0.001065
   -1   -1    6    3    0.004060
   -1   -1    7    3   -0.032325
   -1   -1    8    3   -0.014192
   -1   -1    9    3    0.013125
   -1   -1   10    3   -0.003772
   -1   -1   11    3    0.007675
   -1   -1   12    3   -0.025930
   -1   -1   13    3    0.021992
   -1   -1   14    3    0.001567
   -1   -1   15    3    0.070597
   -1   -1   16    3   -0.042145
   -1   -1   17    3   -0.011165
   -1   -1   18    3   -0.012615
   -1   -1    1    4   -0.348885
   -1   -1    2    4   -0.025898
   -1   -1    3    4    0.546920
   -1   -1    4    4   -0.412540
   -1   -1    5    4    0.032490
   -1   -1    6    4    0.401830
   -1   -1    7    4   -0.140357
   -1   -1    8    4    0.007867
   -1   -1    9    4   -0.248595
   -1   -1   10    4    0.040305
   -1   -1   11    4    0.112318
   -1   -1   12    4    0.079965
   -1   -1   13    4   -0.215892
   -1   -1   14    4    0.018085
   -1   -1   15    4   -0.284150
   -1   -1   16    4    0.034900
   -1   -1   17    4   -0.027438
   -1   -1   18    4    0.044222
   -1   -1    1    5   -0.060370
   -1   -1    2    5   -0.006417
   -1   -1    3    5    0.105417
   -1   -1    4    5    0.004335
   -1   -1    5    5    0.006692
   -1   -1    6    5    0.008220
   -1   -1    7    5    0.001762
   -1   -1    8    5   -0.019442
   -1   -1    9    5   -0.000605
   -1   -1   10    5    0.134480
   -1   -1   11    5    0.005248
   -1   -1   12    5    0.004775
   -1   -1   13    5    0.003265
   -1   -1   14    5    0.002530
   -1   -1   15    5    0.000225
   -1   -1   16    5   -0.010777
   -1   -1   17    5   -0.040825
   -1   -1   18    5   -0.006345
   -1   -1    1    6   -0.284043
   -1   -1    2    6    0.044660
   -1   -1    3    6   -0.394687
   -1   -1    4    6    0.006630
   -1   -1    5    6   -0.068925
   -1   -1    6    6   -0.240582
   -1   -1    7    6    0.073395
   -1   -1    8    6   -0.001365
   -1   -1    9    6    0.018447
   -1   -1   10    6   -0.005112
   -1   -1   11    6   -0.282602
   -1   -1   12    6   -0.107347
   -1   -1   13    6    0.097805
   -1   -1   14    6   -0.170540
   -1   -1   15    6    0.066545
   -1   -1   16    6    0.056937
   -1   -1   17    6   -0.027165
   -1   -1   18    6   -0.015572
   -1   -1    1    7    0.738050
   -1   -1    2    7    0.004555
   -1   -1    3    7    0.111717
   -1   -1    4    7    0.141332
   -1   -1    5    7   -0.009725
   -1   -1    6    7    0.138592
   -1   -1    7    7   -0.092137
   -1   -1    8    7    0.004090
   -1   -1    9    7   -0.076222
   -1   -1   10    7   -0.015897
   -1   -1   11    7    0.008770
   -1   -1   12    7    0.043707
   -1   -1   13    7   -0.063685
   -1   -1   14    7    0.001677
   -1   -1   15    7   -0.072137
   -1   -1   16    7    0.045077
   -1   -1   17    7   -0.013945
   -1   -1   18    7    0.012155
   -1   -1    1    8    0.202497
   -1   -1    2    8   -0.005265
   -1   -1    3    8    0.096515
   -1   -1    4    8   -0.011367
   -1   -1    5    8   -0.000390
   -1   -1    6    8    0.010145
   -1   -1    7    8   -0.000720
   -1   -1    8    8   -0.005580
   -1   -1    9    8   -0.003977
   -1   -1   10    8    0.043875
   -1   -1   11    8    0.000918
   -1   -1   12    8   -0.001832
   -1   -1   13    8   -0.006922
   -1   -1   14    8   -0.002107
   -1   -1   15    8    0.006142
   -1   -1   16    8    0.001208
   -1   -1   17    8   -0.027893
   -1   -1   18    8   -0.004007
   -1   -1    1    9    0.671073
   -1   -1    2    9   -0.016162
   -1   -1    3    9   -1.205615
   -1   -1    4    9    0.069697
   -1   -1    5    9   -0.026942
   -1   -1    6    9   -0.185907
   -1   -1    7    9    0.103350
   -1   -1    8    9    0.287757
   -1   -1    9    9    0.215087
   -1   -1   10    9    0.488145
   -1   -1   11    9   -0.058252
   -1   -1   12    9   -0.118865
   -1   -1   13    9   -0.166217
   -1   -1   14    9   -0.130697
   -1   -1   15    9   -0.069770
   -1   -1   16    9    0.730647
   -1   -1   17    9   -0.004572
   -1   -1   18    9    0.169585
   -1   -1    1   10   -0.181677
   -1   -1    2   10    0.007202
   -1   -1    3   10   -0.020527
   -1   -1    4   10    0.022000
   -1   -1    5   10    0.010288
   -1   -1    6   10   -0.012403
   -1   -1    7   10    0.011842
   -1   -1    8   10    0.002075
   -1   -1    9   10    0.001627
   -1   -1   10   10    0.250148
   -1   -1   11   10   -0.003812
   -1   -1   12   10    0.037547
   -1   -1   13   10    0.022445
   -1   -1   14   10   -0.033440
   -1   -1   15   10    0.047957
   -1   -1   16   10   -0.107795
   -1   -1   17   10    0.025250
   -1   -1   18   10   -0.001090
   -1   -1    1   11    0.003108
   -1   -1    2   11    0.004630
   -1   -1    3   11   -0.008860
   -1   -1    4   11    0.012140
   -1   -1    5   11   -0.005957
   -1   -1    6   11   -0.005375
   -1   -1    7   11   -0.001852
   -1   -1    8   11   -0.006045
   -1   -1    9   11   -0.000057
   -1   -1   10   11    0.001845
   -1   -1   11   11   -0.025695
   -1   -1   12   11   -0.005977
   -1   -1   13   11   -0.015205
   -1   -1   14   11   -0.014955
   -1   -1   15   11   -0.011017
   -1   -1   16   11    0.019303
   -1   -1   17   11   -0.005632
   -1   -1   18   11    0.005872
   -1   -1    1   12   -0.174825
   -1   -1    2   12    0.011627
   -1   -1    3   12    0.024440
   -1   -1    4   12   -0.045220
   -1   -1    5   12   -0.006770
   -1   -1    6   12   -0.039352
   -1   -1    7   12   -0.000950
   -1   -1    8   12   -0.001440
   -1   -1    9   12    0.073082
   -1   -1   10   12   -0.031455
   -1   -1   11   12   -0.030015
   -1   -1   12   12   -0.168828
   -1   -1   13   12    0.008290
   -1   -1   14   12   -0.007925
   -1   -1   15   12    0.105865
   -1   -1   16   12   -0.007860
   -1   -1   17   12    0.007507
   -1   -1   18   12    0.011785
   -1   -1    1   13    0.427812
   -1   -1    2   13    0.028057
   -1   -1    3   13    0.038962
   -1   -1    4   13   -0.359652
   -1   -1    5   13   -0.008100
   -1   -1    6   13   -0.057570
   -1   -1    7   13    0.016522
   -1   -1    8   13    0.002743
   -1   -1    9   13   -0.045662
   -1   -1   10   13   -0.231453
   -1   -1   11   13   -0.001518
   -1   -1   12   13   -0.193150
   -1   -1   13   13    0.120412
   -1   -1   14   13    0.032985
   -1   -1   15   13   -0.006385
   -1   -1   16   13    0.199420
   -1   -1   17   13   -0.013643
   -1   -1   18   13   -0.004522
   -1   -1    1   14   -0.047035
   -1   -1    2   14   -0.002355
   -1   -1    3   14    0.027805
   -1   -1    4   14    0.010500
   -1   -1    5   14    0.003327
   -1   -1    6   14    0.004220
   -1   -1    7   14   -0.001975
   -1   -1    8   14   -0.002778
   -1   -1    9   14    0.001730
   -1   -1   10   14    0.019855
   -1   -1   11   14    0.006555
   -1   -1   12   14   -0.000835
   -1   -1   13   14   -0.000038
   -1   -1   14   14    0.006180
   -1   -1   15   14   -0.010095
   -1   -1   16   14   -0.006142
   -1   -1   17   14   -0.000760
   -1   -1   18   14   -0.004955
   -1   -1    1   15   -0.230045
   -1   -1    2   15    0.009105
   -1   -1    3   15   -0.031117
   -1   -1    4   15   -0.002227
   -1   -1    5   15   -0.013825
   -1   -1    6   15   -0.014600
   -1   -1    7   15   -0.003877
   -1   -1    8   15    0.009747
   -1   -1    9   15   -0.004487
   -1   -1   10   15   -0.084280
   -1   -1   11   15   -0.010573
   -1   -1   12   15    0.059115
   -1   -1   13   15    0.114130
   -1   -1   14   15    0.017225
   -1   -1   15   15    0.328395
   -1   -1   16   15   -0.216440
   -1   -1   17   15   -0.012990
   -1   -1   18   15   -0.091402
   -1   -1    1   16   -0.289353
   -1   -1    2   16    0.007868
   -1   -1    3   16    0.157130
   -1   -1    4   16   -0.052765
   -1   -1    5   16    0.013720
   -1   -1    6   16    0.025155
   -1   -1    7   16    0.002430
   -1   -1    8   16    0.010640
   -1   -1    9   16   -0.003602
   -1   -1   10   16   -0.115588
   -1   -1   11   16    0.008690
   -1   -1   12   16    0.014920
   -1   -1   13   16   -0.004098
   -1   -1   14   16    0.029925
   -1   -1   15   16   -0.100290
   -1   -1   16   16   -0.044070
   -1   -1   17   16    0.012048
   -1   -1   18   16   -0.012530
   -1   -1    1   17   -0.185753
   -1   -1    2   17    0.004120
   -1   -1    3   17   -0.007765
   -1   -1    4   17   -0.038250
   -1   -1    5   17   -0.000452
   -1   -1    6   17    0.004622
   -1   -1    7   17    0.002672
   -1   -1    8   17   -0.002002
   -1   -1    9   17   -0.000400
   -1   -1   10   17    0.018720
   -1   -1   11   17    0.023887
   -1   -1   12   17   -0.007140
   -1   -1   13   17    0.002602
   -1   -1   14   17   -0.000460
   -1   -1   15   17    0.002655
   -1   -1   16   17   -0.006280
   -1   -1   17   17   -0.005632
   -1   -1   18   17   -0.004955
   -1   -1    1   18    1.980937
   -1   -1    2   18   -0.000545
   -1   -1    3   18   -0.352832
   -1   -1    4   18   -0.145232
   -1   -1    5   18    0.023187
   -1   -1    6   18    0.018312
   -1   -1    7   18    0.223445
   -1   -1    8   18    0.002465
   -1   -1    9   18   -0.077757
   -1   -1   10   18    0.170227
   -1   -1   11   18   -0.008725
   -1   -1   12   18    0.041287
   -1   -1   13   18   -0.062980
   -1   -1   14   18   -0.016893
   -1   -1   15   18    0.218522
   -1   -1   16   18   -0.168590
   -1   -1   17   18    0.003140
   -1   -1   18   18   -0.538787
    0   -1    1    1   -0.071430
    0   -1    2    1   -0.012770
    0   -1    3    1    0.026647
    0   -1    4    1   -0.078540
    0   -1    5    1    0.006027
    0   -1    6    1   -0.001848
    0   -1    7    1    0.005970
    0   -1    8    1    0.001490
    0   -1    9    1   -0.007575
    0   -1   10    1   -0.004040
    0   -1   11    1    0.002995
    0   -1   12    1    0.030035
    0   -1   13    1    0.038823
    0   -1   14    1    0.018395
    0   -1   15    1    0.107680
    0   -1   16    1   -0.023630
    0   -1   17    1    0.022935
    0   -1   18    1   -0.005332
    0   -1    1    2    0.021172
    0   -1    2    2    0.008948
    0   -1    3    2    0.009643
    0   -1    4    2    0.003442
    0   -1    5    2   -0.003510
    0   -1    6    2   -0.019400
    0   -1    7    2    0.013700
    0   -1    8    2   -0.000768
    0   -1    9    2   -0.015395
    0   -1   10    2    0.059660
    0   -1   11    2   -0.022520
    0   -1   12    2   -0.026863
    0   -1   13    2    0.023785
    0   -1   14    2    0.000432
    0   -1   15    2    0.026403
    0   -1   16    2    0.012225
    0   -1   17    2   -0.036897
    0   -1   18    2    0.000945
    0   -1    1    3    0.073385
    0   -1    2    3   -0.056980
    0   -1    3    3   -0.004698
    0   -1    4    3    0.075490
    0   -1    5    3    0.010540
    0   -1    6    3    0.014788
    0   -1    7    3    0.032317
    0   -1    8    3   -0.002217
    0   -1    9    3   -0.014533
    0   -1   10    3    0.015495
    0   -1   11    3    0.073682
    0   -1   12    3   -0.047060
    0   -1   13    3    0.034867
    0   -1   14    3    0.000342
    0   -1   15    3   -0.015495
    0   -1   16    3    0.059192
    0   -1   17    3    0.017067
    0   -1   18    3   -0.007642
    0   -1    1    4   -0.076775
    0   -1    2    4   -0.009340
    0   -1    3    4   -0.040870
    0   -1    4    4   -0.404898
    0   -1    5    4    0.033435
    0   -1    6    4    0.188160
    0   -1    7    4    0.011240
    0   -1    8    4    0.010722
    0   -1    9    4   -0.010790
    0   -1   10    4    0.031155
    0   -1   11    4    0.048435
    0   -1   12    4    0.121395
    0   -1   13    4    0.005135
    0   -1   14    4    0.031793
    0   -1   15    4   -0.178242
    0   -1   16    4    0.003962
    0   -1   17    4   -0.026232
    0   -1   18    4   -0.001880
    0   -1    1    5   -0.050583
    0   -1    2    5   -0.029942
    0   -1    3    5    0.016542
    0   -1    4    5    0.037807
    0   -1    5    5   -0.001080
    0   -1    6    5    0.061632
    0   -1    7    5   -0.001530
    0   -1    8    5   -0.003352
    0   -1    9    5    0.014058
    0   -1   10    5    0.026737
    0   -1   11    5    0.045515
    0   -1   12    5    0.024633
    0   -1   13    5    0.167215
    0   -1   14    5   -0.016117
    0   -1   15    5    0.035645
    0   -1   16    5   -0.032670
    0   -1   17    5   -0.001637
    0   -1   18    5    0.003262
    0   -1    1    6   -0.016282
    0   -1    2    6   -0.066635
    0   -1    3    6    0.059320
    0   -1    4    6   -0.001845
    0   -1    5    6    0.012638
    0   -1    6    6    0.065965
    0   -1    7    6    0.057662
    0   -1    8    6    0.001155
    0   -1    9    6   -0.025360
    0   -1   10    6   -0.142520
    0   -1   11    6    0.105617
    0   -1   12    6    0.010745
    0   -1   13    6   -0.017312
    0   -1   14    6   -0.005043
    0   -1   15    6   -0.009420
    0   -1   16    6    0.026410
    0   -1   17    6    0.153230
    0   -1   18    6    0.004577
    0   -1    1    7   -0.000083
    0   -1    2    7   -0.001002
    0   -1    3    7   -0.062080
    0   -1    4    7    0.094925
    0   -1    5    7   -0.002895
    0   -1    6    7    0.048530
    0   -1    7    7   -0.142892
    0   -1    8    7    0.001463
    0   -1    9    7   -0.037065
    0   -1   10    7   -0.023887
    0   -1   11    7    0.014370
    0   -1   12    7    0.261365
    0   -1   13    7    0.053560
    0   -1   14    7   -0.002320
    0   -1   15    7    0.000165
    0   -1   16    7    0.005415
    0   -1   17    7    0.007600
    0   -1   18    7   -0.011855
    0   -1    1    8    0.209990
    0   -1    2    8   -0.003620
    0   -1    3    8   -0.093293
    0   -1    4    8   -0.039990
    0   -1    5    8   -0.049517
    0   -1    6    8   -0.116932
    0   -1    7    8    0.031997
    0   -1    8    8   -0.001378
    0   -1    9    8    0.050340
    0   -1   10    8    0.308522
    0   -1   11    8   -0.037205
    0   -1   12    8   -0.016473
    0   -1   13    8    0.214160
    0   -1   14    8   -0.034492
    0   -1   15    8   -0.044168
    0   -1   16    8    0.005922
    0   -1   17    8   -0.045215
    0   -1   18    8    0.007885
    0   -1    1    9    0.004495
    0   -1    2    9    0.595985
    0   -1    3    9   -0.062515
    0   -1    4    9   -0.036590
    0   -1    5    9   -0.062452
    0   -1    6    9   -0.762422
    0   -1    7    9   -0.063458
    0   -1    8    9    0.023600
    0   -1    9    9    0.030810
    0   -1   10    9   -0.236995
    0   -1   11    9   -0.705315
    0   -1   12    9   -0.459675
    0   -1   13    9   -0.073607
    0   -1   14    9    0.072892
    0   -1   15    9    0.107760
    0   -1   16    9    0.045903
    0   -1   17    9   -0.196437
    0   -1   18    9   -0.017490
    0   -1    1   10   -0.154782
    0   -1    2   10   -0.009380
    0   -1    3   10    0.016937
    0   -1    4   10    0.026692
    0   -1    5   10    0.006057
    0   -1    6   10   -0.002922
    0   -1    7   10   -0.012780
    0   -1    8   10   -0.007805
    0   -1    9   10    0.054950
    0   -1   10   10    0.273900
    0   -1   11   10   -0.012955
    0   -1   12   10    0.118902
    0   -1   13   10   -0.107483
    0   -1   14   10   -0.033063
    0   -1   15   10    0.132093
    0   -1   16   10   -0.119975
    0   -1   17   10    0.016157
    0   -1   18   10    0.040875
    0   -1    1   11    0.013813
    0   -1    2   11   -0.013662
    0   -1    3   11    0.001132
    0   -1    4   11   -0.000380
    0   -1    5   11    0.001047
    0   -1    6   11    0.015037
    0   -1    7   11    0.001740
    0   -1    8   11   -0.000953
    0   -1    9   11    0.001985
    0   -1   10   11    0.003585
    0   -1   11   11    0.015377
    0   -1   12   11   -0.000157
    0   -1   13   11    0.011083
    0   -1   14   11   -0.001325
    0   -1   15   11    0.008710
    0   -1   16   11    0.018337
    0   -1   17   11    0.010627
    0   -1   18   11    0.002087
    0   -1    1   12    0.053062
    0   -1    2   12    0.005325
    0   -1    3   12   -0.004602
    0   -1    4   12    0.025455
    0   -1    5   12   -0.001615
    0   -1    6   12   -0.006052
    0   -1    7   12   -0.003445
    0   -1    8   12   -0.003203
    0   -1    9   12    0.001950
    0   -1   10   12    0.028315
    0   -1   11   12   -0.007885
    0   -1   12   12   -0.090755
    0   -1   13   12   -0.005922
    0   -1   14   12   -0.005330
    0   -1   15   12    0.029855
    0   -1   16   12    0.012052
    0   -1   17   12    0.009303
    0   -1   18   12    0.006635
    0   -1    1   13    0.005962
    0   -1    2   13    0.008613
    0   -1    3   13   -0.004135
    0   -1    4   13    0.000835
    0   -1    5   13   -0.002552
    0   -1    6   13    0.005925
    0   -1    7   13    0.011965
    0   -1    8   13   -0.001345
    0   -1    9   13   -0.035252
    0   -1   10   13   -0.036432
    0   -1   11   13    0.003650
    0   -1   12   13   -0.008320
    0   -1   13   13    0.184550
    0   -1   14   13    0.001578
    0   -1   15   13    0.018812
    0   -1   16   13    0.045565
    0   -1   17   13   -0.005595
    0   -1   18   13   -0.029150
    0   -1    1   14   -0.018517
    0   -1    2   14    0.011177
    0   -1    3   14   -0.000255
    0   -1    4   14    0.022345
    0   -1    5   14   -0.008377
    0   -1    6   14   -0.006258
    0   -1    7   14   -0.004752
    0   -1    8   14   -0.000937
    0   -1    9   14   -0.008382
    0   -1   10   14    0.009212
    0   -1   11   14   -0.041243
    0   -1   12   14   -0.010780
    0   -1   13   14   -0.004545
    0   -1   14   14   -0.001500
    0   -1   15   14   -0.018525
    0   -1   16   14    0.003490
    0   -1   17   14   -0.014710
    0   -1   18   14   -0.009410
    0   -1    1   15    0.007455
    0   -1    2   15    0.000207
    0   -1    3   15    0.005460
    0   -1    4   15    0.017067
    0   -1    5   15   -0.002822
    0   -1    6   15   -0.028557
    0   -1    7   15    0.028670
    0   -1    8   15   -0.001640
    0   -1    9   15    0.024578
    0   -1   10   15    0.073915
    0   -1   11   15    0.013653
    0   -1   12   15    0.067037
    0   -1   13   15    0.093460
    0   -1   14   15   -0.008657
    0   -1   15   15   -0.147765
    0   -1   16   15   -0.016705
    0   -1   17   15    0.008632
    0   -1   18   15    0.006820
    0   -1    1   16    0.024630
    0   -1    2   16    0.016130
    0   -1    3   16   -0.010357
    0   -1    4   16   -0.022943
    0   -1    5   16   -0.000247
    0   -1    6   16    0.033927
    0   -1    7   16   -0.005920
    0   -1    8   16    0.000382
    0   -1    9   16    0.025603
    0   -1   10   16   -0.227565
    0   -1   11   16   -0.005825
    0   -1   12   16   -0.035008
    0   -1   13   16   -0.017670
    0   -1   14   16   -0.005942
    0   -1   15   16   -0.046035
    0   -1   16   16   -0.083105
    0   -1   17   16    0.019787
    0   -1   18   16    0.000612
    0   -1    1   17   -0.080397
    0   -1    2   17    0.011030
    0   -1    3   17    0.000423
    0   -1    4   17   -0.023490
    0   -1    5   17   -0.001160
    0   -1    6   17    0.000155
    0   -1    7   17   -0.002657
    0   -1    8   17    0.000088
    0   -1    9   17    0.002342
    0   -1   10   17   -0.009515
    0   -1   11   17   -0.072203
    0   -1   12   17    0.019563
    0   -1   13   17   -0.014062
    0   -1   14   17   -0.009287
    0   -1   15   17    0.051152
    0   -1   16   17   -0.039985
    0   -1   17   17    0.001232
    0   -1   18   17   -0.006365
    0   -1    1   18    0.056760
    0   -1    2   18   -0.039457
    0   -1    3   18    0.087050
    0   -1    4   18   -0.090758
    0   -1    5   18    0.018860
    0   -1    6   18    0.056217
    0   -1    7   18   -0.649625
    0   -1    8   18    0.004387
    0   -1    9   18   -0.029235
    0   -1   10   18    0.009310
    0   -1   11   18   -0.016822
    0   -1   12   18   -0.359248
    0   -1   13   18   -0.108835
    0   -1   14   18    0.008387
    0   -1   15   18    0.043892
    0   -1   16   18   -0.069655
    0   -1   17   18   -0.034725
    0   -1   18   18    0.008308
    1   -1    1    1    0.010977
    1   -1    2    1    0.002873
    1   -1    3    1    0.014198
    1   -1    4    1   -0.026702
    1   -1    5    1   -0.002040
    1   -1    6    1    0.008345
    1   -1    7    1    0.003280
    1   -1    8    1   -0.000993
    1   -1    9    1    0.012935
    1   -1   10    1    0.002820
    1   -1   11    1   -0.010987
    1   -1   12    1   -0.006238
    1   -1   13    1   -0.009330
    1   -1   14    1    0.001342
    1   -1   15    1   -0.001758
    1   -1   16    1   -0.015820
    1   -1   17    1   -0.012770
    1   -1   18    1    0.008160
    1   -1    1    2    0.002385
    1   -1    2    2    0.002392
    1   -1    3    2    0.004100
    1   -1    4    2   -0.000830
    1   -1    5    2   -0.000370
    1   -1    6    2   -0.000717
    1   -1    7    2    0.000748
    1   -1    8    2   -0.000585
    1   -1    9    2    0.000895
    1   -1   10    2    0.001468
    1   -1   11    2   -0.000810
    1   -1   12    2   -0.000360
    1   -1   13    2    0.000967
    1   -1   14    2    0.000300
    1   -1   15    2   -0.000155
    1   -1   16    2   -0.004723
    1   -1   17    2   -0.002337
    1   -1   18    2   -0.000325
    1   -1    1    3   -0.041962
    1   -1    2    3   -0.020708
    1   -1    3    3    0.023395
    1   -1    4    3    0.028072
    1   -1    5    3    0.005015
    1   -1    6    3    0.047137
    1   -1    7    3   -0.015462
    1   -1    8    3    0.002157
    1   -1    9    3   -0.001315
    1   -1   10    3    0.017995
    1   -1   11    3    0.018870
    1   -1   12    3    0.002705
    1   -1   13    3    0.001215
    1   -1   14    3   -0.000638
    1   -1   15    3    0.015432
    1   -1   16    3   -0.012067
    1   -1   17    3    0.009430
    1   -1   18    3   -0.000108
    1   -1    1    4   -0.042877
    1   -1    2    4   -0.000612
    1   -1    3    4    0.006200
    1   -1    4    4   -0.552160
    1   -1    5    4    0.018405
    1   -1    6    4    0.019520
    1   -1    7    4    0.016570
    1   -1    8    4    0.002587
    1   -1    9    4    0.009300
    1   -1   10    4    0.032785
    1   -1   11    4    0.007357
    1   -1   12    4    0.090215
    1   -1   13    4    0.026572
    1   -1   14    4    0.013748
    1   -1   15    4   -0.001192
    1   -1   16    4   -0.038162
    1   -1   17    4   -0.014985
    1   -1   18    4    0.016040
    1   -1    1    5   -0.000567
    1   -1    2    5    0.000198
    1   -1    3    5   -0.004142
    1   -1    4    5    0.017163
    1   -1    5    5    0.000085
    1   -1    6    5   -0.002690
    1   -1    7    5   -0.003525
    1   -1    8    5    0.000362
    1   -1    9    5    0.006242
    1   -1   10    5    0.006502
    1   -1   11    5    0.001045
    1   -1   12    5    0.002337
    1   -1   13    5   -0.011012
    1   -1   14    5   -0.000465
    1   -1   15    5   -0.005528
    1   -1   16    5    0.000077
    1   -1   17    5   -0.003737
    1   -1   18    5    0.002057
    1   -1    1    6   -0.000467
    1   -1    2    6   -0.002967
    1   -1    3    6   -0.011965
    1   -1    4    6   -0.005738
    1   -1    5    6    0.001717
    1   -1    6    6    0.001618
    1   -1    7    6    0.004610
    1   -1    8    6   -0.000237
    1   -1    9    6    0.009197
    1   -1   10    6   -0.008205
    1   -1   11    6    0.000417
    1   -1   12    6    0.017260
    1   -1   13    6   -0.003065
    1   -1   14    6   -0.000322
    1   -1   15    6   -0.002432
    1   -1   16    6   -0.008300
    1   -1   17    6   -0.002160
    1   -1   18    6    0.001985
    1   -1    1    7    0.005015
    1   -1    2    7   -0.000873
    1   -1    3    7    0.008632
    1   -1    4    7    0.035552
    1   -1    5    7    0.000090
    1   -1    6    7   -0.012118
    1   -1    7    7   -0.023317
    1   -1    8    7   -0.000708
    1   -1    9    7    0.016117
    1   -1   10    7    0.009420
    1   -1   11    7   -0.000315
    1   -1   12    7   -0.015890
    1   -1   13    7    0.002352
    1   -1   14    7   -0.000362
    1   -1   15    7    0.005440
    1   -1   16    7   -0.002305
    1   -1   17    7    0.001877
    1   -1   18    7    0.002792
    1   -1    1    8   -0.003410
    1   -1    2    8   -0.001255
    1   -1    3    8   -0.001178
    1   -1    4    8    0.006985
    1   -1    5    8   -0.001840
    1   -1    6    8   -0.011435
    1   -1    7    8    0.013907
    1   -1    8    8    0.000520
    1   -1    9    8   -0.031828
    1   -1   10    8   -0.060257
    1   -1   11    8    0.003580
    1   -1   12    8   -0.012113
    1   -1   13    8    0.005400
    1   -1   14    8   -0.000785
    1   -1   15    8    0.010620
    1   -1   16    8    0.011347
    1   -1   17    8    0.025525
    1   -1   18    8   -0.007063
    1   -1    1    9    0.011782
    1   -1    2    9   -0.002822
    1   -1    3    9    0.007262
    1   -1    4    9   -0.030752
    1   -1    5    9    0.002900
    1   -1    6    9    0.014145
    1   -1    7    9   -0.007200
    1   -1    8    9   -0.000355
    1   -1    9    9   -0.007392
    1   -1   10    9   -0.007260
    1   -1   11    9    0.002547
    1   -1   12    9    0.067495
    1   -1   13    9   -0.009397
    1   -1   14    9    0.003420
    1   -1   15    9   -0.004012
    1   -1   16    9   -0.007715
    1   -1   17    9    0.034865
    1   -1   18    9   -0.003077
    1   -1    1   10   -0.027200
    1   -1    2   10   -0.002775
    1   -1    3   10    0.003080
    1   -1    4   10    0.026862
    1   -1    5   10    0.001825
    1   -1    6   10   -0.005630
    1   -1    7   10   -0.006367
    1   -1    8   10    0.000822
    1   -1    9   10   -0.012550
    1   -1   10   10   -0.009562
    1   -1   11   10   -0.001820
    1   -1   12   10    0.068730
    1   -1   13   10   -0.098507
    1   -1   14   10    0.004577
    1   -1   15   10   -0.012712
    1   -1   16   10   -0.004060
    1   -1   17   10   -0.005065
    1   -1   18   10    0.008535
    1   -1    1   11    0.000950
    1   -1    2   11    0.000157
    1   -1    3   11    0.001745
    1   -1    4   11    0.001360
    1   -1    5   11    0.000335
    1   -1    6   11   -0.001365
    1   -1    7   11    0.000647
    1   -1    8   11   -0.000398
    1   -1    9   11   -0.001147
    1   -1   10   11    0.002560
    1   -1   11   11    0.000135
    1   -1   12   11   -0.003123
    1   -1   13   11    0.003498
    1   -1   14   11   -0.000053
    1   -1   15   11    0.000875
    1   -1   16   11    0.000777
    1   -1   17   11   -0.001502
    1   -1   18   11   -0.001750
    1   -1    1   12   -0.019142
    1   -1    2   12   -0.001612
    1   -1    3   12   -0.009390
    1   -1    4   12    0.024327
    1   -1    5   12   -0.000788
    1   -1    6   12   -0.023950
    1   -1    7   12    0.026405
    1   -1    8   12    0.000018
    1   -1    9   12    0.008662
    1   -1   10   12   -0.002832
    1   -1   11   12   -0.000880
    1   -1   12   12   -0.009190
    1   -1   13   12   -0.019705
    1   -1   14   12    0.000905
    1   -1   15   12    0.006340
    1   -1   16   12    0.005865
    1   -1   17   12   -0.006620
    1   -1   18   12   -0.005528
    1   -1    1   13    0.007917
    1   -1    2   13   -0.000725
    1   -1    3   13    0.008522
    1   -1    4   13    0.011185
    1   -1    5   13   -0.000160
    1   -1    6   13    0.004663
    1   -1    7   13   -0.002500
    1   -1    8   13   -0.001412
    1   -1    9   13   -0.003087
    1   -1   10   13    0.028655
    1   -1   11   13   -0.001082
    1   -1   12   13    0.018740
    1   -1   13   13   -0.005185
    1   -1   14   13   -0.004247
    1   -1   15   13    0.013165
    1   -1   16   13    0.000840
    1   -1   17   13    0.001630
    1   -1   18   13    0.007723
    1   -1    1   14    0.004210
    1   -1    2   14    0.000010
    1   -1    3   14   -0.001732
    1   -1    4   14    0.009295
    1   -1    5   14   -0.000277
    1   -1    6   14    0.000725
    1   -1    7   14    0.000627
    1   -1    8   14    0.000010
    1   -1    9   14   -0.002320
    1   -1   10   14    0.004253
    1   -1   11   14    0.000057
    1   -1   12   14   -0.003215
    1   -1   13   14    0.007078
    1   -1   14   14   -0.000682
    1   -1   15   14    0.001097
    1   -1   16   14    0.003427
    1   -1   17   14    0.000040
    1   -1   18   14    0.000122
    1   -1    1   15   -0.032290
    1   -1    2   15    0.000640
    1   -1    3   15    0.004567
    1   -1    4   15    0.019235
    1   -1    5   15   -0.001450
    1   -1    6   15    0.008367
    1   -1    7   15   -0.003515
    1   -1    8   15    0.003507
    1   -1    9   15    0.026680
    1   -1   10   15   -0.030215
    1   -1   11   15    0.000902
    1   -1   12   15   -0.016330
    1   -1   13   15   -0.043797
    1   -1   14   15    0.002062
    1   -1   15   15    0.001575
    1   -1   16   15   -0.011570
    1   -1   17   15   -0.004155
    1   -1   18   15    0.019832
    1   -1    1   16    0.004950
    1   -1    2   16    0.002220
    1   -1    3   16   -0.024835
    1   -1    4   16   -0.021195
    1   -1    5   16   -0.003170
    1   -1    6   16   -0.017895
    1   -1    7   16    0.001145
    1   -1    8   16    0.001007
    1   -1    9   16   -0.009805
    1   -1   10   16   -0.004702
    1   -1   11   16   -0.003387
    1   -1   12   16   -0.006088
    1   -1   13   16    0.006092
    1   -1   14   16   -0.001815
    1   -1   15   16   -0.000380
    1   -1   16   16    0.023502
    1   -1   17   16    0.004382
    1   -1   18   16    0.002357
    1   -1    1   17    0.001620
    1   -1    2   17   -0.001590
    1   -1    3   17   -0.000987
    1   -1    4   17   -0.023502
    1   -1    5   17    0.000205
    1   -1    6   17   -0.004052
    1   -1    7   17   -0.013262
    1   -1    8   17    0.000815
    1   -1    9   17    0.013125
    1   -1   10   17    0.016042
    1   -1   11   17    0.000990
    1   -1   12   17    0.034040
    1   -1   13   17   -0.017957
    1   -1   14   17   -0.000865
    1   -1   15   17   -0.009400
    1   -1   16   17   -0.005567
    1   -1   17   17    0.000540
    1   -1   18   17    0.006962
    1   -1    1   18   -0.016602
    1   -1    2   18    0.002605
    1   -1    3   18    0.007190
    1   -1    4   18    0.001440
    1   -1    5   18   -0.002072
    1   -1    6   18   -0.010292
    1   -1    7   18   -0.024180
    1   -1    8   18    0.000825
    1   -1    9   18    0.029752
    1   -1   10   18    0.048705
    1   -1   11   18   -0.010148
    1   -1   12   18    0.107697
    1   -1   13   18   -0.050745
    1   -1   14   18   -0.000212
    1   -1   15   18    0.015775
    1   -1   16   18   -0.001455
    1   -1   17   18   -0.006957
    1   -1   18   18   -0.003642
   -1    0    1    1    0.006287
   -1    0    2    1   -0.000077
   -1    0    3    1   -0.188955
   -1    0    4    1   -0.123835
   -1    0    5    1   -0.022075
   -1    0    6    1   -0.030102
   -1    0    7    1    0.014480
   -1    0    8    1    0.123200
   -1    0    9    1   -0.025045
   -1    0   10    1   -0.063995
   -1    0   11    1    0.005510
   -1    0   12    1    0.005788
   -1    0   13    1    0.049923
   -1    0   14    1   -0.021462
   -1    0   15    1   -0.086830
   -1    0   16    1    0.037755
   -1    0   17    1    0.005030
   -1    0   18    1   -0.041487
   -1    0    1    2   -0.033530
   -1    0    2    2   -0.006345
   -1    0    3    2    0.197005
   -1    0    4    2   -0.017102
   -1    0    5    2   -0.042988
   -1    0    6    2    0.010715
   -1    0    7    2    0.004642
   -1    0    8    2    0.051310
   -1    0    9    2   -0.036980
   -1    0   10    2   -0.061402
   -1    0   11    2   -0.009542
   -1    0   12    2   -0.006575
   -1    0   13    2    0.012432
   -1    0   14    2   -0.021303
   -1    0   15    2   -0.017247
   -1    0   16    2   -0.006260
   -1    0   17    2   -1.415185
   -1    0   18    2   -0.017930
   -1    0    1    3    0.068752
   -1    0    2    3    0.020880
   -1    0    3    3   -0.151192
   -1    0    4    3   -0.088632
   -1    0    5    3    0.018745
   -1    0    6    3   -0.131060
   -1    0    7    3    0.039487
   -1    0    8    3   -0.057150
   -1    0    9    3    0.057880
   -1    0   10    3    0.031447
   -1    0   11    3    0.001290
   -1    0   12    3   -0.046512
   -1    0   13    3    0.048145
   -1    0   14    3    0.021672
   -1    0   15    3    0.050382
   -1    0   16    3    0.000795
   -1    0   17    3    0.167978
   -1    0   18    3    0.066487
   -1    0    1    4   -0.042338
   -1    0    2    4    0.035895
   -1    0    3    4    0.126073
   -1    0    4    4    0.284590
   -1    0    5    4    0.167708
   -1    0    6    4   -0.104382
   -1    0    7    4   -0.292687
   -1    0    8    4    0.334575
   -1    0    9    4   -0.058572
   -1    0   10    4   -0.035025
   -1    0   11    4    0.001302
   -1    0   12    4    0.012730
   -1    0   13    4    0.038932
   -1    0   14    4   -0.097250
   -1    0   15    4    0.132065
   -1    0   16    4   -0.012840
   -1    0   17    4    0.268605
   -1    0   18    4    0.146025
   -1    0    1    5   -0.066120
   -1    0    2    5    0.001035
   -1    0    3    5    0.004873
   -1    0    4    5    0.032630
   -1    0    5    5    0.002895
   -1    0    6    5    0.005855
   -1    0    7    5   -0.001832
   -1    0    8    5    0.006523
   -1    0    9    5   -0.000303
   -1    0   10    5    0.046700
   -1    0   11    5    0.002702
   -1    0   12    5   -0.001652
   -1    0   13    5    0.001580
   -1    0   14    5    0.003915
   -1    0   15    5   -0.002387
   -1    0   16    5   -0.009637
   -1    0   17    5   -0.023783
   -1    0   18    5   -0.008445
   -1    0    1    6   -0.558870
   -1    0    2    6    0.035202
   -1    0    3    6   -1.199195
   -1    0    4    6    0.176127
   -1    0    5    6    0.043237
   -1    0    6    6    0.016317
   -1    0    7    6    0.348987
   -1    0    8    6    0.485383
   -1    0    9    6   -0.147515
   -1    0   10    6   -0.116047
   -1    0   11    6    0.073942
   -1    0   12    6   -0.042670
   -1    0   13    6   -0.009815
   -1    0   14    6   -0.350290
   -1    0   15    6   -0.150520
   -1    0   16    6    0.251345
   -1    0   17    6    0.067507
   -1    0   18    6    0.410665
   -1    0    1    7    0.034710
   -1    0    2    7    0.018540
   -1    0    3    7   -0.929522
   -1    0    4    7   -0.300245
   -1    0    5    7   -0.001888
   -1    0    6    7    0.150145
   -1    0    7    7   -0.289495
   -1    0    8    7    0.329143
   -1    0    9    7   -0.093355
   -1    0   10    7   -0.133403
   -1    0   11    7    0.009655
   -1    0   12    7    0.035022
   -1    0   13    7    0.002550
   -1    0   14    7    0.022603
   -1    0   15    7    0.015685
   -1    0   16    7   -0.000372
   -1    0   17    7   -0.041060
   -1    0   18    7    0.049445
   -1    0    1    8   -0.005867
   -1    0    2    8   -0.002457
   -1    0    3    8    0.055998
   -1    0    4    8    0.012612
   -1    0    5    8    0.003735
   -1    0    6    8   -0.001305
   -1    0    7    8   -0.007450
   -1    0    8    8   -0.002655
   -1    0    9    8   -0.001830
   -1    0   10    8   -0.009558
   -1    0   11    8   -0.000360
   -1    0   12    8   -0.000547
   -1    0   13    8   -0.003145
   -1    0   14    8    0.001668
   -1    0   15    8    0.014182
   -1    0   16    8   -0.008155
   -1    0   17    8    0.006470
   -1    0   18    8    0.003250
   -1    0    1    9    0.189532
   -1    0    2    9   -0.014982
   -1    0    3    9   -0.014972
   -1    0    4    9    0.063315
   -1    0    5    9    0.041552
   -1    0    6    9   -0.013920
   -1    0    7    9    0.070047
   -1    0    8    9   -0.324377
   -1    0    9    9    0.262290
   -1    0   10    9    0.777597
   -1    0   11    9   -0.077915
   -1    0   12    9   -0.024185
   -1    0   13    9   -0.128107
   -1    0   14    9   -0.042250
   -1    0   15    9    0.418135
   -1    0   16    9    0.247932
   -1    0   17    9    0.310795
   -1    0   18    9    0.016775
   -1    0    1   10   -0.471292
   -1    0    2   10    0.216367
   -1    0    3   10    2.174382
   -1    0    4   10   -0.132360
   -1    0    5   10   -0.313030
   -1    0    6   10    0.447522
   -1    0    7   10   -0.426977
   -1    0    8   10   -1.561292
   -1    0    9   10    0.050182
   -1    0   10   10    0.323265
   -1    0   11   10   -0.054990
   -1    0   12   10    0.040015
   -1    0   13   10    0.042492
   -1    0   14   10   -1.059087
   -1    0   15   10    0.066202
   -1    0   16   10   -1.899735
   -1    0   17   10    0.129513
   -1    0   18   10   -0.017525
   -1    0    1   11    0.213775
   -1    0    2   11    0.020833
   -1    0    3   11   -0.485145
   -1    0    4   11    0.067698
   -1    0    5   11   -0.056780
   -1    0    6   11   -0.007355
   -1    0    7   11   -0.018472
   -1    0    8   11    0.135105
   -1    0    9   11    0.039845
   -1    0   10   11    0.175697
   -1    0   11   11    0.007685
   -1    0   12   11   -0.003950
   -1    0   13   11   -0.003600
   -1    0   14   11   -0.045190
   -1    0   15   11   -0.008250
   -1    0   16   11    0.008770
   -1    0   17   11   -0.771247
   -1    0   18   11    0.018668
   -1    0    1   12    0.440220
   -1    0    2   12    0.018125
   -1    0    3   12   -1.397485
   -1    0    4   12   -0.377053
   -1    0    5   12   -0.096847
   -1    0    6   12    0.392802
   -1    0    7   12   -1.234132
   -1    0    8   12    0.010873
   -1    0    9   12   -0.585510
   -1    0   10   12    0.029687
   -1    0   11   12    0.341680
   -1    0   12   12   -0.050175
   -1    0   13   12    0.086913
   -1    0   14   12   -0.023555
   -1    0   15   12   -1.479757
   -1    0   16   12    1.163195
   -1    0   17   12   -0.013588
   -1    0   18   12    1.696478
   -1    0    1   13    0.130610
   -1    0    2   13    0.067222
   -1    0    3   13   -0.174152
   -1    0    4   13   -0.044397
   -1    0    5   13    0.130788
   -1    0    6   13    0.003735
   -1    0    7   13    0.396015
   -1    0    8   13    0.000830
   -1    0    9   13    0.116120
   -1    0   10   13    0.099785
   -1    0   11   13   -0.057637
   -1    0   12   13   -0.051742
   -1    0   13   13    0.228620
   -1    0   14   13   -0.128062
   -1    0   15   13   -0.411290
   -1    0   16   13   -0.167740
   -1    0   17   13    3.229248
   -1    0   18   13    0.239635
   -1    0    1   14   -0.025765
   -1    0    2   14    0.001582
   -1    0    3   14    0.060750
   -1    0    4   14    0.039515
   -1    0    5   14    0.005343
   -1    0    6   14    0.003357
   -1    0    7   14    0.001665
   -1    0    8   14   -0.042817
   -1    0    9   14    0.002747
   -1    0   10   14   -0.016172
   -1    0   11   14    0.001243
   -1    0   12   14   -0.000673
   -1    0   13   14   -0.002723
   -1    0   14   14    0.009942
   -1    0   15   14   -0.006532
   -1    0   16   14   -0.016172
   -1    0   17   14   -0.017177
   -1    0   18   14    0.000282
   -1    0    1   15    0.281950
   -1    0    2   15    0.045175
   -1    0    3   15   -0.218062
   -1    0    4   15    0.054652
   -1    0    5   15    0.071923
   -1    0    6   15   -0.040802
   -1    0    7   15   -0.021637
   -1    0    8   15   -0.208655
   -1    0    9   15   -0.030928
   -1    0   10   15   -0.190870
   -1    0   11   15   -0.027385
   -1    0   12   15    0.007678
   -1    0   13   15    0.142470
   -1    0   14   15    0.072972
   -1    0   15   15    0.328242
   -1    0   16   15    0.105728
   -1    0   17   15    0.565047
   -1    0   18   15   -0.437485
   -1    0    1   16   -0.230132
   -1    0    2   16   -0.014103
   -1    0    3   16    1.004680
   -1    0    4   16   -0.276055
   -1    0    5   16    0.063382
   -1    0    6   16    0.044995
   -1    0    7   16    0.003475
   -1    0    8   16   -0.239665
   -1    0    9   16   -0.000567
   -1    0   10   16   -0.049665
   -1    0   11   16    0.014575
   -1    0   12   16    0.018850
   -1    0   13   16   -0.039578
   -1    0   14   16    0.114600
   -1    0   15   16   -0.019125
   -1    0   16   16   -0.030165
   -1    0   17   16   -0.093117
   -1    0   18   16   -0.016338
   -1    0    1   17    3.086098
   -1    0    2   17    0.187817
   -1    0    3   17   -3.733640
   -1    0    4   17    0.392855
   -1    0    5   17    0.274993
   -1    0    6   17   -0.019157
   -1    0    7   17   -0.009857
   -1    0    8   17   -0.300662
   -1    0    9   17    0.159445
   -1    0   10   17    0.000798
   -1    0   11   17   -0.083012
   -1    0   12   17   -0.006025
   -1    0   13   17    0.012450
   -1    0   14   17    1.339085
   -1    0   15   17   -0.016930
   -1    0   16   17    0.205402
   -1    0   17   17   -0.004832
   -1    0   18   17    0.013267
   -1    0    1   18    0.013057
   -1    0    2   18    0.011355
   -1    0    3   18    0.023817
   -1    0    4   18    0.025430
   -1    0    5   18    0.003525
   -1    0    6   18    0.022240
   -1    0    7   18    0.002212
   -1    0    8   18   -0.022800
   -1    0    9   18    0.017975
   -1    0   10   18    0.253390
   -1    0   11   18   -0.009752
   -1    0   12   18    0.061840
   -1    0   13   18    0.019805
   -1    0   14   18   -0.035652
   -1    0   15   18    0.113510
   -1    0   16   18    0.095805
   -1    0   17   18    0.177297
   -1    0   18   18   -0.394540
    0    0    1    1   14.796878
    0    0    2    1    1.849895
    0    0    3    1   -0.507610
    0    0    4    1    1.337803
    0    0    5    1   -5.067757
    0    0    6    1   -0.138890
    0    0    7    1    0.006703
    0    0    8    1   -0.447507
    0    0    9    1   -0.456060
    0    0   10    1    0.295285
    0    0   11    1   -0.959600
    0    0   12    1    0.186007
    0    0   13    1    0.016508
    0    0   14    1   -4.877925
    0    0   15    1   -0.144855
    0    0   16    1   -0.453042
    0    0   17    1    0.029923
    0    0   18    1    0.053550
    0    0    1    2    1.849895
    0    0    2    2    2.476960
    0    0    3    2   -0.528467
    0    0    4    2    0.169295
    0    0    5    2   -1.360720
    0    0    6    2   -4.200292
    0    0    7    2   -0.001732
    0    0    8    2    0.044355
    0    0    9    2    0.252570
    0    0   10    2    0.238695
    0    0   11    2    0.755195
    0    0   12    2    0.010325
    0    0   13    2   -0.555465
    0    0   14    2   -1.128632
    0    0   15    2   -0.233728
    0    0   16    2   -2.894563
    0    0   17    2    1.106405
    0    0   18    2    0.026935
    0    0    1    3   -0.507610
    0    0    2    3   -0.528467
    0    0    3    3    9.119842
    0    0    4    3   -0.093735
    0    0    5    3   -0.188535
    0    0    6    3   -0.043422
    0    0    7    3    0.769585
    0    0    8    3   -2.104485
    0    0    9    3   -1.104087
    0    0   10    3    0.028823
    0    0   11    3   -0.274690
    0    0   12    3    0.820365
    0    0   13    3   -0.943315
    0    0   14    3   -0.100047
    0    0   15    3    0.408017
    0    0   16    3    0.368665
    0    0   17    3   -0.087837
    0    0   18    3   -0.065170
    0    0    1    4    1.337803
    0    0    2    4    0.169295
    0    0    3    4   -0.093735
    0    0    4    4    3.578847
    0    0    5    4   -0.510393
    0    0    6    4   -0.209880
    0    0    7    4   -2.769612
    0    0    8    4   -0.005472
    0    0    9    4    0.384650
    0    0   10    4    0.082210
    0    0   11    4   -0.144047
    0    0   12    4   -0.597050
    0    0   13    4   -0.567622
    0    0   14    4   -0.409895
    0    0   15    4    0.648293
    0    0   16    4    0.188040
    0    0   17    4   -0.096550
    0    0   18    4   -0.072107
    0    0    1    5   -5.067757
    0    0    2    5   -1.360720
    0    0    3    5   -0.188535
    0    0    4    5   -0.510393
    0    0    5    5    1.879677
    0    0    6    5    0.268095
    0    0    7    5   -0.020067
    0    0    8    5    0.417155
    0    0    9    5   -0.893387
    0    0   10    5    0.246882
    0    0   11    5    0.813032
    0    0   12    5    0.002090
    0    0   13    5    0.283942
    0    0   14    5    3.315545
    0    0   15    5    0.367835
    0    0   16    5   -0.793755
    0    0   17    5   -1.756690
    0    0   18    5   -0.028147
    0    0    1    6   -0.138890
    0    0    2    6   -4.200292
    0    0    3    6   -0.043422
    0    0    4    6   -0.209880
    0    0    5    6    0.268095
    0    0    6    6   13.922863
    0    0    7    6   -0.681505
    0    0    8    6    0.156972
    0    0    9    6   -1.470280
    0    0   10    6   -0.261302
    0    0   11    6    1.307638
    0    0   12    6   -1.255907
    0    0   13    6   -0.484242
    0    0   14    6   -0.112205
    0    0   15    6    0.692935
    0    0   16    6   -1.372165
    0    0   17    6    1.928525
    0    0   18    6   -0.112435
    0    0    1    7    0.006703
    0    0    2    7   -0.001732
    0    0    3    7    0.769585
    0    0    4    7   -2.769612
    0    0    5    7   -0.020067
    0    0    6    7   -0.681505
    0    0    7    7   -2.430905
    0    0    8    7   -0.021748
    0    0    9    7    1.604525
    0    0   10    7    0.083312
    0    0   11    7    0.098010
    0    0   12    7    0.502657
    0    0   13    7   -0.446227
    0    0   14    7   -0.017890
    0    0   15    7    0.294212
    0    0   16    7   -0.174675
    0    0   17    7    0.100607
    0    0   18    7   -0.209195
    0    0    1    8   -0.447507
    0    0    2    8    0.044355
    0    0    3    8   -2.104485
    0    0    4    8   -0.005472
    0    0    5    8    0.417155
    0    0    6    8    0.156972
    0    0    7    8   -0.021748
    0    0    8    8    0.108885
    0    0    9    8   -0.491015
    0    0   10    8    0.125825
    0    0   11    8    0.035045
    0    0   12    8   -0.019277
    0    0   13    8   -0.011055
    0    0   14    8    0.926920
    0    0   15    8   -0.030415
    0    0   16    8   -0.006818
    0    0   17    8    1.887557
    0    0   18    8    0.046400
    0    0    1    9   -0.456060
    0    0    2    9    0.252570
    0    0    3    9   -1.104087
    0    0    4    9    0.384650
    0    0    5    9   -0.893387
    0    0    6    9   -1.470280
    0    0    7    9    1.604525
    0    0    8    9   -0.491015
    0    0    9    9   10.334600
    0    0   10    9    0.406342
    0    0   11    9   -0.319962
    0    0   12    9   -0.145632
    0    0   13    9   -0.936240
    0    0   14    9    0.096617
    0    0   15    9    1.270647
    0    0   16    9   -0.040250
    0    0   17    9   -0.030757
    0    0   18    9    0.049157
    0    0    1   10    0.295285
    0    0    2   10    0.238695
    0    0    3   10    0.028823
    0    0    4   10    0.082210
    0    0    5   10    0.246882
    0    0    6   10   -0.261302
    0    0    7   10    0.083312
    0    0    8   10    0.125825
    0    0    9   10    0.406342
    0    0   10   10    0.541327
    0    0   11   10    0.292097
    0    0   12   10    0.659690
    0    0   13   10   -0.211352
    0    0   14   10    1.584497
    0    0   15   10   -0.084200
    0    0   16   10   -1.066707
    0    0   17   10   -2.183275
    0    0   18   10   -0.326000
    0    0    1   11   -0.959600
    0    0    2   11    0.755195
    0    0    3   11   -0.274690
    0    0    4   11   -0.144047
    0    0    5   11    0.813032
    0    0    6   11    1.307638
    0    0    7   11    0.098010
    0    0    8   11    0.035045
    0    0    9   11   -0.319962
    0    0   10   11    0.292097
    0    0   11   11    0.309242
    0    0   12   11    0.226662
    0    0   13   11    0.284152
    0    0   14   11    0.307325
    0    0   15   11   -0.397352
    0    0   16   11   -1.631542
    0    0   17   11    1.039977
    0    0   18   11   -0.027587
    0    0    1   12    0.186007
    0    0    2   12    0.010325
    0    0    3   12    0.820365
    0    0    4   12   -0.597050
    0    0    5   12    0.002090
    0    0    6   12   -1.255907
    0    0    7   12    0.502657
    0    0    8   12   -0.019277
    0    0    9   12   -0.145632
    0    0   10   12    0.659690
    0    0   11   12    0.226662
    0    0   12   12   -1.279697
    0    0   13   12    0.528197
    0    0   14   12   -0.070185
    0    0   15   12   -0.534015
    0    0   16   12    0.590395
    0    0   17   12    0.070740
    0    0   18   12   -0.601862
    0    0    1   13    0.016508
    0    0    2   13   -0.555465
    0    0    3   13   -0.943315
    0    0    4   13   -0.567622
    0    0    5   13    0.283942
    0    0    6   13   -0.484242
    0    0    7   13   -0.446227
    0    0    8   13   -0.011055
    0    0    9   13   -0.936240
    0    0   10   13   -0.211352
    0    0   11   13    0.284152
    0    0   12   13    0.528197
    0    0   13   13   -9.458025
    0    0   14   13    0.126960
    0    0   15   13   -2.358767
    0    0   16   13    0.490055
    0    0   17   13    0.213037
    0    0   18   13   -0.701817
    0    0    1   14   -4.877925
    0    0    2   14   -1.128632
    0    0    3   14   -0.100047
    0    0    4   14   -0.409895
    0    0    5   14    3.315545
    0    0    6   14   -0.112205
    0    0    7   14   -0.017890
    0    0    8   14    0.926920
    0    0    9   14    0.096617
    0    0   10   14    1.584497
    0    0   11   14    0.307325
    0    0   12   14   -0.070185
    0    0   13   14    0.126960
    0    0   14   14    1.587752
    0    0   15   14   -0.134305
    0    0   16   14   -0.094110
    0    0   17   14   -3.057030
    0    0   18   14   -0.015658
    0    0    1   15   -0.144855
    0    0    2   15   -0.233728
    0    0    3   15    0.408017
    0    0    4   15    0.648293
    0    0    5   15    0.367835
    0    0    6   15    0.692935
    0    0    7   15    0.294212
    0    0    8   15   -0.030415
    0    0    9   15    1.270647
    0    0   10   15   -0.084200
    0    0   11   15   -0.397352
    0    0   12   15   -0.534015
    0    0   13   15   -2.358767
    0    0   14   15   -0.134305
    0    0   15   15    1.220338
    0    0   16   15   -0.947088
    0    0   17   15    0.282218
    0    0   18   15    0.670062
    0    0    1   16   -0.453042
    0    0    2   16   -2.894563
    0    0    3   16    0.368665
    0    0    4   16    0.188040
    0    0    5   16   -0.793755
    0    0    6   16   -1.372165
    0    0    7   16   -0.174675
    0    0    8   16   -0.006818
    0    0    9   16   -0.040250
    0    0   10   16   -1.066707
    0    0   11   16   -1.631542
    0    0   12   16    0.590395
    0    0   13   16    0.490055
    0    0   14   16   -0.094110
    0    0   15   16   -0.947088
    0    0   16   16   11.512250
    0    0   17   16   -0.185277
    0    0   18   16    0.114500
    0    0    1   17    0.029923
    0    0    2   17    1.106405
    0    0    3   17   -0.087837
    0    0    4   17   -0.096550
    0    0    5   17   -1.756690
    0    0    6   17    1.928525
    0    0    7   17    0.100607
    0    0    8   17    1.887557
    0    0    9   17   -0.030757
    0    0   10   17   -2.183275
    0    0   11   17    1.039977
    0    0   12   17    0.070740
    0    0   13   17    0.213037
    0    0   14   17   -3.057030
    0    0   15   17    0.282218
    0    0   16   17   -0.185277
    0    0   17   17    2.421047
    0    0   18   17   -0.048112
    0    0    1   18    0.053550
    0    0    2   18    0.026935
    0    0    3   18   -0.065170
    0    0    4   18   -0.072107
    0    0    5   18   -0.028147
    0    0    6   18   -0.112435
    0    0    7   18   -0.209195
    0    0    8   18    0.046400
    0    0    9   18    0.049157
    0    0   10   18   -0.326000
    0    0   11   18   -0.027587
    0    0   12   18   -0.601862
    0    0   13   18   -0.701817
    0    0   14   18   -0.015658
    0    0   15   18    0.670062
    0    0   16   18    0.114500
    0    0   17   18   -0.048112
    0    0   18   18    0.684257
    1    0    1    1    0.006287
    1    0    2    1   -0.033530
    1    0    3    1    0.068752
    1    0    4    1   -0.042338
    1    0    5    1   -0.066120
    1    0    6    1   -0.558870
    1    0    7    1    0.034710
    1    0    8    1   -0.005867
    1    0    9    1    0.189532
    1    0   10    1   -0.471292
    1    0   11    1    0.213775
    1    0   12    1    0.440220
    1    0   13    1    0.130610
    1    0   14    1   -0.025765
    1    0   15    1    0.281950
    1    0   16    1   -0.230132
    1    0   17    1    3.086098
    1    0   18    1    0.013057
    1    0    1    2   -0.000077
    1    0    2    2   -0.006345
    1    0    3    2    0.020880
    1    0    4    2    0.035895
    1    0    5    2    0.001035
    1    0    6    2    0.035202
    1    0    7    2    0.018540
    1    0    8    2   -0.002457
    1    0    9    2   -0.014982
    1    0   10    2    0.216367
    1    0   11    2    0.020833
    1    0   12    2    0.018125
    1    0   13    2    0.067222
    1    0   14    2    0.001582
    1    0   15    2    0.045175
    1    0   16    2   -0.014103
    1    0   17    2    0.187817
    1    0   18    2    0.011355
    1    0    1    3   -0.188955
    1    0    2    3    0.197005
    1    0    3    3   -0.151192
    1    0    4    3    0.126073
    1    0    5    3    0.004873
    1    0    6    3   -1.199195
    1    0    7    3   -0.929522
    1    0    8    3    0.055998
    1    0    9    3   -0.014972
    1    0   10    3    2.174382
    1    0   11    3   -0.485145
    1    0   12    3   -1.397485
    1    0   13    3   -0.174152
    1    0   14    3    0.060750
    1    0   15    3   -0.218062
    1    0   16    3    1.004680
    1    0   17    3   -3.733640
    1    0   18    3    0.023817
    1    0    1    4   -0.123835
    1    0    2    4   -0.017102
    1    0    3    4   -0.088632
    1    0    4    4    0.284590
    1    0    5    4    0.032630
    1    0    6    4    0.176127
    1    0    7    4   -0.300245
    1    0    8    4    0.012612
    1    0    9    4    0.063315
    1    0   10    4   -0.132360
    1    0   11    4    0.067698
    1    0   12    4   -0.377053
    1    0   13    4   -0.044397
    1    0   14    4    0.039515
    1    0   15    4    0.054652
    1    0   16    4   -0.276055
    1    0   17    4    0.392855
    1    0   18    4    0.025430
    1    0    1    5   -0.022075
    1    0    2    5   -0.042988
    1    0    3    5    0.018745
    1    0    4    5    0.167708
    1    0    5    5    0.002895
    1    0    6    5    0.043237
    1    0    7    5   -0.001888
    1    0    8    5    0.003735
    1    0    9    5    0.041552
    1    0   10    5   -0.313030
    1    0   11    5   -0.056780
    1    0   12    5   -0.096847
    1    0   13    5    0.130788
    1    0   14    5    0.005343
    1    0   15    5    0.071923
    1    0   16    5    0.063382
    1    0   17    5    0.274993
    1    0   18    5    0.003525
    1    0    1    6   -0.030102
    1    0    2    6    0.010715
    1    0    3    6   -0.131060
    1    0    4    6   -0.104382
    1    0    5    6    0.005855
    1    0    6    6    0.016317
    1    0    7    6    0.150145
    1    0    8    6   -0.001305
    1    0    9    6   -0.013920
    1    0   10    6    0.447522
    1    0   11    6   -0.007355
    1    0   12    6    0.392802
    1    0   13    6    0.003735
    1    0   14    6    0.003357
    1    0   15    6   -0.040802
    1    0   16    6    0.044995
    1    0   17    6   -0.019157
    1    0   18    6    0.022240
    1    0    1    7    0.014480
    1    0    2    7    0.004642
    1    0    3    7    0.039487
    1    0    4    7   -0.292687
    1    0    5    7   -0.001832
    1    0    6    7    0.348987
    1    0    7    7   -0.289495
    1    0    8    7   -0.007450
    1    0    9    7    0.070047
    1    0   10    7   -0.426977
    1    0   11    7   -0.018472
    1    0   12    7   -1.234132
    1    0   13    7    0.396015
    1    0   14    7    0.001665
    1    0   15    7   -0.021637
    1    0   16    7    0.003475
    1    0   17    7   -0.009857
    1    0   18    7    0.002212
    1    0    1    8    0.123200
    1    0    2    8    0.051310
    1    0    3    8   -0.057150
    1    0    4    8    0.334575
    1    0    5    8    0.006523
    1    0    6    8    0.485383
    1    0    7    8    0.329143
    1    0    8    8   -0.002655
    1    0    9    8   -0.324377
    1    0   10    8   -1.561292
    1    0   11    8    0.135105
    1    0   12    8    0.010873
    1    0   13    8    0.000830
    1    0   14    8   -0.042817
    1    0   15    8   -0.208655
    1    0   16    8   -0.239665
    1    0   17    8   -0.300662
    1    0   18    8   -0.022800
    1    0    1    9   -0.025045
    1    0    2    9   -0.036980
    1    0    3    9    0.057880
    1    0    4    9   -0.058572
    1    0    5    9   -0.000303
    1    0    6    9   -0.147515
    1    0    7    9   -0.093355
    1    0    8    9   -0.001830
    1    0    9    9    0.262290
    1    0   10    9    0.050182
    1    0   11    9    0.039845
    1    0   12    9   -0.585510
    1    0   13    9    0.116120
    1    0   14    9    0.002747
    1    0   15    9   -0.030928
    1    0   16    9   -0.000567
    1    0   17    9    0.159445
    1    0   18    9    0.017975
    1    0    1   10   -0.063995
    1    0    2   10   -0.061402
    1    0    3   10    0.031447
    1    0    4   10   -0.035025
    1    0    5   10    0.046700
    1    0    6   10   -0.116047
    1    0    7   10   -0.133403
    1    0    8   10   -0.009558
    1    0    9   10    0.777597
    1    0   10   10    0.323265
    1    0   11   10    0.175697
    1    0   12   10    0.029687
    1    0   13   10    0.099785
    1    0   14   10   -0.016172
    1    0   15   10   -0.190870
    1    0   16   10   -0.049665
    1    0   17   10    0.000798
    1    0   18   10    0.253390
    1    0    1   11    0.005510
    1    0    2   11   -0.009542
    1    0    3   11    0.001290
    1    0    4   11    0.001302
    1    0    5   11    0.002702
    1    0    6   11    0.073942
    1    0    7   11    0.009655
    1    0    8   11   -0.000360
    1    0    9   11   -0.077915
    1    0   10   11   -0.054990
    1    0   11   11    0.007685
    1    0   12   11    0.341680
    1    0   13   11   -0.057637
    1    0   14   11    0.001243
    1    0   15   11   -0.027385
    1    0   16   11    0.014575
    1    0   17   11   -0.083012
    1    0   18   11   -0.009752
    1    0    1   12    0.005788
    1    0    2   12   -0.006575
    1    0    3   12   -0.046512
    1    0    4   12    0.012730
    1    0    5   12   -0.001652
    1    0    6   12   -0.042670
    1    0    7   12    0.035022
    1    0    8   12   -0.000547
    1    0    9   12   -0.024185
    1    0   10   12    0.040015
    1    0   11   12   -0.003950
    1    0   12   12   -0.050175
    1    0   13   12   -0.051742
    1    0   14   12   -0.000673
    1    0   15   12    0.007678
    1    0   16   12    0.018850
    1    0   17   12   -0.006025
    1    0   18   12    0.061840
    1    0    1   13    0.049923
    1    0    2   13    0.012432
    1    0    3   13    0.048145
    1    0    4   13    0.038932
    1    0    5   13    0.001580
    1    0    6   13   -0.009815
    1    0    7   13    0.002550
    1    0    8   13   -0.003145
    1    0    9   13   -0.128107
    1    0   10   13    0.042492
    1    0   11   13   -0.003600
    1    0   12   13    0.086913
    1    0   13   13    0.228620
    1    0   14   13   -0.002723
    1    0   15   13    0.142470
    1    0   16   13   -0.039578
    1    0   17   13    0.012450
    1    0   18   13    0.019805
    1    0    1   14   -0.021462
    1    0    2   14   -0.021303
    1    0    3   14    0.021672
    1    0    4   14   -0.097250
    1    0    5   14    0.003915
    1    0    6   14   -0.350290
    1    0    7   14    0.022603
    1    0    8   14    0.001668
    1    0    9   14   -0.042250
    1    0   10   14   -1.059087
    1    0   11   14   -0.045190
    1    0   12   14   -0.023555
    1    0   13   14   -0.128062
    1    0   14   14    0.009942
    1    0   15   14    0.072972
    1    0   16   14    0.114600
    1    0   17   14    1.339085
    1    0   18   14   -0.035652
    1    0    1   15   -0.086830
    1    0    2   15   -0.017247
    1    0    3   15    0.050382
    1    0    4   15    0.132065
    1    0    5   15   -0.002387
    1    0    6   15   -0.150520
    1    0    7   15    0.015685
    1    0    8   15    0.014182
    1    0    9   15    0.418135
    1    0   10   15    0.066202
    1    0   11   15   -0.008250
    1    0   12   15   -1.479757
    1    0   13   15   -0.411290
    1    0   14   15   -0.006532
    1    0   15   15    0.328242
    1    0   16   15   -0.019125
    1    0   17   15   -0.016930
    1    0   18   15    0.113510
    1    0    1   16    0.037755
    1    0    2   16   -0.006260
    1    0    3   16    0.000795
    1    0    4   16   -0.012840
    1    0    5   16   -0.009637
    1    0    6   16    0.251345
    1    0    7   16   -0.000372
    1    0    8   16   -0.008155
    1    0    9   16    0.247932
    1    0   10   16   -1.899735
    1    0   11   16    0.008770
    1    0   12   16    1.163195
    1    0   13   16   -0.167740
    1    0   14   16   -0.016172
    1    0   15   16    0.105728
    1    0   16   16   -0.030165
    1    0   17   16    0.205402
    1    0   18   16    0.095805
    1    0    1   17    0.005030
    1    0    2   17   -1.415185
    1    0    3   17    0.167978
    1    0    4   17    0.268605
    1    0    5   17   -0.023783
    1    0    6   17    0.067507
    1    0    7   17   -0.041060
    1    0    8   17    0.006470
    1    0    9   17    0.310795
    1    0   10   17    0.129513
    1    0   11   17   -0.771247
    1    0   12   17   -0.013588
    1    0   13   17    3.229248
    1    0   14   17   -0.017177
    1    0   15   17    0.565047
    1    0   16   17   -0.093117
    1    0   17   17   -0.004832
    1    0   18   17    0.177297
    1    0    1   18   -0.041487
    1    0    2   18   -0.017930
    1    0    3   18    0.066487
    1    0    4   18    0.146025
    1    0    5   18   -0.008445
    1    0    6   18    0.410665
    1    0    7   18    0.049445
    1    0    8   18    0.003250
    1    0    9   18    0.016775
    1    0   10   18   -0.017525
    1    0   11   18    0.018668
    1    0   12   18    1.696478
    1    0   13   18    0.239635
    1    0   14   18    0.000282
    1    0   15   18   -0.437485
    1    0   16   18   -0.016338
    1    0   17   18    0.013267
    1    0   18   18   -0.394540
   -1    1    1    1    0.010977
   -1    1    2    1    0.002385
   -1    1    3    1   -0.041962
   -1    1    4    1   -0.042877
   -1    1    5    1   -0.000567
   -1    1    6    1   -0.000467
   -1    1    7    1    0.005015
   -1    1    8    1   -0.003410
   -1    1    9    1    0.011782
   -1    1   10    1   -0.027200
   -1    1   11    1    0.000950
   -1    1   12    1   -0.019142
   -1    1   13    1    0.007917
   -1    1   14    1    0.004210
   -1    1   15    1   -0.032290
   -1    1   16    1    0.004950
   -1    1   17    1    0.001620
   -1    1   18    1   -0.016602
   -1    1    1    2    0.002873
   -1    1    2    2    0.002392
   -1    1    3    2   -0.020708
   -1    1    4    2   -0.000612
   -1    1    5    2    0.000198
   -1    1    6    2   -0.002967
   -1    1    7    2   -0.000873
   -1    1    8    2   -0.001255
   -1    1    9    2   -0.002822
   -1    1   10    2   -0.002775
   -1    1   11    2    0.000157
   -1    1   12    2   -0.001612
   -1    1   13    2   -0.000725
   -1    1   14    2    0.000010
   -1    1   15    2    0.000640
   -1    1   16    2    0.002220
   -1    1   17    2   -0.001590
   -1    1   18    2    0.002605
   -1    1    1    3    0.014198
   -1    1    2    3    0.004100
   -1    1    3    3    0.023395
   -1    1    4    3    0.006200
   -1    1    5    3   -0.004142
   -1    1    6    3   -0.011965
   -1    1    7    3    0.008632
   -1    1    8    3   -0.001178
   -1    1    9    3    0.007262
   -1    1   10    3    0.003080
   -1    1   11    3    0.001745
   -1    1   12    3   -0.009390
   -1    1   13    3    0.008522
   -1    1   14    3   -0.001732
   -1    1   15    3    0.004567
   -1    1   16    3   -0.024835
   -1    1   17    3   -0.000987
   -1    1   18    3    0.007190
   -1    1    1    4   -0.026702
   -1    1    2    4   -0.000830
   -1    1    3    4    0.028072
   -1    1    4    4   -0.552160
   -1    1    5    4    0.017163
   -1    1    6    4   -0.005738
   -1    1    7    4    0.035552
   -1    1    8    4    0.006985
   -1    1    9    4   -0.030752
   -1    1   10    4    0.026862
   -1    1   11    4    0.001360
   -1    1   12    4    0.024327
   -1    1   13    4    0.011185
   -1    1   14    4    0.009295
   -1    1   15    4    0.019235
   -1    1   16    4   -0.021195
   -1    1   17    4   -0.023502
   -1    1   18    4    0.001440
   -1    1    1    5   -0.002040
   -1    1    2    5   -0.000370
   -1    1    3    5    0.005015
   -1    1    4    5    0.018405
   -1    1    5    5    0.000085
   -1    1    6    5    0.001717
   -1    1    7    5    0.000090
   -1    1    8    5   -0.001840
   -1    1    9    5    0.002900
   -1    1   10    5    0.001825
   -1    1   11    5    0.000335
   -1    1   12    5   -0.000788
   -1    1   13    5   -0.000160
   -1    1   14    5   -0.000277
   -1    1   15    5   -0.001450
   -1    1   16    5   -0.003170
   -1    1   17    5    0.000205
   -1    1   18    5   -0.002072
   -1    1    1    6    0.008345
   -1    1    2    6   -0.000717
   -1    1    3    6    0.047137
   -1    1    4    6    0.019520
   -1    1    5    6   -0.002690
   -1    1    6    6    0.001618
   -1    1    7    6   -0.012118
   -1    1    8    6   -0.011435
   -1    1    9    6    0.014145
   -1    1   10    6   -0.005630
   -1    1   11    6   -0.001365
   -1    1   12    6   -0.023950
   -1    1   13    6    0.004663
   -1    1   14    6    0.000725
   -1    1   15    6    0.008367
   -1    1   16    6   -0.017895
   -1    1   17    6   -0.004052
   -1    1   18    6   -0.010292
   -1    1    1    7    0.003280
   -1    1    2    7    0.000748
   -1    1    3    7   -0.015462
   -1    1    4    7    0.016570
   -1    1    5    7   -0.003525
   -1    1    6    7    0.004610
   -1    1    7    7   -0.023317
   -1    1    8    7    0.013907
   -1    1    9    7   -0.007200
   -1    1   10    7   -0.006367
   -1    1   11    7    0.000647
   -1    1   12    7    0.026405
   -1    1   13    7   -0.002500
   -1    1   14    7    0.000627
   -1    1   15    7   -0.003515
   -1    1   16    7    0.001145
   -1    1   17    7   -0.013262
   -1    1   18    7   -0.024180
   -1    1    1    8   -0.000993
   -1    1    2    8   -0.000585
   -1    1    3    8    0.002157
   -1    1    4    8    0.002587
   -1    1    5    8    0.000362
   -1    1    6    8   -0.000237
   -1    1    7    8   -0.000708
   -1    1    8    8    0.000520
   -1    1    9    8   -0.000355
   -1    1   10    8    0.000822
   -1    1   11    8   -0.000398
   -1    1   12    8    0.000018
   -1    1   13    8   -0.001412
   -1    1   14    8    0.000010
   -1    1   15    8    0.003507
   -1    1   16    8    0.001007
   -1    1   17    8    0.000815
   -1    1   18    8    0.000825
   -1    1    1    9    0.012935
   -1    1    2    9    0.000895
   -1    1    3    9   -0.001315
   -1    1    4    9    0.009300
   -1    1    5    9    0.006242
   -1    1    6    9    0.009197
   -1    1    7    9    0.016117
   -1    1    8    9   -0.031828
   -1    1    9    9   -0.007392
   -1    1   10    9   -0.012550
   -1    1   11    9   -0.001147
   -1    1   12    9    0.008662
   -1    1   13    9   -0.003087
   -1    1   14    9   -0.002320
   -1    1   15    9    0.026680
   -1    1   16    9   -0.009805
   -1    1   17    9    0.013125
   -1    1   18    9    0.029752
   -1    1    1   10    0.002820
   -1    1    2   10    0.001468
   -1    1    3   10    0.017995
   -1    1    4   10    0.032785
   -1    1    5   10    0.006502
   -1    1    6   10   -0.008205
   -1    1    7   10    0.009420
   -1    1    8   10   -0.060257
   -1    1    9   10   -0.007260
   -1    1   10   10   -0.009562
   -1    1   11   10    0.002560
   -1    1   12   10   -0.002832
   -1    1   13   10    0.028655
   -1    1   14   10    0.004253
   -1    1   15   10   -0.030215
   -1    1   16   10   -0.004702
   -1    1   17   10    0.016042
   -1    1   18   10    0.048705
   -1    1    1   11   -0.010987
   -1    1    2   11   -0.000810
   -1    1    3   11    0.018870
   -1    1    4   11    0.007357
   -1    1    5   11    0.001045
   -1    1    6   11    0.000417
   -1    1    7   11   -0.000315
   -1    1    8   11    0.003580
   -1    1    9   11    0.002547
   -1    1   10   11   -0.001820
   -1    1   11   11    0.000135
   -1    1   12   11   -0.000880
   -1    1   13   11   -0.001082
   -1    1   14   11    0.000057
   -1    1   15   11    0.000902
   -1    1   16   11   -0.003387
   -1    1   17   11    0.000990
   -1    1   18   11   -0.010148
   -1    1    1   12   -0.006238
   -1    1    2   12   -0.000360
   -1    1    3   12    0.002705
   -1    1    4   12    0.090215
   -1    1    5   12    0.002337
   -1    1    6   12    0.017260
   -1    1    7   12   -0.015890
   -1    1    8   12   -0.012113
   -1    1    9   12    0.067495
   -1    1   10   12    0.068730
   -1    1   11   12   -0.003123
   -1    1   12   12   -0.009190
   -1    1   13   12    0.018740
   -1    1   14   12   -0.003215
   -1    1   15   12   -0.016330
   -1    1   16   12   -0.006088
   -1    1   17   12    0.034040
   -1    1   18   12    0.107697
   -1    1    1   13   -0.009330
   -1    1    2   13    0.000967
   -1    1    3   13    0.001215
   -1    1    4   13    0.026572
   -1    1    5   13   -0.011012
   -1    1    6   13   -0.003065
   -1    1    7   13    0.002352
   -1    1    8   13    0.005400
   -1    1    9   13   -0.009397
   -1    1   10   13   -0.098507
   -1    1   11   13    0.003498
   -1    1   12   13   -0.019705
   -1    1   13   13   -0.005185
   -1    1   14   13    0.007078
   -1    1   15   13   -0.043797
   -1    1   16   13    0.006092
   -1    1   17   13   -0.017957
   -1    1   18   13   -0.050745
   -1    1    1   14    0.001342
   -1    1    2   14    0.000300
   -1    1    3   14   -0.000638
   -1    1    4   14    0.013748
   -1    1    5   14   -0.000465
   -1    1    6   14   -0.000322
   -1    1    7   14   -0.000362
   -1    1    8   14   -0.000785
   -1    1    9   14    0.003420
   -1    1   10   14    0.004577
   -1    1   11   14   -0.000053
   -1    1   12   14    0.000905
   -1    1   13   14   -0.004247
   -1    1   14   14   -0.000682
   -1    1   15   14    0.002062
   -1    1   16   14   -0.001815
   -1    1   17   14   -0.000865
   -1    1   18   14   -0.000212
   -1    1    1   15   -0.001758
   -1    1    2   15   -0.000155
   -1    1    3   15    0.015432
   -1    1    4   15   -0.001192
   -1    1    5   15   -0.005528
   -1    1    6   15   -0.002432
   -1    1    7   15    0.005440
   -1    1    8   15    0.010620
   -1    1    9   15   -0.004012
   -1    1   10   15   -0.012712
   -1    1   11   15    0.000875
   -1    1   12   15    0.006340
   -1    1   13   15    0.013165
   -1    1   14   15    0.001097
   -1    1   15   15    0.001575
   -1    1   16   15   -0.000380
   -1    1   17   15   -0.009400
   -1    1   18   15    0.015775
   -1    1    1   16   -0.015820
   -1    1    2   16   -0.004723
   -1    1    3   16   -0.012067
   -1    1    4   16   -0.038162
   -1    1    5   16    0.000077
   -1    1    6   16   -0.008300
   -1    1    7   16   -0.002305
   -1    1    8   16    0.011347
   -1    1    9   16   -0.007715
   -1    1   10   16   -0.004060
   -1    1   11   16    0.000777
   -1    1   12   16    0.005865
   -1    1   13   16    0.000840
   -1    1   14   16    0.003427
   -1    1   15   16   -0.011570
   -1    1   16   16    0.023502
   -1    1   17   16   -0.005567
   -1    1   18   16   -0.001455
   -1    1    1   17   -0.012770
   -1    1    2   17   -0.002337
   -1    1    3   17    0.009430
   -1    1    4   17   -0.014985
   -1    1    5   17   -0.003737
   -1    1    6   17   -0.002160
   -1    1    7   17    0.001877
   -1    1    8   17    0.025525
   -1    1    9   17    0.034865
   -1    1   10   17   -0.005065
   -1    1   11   17   -0.001502
   -1    1   12   17   -0.006620
   -1    1   13   17    0.001630
   -1    1   14   17    0.000040
   -1    1   15   17   -0.004155
   -1    1   16   17    0.004382
   -1    1   17   17    0.000540
   -1    1   18   17   -0.006957
   -1    1    1   18    0.008160
   -1    1    2   18   -0.000325
   -1    1    3   18   -0.000108
   -1    1    4   18    0.016040
   -1    1    5   18    0.002057
   -1    1    6   18    0.001985
   -1    1    7   18    0.002792
   -1    1    8   18   -0.007063
   -1    1    9   18   -0.003077
   -1    1   10   18    0.008535
   -1    1   11   18   -0.001750
   -1    1   12   18   -0.005528
   -1    1   13   18    0.007723
   -1    1   14   18    0.000122
   -1    1   15   18    0.019832
   -1    1   16   18    0.002357
   -1    1   17   18    0.006962
   -1    1   18   18   -0.003642
    0    1    1    1   -0.071430
    0    1    2    1    0.021172
    0    1    3    1    0.073385
    0    1    4    1   -0.076775
    0    1    5    1   -0.050583
    0    1    6    1   -0.016282
    0    1    7    1   -0.000083
    0    1    8    1    0.209990
    0    1    9    1    0.004495
    0    1   10    1   -0.154782
    0    1   11    1    0.013813
    0    1   12    1    0.053062
    0    1   13    1    0.005962
    0    1   14    1   -0.018517
    0    1   15    1    0.007455
    0    1   16    1    0.024630
    0    1   17    1   -0.080397
    0    1   18    1    0.056760
    0    1    1    2   -0.012770
    0    1    2    2    0.008948
    0    1    3    2   -0.056980
    0    1    4    2   -0.009340
    0    1    5    2   -0.029942
    0    1    6    2   -0.066635
    0    1    7    2   -0.001002
    0    1    8    2   -0.003620
    0    1    9    2    0.595985
    0    1   10    2   -0.009380
    0    1   11    2   -0.013662
    0    1   12    2    0.005325
    0    1   13    2    0.008613
    0    1   14    2    0.011177
    0    1   15    2    0.000207
    0    1   16    2    0.016130
    0    1   17    2    0.011030
    0    1   18    2   -0.039457
    0    1    1    3    0.026647
    0    1    2    3    0.009643
    0    1    3    3   -0.004698
    0    1    4    3   -0.040870
    0    1    5    3    0.016542
    0    1    6    3    0.059320
    0    1    7    3   -0.062080
    0    1    8    3   -0.093293
    0    1    9    3   -0.062515
    0    1   10    3    0.016937
    0    1   11    3    0.001132
    0    1   12    3   -0.004602
    0    1   13    3   -0.004135
    0    1   14    3   -0.000255
    0    1   15    3    0.005460
    0    1   16    3   -0.010357
    0    1   17    3    0.000423
    0    1   18    3    0.087050
    0    1    1    4   -0.078540
    0    1    2    4    0.003442
    0    1    3    4    0.075490
    0    1    4    4   -0.404898
    0    1    5    4    0.037807
    0    1    6    4   -0.001845
    0    1    7    4    0.094925
    0    1    8    4   -0.039990
    0    1    9    4   -0.036590
    0    1   10    4    0.026692
    0    1   11    4   -0.000380
    0    1   12    4    0.025455
    0    1   13    4    0.000835
    0    1   14    4    0.022345
    0    1   15    4    0.017067
    0    1   16    4   -0.022943
    0    1   17    4   -0.023490
    0    1   18    4   -0.090758
    0    1    1    5    0.006027
    0    1    2    5   -0.003510
    0    1    3    5    0.010540
    0    1    4    5    0.033435
    0    1    5    5   -0.001080
    0    1    6    5    0.012638
    0    1    7    5   -0.002895
    0    1    8    5   -0.049517
    0    1    9    5   -0.062452
    0    1   10    5    0.006057
    0    1   11    5    0.001047
    0    1   12    5   -0.001615
    0    1   13    5   -0.002552
    0    1   14    5   -0.008377
    0    1   15    5   -0.002822
    0    1   16    5   -0.000247
    0    1   17    5   -0.001160
    0    1   18    5    0.018860
    0    1    1    6   -0.001848
    0    1    2    6   -0.019400
    0    1    3    6    0.014788
    0    1    4    6    0.188160
    0    1    5    6    0.061632
    0    1    6    6    0.065965
    0    1    7    6    0.048530
    0    1    8    6   -0.116932
    0    1    9    6   -0.762422
    0    1   10    6   -0.002922
    0    1   11    6    0.015037
    0    1   12    6   -0.006052
    0    1   13    6    0.005925
    0    1   14    6   -0.006258
    0    1   15    6   -0.028557
    0    1   16    6    0.033927
    0    1   17    6    0.000155
    0    1   18    6    0.056217
    0    1    1    7    0.005970
    0    1    2    7    0.013700
    0    1    3    7    0.032317
    0    1    4    7    0.011240
    0    1    5    7   -0.001530
    0    1    6    7    0.057662
    0    1    7    7   -0.142892
    0    1    8    7    0.031997
    0    1    9    7   -0.063458
    0    1   10    7   -0.012780
    0    1   11    7    0.001740
    0    1   12    7   -0.003445
    0    1   13    7    0.011965
    0    1   14    7   -0.004752
    0    1   15    7    0.028670
    0    1   16    7   -0.005920
    0    1   17    7   -0.002657
    0    1   18    7   -0.649625
    0    1    1    8    0.001490
    0    1    2    8   -0.000768
    0    1    3    8   -0.002217
    0    1    4    8    0.010722
    0    1    5    8   -0.003352
    0    1    6    8    0.001155
    0    1    7    8    0.001463
    0    1    8    8   -0.001378
    0    1    9    8    0.023600
    0    1   10    8   -0.007805
    0    1   11    8   -0.000953
    0    1   12    8   -0.003203
    0    1   13    8   -0.001345
    0    1   14    8   -0.000937
    0    1   15    8   -0.001640
    0    1   16    8    0.000382
    0    1   17    8    0.000088
    0    1   18    8    0.004387
    0    1    1    9   -0.007575
    0    1    2    9   -0.015395
    0    1    3    9   -0.014533
    0    1    4    9   -0.010790
    0    1    5    9    0.014058
    0    1    6    9   -0.025360
    0    1    7    9   -0.037065
    0    1    8    9    0.050340
    0    1    9    9    0.030810
    0    1   10    9    0.054950
    0    1   11    9    0.001985
    0    1   12    9    0.001950
    0    1   13    9   -0.035252
    0    1   14    9   -0.008382
    0    1   15    9    0.024578
    0    1   16    9    0.025603
    0    1   17    9    0.002342
    0    1   18    9   -0.029235
    0    1    1   10   -0.004040
    0    1    2   10    0.059660
    0    1    3   10    0.015495
    0    1    4   10    0.031155
    0    1    5   10    0.026737
    0    1    6   10   -0.142520
    0    1    7   10   -0.023887
    0    1    8   10    0.308522
    0    1    9   10   -0.236995
    0    1   10   10    0.273900
    0    1   11   10    0.003585
    0    1   12   10    0.028315
    0    1   13   10   -0.036432
    0    1   14   10    0.009212
    0    1   15   10    0.073915
    0    1   16   10   -0.227565
    0    1   17   10   -0.009515
    0    1   18   10    0.009310
    0    1    1   11    0.002995
    0    1    2   11   -0.022520
    0    1    3   11    0.073682
    0    1    4   11    0.048435
    0    1    5   11    0.045515
    0    1    6   11    0.105617
    0    1    7   11    0.014370
    0    1    8   11   -0.037205
    0    1    9   11   -0.705315
    0    1   10   11   -0.012955
    0    1   11   11    0.015377
    0    1   12   11   -0.007885
    0    1   13   11    0.003650
    0    1   14   11   -0.041243
    0    1   15   11    0.013653
    0    1   16   11   -0.005825
    0    1   17   11   -0.072203
    0    1   18   11   -0.016822
    0    1    1   12    0.030035
    0    1    2   12   -0.026863
    0    1    3   12   -0.047060
    0    1    4   12    0.121395
    0    1    5   12    0.024633
    0    1    6   12    0.010745
    0    1    7   12    0.261365
    0    1    8   12   -0.016473
    0    1    9   12   -0.459675
    0    1   10   12    0.118902
    0    1   11   12   -0.000157
    0    1   12   12   -0.090755
    0    1   13   12   -0.008320
    0    1   14   12   -0.010780
    0    1   15   12    0.067037
    0    1   16   12   -0.035008
    0    1   17   12    0.019563
    0    1   18   12   -0.359248
    0    1    1   13    0.038823
    0    1    2   13    0.023785
    0    1    3   13    0.034867
    0    1    4   13    0.005135
    0    1    5   13    0.167215
    0    1    6   13   -0.017312
    0    1    7   13    0.053560
    0    1    8   13    0.214160
    0    1    9   13   -0.073607
    0    1   10   13   -0.107483
    0    1   11   13    0.011083
    0    1   12   13   -0.005922
    0    1   13   13    0.184550
    0    1   14   13   -0.004545
    0    1   15   13    0.093460
    0    1   16   13   -0.017670
    0    1   17   13   -0.014062
    0    1   18   13   -0.108835
    0    1    1   14    0.018395
    0    1    2   14    0.000432
    0    1    3   14    0.000342
    0    1    4   14    0.031793
    0    1    5   14   -0.016117
    0    1    6   14   -0.005043
    0    1    7   14   -0.002320
    0    1    8   14   -0.034492
    0    1    9   14    0.072892
    0    1   10   14   -0.033063
    0    1   11   14   -0.001325
    0    1   12   14   -0.005330
    0    1   13   14    0.001578
    0    1   14   14   -0.001500
    0    1   15   14   -0.008657
    0    1   16   14   -0.005942
    0    1   17   14   -0.009287
    0    1   18   14    0.008387
    0    1    1   15    0.107680
    0    1    2   15    0.026403
    0    1    3   15   -0.015495
    0    1    4   15   -0.178242
    0    1    5   15    0.035645
    0    1    6   15   -0.009420
    0    1    7   15    0.000165
    0    1    8   15   -0.044168
    0    1    9   15    0.107760
    0    1   10   15    0.132093
    0    1   11   15    0.008710
    0    1   12   15    0.029855
    0    1   13   15    0.018812
    0    1   14   15   -0.018525
    0    1   15   15   -0.147765
    0    1   16   15   -0.046035
    0    1   17   15    0.051152
    0    1   18   15    0.043892
    0    1    1   16   -0.023630
    0    1    2   16    0.012225
    0    1    3   16    0.059192
    0    1    4   16    0.003962
    0    1    5   16   -0.032670
    0    1    6   16    0.026410
    0    1    7   16    0.005415
    0    1    8   16    0.005922
    0    1    9   16    0.045903
    0    1   10   16   -0.119975
    0    1   11   16    0.018337
    0    1   12   16    0.012052
    0    1   13   16    0.045565
    0    1   14   16    0.003490
    0    1   15   16   -0.016705
    0    1   16   16   -0.083105
    0    1   17   16   -0.039985
    0    1   18   16   -0.069655
    0    1    1   17    0.022935
    0    1    2   17   -0.036897
    0    1    3   17    0.017067
    0    1    4   17   -0.026232
    0    1    5   17   -0.001637
    0    1    6   17    0.153230
    0    1    7   17    0.007600
    0    1    8   17   -0.045215
    0    1    9   17   -0.196437
    0    1   10   17    0.016157
    0    1   11   17    0.010627
    0    1   12   17    0.009303
    0    1   13   17   -0.005595
    0    1   14   17   -0.014710
    0    1   15   17    0.008632
    0    1   16   17    0.019787
    0    1   17   17    0.001232
    0    1   18   17   -0.034725
    0    1    1   18   -0.005332
    0    1    2   18    0.000945
    0    1    3   18   -0.007642
    0    1    4   18   -0.001880
    0    1    5   18    0.003262
    0    1    6   18    0.004577
    0    1    7   18   -0.011855
    0    1    8   18    0.007885
    0    1    9   18   -0.017490
    0    1   10   18    0.040875
    0    1   11   18    0.002087
    0    1   12   18    0.006635
    0    1   13   18   -0.029150
    0    1   14   18   -0.009410
    0    1   15   18    0.006820
    0    1   16   18    0.000612
    0    1   17   18   -0.006365
    0    1   18   18    0.008308
    1    1    1    1   -0.095225
    1    1    2    1   -0.137115
    1    1    3    1   -0.154230
    1    1    4    1   -0.348885
    1    1    5    1   -0.060370
    1    1    6    1   -0.284043
    1    1    7    1    0.738050
    1    1    8    1    0.202497
    1    1    9    1    0.671073
    1    1   10    1   -0.181677
    1    1   11    1    0.003108
    1    1   12    1   -0.174825
    1    1   13    1    0.427812
    1    1   14    1   -0.047035
    1    1   15    1   -0.230045
    1    1   16    1   -0.289353
    1    1   17    1   -0.185753
    1    1   18    1    1.980937
    1    1    1    2    0.005750
    1    1    2    2   -0.014138
    1    1    3    2    0.010552
    1    1    4    2   -0.025898
    1    1    5    2   -0.006417
    1    1    6    2    0.044660
    1    1    7    2    0.004555
    1    1    8    2   -0.005265
    1    1    9    2   -0.016162
    1    1   10    2    0.007202
    1    1   11    2    0.004630
    1    1   12    2    0.011627
    1    1   13    2    0.028057
    1    1   14    2   -0.002355
    1    1   15    2    0.009105
    1    1   16    2    0.007868
    1    1   17    2    0.004120
    1    1   18    2   -0.000545
    1    1    1    3   -0.051117
    1    1    2    3    0.007092
    1    1    3    3   -0.010297
    1    1    4    3    0.546920
    1    1    5    3    0.105417
    1    1    6    3   -0.394687
    1    1    7    3    0.111717
    1    1    8    3    0.096515
    1    1    9    3   -1.205615
    1    1   10    3   -0.020527
    1    1   11    3   -0.008860
    1    1   12    3    0.024440
    1    1   13    3    0.038962
    1    1   14    3    0.027805
    1    1   15    3   -0.031117
    1    1   16    3    0.157130
    1    1   17    3   -0.007765
    1    1   18    3   -0.352832
    1    1    1    4   -0.034302
    1    1    2    4   -0.009122
    1    1    3    4    0.021075
    1    1    4    4   -0.412540
    1    1    5    4    0.004335
    1    1    6    4    0.006630
    1    1    7    4    0.141332
    1    1    8    4   -0.011367
    1    1    9    4    0.069697
    1    1   10    4    0.022000
    1    1   11    4    0.012140
    1    1   12    4   -0.045220
    1    1   13    4   -0.359652
    1    1   14    4    0.010500
    1    1   15    4   -0.002227
    1    1   16    4   -0.052765
    1    1   17    4   -0.038250
    1    1   18    4   -0.145232
    1    1    1    5   -0.009622
    1    1    2    5    0.012925
    1    1    3    5   -0.001065
    1    1    4    5    0.032490
    1    1    5    5    0.006692
    1    1    6    5   -0.068925
    1    1    7    5   -0.009725
    1    1    8    5   -0.000390
    1    1    9    5   -0.026942
    1    1   10    5    0.010288
    1    1   11    5   -0.005957
    1    1   12    5   -0.006770
    1    1   13    5   -0.008100
    1    1   14    5    0.003327
    1    1   15    5   -0.013825
    1    1   16    5    0.013720
    1    1   17    5   -0.000452
    1    1   18    5    0.023187
    1    1    1    6   -0.011030
    1    1    2    6    0.011473
    1    1    3    6    0.004060
    1    1    4    6    0.401830
    1    1    5    6    0.008220
    1    1    6    6   -0.240582
    1    1    7    6    0.138592
    1    1    8    6    0.010145
    1    1    9    6   -0.185907
    1    1   10    6   -0.012403
    1    1   11    6   -0.005375
    1    1   12    6   -0.039352
    1    1   13    6   -0.057570
    1    1   14    6    0.004220
    1    1   15    6   -0.014600
    1    1   16    6    0.025155
    1    1   17    6    0.004622
    1    1   18    6    0.018312
    1    1    1    7    0.005018
    1    1    2    7    0.002692
    1    1    3    7   -0.032325
    1    1    4    7   -0.140357
    1    1    5    7    0.001762
    1    1    6    7    0.073395
    1    1    7    7   -0.092137
    1    1    8    7   -0.000720
    1    1    9    7    0.103350
    1    1   10    7    0.011842
    1    1   11    7   -0.001852
    1    1   12    7   -0.000950
    1    1   13    7    0.016522
    1    1   14    7   -0.001975
    1    1   15    7   -0.003877
    1    1   16    7    0.002430
    1    1   17    7    0.002672
    1    1   18    7    0.223445
    1    1    1    8    0.002825
    1    1    2    8   -0.000660
    1    1    3    8   -0.014192
    1    1    4    8    0.007867
    1    1    5    8   -0.019442
    1    1    6    8   -0.001365
    1    1    7    8    0.004090
    1    1    8    8   -0.005580
    1    1    9    8    0.287757
    1    1   10    8    0.002075
    1    1   11    8   -0.006045
    1    1   12    8   -0.001440
    1    1   13    8    0.002743
    1    1   14    8   -0.002778
    1    1   15    8    0.009747
    1    1   16    8    0.010640
    1    1   17    8   -0.002002
    1    1   18    8    0.002465
    1    1    1    9   -0.004120
    1    1    2    9   -0.005110
    1    1    3    9    0.013125
    1    1    4    9   -0.248595
    1    1    5    9   -0.000605
    1    1    6    9    0.018447
    1    1    7    9   -0.076222
    1    1    8    9   -0.003977
    1    1    9    9    0.215087
    1    1   10    9    0.001627
    1    1   11    9   -0.000057
    1    1   12    9    0.073082
    1    1   13    9   -0.045662
    1    1   14    9    0.001730
    1    1   15    9   -0.004487
    1    1   16    9   -0.003602
    1    1   17    9   -0.000400
    1    1   18    9   -0.077757
    1    1    1   10   -0.034040
    1    1    2   10    0.162925
    1    1    3   10   -0.003772
    1    1    4   10    0.040305
    1    1    5   10    0.134480
    1    1    6   10   -0.005112
    1    1    7   10   -0.015897
    1    1    8   10    0.043875
    1    1    9   10    0.488145
    1    1   10   10    0.250148
    1    1   11   10    0.001845
    1    1   12   10   -0.031455
    1    1   13   10   -0.231453
    1    1   14   10    0.019855
    1    1   15   10   -0.084280
    1    1   16   10   -0.115588
    1    1   17   10    0.018720
    1    1   18   10    0.170227
    1    1    1   11    0.003600
    1    1    2   11    0.059645
    1    1    3   11    0.007675
    1    1    4   11    0.112318
    1    1    5   11    0.005248
    1    1    6   11   -0.282602
    1    1    7   11    0.008770
    1    1    8   11    0.000918
    1    1    9   11   -0.058252
    1    1   10   11   -0.003812
    1    1   11   11   -0.025695
    1    1   12   11   -0.030015
    1    1   13   11   -0.001518
    1    1   14   11    0.006555
    1    1   15   11   -0.010573
    1    1   16   11    0.008690
    1    1   17   11    0.023887
    1    1   18   11   -0.008725
    1    1    1   12   -0.003025
    1    1    2   12   -0.006877
    1    1    3   12   -0.025930
    1    1    4   12    0.079965
    1    1    5   12    0.004775
    1    1    6   12   -0.107347
    1    1    7   12    0.043707
    1    1    8   12   -0.001832
    1    1    9   12   -0.118865
    1    1   10   12    0.037547
    1    1   11   12   -0.005977
    1    1   12   12   -0.168828
    1    1   13   12   -0.193150
    1    1   14   12   -0.000835
    1    1   15   12    0.059115
    1    1   16   12    0.014920
    1    1   17   12   -0.007140
    1    1   18   12    0.041287
    1    1    1   13    0.018457
    1    1    2   13    0.029892
    1    1    3   13    0.021992
    1    1    4   13   -0.215892
    1    1    5   13    0.003265
    1    1    6   13    0.097805
    1    1    7   13   -0.063685
    1    1    8   13   -0.006922
    1    1    9   13   -0.166217
    1    1   10   13    0.022445
    1    1   11   13   -0.015205
    1    1   12   13    0.008290
    1    1   13   13    0.120412
    1    1   14   13   -0.000038
    1    1   15   13    0.114130
    1    1   16   13   -0.004098
    1    1   17   13    0.002602
    1    1   18   13   -0.062980
    1    1    1   14   -0.008725
    1    1    2   14    0.022477
    1    1    3   14    0.001567
    1    1    4   14    0.018085
    1    1    5   14    0.002530
    1    1    6   14   -0.170540
    1    1    7   14    0.001677
    1    1    8   14   -0.002107
    1    1    9   14   -0.130697
    1    1   10   14   -0.033440
    1    1   11   14   -0.014955
    1    1   12   14   -0.007925
    1    1   13   14    0.032985
    1    1   14   14    0.006180
    1    1   15   14    0.017225
    1    1   16   14    0.029925
    1    1   17   14   -0.000460
    1    1   18   14   -0.016893
    1    1    1   15    0.006690
    1    1    2   15    0.040460
    1    1    3   15    0.070597
    1    1    4   15   -0.284150
    1    1    5   15    0.000225
    1    1    6   15    0.066545
    1    1    7   15   -0.072137
    1    1    8   15    0.006142
    1    1    9   15   -0.069770
    1    1   10   15    0.047957
    1    1   11   15   -0.011017
    1    1   12   15    0.105865
    1    1   13   15   -0.006385
    1    1   14   15   -0.010095
    1    1   15   15    0.328395
    1    1   16   15   -0.100290
    1    1   17   15    0.002655
    1    1   18   15    0.218522
    1    1    1   16    0.007015
    1    1    2   16   -0.006225
    1    1    3   16   -0.042145
    1    1    4   16    0.034900
    1    1    5   16   -0.010777
    1    1    6   16    0.056937
    1    1    7   16    0.045077
    1    1    8   16    0.001208
    1    1    9   16    0.730647
    1    1   10   16   -0.107795
    1    1   11   16    0.019303
    1    1   12   16   -0.007860
    1    1   13   16    0.199420
    1    1   14   16   -0.006142
    1    1   15   16   -0.216440
    1    1   16   16   -0.044070
    1    1   17   16   -0.006280
    1    1   18   16   -0.168590
    1    1    1   17   -0.002425
    1    1    2   17   -0.008007
    1    1    3   17   -0.011165
    1    1    4   17   -0.027438
    1    1    5   17   -0.040825
    1    1    6   17   -0.027165
    1    1    7   17   -0.013945
    1    1    8   17   -0.027893
    1    1    9   17   -0.004572
    1    1   10   17    0.025250
    1    1   11   17   -0.005632
    1    1   12   17    0.007507
    1    1   13   17   -0.013643
    1    1   14   17   -0.000760
    1    1   15   17   -0.012990
    1    1   16   17    0.012048
    1    1   17   17   -0.005632
    1    1   18   17    0.003140
    1    1    1   18   -0.015955
    1    1    2   18    0.002380
    1    1    3   18   -0.012615
    1    1    4   18    0.044222
    1    1    5   18   -0.006345
    1    1    6   18   -0.015572
    1    1    7   18    0.012155
    1    1    8   18   -0.004007
    1    1    9   18    0.169585
    1    1   10   18   -0.001090
    1    1   11   18    0.005872
    1    1   12   18    0.011785
    1    1   13   18   -0.004522
    1    1   14   18   -0.004955
    1    1   15   18   -0.091402
    1    1   16   18   -0.012530
    1    1   17   18   -0.004955
    1    1   18   18   -0.538787
