 ir1  ir2   m    n          ReH 
   -1   -1    1    1    0.000085
   -1   -1    2    1    0.000012
   -1   -1    3    1    0.000053
   -1   -1    4    1    0.000068
   -1   -1    5    1    0.000055
   -1   -1    6    1    0.000027
   -1   -1    7    1    0.000003
   -1   -1    8    1    0.000022
   -1   -1    9    1    0.000042
   -1   -1   10    1   -0.000137
   -1   -1   11    1    0.000007
   -1   -1   12    1    0.000003
   -1   -1   13    1    0.000063
   -1   -1   14    1    0.000018
   -1   -1   15    1    0.000023
   -1   -1   16    1   -0.000005
   -1   -1   17    1   -0.000005
   -1   -1   18    1    0.000043
   -1   -1    1    2    0.000007
   -1   -1    2    2    0.000037
   -1   -1    3    2    0.000025
   -1   -1    4    2   -0.000015
   -1   -1    5    2   -0.000007
   -1   -1    6    2    0.000022
   -1   -1    7    2    0.000007
   -1   -1    8    2    0.000002
   -1   -1    9    2   -0.000050
   -1   -1   10    2    0.000063
   -1   -1   11    2    0.000038
   -1   -1   12    2    0.000040
   -1   -1   13    2    0.000022
   -1   -1   14    2    0.000100
   -1   -1   15    2    0.000062
   -1   -1   16    2   -0.000018
   -1   -1   17    2   -0.000015
   -1   -1   18    2   -0.000018
   -1   -1    1    3   -0.000035
   -1   -1    2    3   -0.000003
   -1   -1    3    3   -0.000005
   -1   -1    4    3    0.000030
   -1   -1    5    3    0.000012
   -1   -1    6    3    0.000037
   -1   -1    7    3    0.000018
   -1   -1    8    3    0.000022
   -1   -1    9    3   -0.000015
   -1   -1   10    3   -0.000050
   -1   -1   11    3    0.000000
   -1   -1   12    3    0.000022
   -1   -1   13    3   -0.000025
   -1   -1   14    3    0.000000
   -1   -1   15    3   -0.000018
   -1   -1   16    3    0.000007
   -1   -1   17    3   -0.000032
   -1   -1   18    3    0.000045
   -1   -1    1    4    0.000002
   -1   -1    2    4    0.000018
   -1   -1    3    4    0.000005
   -1   -1    4    4   -0.000002
   -1   -1    5    4   -0.000005
   -1   -1    6    4    0.000010
   -1   -1    7    4    0.000010
   -1   -1    8    4    0.000003
   -1   -1    9    4    0.000010
   -1   -1   10    4   -0.000040
   -1   -1   11    4    0.000010
   -1   -1   12    4    0.000013
   -1   -1   13    4    0.000010
   -1   -1   14    4   -0.000020
   -1   -1   15    4    0.000000
   -1   -1   16    4    0.000002
   -1   -1   17    4   -0.000010
   -1   -1   18    4    0.000012
   -1   -1    1    5   -0.000085
   -1   -1    2    5   -0.000003
   -1   -1    3    5    0.000073
   -1   -1    4    5    0.000070
   -1   -1    5    5    0.000057
   -1   -1    6    5    0.000018
   -1   -1    7    5    0.000020
   -1   -1    8    5    0.000042
   -1   -1    9    5    0.000010
   -1   -1   10    5   -0.000050
   -1   -1   11    5   -0.000040
   -1   -1   12    5    0.000007
   -1   -1   13    5   -0.000015
   -1   -1   14    5   -0.000023
   -1   -1   15    5    0.000015
   -1   -1   16    5    0.000015
   -1   -1   17    5    0.000020
   -1   -1   18    5    0.000065
   -1   -1    1    6    0.000108
   -1   -1    2    6    0.000007
   -1   -1    3    6    0.000065
   -1   -1    4    6   -0.000005
   -1   -1    5    6    0.000045
   -1   -1    6    6   -0.000037
   -1   -1    7    6   -0.000005
   -1   -1    8    6    0.000010
   -1   -1    9    6   -0.000285
   -1   -1   10    6    0.000023
   -1   -1   11    6    0.000000
   -1   -1   12    6    0.000078
   -1   -1   13    6   -0.000160
   -1   -1   14    6    0.000115
   -1   -1   15    6    0.000032
   -1   -1   16    6   -0.000020
   -1   -1   17    6   -0.000015
   -1   -1   18    6    0.000000
   -1   -1    1    7    0.000055
   -1   -1    2    7    0.000032
   -1   -1    3    7    0.000003
   -1   -1    4    7    0.000003
   -1   -1    5    7    0.000018
   -1   -1    6    7    0.000030
   -1   -1    7    7    0.000022
   -1   -1    8    7   -0.000018
   -1   -1    9    7    0.000110
   -1   -1   10    7   -0.000035
   -1   -1   11    7    0.000020
   -1   -1   12    7   -0.000030
   -1   -1   13    7    0.000062
   -1   -1   14    7    0.000015
   -1   -1   15    7    0.000000
   -1   -1   16    7    0.000007
   -1   -1   17    7    0.000030
   -1   -1   18    7    0.000022
   -1   -1    1    8   -0.000063
   -1   -1    2    8    0.000005
   -1   -1    3    8    0.000012
   -1   -1    4    8    0.000007
   -1   -1    5    8    0.000000
   -1   -1    6    8   -0.000005
   -1   -1    7    8   -0.000003
   -1   -1    8    8    0.000018
   -1   -1    9    8    0.000010
   -1   -1   10    8    0.000032
   -1   -1   11    8    0.000002
   -1   -1   12    8    0.000007
   -1   -1   13    8    0.000020
   -1   -1   14    8   -0.000003
   -1   -1   15    8    0.000003
   -1   -1   16    8   -0.000005
   -1   -1   17    8    0.000030
   -1   -1   18    8    0.000032
   -1   -1    1    9    0.000032
   -1   -1    2    9   -0.000012
   -1   -1    3    9    0.000027
   -1   -1    4    9    0.000007
   -1   -1    5    9    0.000038
   -1   -1    6    9    0.000005
   -1   -1    7    9    0.000005
   -1   -1    8    9    0.000018
   -1   -1    9    9   -0.000030
   -1   -1   10    9   -0.000070
   -1   -1   11    9   -0.000005
   -1   -1   12    9    0.000010
   -1   -1   13    9   -0.000025
   -1   -1   14    9   -0.000035
   -1   -1   15    9    0.000035
   -1   -1   16    9   -0.000023
   -1   -1   17    9   -0.000012
   -1   -1   18    9    0.000013
   -1   -1    1   10   -0.000043
   -1   -1    2   10    0.000002
   -1   -1    3   10   -0.000040
   -1   -1    4   10    0.000040
   -1   -1    5   10    0.000023
   -1   -1    6   10    0.000003
   -1   -1    7   10    0.000008
   -1   -1    8   10    0.000013
   -1   -1    9   10    0.000015
   -1   -1   10   10   -0.000005
   -1   -1   11   10   -0.000010
   -1   -1   12   10   -0.000002
   -1   -1   13   10   -0.000005
   -1   -1   14   10    0.000008
   -1   -1   15   10   -0.000018
   -1   -1   16   10    0.000028
   -1   -1   17   10    0.000030
   -1   -1   18   10   -0.000002
   -1   -1    1   11    0.000005
   -1   -1    2   11    0.000003
   -1   -1    3   11   -0.000010
   -1   -1    4   11   -0.000005
   -1   -1    5   11   -0.000005
   -1   -1    6   11    0.000007
   -1   -1    7   11    0.000000
   -1   -1    8   11   -0.000007
   -1   -1    9   11   -0.000008
   -1   -1   10   11    0.000030
   -1   -1   11   11    0.000015
   -1   -1   12   11    0.000010
   -1   -1   13   11    0.000003
   -1   -1   14   11    0.000047
   -1   -1   15   11    0.000013
   -1   -1   16   11   -0.000013
   -1   -1   17   11    0.000005
   -1   -1   18   11   -0.000013
   -1   -1    1   12    0.000005
   -1   -1    2   12   -0.000018
   -1   -1    3   12   -0.000005
   -1   -1    4   12   -0.000015
   -1   -1    5   12   -0.000003
   -1   -1    6   12    0.000065
   -1   -1    7   12    0.000025
   -1   -1    8   12    0.000008
   -1   -1    9   12   -0.000090
   -1   -1   10   12    0.000025
   -1   -1   11   12   -0.000007
   -1   -1   12   12   -0.000007
   -1   -1   13   12   -0.000060
   -1   -1   14   12    0.000035
   -1   -1   15   12   -0.000040
   -1   -1   16   12   -0.000092
   -1   -1   17   12    0.000013
   -1   -1   18   12   -0.000010
   -1   -1    1   13   -0.000005
   -1   -1    2   13    0.000002
   -1   -1    3   13    0.000030
   -1   -1    4   13    0.000007
   -1   -1    5   13    0.000027
   -1   -1    6   13    0.000015
   -1   -1    7   13    0.000018
   -1   -1    8   13    0.000015
   -1   -1    9   13   -0.000062
   -1   -1   10   13   -0.000013
   -1   -1   11   13    0.000005
   -1   -1   12   13    0.000045
   -1   -1   13   13    0.000018
   -1   -1   14   13    0.000040
   -1   -1   15   13    0.000032
   -1   -1   16   13   -0.000020
   -1   -1   17   13   -0.000003
   -1   -1   18   13    0.000005
   -1   -1    1   14    0.000007
   -1   -1    2   14    0.000007
   -1   -1    3   14   -0.000092
   -1   -1    4   14    0.000060
   -1   -1    5   14    0.000047
   -1   -1    6   14    0.000015
   -1   -1    7   14   -0.000007
   -1   -1    8   14    0.000040
   -1   -1    9   14    0.000055
   -1   -1   10   14   -0.000200
   -1   -1   11   14    0.000003
   -1   -1   12   14    0.000017
   -1   -1   13   14    0.000045
   -1   -1   14   14   -0.000075
   -1   -1   15   14    0.000013
   -1   -1   16   14   -0.000010
   -1   -1   17   14    0.000037
   -1   -1   18   14    0.000040
   -1   -1    1   15    0.000062
   -1   -1    2   15    0.000008
   -1   -1    3   15    0.000092
   -1   -1    4   15   -0.000013
   -1   -1    5   15   -0.000010
   -1   -1    6   15   -0.000002
   -1   -1    7   15   -0.000025
   -1   -1    8   15   -0.000005
   -1   -1    9   15   -0.000225
   -1   -1   10   15   -0.000005
   -1   -1   11   15   -0.000020
   -1   -1   12   15    0.000018
   -1   -1   13   15   -0.000330
   -1   -1   14   15    0.000045
   -1   -1   15   15    0.000090
   -1   -1   16   15    0.000047
   -1   -1   17   15   -0.000050
   -1   -1   18   15   -0.000023
   -1   -1    1   16   -0.000085
   -1   -1    2   16   -0.000003
   -1   -1    3   16    0.000008
   -1   -1    4   16   -0.000008
   -1   -1    5   16    0.000000
   -1   -1    6   16    0.000023
   -1   -1    7   16    0.000025
   -1   -1    8   16    0.000010
   -1   -1    9   16   -0.000095
   -1   -1   10   16    0.000003
   -1   -1   11   16   -0.000035
   -1   -1   12   16    0.000015
   -1   -1   13   16   -0.000120
   -1   -1   14   16   -0.000110
   -1   -1   15   16    0.000030
   -1   -1   16   16    0.000023
   -1   -1   17   16   -0.000050
   -1   -1   18   16   -0.000025
   -1   -1    1   17   -0.000140
   -1   -1    2   17   -0.000002
   -1   -1    3   17    0.000010
   -1   -1    4   17    0.000078
   -1   -1    5   17    0.000008
   -1   -1    6   17   -0.000012
   -1   -1    7   17   -0.000012
   -1   -1    8   17    0.000063
   -1   -1    9   17    0.000012
   -1   -1   10   17    0.000080
   -1   -1   11   17   -0.000017
   -1   -1   12   17   -0.000007
   -1   -1   13   17    0.000018
   -1   -1   14   17    0.000075
   -1   -1   15   17    0.000005
   -1   -1   16   17   -0.000005
   -1   -1   17   17    0.000090
   -1   -1   18   17    0.000092
   -1   -1    1   18   -0.000175
   -1   -1    2   18   -0.000007
   -1   -1    3   18   -0.000090
   -1   -1    4   18    0.000070
   -1   -1    5   18   -0.000012
   -1   -1    6   18   -0.000050
   -1   -1    7   18   -0.000038
   -1   -1    8   18    0.000098
   -1   -1    9   18    0.000005
   -1   -1   10   18   -0.000140
   -1   -1   11   18    0.000000
   -1   -1   12   18    0.000005
   -1   -1   13   18   -0.000002
   -1   -1   14   18   -0.000162
   -1   -1   15   18    0.000002
   -1   -1   16   18    0.000000
   -1   -1   17   18    0.000058
   -1   -1   18   18    0.000145
    0   -1    1    1    0.000068
    0   -1    2    1    0.000025
    0   -1    3    1   -0.000015
    0   -1    4    1    0.000020
    0   -1    5    1   -0.000007
    0   -1    6    1   -0.000010
    0   -1    7    1   -0.000013
    0   -1    8    1    0.000002
    0   -1    9    1    0.000053
    0   -1   10    1   -0.000018
    0   -1   11    1    0.000007
    0   -1   12    1    0.000025
    0   -1   13    1    0.000180
    0   -1   14    1    0.000005
    0   -1   15    1    0.000065
    0   -1   16    1   -0.000052
    0   -1   17    1    0.000015
    0   -1   18    1    0.000032
    0   -1    1    2   -0.000010
    0   -1    2    2    0.000008
    0   -1    3    2   -0.000003
    0   -1    4    2   -0.000010
    0   -1    5    2    0.000007
    0   -1    6    2   -0.000083
    0   -1    7    2   -0.000018
    0   -1    8    2    0.000000
    0   -1    9    2   -0.000002
    0   -1   10    2    0.000003
    0   -1   11    2   -0.000005
    0   -1   12    2    0.000023
    0   -1   13    2    0.000013
    0   -1   14    2    0.000007
    0   -1   15    2   -0.000078
    0   -1   16    2    0.000032
    0   -1   17    2    0.000010
    0   -1   18    2   -0.000007
    0   -1    1    3   -0.000005
    0   -1    2    3   -0.000005
    0   -1    3    3    0.000018
    0   -1    4    3    0.000015
    0   -1    5    3    0.000032
    0   -1    6    3   -0.000077
    0   -1    7    3    0.000003
    0   -1    8    3    0.000005
    0   -1    9    3    0.000092
    0   -1   10    3   -0.000075
    0   -1   11    3   -0.000023
    0   -1   12    3   -0.000010
    0   -1   13    3    0.000047
    0   -1   14    3   -0.000060
    0   -1   15    3   -0.000027
    0   -1   16    3    0.000055
    0   -1   17    3   -0.000010
    0   -1   18    3   -0.000005
    0   -1    1    4   -0.000010
    0   -1    2    4   -0.000003
    0   -1    3    4    0.000003
    0   -1    4    4    0.000000
    0   -1    5    4   -0.000027
    0   -1    6    4    0.000040
    0   -1    7    4   -0.000010
    0   -1    8    4   -0.000020
    0   -1    9    4    0.000125
    0   -1   10    4    0.000050
    0   -1   11    4   -0.000003
    0   -1   12    4   -0.000030
    0   -1   13    4    0.000065
    0   -1   14    4    0.000065
    0   -1   15    4   -0.000005
    0   -1   16    4    0.000030
    0   -1   17    4    0.000010
    0   -1   18    4   -0.000002
    0   -1    1    5   -0.000005
    0   -1    2    5   -0.000055
    0   -1    3    5   -0.000055
    0   -1    4    5    0.000030
    0   -1    5    5    0.000032
    0   -1    6    5   -0.000105
    0   -1    7    5   -0.000018
    0   -1    8    5   -0.000003
    0   -1    9    5    0.000050
    0   -1   10    5   -0.000047
    0   -1   11    5   -0.000018
    0   -1   12    5   -0.000063
    0   -1   13    5    0.000060
    0   -1   14    5   -0.000080
    0   -1   15    5   -0.000067
    0   -1   16    5   -0.000005
    0   -1   17    5    0.000025
    0   -1   18    5    0.000027
    0   -1    1    6   -0.000015
    0   -1    2    6    0.000030
    0   -1    3    6   -0.000052
    0   -1    4    6   -0.000008
    0   -1    5    6    0.000003
    0   -1    6    6   -0.000068
    0   -1    7    6   -0.000040
    0   -1    8    6    0.000002
    0   -1    9    6    0.000042
    0   -1   10    6   -0.000015
    0   -1   11    6   -0.000010
    0   -1   12    6    0.000000
    0   -1   13    6    0.000072
    0   -1   14    6   -0.000022
    0   -1   15    6   -0.000105
    0   -1   16    6    0.000022
    0   -1   17    6    0.000022
    0   -1   18    6    0.000005
    0   -1    1    7   -0.000018
    0   -1    2    7   -0.000028
    0   -1    3    7   -0.000010
    0   -1    4    7    0.000005
    0   -1    5    7    0.000000
    0   -1    6    7    0.000108
    0   -1    7    7    0.000010
    0   -1    8    7    0.000012
    0   -1    9    7    0.000060
    0   -1   10    7   -0.000067
    0   -1   11    7   -0.000015
    0   -1   12    7    0.000005
    0   -1   13    7    0.000010
    0   -1   14    7   -0.000035
    0   -1   15    7   -0.000055
    0   -1   16    7    0.000000
    0   -1   17    7   -0.000020
    0   -1   18    7    0.000007
    0   -1    1    8   -0.000017
    0   -1    2    8   -0.000060
    0   -1    3    8    0.000007
    0   -1    4    8    0.000010
    0   -1    5    8    0.000023
    0   -1    6    8    0.000043
    0   -1    7    8    0.000000
    0   -1    8    8   -0.000010
    0   -1    9    8   -0.000120
    0   -1   10    8    0.000018
    0   -1   11    8    0.000008
    0   -1   12    8   -0.000023
    0   -1   13    8   -0.000008
    0   -1   14    8   -0.000005
    0   -1   15    8   -0.000095
    0   -1   16    8   -0.000003
    0   -1   17    8    0.000007
    0   -1   18    8    0.000000
    0   -1    1    9   -0.000002
    0   -1    2    9    0.000005
    0   -1    3    9   -0.000005
    0   -1    4    9   -0.000005
    0   -1    5    9    0.000000
    0   -1    6    9    0.000037
    0   -1    7    9   -0.000005
    0   -1    8    9   -0.000005
    0   -1    9    9    0.000005
    0   -1   10    9    0.000012
    0   -1   11    9    0.000003
    0   -1   12    9   -0.000032
    0   -1   13    9    0.000013
    0   -1   14    9   -0.000005
    0   -1   15    9    0.000047
    0   -1   16    9    0.000005
    0   -1   17    9    0.000012
    0   -1   18    9    0.000003
    0   -1    1   10   -0.000027
    0   -1    2   10    0.000045
    0   -1    3   10   -0.000045
    0   -1    4   10   -0.000023
    0   -1    5   10    0.000015
    0   -1    6   10    0.000038
    0   -1    7   10    0.000025
    0   -1    8   10    0.000000
    0   -1    9   10    0.000155
    0   -1   10   10   -0.000080
    0   -1   11   10    0.000015
    0   -1   12   10   -0.000003
    0   -1   13   10    0.000275
    0   -1   14   10   -0.000068
    0   -1   15   10   -0.000030
    0   -1   16   10   -0.000028
    0   -1   17   10   -0.000010
    0   -1   18   10   -0.000020
    0   -1    1   11    0.000005
    0   -1    2   11    0.000005
    0   -1    3   11   -0.000007
    0   -1    4   11   -0.000015
    0   -1    5   11   -0.000008
    0   -1    6   11   -0.000018
    0   -1    7   11   -0.000007
    0   -1    8   11    0.000000
    0   -1    9   11   -0.000015
    0   -1   10   11   -0.000002
    0   -1   11   11    0.000008
    0   -1   12   11    0.000030
    0   -1   13   11   -0.000003
    0   -1   14   11    0.000002
    0   -1   15   11   -0.000033
    0   -1   16   11   -0.000005
    0   -1   17   11    0.000002
    0   -1   18   11   -0.000005
    0   -1    1   12   -0.000013
    0   -1    2   12    0.000005
    0   -1    3   12   -0.000010
    0   -1    4   12   -0.000012
    0   -1    5   12   -0.000008
    0   -1    6   12    0.000015
    0   -1    7   12    0.000005
    0   -1    8   12   -0.000008
    0   -1    9   12    0.000000
    0   -1   10   12    0.000005
    0   -1   11   12    0.000003
    0   -1   12   12    0.000032
    0   -1   13   12    0.000005
    0   -1   14   12    0.000003
    0   -1   15   12   -0.000075
    0   -1   16   12   -0.000005
    0   -1   17   12    0.000002
    0   -1   18   12   -0.000010
    0   -1    1   13   -0.000015
    0   -1    2   13    0.000003
    0   -1    3   13   -0.000030
    0   -1    4   13    0.000005
    0   -1    5   13    0.000015
    0   -1    6   13   -0.000085
    0   -1    7   13   -0.000015
    0   -1    8   13    0.000000
    0   -1    9   13    0.000045
    0   -1   10   13   -0.000015
    0   -1   11   13   -0.000020
    0   -1   12   13   -0.000037
    0   -1   13   13    0.000055
    0   -1   14   13   -0.000023
    0   -1   15   13   -0.000075
    0   -1   16   13    0.000030
    0   -1   17   13    0.000023
    0   -1   18   13    0.000010
    0   -1    1   14    0.000000
    0   -1    2   14    0.000037
    0   -1    3   14   -0.000065
    0   -1    4   14   -0.000002
    0   -1    5   14    0.000032
    0   -1    6   14   -0.000085
    0   -1    7   14    0.000012
    0   -1    8   14   -0.000007
    0   -1    9   14    0.000388
    0   -1   10   14   -0.000045
    0   -1   11   14    0.000092
    0   -1   12   14   -0.000067
    0   -1   13   14    0.000460
    0   -1   14   14   -0.000045
    0   -1   15   14    0.000007
    0   -1   16   14    0.000018
    0   -1   17   14   -0.000032
    0   -1   18   14   -0.000010
    0   -1    1   15   -0.000017
    0   -1    2   15    0.000025
    0   -1    3   15    0.000005
    0   -1    4   15    0.000007
    0   -1    5   15   -0.000008
    0   -1    6   15    0.000068
    0   -1    7   15   -0.000030
    0   -1    8   15    0.000007
    0   -1    9   15   -0.000005
    0   -1   10   15   -0.000015
    0   -1   11   15    0.000013
    0   -1   12   15   -0.000028
    0   -1   13   15    0.000030
    0   -1   14   15   -0.000010
    0   -1   15   15    0.000170
    0   -1   16   15    0.000023
    0   -1   17   15   -0.000008
    0   -1   18   15    0.000010
    0   -1    1   16    0.000013
    0   -1    2   16    0.000015
    0   -1    3   16    0.000040
    0   -1    4   16   -0.000005
    0   -1    5   16    0.000023
    0   -1    6   16   -0.000067
    0   -1    7   16    0.000000
    0   -1    8   16   -0.000002
    0   -1    9   16   -0.000005
    0   -1   10   16   -0.000015
    0   -1   11   16    0.000003
    0   -1   12   16    0.000088
    0   -1   13   16    0.000002
    0   -1   14   16   -0.000003
    0   -1   15   16    0.000055
    0   -1   16   16    0.000045
    0   -1   17   16   -0.000010
    0   -1   18   16   -0.000015
    0   -1    1   17   -0.000013
    0   -1    2   17   -0.000193
    0   -1    3   17   -0.000042
    0   -1    4   17   -0.000010
    0   -1    5   17    0.000045
    0   -1    6   17   -0.000078
    0   -1    7   17    0.000032
    0   -1    8   17   -0.000042
    0   -1    9   17    0.000060
    0   -1   10   17   -0.000028
    0   -1   11   17    0.000010
    0   -1   12   17   -0.000025
    0   -1   13   17    0.000197
    0   -1   14   17   -0.000128
    0   -1   15   17   -0.000183
    0   -1   16   17   -0.000060
    0   -1   17   17    0.000032
    0   -1   18   17   -0.000003
    0   -1    1   18   -0.000213
    0   -1    2   18   -0.000318
    0   -1    3   18   -0.000015
    0   -1    4   18   -0.000007
    0   -1    5   18    0.000088
    0   -1    6   18    0.000145
    0   -1    7   18    0.000075
    0   -1    8   18   -0.000050
    0   -1    9   18   -0.000263
    0   -1   10   18    0.000170
    0   -1   11   18   -0.000115
    0   -1   12   18    0.000027
    0   -1   13   18   -0.000152
    0   -1   14   18   -0.000145
    0   -1   15   18   -0.000108
    0   -1   16   18   -0.000035
    0   -1   17   18    0.000020
    0   -1   18   18   -0.000027
    1   -1    1    1   -0.000002
    1   -1    2    1   -0.000020
    1   -1    3    1   -0.000047
    1   -1    4    1    0.000005
    1   -1    5    1    0.000005
    1   -1    6    1   -0.000082
    1   -1    7    1   -0.000025
    1   -1    8    1    0.000000
    1   -1    9    1    0.000013
    1   -1   10    1   -0.000007
    1   -1   11    1   -0.000005
    1   -1   12    1   -0.000042
    1   -1   13    1   -0.000007
    1   -1   14    1   -0.000015
    1   -1   15    1   -0.000112
    1   -1   16    1    0.000007
    1   -1   17    1    0.000018
    1   -1   18    1    0.000005
    1   -1    1    2   -0.000005
    1   -1    2    2    0.000007
    1   -1    3    2    0.000007
    1   -1    4    2   -0.000002
    1   -1    5    2   -0.000018
    1   -1    6    2    0.000017
    1   -1    7    2    0.000000
    1   -1    8    2   -0.000007
    1   -1    9    2   -0.000005
    1   -1   10    2    0.000015
    1   -1   11    2    0.000007
    1   -1   12    2    0.000015
    1   -1   13    2    0.000005
    1   -1   14    2    0.000002
    1   -1   15    2    0.000007
    1   -1   16    2   -0.000005
    1   -1   17    2   -0.000005
    1   -1   18    2   -0.000005
    1   -1    1    3   -0.000015
    1   -1    2    3    0.000005
    1   -1    3    3   -0.000020
    1   -1    4    3    0.000007
    1   -1    5    3   -0.000003
    1   -1    6    3    0.000017
    1   -1    7    3   -0.000013
    1   -1    8    3    0.000010
    1   -1    9    3    0.000020
    1   -1   10    3   -0.000033
    1   -1   11    3    0.000007
    1   -1   12    3   -0.000032
    1   -1   13    3    0.000013
    1   -1   14    3   -0.000027
    1   -1   15    3    0.000088
    1   -1   16    3    0.000010
    1   -1   17    3    0.000005
    1   -1   18    3    0.000012
    1   -1    1    4   -0.000002
    1   -1    2    4    0.000002
    1   -1    3    4   -0.000027
    1   -1    4    4    0.000002
    1   -1    5    4   -0.000010
    1   -1    6    4   -0.000038
    1   -1    7    4   -0.000012
    1   -1    8    4    0.000002
    1   -1    9    4   -0.000005
    1   -1   10    4    0.000005
    1   -1   11    4   -0.000002
    1   -1   12    4    0.000000
    1   -1   13    4    0.000013
    1   -1   14    4   -0.000013
    1   -1   15    4    0.000047
    1   -1   16    4   -0.000007
    1   -1   17    4   -0.000002
    1   -1   18    4    0.000008
    1   -1    1    5    0.000003
    1   -1    2    5   -0.000015
    1   -1    3    5   -0.000032
    1   -1    4    5    0.000000
    1   -1    5    5    0.000003
    1   -1    6    5   -0.000045
    1   -1    7    5   -0.000005
    1   -1    8    5    0.000000
    1   -1    9    5    0.000003
    1   -1   10    5   -0.000005
    1   -1   11    5   -0.000005
    1   -1   12    5   -0.000052
    1   -1   13    5   -0.000015
    1   -1   14    5   -0.000010
    1   -1   15    5    0.000012
    1   -1   16    5   -0.000003
    1   -1   17    5    0.000005
    1   -1   18    5    0.000003
    1   -1    1    6   -0.000005
    1   -1    2    6    0.000013
    1   -1    3    6   -0.000007
    1   -1    4    6    0.000005
    1   -1    5    6   -0.000030
    1   -1    6    6    0.000020
    1   -1    7    6   -0.000005
    1   -1    8    6   -0.000002
    1   -1    9    6    0.000000
    1   -1   10    6    0.000005
    1   -1   11    6    0.000015
    1   -1   12    6    0.000015
    1   -1   13    6    0.000000
    1   -1   14    6   -0.000005
    1   -1   15    6    0.000005
    1   -1   16    6   -0.000010
    1   -1   17    6    0.000000
    1   -1   18    6    0.000000
    1   -1    1    7   -0.000010
    1   -1    2    7   -0.000005
    1   -1    3    7   -0.000005
    1   -1    4    7   -0.000002
    1   -1    5    7    0.000002
    1   -1    6    7   -0.000007
    1   -1    7    7   -0.000010
    1   -1    8    7    0.000002
    1   -1    9    7    0.000020
    1   -1   10    7   -0.000008
    1   -1   11    7    0.000002
    1   -1   12    7   -0.000020
    1   -1   13    7   -0.000010
    1   -1   14    7   -0.000005
    1   -1   15    7    0.000018
    1   -1   16    7    0.000022
    1   -1   17    7    0.000005
    1   -1   18    7    0.000000
    1   -1    1    8    0.000002
    1   -1    2    8    0.000003
    1   -1    3    8   -0.000015
    1   -1    4    8   -0.000002
    1   -1    5    8   -0.000010
    1   -1    6    8    0.000013
    1   -1    7    8   -0.000002
    1   -1    8    8    0.000000
    1   -1    9    8   -0.000017
    1   -1   10    8    0.000007
    1   -1   11    8    0.000005
    1   -1   12    8    0.000020
    1   -1   13    8   -0.000002
    1   -1   14    8   -0.000010
    1   -1   15    8    0.000113
    1   -1   16    8   -0.000018
    1   -1   17    8   -0.000007
    1   -1   18    8    0.000000
    1   -1    1    9    0.000005
    1   -1    2    9    0.000000
    1   -1    3    9   -0.000010
    1   -1    4    9   -0.000002
    1   -1    5    9   -0.000002
    1   -1    6    9   -0.000015
    1   -1    7    9   -0.000005
    1   -1    8    9   -0.000002
    1   -1    9    9    0.000002
    1   -1   10    9    0.000010
    1   -1   11    9    0.000000
    1   -1   12    9    0.000002
    1   -1   13    9    0.000005
    1   -1   14    9    0.000002
    1   -1   15    9   -0.000013
    1   -1   16    9    0.000005
    1   -1   17    9    0.000005
    1   -1   18    9   -0.000002
    1   -1    1   10   -0.000018
    1   -1    2   10    0.000020
    1   -1    3   10    0.000005
    1   -1    4   10    0.000005
    1   -1    5   10    0.000007
    1   -1    6   10    0.000075
    1   -1    7   10    0.000010
    1   -1    8   10    0.000005
    1   -1    9   10    0.000018
    1   -1   10   10   -0.000023
    1   -1   11   10    0.000010
    1   -1   12   10    0.000003
    1   -1   13   10    0.000003
    1   -1   14   10   -0.000005
    1   -1   15   10   -0.000003
    1   -1   16   10    0.000010
    1   -1   17   10    0.000010
    1   -1   18   10    0.000005
    1   -1    1   11   -0.000002
    1   -1    2   11    0.000010
    1   -1    3   11    0.000013
    1   -1    4   11    0.000000
    1   -1    5   11   -0.000007
    1   -1    6   11    0.000027
    1   -1    7   11    0.000003
    1   -1    8   11   -0.000002
    1   -1    9   11    0.000000
    1   -1   10   11    0.000005
    1   -1   11   11    0.000005
    1   -1   12   11    0.000013
    1   -1   13   11    0.000002
    1   -1   14   11    0.000005
    1   -1   15   11    0.000010
    1   -1   16   11   -0.000002
    1   -1   17   11   -0.000005
    1   -1   18   11   -0.000002
    1   -1    1   12   -0.000012
    1   -1    2   12    0.000012
    1   -1    3   12    0.000003
    1   -1    4   12   -0.000003
    1   -1    5   12   -0.000023
    1   -1    6   12    0.000023
    1   -1    7   12   -0.000003
    1   -1    8   12   -0.000020
    1   -1    9   12   -0.000003
    1   -1   10   12    0.000003
    1   -1   11   12    0.000012
    1   -1   12   12    0.000027
    1   -1   13   12   -0.000002
    1   -1   14   12    0.000000
    1   -1   15   12   -0.000028
    1   -1   16   12    0.000005
    1   -1   17   12   -0.000018
    1   -1   18   12   -0.000002
    1   -1    1   13    0.000010
    1   -1    2   13   -0.000007
    1   -1    3   13   -0.000010
    1   -1    4   13    0.000000
    1   -1    5   13   -0.000003
    1   -1    6   13   -0.000012
    1   -1    7   13    0.000003
    1   -1    8   13   -0.000005
    1   -1    9   13   -0.000002
    1   -1   10   13    0.000005
    1   -1   11   13    0.000000
    1   -1   12   13    0.000013
    1   -1   13   13   -0.000003
    1   -1   14   13   -0.000002
    1   -1   15   13   -0.000032
    1   -1   16   13   -0.000010
    1   -1   17   13    0.000010
    1   -1   18   13    0.000000
    1   -1    1   14   -0.000020
    1   -1    2   14    0.000015
    1   -1    3   14   -0.000030
    1   -1    4   14    0.000005
    1   -1    5   14   -0.000007
    1   -1    6   14   -0.000012
    1   -1    7   14   -0.000025
    1   -1    8   14    0.000000
    1   -1    9   14    0.000018
    1   -1   10   14   -0.000005
    1   -1   11   14    0.000018
    1   -1   12   14   -0.000030
    1   -1   13   14    0.000005
    1   -1   14   14   -0.000013
    1   -1   15   14   -0.000023
    1   -1   16   14    0.000025
    1   -1   17   14    0.000010
    1   -1   18   14    0.000003
    1   -1    1   15    0.000027
    1   -1    2   15   -0.000003
    1   -1    3   15   -0.000005
    1   -1    4   15    0.000007
    1   -1    5   15    0.000010
    1   -1    6   15    0.000000
    1   -1    7   15   -0.000012
    1   -1    8   15    0.000015
    1   -1    9   15    0.000007
    1   -1   10   15   -0.000010
    1   -1   11   15   -0.000003
    1   -1   12   15   -0.000015
    1   -1   13   15    0.000018
    1   -1   14   15    0.000002
    1   -1   15   15    0.000080
    1   -1   16   15   -0.000010
    1   -1   17   15    0.000018
    1   -1   18   15    0.000010
    1   -1    1   16   -0.000008
    1   -1    2   16    0.000003
    1   -1    3   16    0.000005
    1   -1    4   16    0.000000
    1   -1    5   16   -0.000003
    1   -1    6   16    0.000012
    1   -1    7   16   -0.000005
    1   -1    8   16   -0.000005
    1   -1    9   16    0.000000
    1   -1   10   16    0.000000
    1   -1   11   16   -0.000002
    1   -1   12   16   -0.000022
    1   -1   13   16    0.000010
    1   -1   14   16   -0.000005
    1   -1   15   16    0.000052
    1   -1   16   16    0.000007
    1   -1   17   16    0.000005
    1   -1   18   16    0.000000
    1   -1    1   17   -0.000010
    1   -1    2   17    0.000025
    1   -1    3   17    0.000003
    1   -1    4   17    0.000007
    1   -1    5   17   -0.000018
    1   -1    6   17    0.000098
    1   -1    7   17    0.000015
    1   -1    8   17    0.000010
    1   -1    9   17   -0.000018
    1   -1   10   17    0.000002
    1   -1   11   17    0.000012
    1   -1   12   17   -0.000032
    1   -1   13   17   -0.000010
    1   -1   14   17    0.000013
    1   -1   15   17    0.000108
    1   -1   16   17   -0.000030
    1   -1   17   17   -0.000010
    1   -1   18   17    0.000003
    1   -1    1   18   -0.000003
    1   -1    2   18    0.000002
    1   -1    3   18   -0.000015
    1   -1    4   18   -0.000005
    1   -1    5   18    0.000015
    1   -1    6   18   -0.000195
    1   -1    7   18   -0.000017
    1   -1    8   18   -0.000002
    1   -1    9   18   -0.000025
    1   -1   10   18    0.000007
    1   -1   11   18   -0.000030
    1   -1   12   18    0.000025
    1   -1   13   18    0.000047
    1   -1   14   18   -0.000023
    1   -1   15   18   -0.000030
    1   -1   16   18    0.000027
    1   -1   17   18   -0.000003
    1   -1   18   18    0.000002
   -1    0    1    1   -0.000235
   -1    0    2    1    0.000012
   -1    0    3    1   -0.000185
   -1    0    4    1    0.000117
   -1    0    5    1    0.000060
   -1    0    6    1   -0.000020
   -1    0    7    1   -0.000060
   -1    0    8    1    0.000140
   -1    0    9    1    0.000025
   -1    0   10    1   -0.000193
   -1    0   11    1   -0.000020
   -1    0   12    1    0.000010
   -1    0   13    1    0.000010
   -1    0   14    1   -0.000177
   -1    0   15    1    0.000035
   -1    0   16    1   -0.000037
   -1    0   17    1   -0.000045
   -1    0   18    1    0.000372
   -1    0    1    2   -0.000900
   -1    0    2    2   -0.000133
   -1    0    3    2    0.000490
   -1    0    4    2    0.001410
   -1    0    5    2    0.000162
   -1    0    6    2    0.000025
   -1    0    7    2    0.000028
   -1    0    8    2    0.000732
   -1    0    9    2   -0.000047
   -1    0   10    2    0.000492
   -1    0   11    2   -0.000127
   -1    0   12    2   -0.000047
   -1    0   13    2    0.000217
   -1    0   14    2   -0.000293
   -1    0   15    2   -0.000022
   -1    0   16    2   -0.000097
   -1    0   17    2    0.001445
   -1    0   18    2    0.001270
   -1    0    1    3   -0.000390
   -1    0    2    3   -0.000008
   -1    0    3    3   -0.000177
   -1    0    4    3    0.000150
   -1    0    5    3    0.000035
   -1    0    6    3   -0.000060
   -1    0    7    3   -0.000110
   -1    0    8    3    0.000233
   -1    0    9    3    0.000050
   -1    0   10    3   -0.000475
   -1    0   11    3   -0.000018
   -1    0   12    3    0.000010
   -1    0   13    3   -0.000042
   -1    0   14    3   -0.000315
   -1    0   15    3    0.000020
   -1    0   16    3   -0.000020
   -1    0   17    3   -0.000025
   -1    0   18    3    0.000300
   -1    0    1    4   -0.000002
   -1    0    2    4   -0.000002
   -1    0    3    4   -0.000057
   -1    0    4    4    0.000035
   -1    0    5    4   -0.000003
   -1    0    6    4   -0.000010
   -1    0    7    4   -0.000032
   -1    0    8    4    0.000032
   -1    0    9    4   -0.000002
   -1    0   10    4   -0.000025
   -1    0   11    4    0.000003
   -1    0   12    4    0.000002
   -1    0   13    4   -0.000003
   -1    0   14    4   -0.000018
   -1    0   15    4   -0.000005
   -1    0   16    4   -0.000020
   -1    0   17    4    0.000095
   -1    0   18    4    0.000007
   -1    0    1    5    0.000513
   -1    0    2    5    0.000030
   -1    0    3    5    0.000102
   -1    0    4    5   -0.000380
   -1    0    5    5    0.000100
   -1    0    6    5    0.000090
   -1    0    7    5    0.000148
   -1    0    8    5   -0.000358
   -1    0    9    5    0.000047
   -1    0   10    5    0.000183
   -1    0   11    5   -0.000002
   -1    0   12    5    0.000045
   -1    0   13    5    0.000022
   -1    0   14    5    0.000390
   -1    0   15    5   -0.000015
   -1    0   16    5    0.000010
   -1    0   17    5   -0.000432
   -1    0   18    5   -0.000383
   -1    0    1    6   -0.003070
   -1    0    2    6   -0.000248
   -1    0    3    6   -0.001913
   -1    0    4    6    0.001020
   -1    0    5    6    0.000337
   -1    0    6    6   -0.000100
   -1    0    7    6   -0.000102
   -1    0    8    6    0.001995
   -1    0    9    6    0.000478
   -1    0   10    6   -0.001748
   -1    0   11    6   -0.000292
   -1    0   12    6   -0.000007
   -1    0   13    6    0.000265
   -1    0   14    6   -0.004013
   -1    0   15    6    0.000080
   -1    0   16    6   -0.000490
   -1    0   17    6    0.000067
   -1    0   18    6    0.002305
   -1    0    1    7   -0.000785
   -1    0    2    7    0.000060
   -1    0    3    7   -0.000345
   -1    0    4    7   -0.000150
   -1    0    5    7   -0.000112
   -1    0    6    7   -0.000047
   -1    0    7    7   -0.000272
   -1    0    8    7    0.000540
   -1    0    9    7    0.000015
   -1    0   10    7   -0.000682
   -1    0   11    7    0.000032
   -1    0   12    7   -0.000012
   -1    0   13    7   -0.000058
   -1    0   14    7   -0.000698
   -1    0   15    7    0.000053
   -1    0   16    7   -0.000070
   -1    0   17    7   -0.000253
   -1    0   18    7    0.000498
   -1    0    1    8   -0.000040
   -1    0    2    8   -0.000003
   -1    0    3    8   -0.000028
   -1    0    4    8    0.000153
   -1    0    5    8   -0.000022
   -1    0    6    8   -0.000010
   -1    0    7    8   -0.000040
   -1    0    8    8    0.000067
   -1    0    9    8   -0.000015
   -1    0   10    8   -0.000018
   -1    0   11    8    0.000008
   -1    0   12    8    0.000008
   -1    0   13    8   -0.000005
   -1    0   14    8   -0.000038
   -1    0   15    8   -0.000005
   -1    0   16    8   -0.000015
   -1    0   17    8    0.000225
   -1    0   18    8    0.000032
   -1    0    1    9   -0.000280
   -1    0    2    9   -0.000077
   -1    0    3    9   -0.000180
   -1    0    4    9    0.000423
   -1    0    5    9    0.000132
   -1    0    6    9   -0.000058
   -1    0    7    9   -0.000067
   -1    0    8    9    0.000250
   -1    0    9    9    0.000068
   -1    0   10    9   -0.000565
   -1    0   11    9   -0.000048
   -1    0   12    9    0.000012
   -1    0   13    9    0.000005
   -1    0   14    9   -0.000160
   -1    0   15    9   -0.000003
   -1    0   16    9   -0.000083
   -1    0   17    9    0.000315
   -1    0   18    9    0.000342
   -1    0    1   10   -0.000108
   -1    0    2   10    0.000005
   -1    0    3   10    0.000002
   -1    0    4   10   -0.000123
   -1    0    5   10   -0.000007
   -1    0    6   10    0.000000
   -1    0    7   10    0.000032
   -1    0    8   10    0.000038
   -1    0    9   10    0.000010
   -1    0   10   10   -0.000053
   -1    0   11   10    0.000000
   -1    0   12   10   -0.000010
   -1    0   13   10   -0.000008
   -1    0   14   10   -0.000020
   -1    0   15   10   -0.000010
   -1    0   16   10    0.000050
   -1    0   17   10   -0.000080
   -1    0   18   10    0.000060
   -1    0    1   11   -0.000272
   -1    0    2   11   -0.000090
   -1    0    3   11   -0.000253
   -1    0    4   11    0.000335
   -1    0    5   11    0.000107
   -1    0    6   11   -0.000130
   -1    0    7   11   -0.000132
   -1    0    8   11    0.000340
   -1    0    9   11    0.000025
   -1    0   10   11   -0.000605
   -1    0   11   11   -0.000058
   -1    0   12   11   -0.000030
   -1    0   13   11    0.000032
   -1    0   14   11   -0.000292
   -1    0   15   11    0.000010
   -1    0   16   11   -0.000110
   -1    0   17   11    0.000260
   -1    0   18   11    0.000415
   -1    0    1   12    0.001120
   -1    0    2   12   -0.000198
   -1    0    3   12   -0.001220
   -1    0    4   12    0.000360
   -1    0    5   12    0.000558
   -1    0    6   12   -0.000145
   -1    0    7   12    0.000120
   -1    0    8   12    0.000132
   -1    0    9   12    0.000493
   -1    0   10   12   -0.002600
   -1    0   11   12   -0.000108
   -1    0   12   12   -0.000060
   -1    0   13   12   -0.000143
   -1    0   14   12    0.000132
   -1    0   15   12    0.000023
   -1    0   16   12    0.000050
   -1    0   17   12    0.000120
   -1    0   18   12    0.000335
   -1    0    1   13   -0.000795
   -1    0    2   13   -0.000005
   -1    0    3   13    0.001085
   -1    0    4   13    0.001047
   -1    0    5   13    0.000045
   -1    0    6   13    0.000238
   -1    0    7   13    0.000332
   -1    0    8   13    0.000170
   -1    0    9   13   -0.000042
   -1    0   10   13    0.001522
   -1    0   11   13   -0.000065
   -1    0   12   13   -0.000025
   -1    0   13   13    0.000152
   -1    0   14   13    0.000575
   -1    0   15   13   -0.000065
   -1    0   16   13    0.000152
   -1    0   17   13    0.001245
   -1    0   18   13    0.000742
   -1    0    1   14   -0.000015
   -1    0    2   14   -0.000065
   -1    0    3   14   -0.000110
   -1    0    4   14    0.000233
   -1    0    5   14   -0.000018
   -1    0    6   14   -0.000050
   -1    0    7   14   -0.000077
   -1    0    8   14    0.000090
   -1    0    9   14    0.000007
   -1    0   10   14    0.000025
   -1    0   11   14   -0.000050
   -1    0   12   14    0.000022
   -1    0   13   14    0.000075
   -1    0   14   14   -0.000192
   -1    0   15   14    0.000000
   -1    0   16   14   -0.000105
   -1    0   17   14    0.000620
   -1    0   18   14    0.000170
   -1    0    1   15   -0.005888
   -1    0    2   15   -0.000162
   -1    0    3   15   -0.001970
   -1    0    4   15    0.001905
   -1    0    5   15    0.000030
   -1    0    6   15    0.000085
   -1    0    7   15    0.000830
   -1    0    8   15    0.001280
   -1    0    9   15    0.000855
   -1    0   10   15   -0.002028
   -1    0   11   15    0.000040
   -1    0   12   15    0.000095
   -1    0   13   15    0.000325
   -1    0   14   15   -0.002852
   -1    0   15   15    0.000058
   -1    0   16   15   -0.000440
   -1    0   17   15   -0.000697
   -1    0   18   15    0.001940
   -1    0    1   16   -0.000242
   -1    0    2   16   -0.000035
   -1    0    3   16    0.000672
   -1    0    4   16    0.000190
   -1    0    5   16    0.000155
   -1    0    6   16    0.000160
   -1    0    7   16    0.000340
   -1    0    8   16   -0.000500
   -1    0    9   16    0.000073
   -1    0   10   16    0.000630
   -1    0   11   16   -0.000062
   -1    0   12   16    0.000000
   -1    0   13   16    0.000115
   -1    0   14   16    0.000285
   -1    0   15   16   -0.000050
   -1    0   16   16    0.000070
   -1    0   17   16   -0.000060
   -1    0   18   16   -0.000297
   -1    0    1   17   -0.000010
   -1    0    2   17    0.000030
   -1    0    3   17   -0.000058
   -1    0    4   17   -0.000035
   -1    0    5   17   -0.000057
   -1    0    6   17    0.000015
   -1    0    7   17    0.000012
   -1    0    8   17   -0.000070
   -1    0    9   17   -0.000005
   -1    0   10   17   -0.000010
   -1    0   11   17    0.000040
   -1    0   12   17    0.000025
   -1    0   13   17   -0.000032
   -1    0   14   17    0.000047
   -1    0   15   17   -0.000025
   -1    0   16   17    0.000037
   -1    0   17   17    0.000040
   -1    0   18   17   -0.000080
   -1    0    1   18   -0.000057
   -1    0    2   18    0.000015
   -1    0    3   18   -0.000005
   -1    0    4   18    0.000142
   -1    0    5   18   -0.000060
   -1    0    6   18    0.000000
   -1    0    7   18   -0.000010
   -1    0    8   18   -0.000005
   -1    0    9   18   -0.000022
   -1    0   10   18    0.000075
   -1    0   11   18    0.000025
   -1    0   12   18    0.000010
   -1    0   13   18   -0.000025
   -1    0   14   18    0.000047
   -1    0   15   18   -0.000020
   -1    0   16   18    0.000018
   -1    0   17   18    0.000223
   -1    0   18   18   -0.000055
    0    0    1    1    0.002430
    0    0    2    1    0.000305
    0    0    3    1   -0.002340
    0    0    4    1    0.001373
    0    0    5    1   -0.001810
    0    0    6    1   -0.000323
    0    0    7    1    0.004895
    0    0    8    1   -0.001050
    0    0    9    1   -0.000262
    0    0   10    1    0.001218
    0    0   11    1    0.001742
    0    0   12    1    0.000012
    0    0   13    1    0.000157
    0    0   14    1    0.004552
    0    0   15    1   -0.000213
    0    0   16    1    0.000410
    0    0   17    1   -0.002382
    0    0   18    1   -0.002560
    0    0    1    2    0.000305
    0    0    2    2   -0.003968
    0    0    3    2   -0.000387
    0    0    4    2    0.000053
    0    0    5    2    0.000968
    0    0    6    2   -0.004228
    0    0    7    2   -0.000358
    0    0    8    2   -0.000158
    0    0    9    2   -0.000558
    0    0   10    2    0.000235
    0    0   11    2   -0.000855
    0    0   12    2   -0.000318
    0    0   13    2   -0.002948
    0    0   14    2   -0.000388
    0    0   15    2   -0.001683
    0    0   16    2    0.000070
    0    0   17    2    0.000320
    0    0   18    2   -0.000078
    0    0    1    3   -0.002340
    0    0    2    3   -0.000387
    0    0    3    3    0.001905
    0    0    4    3    0.000323
    0    0    5    3    0.000478
    0    0    6    3    0.000798
    0    0    7    3    0.001822
    0    0    8    3   -0.001193
    0    0    9    3   -0.000480
    0    0   10    3    0.002723
    0    0   11    3    0.000195
    0    0   12    3    0.000447
    0    0   13    3    0.000105
    0    0   14    3   -0.002260
    0    0   15    3    0.000320
    0    0   16    3    0.000313
    0    0   17    3   -0.000305
    0    0   18    3   -0.001702
    0    0    1    4    0.001373
    0    0    2    4    0.000053
    0    0    3    4    0.000323
    0    0    4    4   -0.000957
    0    0    5    4   -0.000055
    0    0    6    4    0.000020
    0    0    7    4   -0.000030
    0    0    8    4   -0.000112
    0    0    9    4   -0.000113
    0    0   10    4   -0.000408
    0    0   11    4    0.000095
    0    0   12    4    0.000060
    0    0   13    4   -0.000098
    0    0   14    4   -0.002170
    0    0   15    4    0.000032
    0    0   16    4   -0.000092
    0    0   17    4   -0.000175
    0    0   18    4   -0.000415
    0    0    1    5   -0.001810
    0    0    2    5    0.000968
    0    0    3    5    0.000478
    0    0    4    5   -0.000055
    0    0    5    5    0.000330
    0    0    6    5    0.001373
    0    0    7    5    0.001200
    0    0    8    5   -0.000105
    0    0    9    5   -0.000030
    0    0   10    5   -0.001015
    0    0   11    5    0.000270
    0    0   12    5   -0.000075
    0    0   13    5    0.000770
    0    0   14    5   -0.003257
    0    0   15    5    0.000045
    0    0   16    5   -0.000267
    0    0   17    5   -0.000590
    0    0   18    5   -0.000793
    0    0    1    6   -0.000323
    0    0    2    6   -0.004228
    0    0    3    6    0.000798
    0    0    4    6    0.000020
    0    0    5    6    0.001373
    0    0    6    6   -0.001740
    0    0    7    6    0.000337
    0    0    8    6   -0.000440
    0    0    9    6   -0.000950
    0    0   10    6    0.000202
    0    0   11    6   -0.000792
    0    0   12    6    0.001333
    0    0   13    6   -0.004140
    0    0   14    6   -0.000897
    0    0   15    6   -0.008175
    0    0   16    6   -0.001710
    0    0   17    6    0.000002
    0    0   18    6   -0.000565
    0    0    1    7    0.004895
    0    0    2    7   -0.000358
    0    0    3    7    0.001822
    0    0    4    7   -0.000030
    0    0    5    7    0.001200
    0    0    6    7    0.000337
    0    0    7    7    0.001695
    0    0    8    7   -0.000858
    0    0    9    7   -0.000030
    0    0   10    7   -0.000220
    0    0   11    7   -0.000083
    0    0   12    7    0.000253
    0    0   13    7    0.000142
    0    0   14    7   -0.003127
    0    0   15    7    0.000418
    0    0   16    7    0.000260
    0    0   17    7   -0.000210
    0    0   18    7   -0.001125
    0    0    1    8   -0.001050
    0    0    2    8   -0.000158
    0    0    3    8   -0.001193
    0    0    4    8   -0.000112
    0    0    5    8   -0.000105
    0    0    6    8   -0.000440
    0    0    7    8   -0.000858
    0    0    8    8    0.000642
    0    0    9    8   -0.000053
    0    0   10    8   -0.001130
    0    0   11    8    0.000005
    0    0   12    8    0.000047
    0    0   13    8   -0.000205
    0    0   14    8   -0.000293
    0    0   15    8    0.000080
    0    0   16    8   -0.000262
    0    0   17    8    0.000327
    0    0   18    8    0.000100
    0    0    1    9   -0.000262
    0    0    2    9   -0.000558
    0    0    3    9   -0.000480
    0    0    4    9   -0.000113
    0    0    5    9   -0.000030
    0    0    6    9   -0.000950
    0    0    7    9   -0.000030
    0    0    8    9   -0.000053
    0    0    9    9   -0.000162
    0    0   10    9   -0.000647
    0    0   11    9    0.000040
    0    0   12    9    0.000290
    0    0   13    9   -0.000445
    0    0   14    9   -0.002055
    0    0   15    9    0.000165
    0    0   16    9   -0.000178
    0    0   17    9    0.000013
    0    0   18    9   -0.000228
    0    0    1   10    0.001218
    0    0    2   10    0.000235
    0    0    3   10    0.002723
    0    0    4   10   -0.000408
    0    0    5   10   -0.001015
    0    0    6   10    0.000202
    0    0    7   10   -0.000220
    0    0    8   10   -0.001130
    0    0    9   10   -0.000647
    0    0   10   10    0.009593
    0    0   11   10    0.000060
    0    0   12   10   -0.000095
    0    0   13   10   -0.000065
    0    0   14   10    0.010835
    0    0   15   10   -0.000185
    0    0   16   10    0.000903
    0    0   17   10    0.000997
    0    0   18   10   -0.001063
    0    0    1   11    0.001742
    0    0    2   11   -0.000855
    0    0    3   11    0.000195
    0    0    4   11    0.000095
    0    0    5   11    0.000270
    0    0    6   11   -0.000792
    0    0    7   11   -0.000083
    0    0    8   11    0.000005
    0    0    9   11    0.000040
    0    0   10   11    0.000060
    0    0   11   11   -0.000102
    0    0   12   11    0.000153
    0    0   13   11   -0.000905
    0    0   14   11   -0.000022
    0    0   15   11   -0.000235
    0    0   16   11    0.000175
    0    0   17   11    0.000208
    0    0   18   11    0.000148
    0    0    1   12    0.000012
    0    0    2   12   -0.000318
    0    0    3   12    0.000447
    0    0    4   12    0.000060
    0    0    5   12   -0.000075
    0    0    6   12    0.001333
    0    0    7   12    0.000253
    0    0    8   12    0.000047
    0    0    9   12    0.000290
    0    0   10   12   -0.000095
    0    0   11   12    0.000153
    0    0   12   12    0.000142
    0    0   13   12   -0.000443
    0    0   14   12    0.000133
    0    0   15   12   -0.000088
    0    0   16   12   -0.000257
    0    0   17   12   -0.000040
    0    0   18   12    0.000053
    0    0    1   13    0.000157
    0    0    2   13   -0.002948
    0    0    3   13    0.000105
    0    0    4   13   -0.000098
    0    0    5   13    0.000770
    0    0    6   13   -0.004140
    0    0    7   13    0.000142
    0    0    8   13   -0.000205
    0    0    9   13   -0.000445
    0    0   10   13   -0.000065
    0    0   11   13   -0.000905
    0    0   12   13   -0.000443
    0    0   13   13   -0.001993
    0    0   14   13    0.001043
    0    0   15   13   -0.001195
    0    0   16   13    0.000277
    0    0   17   13   -0.000212
    0    0   18   13   -0.000407
    0    0    1   14    0.004552
    0    0    2   14   -0.000388
    0    0    3   14   -0.002260
    0    0    4   14   -0.002170
    0    0    5   14   -0.003257
    0    0    6   14   -0.000897
    0    0    7   14   -0.003127
    0    0    8   14   -0.000293
    0    0    9   14   -0.002055
    0    0   10   14    0.010835
    0    0   11   14   -0.000022
    0    0   12   14    0.000133
    0    0   13   14    0.001043
    0    0   14   14   -0.002020
    0    0   15   14   -0.000183
    0    0   16   14   -0.002305
    0    0   17   14    0.003607
    0    0   18   14   -0.000060
    0    0    1   15   -0.000213
    0    0    2   15   -0.001683
    0    0    3   15    0.000320
    0    0    4   15    0.000032
    0    0    5   15    0.000045
    0    0    6   15   -0.008175
    0    0    7   15    0.000418
    0    0    8   15    0.000080
    0    0    9   15    0.000165
    0    0   10   15   -0.000185
    0    0   11   15   -0.000235
    0    0   12   15   -0.000088
    0    0   13   15   -0.001195
    0    0   14   15   -0.000183
    0    0   15   15   -0.009677
    0    0   16   15   -0.000725
    0    0   17   15    0.000060
    0    0   18   15    0.000042
    0    0    1   16    0.000410
    0    0    2   16    0.000070
    0    0    3   16    0.000313
    0    0    4   16   -0.000092
    0    0    5   16   -0.000267
    0    0    6   16   -0.001710
    0    0    7   16    0.000260
    0    0    8   16   -0.000262
    0    0    9   16   -0.000178
    0    0   10   16    0.000903
    0    0   11   16    0.000175
    0    0   12   16   -0.000257
    0    0   13   16    0.000277
    0    0   14   16   -0.002305
    0    0   15   16   -0.000725
    0    0   16   16    0.000510
    0    0   17   16    0.000220
    0    0   18   16   -0.000135
    0    0    1   17   -0.002382
    0    0    2   17    0.000320
    0    0    3   17   -0.000305
    0    0    4   17   -0.000175
    0    0    5   17   -0.000590
    0    0    6   17    0.000002
    0    0    7   17   -0.000210
    0    0    8   17    0.000327
    0    0    9   17    0.000013
    0    0   10   17    0.000997
    0    0   11   17    0.000208
    0    0   12   17   -0.000040
    0    0   13   17   -0.000212
    0    0   14   17    0.003607
    0    0   15   17    0.000060
    0    0   16   17    0.000220
    0    0   17   17   -0.000155
    0    0   18   17   -0.000003
    0    0    1   18   -0.002560
    0    0    2   18   -0.000078
    0    0    3   18   -0.001702
    0    0    4   18   -0.000415
    0    0    5   18   -0.000793
    0    0    6   18   -0.000565
    0    0    7   18   -0.001125
    0    0    8   18    0.000100
    0    0    9   18   -0.000228
    0    0   10   18   -0.001063
    0    0   11   18    0.000148
    0    0   12   18    0.000053
    0    0   13   18   -0.000407
    0    0   14   18   -0.000060
    0    0   15   18    0.000042
    0    0   16   18   -0.000135
    0    0   17   18   -0.000003
    0    0   18   18   -0.000268
    1    0    1    1   -0.000235
    1    0    2    1   -0.000900
    1    0    3    1   -0.000390
    1    0    4    1   -0.000002
    1    0    5    1    0.000513
    1    0    6    1   -0.003070
    1    0    7    1   -0.000785
    1    0    8    1   -0.000040
    1    0    9    1   -0.000280
    1    0   10    1   -0.000108
    1    0   11    1   -0.000272
    1    0   12    1    0.001120
    1    0   13    1   -0.000795
    1    0   14    1   -0.000015
    1    0   15    1   -0.005888
    1    0   16    1   -0.000242
    1    0   17    1   -0.000010
    1    0   18    1   -0.000057
    1    0    1    2    0.000012
    1    0    2    2   -0.000133
    1    0    3    2   -0.000008
    1    0    4    2   -0.000002
    1    0    5    2    0.000030
    1    0    6    2   -0.000248
    1    0    7    2    0.000060
    1    0    8    2   -0.000003
    1    0    9    2   -0.000077
    1    0   10    2    0.000005
    1    0   11    2   -0.000090
    1    0   12    2   -0.000198
    1    0   13    2   -0.000005
    1    0   14    2   -0.000065
    1    0   15    2   -0.000162
    1    0   16    2   -0.000035
    1    0   17    2    0.000030
    1    0   18    2    0.000015
    1    0    1    3   -0.000185
    1    0    2    3    0.000490
    1    0    3    3   -0.000177
    1    0    4    3   -0.000057
    1    0    5    3    0.000102
    1    0    6    3   -0.001913
    1    0    7    3   -0.000345
    1    0    8    3   -0.000028
    1    0    9    3   -0.000180
    1    0   10    3    0.000002
    1    0   11    3   -0.000253
    1    0   12    3   -0.001220
    1    0   13    3    0.001085
    1    0   14    3   -0.000110
    1    0   15    3   -0.001970
    1    0   16    3    0.000672
    1    0   17    3   -0.000058
    1    0   18    3   -0.000005
    1    0    1    4    0.000117
    1    0    2    4    0.001410
    1    0    3    4    0.000150
    1    0    4    4    0.000035
    1    0    5    4   -0.000380
    1    0    6    4    0.001020
    1    0    7    4   -0.000150
    1    0    8    4    0.000153
    1    0    9    4    0.000423
    1    0   10    4   -0.000123
    1    0   11    4    0.000335
    1    0   12    4    0.000360
    1    0   13    4    0.001047
    1    0   14    4    0.000233
    1    0   15    4    0.001905
    1    0   16    4    0.000190
    1    0   17    4   -0.000035
    1    0   18    4    0.000142
    1    0    1    5    0.000060
    1    0    2    5    0.000162
    1    0    3    5    0.000035
    1    0    4    5   -0.000003
    1    0    5    5    0.000100
    1    0    6    5    0.000337
    1    0    7    5   -0.000112
    1    0    8    5   -0.000022
    1    0    9    5    0.000132
    1    0   10    5   -0.000007
    1    0   11    5    0.000107
    1    0   12    5    0.000558
    1    0   13    5    0.000045
    1    0   14    5   -0.000018
    1    0   15    5    0.000030
    1    0   16    5    0.000155
    1    0   17    5   -0.000057
    1    0   18    5   -0.000060
    1    0    1    6   -0.000020
    1    0    2    6    0.000025
    1    0    3    6   -0.000060
    1    0    4    6   -0.000010
    1    0    5    6    0.000090
    1    0    6    6   -0.000100
    1    0    7    6   -0.000047
    1    0    8    6   -0.000010
    1    0    9    6   -0.000058
    1    0   10    6    0.000000
    1    0   11    6   -0.000130
    1    0   12    6   -0.000145
    1    0   13    6    0.000238
    1    0   14    6   -0.000050
    1    0   15    6    0.000085
    1    0   16    6    0.000160
    1    0   17    6    0.000015
    1    0   18    6    0.000000
    1    0    1    7   -0.000060
    1    0    2    7    0.000028
    1    0    3    7   -0.000110
    1    0    4    7   -0.000032
    1    0    5    7    0.000148
    1    0    6    7   -0.000102
    1    0    7    7   -0.000272
    1    0    8    7   -0.000040
    1    0    9    7   -0.000067
    1    0   10    7    0.000032
    1    0   11    7   -0.000132
    1    0   12    7    0.000120
    1    0   13    7    0.000332
    1    0   14    7   -0.000077
    1    0   15    7    0.000830
    1    0   16    7    0.000340
    1    0   17    7    0.000012
    1    0   18    7   -0.000010
    1    0    1    8    0.000140
    1    0    2    8    0.000732
    1    0    3    8    0.000233
    1    0    4    8    0.000032
    1    0    5    8   -0.000358
    1    0    6    8    0.001995
    1    0    7    8    0.000540
    1    0    8    8    0.000067
    1    0    9    8    0.000250
    1    0   10    8    0.000038
    1    0   11    8    0.000340
    1    0   12    8    0.000132
    1    0   13    8    0.000170
    1    0   14    8    0.000090
    1    0   15    8    0.001280
    1    0   16    8   -0.000500
    1    0   17    8   -0.000070
    1    0   18    8   -0.000005
    1    0    1    9    0.000025
    1    0    2    9   -0.000047
    1    0    3    9    0.000050
    1    0    4    9   -0.000002
    1    0    5    9    0.000047
    1    0    6    9    0.000478
    1    0    7    9    0.000015
    1    0    8    9   -0.000015
    1    0    9    9    0.000068
    1    0   10    9    0.000010
    1    0   11    9    0.000025
    1    0   12    9    0.000493
    1    0   13    9   -0.000042
    1    0   14    9    0.000007
    1    0   15    9    0.000855
    1    0   16    9    0.000073
    1    0   17    9   -0.000005
    1    0   18    9   -0.000022
    1    0    1   10   -0.000193
    1    0    2   10    0.000492
    1    0    3   10   -0.000475
    1    0    4   10   -0.000025
    1    0    5   10    0.000183
    1    0    6   10   -0.001748
    1    0    7   10   -0.000682
    1    0    8   10   -0.000018
    1    0    9   10   -0.000565
    1    0   10   10   -0.000053
    1    0   11   10   -0.000605
    1    0   12   10   -0.002600
    1    0   13   10    0.001522
    1    0   14   10    0.000025
    1    0   15   10   -0.002028
    1    0   16   10    0.000630
    1    0   17   10   -0.000010
    1    0   18   10    0.000075
    1    0    1   11   -0.000020
    1    0    2   11   -0.000127
    1    0    3   11   -0.000018
    1    0    4   11    0.000003
    1    0    5   11   -0.000002
    1    0    6   11   -0.000292
    1    0    7   11    0.000032
    1    0    8   11    0.000008
    1    0    9   11   -0.000048
    1    0   10   11    0.000000
    1    0   11   11   -0.000058
    1    0   12   11   -0.000108
    1    0   13   11   -0.000065
    1    0   14   11   -0.000050
    1    0   15   11    0.000040
    1    0   16   11   -0.000062
    1    0   17   11    0.000040
    1    0   18   11    0.000025
    1    0    1   12    0.000010
    1    0    2   12   -0.000047
    1    0    3   12    0.000010
    1    0    4   12    0.000002
    1    0    5   12    0.000045
    1    0    6   12   -0.000007
    1    0    7   12   -0.000012
    1    0    8   12    0.000008
    1    0    9   12    0.000012
    1    0   10   12   -0.000010
    1    0   11   12   -0.000030
    1    0   12   12   -0.000060
    1    0   13   12   -0.000025
    1    0   14   12    0.000022
    1    0   15   12    0.000095
    1    0   16   12    0.000000
    1    0   17   12    0.000025
    1    0   18   12    0.000010
    1    0    1   13    0.000010
    1    0    2   13    0.000217
    1    0    3   13   -0.000042
    1    0    4   13   -0.000003
    1    0    5   13    0.000022
    1    0    6   13    0.000265
    1    0    7   13   -0.000058
    1    0    8   13   -0.000005
    1    0    9   13    0.000005
    1    0   10   13   -0.000008
    1    0   11   13    0.000032
    1    0   12   13   -0.000143
    1    0   13   13    0.000152
    1    0   14   13    0.000075
    1    0   15   13    0.000325
    1    0   16   13    0.000115
    1    0   17   13   -0.000032
    1    0   18   13   -0.000025
    1    0    1   14   -0.000177
    1    0    2   14   -0.000293
    1    0    3   14   -0.000315
    1    0    4   14   -0.000018
    1    0    5   14    0.000390
    1    0    6   14   -0.004013
    1    0    7   14   -0.000698
    1    0    8   14   -0.000038
    1    0    9   14   -0.000160
    1    0   10   14   -0.000020
    1    0   11   14   -0.000292
    1    0   12   14    0.000132
    1    0   13   14    0.000575
    1    0   14   14   -0.000192
    1    0   15   14   -0.002852
    1    0   16   14    0.000285
    1    0   17   14    0.000047
    1    0   18   14    0.000047
    1    0    1   15    0.000035
    1    0    2   15   -0.000022
    1    0    3   15    0.000020
    1    0    4   15   -0.000005
    1    0    5   15   -0.000015
    1    0    6   15    0.000080
    1    0    7   15    0.000053
    1    0    8   15   -0.000005
    1    0    9   15   -0.000003
    1    0   10   15   -0.000010
    1    0   11   15    0.000010
    1    0   12   15    0.000023
    1    0   13   15   -0.000065
    1    0   14   15    0.000000
    1    0   15   15    0.000058
    1    0   16   15   -0.000050
    1    0   17   15   -0.000025
    1    0   18   15   -0.000020
    1    0    1   16   -0.000037
    1    0    2   16   -0.000097
    1    0    3   16   -0.000020
    1    0    4   16   -0.000020
    1    0    5   16    0.000010
    1    0    6   16   -0.000490
    1    0    7   16   -0.000070
    1    0    8   16   -0.000015
    1    0    9   16   -0.000083
    1    0   10   16    0.000050
    1    0   11   16   -0.000110
    1    0   12   16    0.000050
    1    0   13   16    0.000152
    1    0   14   16   -0.000105
    1    0   15   16   -0.000440
    1    0   16   16    0.000070
    1    0   17   16    0.000037
    1    0   18   16    0.000018
    1    0    1   17   -0.000045
    1    0    2   17    0.001445
    1    0    3   17   -0.000025
    1    0    4   17    0.000095
    1    0    5   17   -0.000432
    1    0    6   17    0.000067
    1    0    7   17   -0.000253
    1    0    8   17    0.000225
    1    0    9   17    0.000315
    1    0   10   17   -0.000080
    1    0   11   17    0.000260
    1    0   12   17    0.000120
    1    0   13   17    0.001245
    1    0   14   17    0.000620
    1    0   15   17   -0.000697
    1    0   16   17   -0.000060
    1    0   17   17    0.000040
    1    0   18   17    0.000223
    1    0    1   18    0.000372
    1    0    2   18    0.001270
    1    0    3   18    0.000300
    1    0    4   18    0.000007
    1    0    5   18   -0.000383
    1    0    6   18    0.002305
    1    0    7   18    0.000498
    1    0    8   18    0.000032
    1    0    9   18    0.000342
    1    0   10   18    0.000060
    1    0   11   18    0.000415
    1    0   12   18    0.000335
    1    0   13   18    0.000742
    1    0   14   18    0.000170
    1    0   15   18    0.001940
    1    0   16   18   -0.000297
    1    0   17   18   -0.000080
    1    0   18   18   -0.000055
   -1    1    1    1   -0.000002
   -1    1    2    1   -0.000005
   -1    1    3    1   -0.000015
   -1    1    4    1   -0.000002
   -1    1    5    1    0.000003
   -1    1    6    1   -0.000005
   -1    1    7    1   -0.000010
   -1    1    8    1    0.000002
   -1    1    9    1    0.000005
   -1    1   10    1   -0.000018
   -1    1   11    1   -0.000002
   -1    1   12    1   -0.000012
   -1    1   13    1    0.000010
   -1    1   14    1   -0.000020
   -1    1   15    1    0.000027
   -1    1   16    1   -0.000008
   -1    1   17    1   -0.000010
   -1    1   18    1   -0.000003
   -1    1    1    2   -0.000020
   -1    1    2    2    0.000007
   -1    1    3    2    0.000005
   -1    1    4    2    0.000002
   -1    1    5    2   -0.000015
   -1    1    6    2    0.000013
   -1    1    7    2   -0.000005
   -1    1    8    2    0.000003
   -1    1    9    2    0.000000
   -1    1   10    2    0.000020
   -1    1   11    2    0.000010
   -1    1   12    2    0.000012
   -1    1   13    2   -0.000007
   -1    1   14    2    0.000015
   -1    1   15    2   -0.000003
   -1    1   16    2    0.000003
   -1    1   17    2    0.000025
   -1    1   18    2    0.000002
   -1    1    1    3   -0.000047
   -1    1    2    3    0.000007
   -1    1    3    3   -0.000020
   -1    1    4    3   -0.000027
   -1    1    5    3   -0.000032
   -1    1    6    3   -0.000007
   -1    1    7    3   -0.000005
   -1    1    8    3   -0.000015
   -1    1    9    3   -0.000010
   -1    1   10    3    0.000005
   -1    1   11    3    0.000013
   -1    1   12    3    0.000003
   -1    1   13    3   -0.000010
   -1    1   14    3   -0.000030
   -1    1   15    3   -0.000005
   -1    1   16    3    0.000005
   -1    1   17    3    0.000003
   -1    1   18    3   -0.000015
   -1    1    1    4    0.000005
   -1    1    2    4   -0.000002
   -1    1    3    4    0.000007
   -1    1    4    4    0.000002
   -1    1    5    4    0.000000
   -1    1    6    4    0.000005
   -1    1    7    4   -0.000002
   -1    1    8    4   -0.000002
   -1    1    9    4   -0.000002
   -1    1   10    4    0.000005
   -1    1   11    4    0.000000
   -1    1   12    4   -0.000003
   -1    1   13    4    0.000000
   -1    1   14    4    0.000005
   -1    1   15    4    0.000007
   -1    1   16    4    0.000000
   -1    1   17    4    0.000007
   -1    1   18    4   -0.000005
   -1    1    1    5    0.000005
   -1    1    2    5   -0.000018
   -1    1    3    5   -0.000003
   -1    1    4    5   -0.000010
   -1    1    5    5    0.000003
   -1    1    6    5   -0.000030
   -1    1    7    5    0.000002
   -1    1    8    5   -0.000010
   -1    1    9    5   -0.000002
   -1    1   10    5    0.000007
   -1    1   11    5   -0.000007
   -1    1   12    5   -0.000023
   -1    1   13    5   -0.000003
   -1    1   14    5   -0.000007
   -1    1   15    5    0.000010
   -1    1   16    5   -0.000003
   -1    1   17    5   -0.000018
   -1    1   18    5    0.000015
   -1    1    1    6   -0.000082
   -1    1    2    6    0.000017
   -1    1    3    6    0.000017
   -1    1    4    6   -0.000038
   -1    1    5    6   -0.000045
   -1    1    6    6    0.000020
   -1    1    7    6   -0.000007
   -1    1    8    6    0.000013
   -1    1    9    6   -0.000015
   -1    1   10    6    0.000075
   -1    1   11    6    0.000027
   -1    1   12    6    0.000023
   -1    1   13    6   -0.000012
   -1    1   14    6   -0.000012
   -1    1   15    6    0.000000
   -1    1   16    6    0.000012
   -1    1   17    6    0.000098
   -1    1   18    6   -0.000195
   -1    1    1    7   -0.000025
   -1    1    2    7    0.000000
   -1    1    3    7   -0.000013
   -1    1    4    7   -0.000012
   -1    1    5    7   -0.000005
   -1    1    6    7   -0.000005
   -1    1    7    7   -0.000010
   -1    1    8    7   -0.000002
   -1    1    9    7   -0.000005
   -1    1   10    7    0.000010
   -1    1   11    7    0.000003
   -1    1   12    7   -0.000003
   -1    1   13    7    0.000003
   -1    1   14    7   -0.000025
   -1    1   15    7   -0.000012
   -1    1   16    7   -0.000005
   -1    1   17    7    0.000015
   -1    1   18    7   -0.000017
   -1    1    1    8    0.000000
   -1    1    2    8   -0.000007
   -1    1    3    8    0.000010
   -1    1    4    8    0.000002
   -1    1    5    8    0.000000
   -1    1    6    8   -0.000002
   -1    1    7    8    0.000002
   -1    1    8    8    0.000000
   -1    1    9    8   -0.000002
   -1    1   10    8    0.000005
   -1    1   11    8   -0.000002
   -1    1   12    8   -0.000020
   -1    1   13    8   -0.000005
   -1    1   14    8    0.000000
   -1    1   15    8    0.000015
   -1    1   16    8   -0.000005
   -1    1   17    8    0.000010
   -1    1   18    8   -0.000002
   -1    1    1    9    0.000013
   -1    1    2    9   -0.000005
   -1    1    3    9    0.000020
   -1    1    4    9   -0.000005
   -1    1    5    9    0.000003
   -1    1    6    9    0.000000
   -1    1    7    9    0.000020
   -1    1    8    9   -0.000017
   -1    1    9    9    0.000002
   -1    1   10    9    0.000018
   -1    1   11    9    0.000000
   -1    1   12    9   -0.000003
   -1    1   13    9   -0.000002
   -1    1   14    9    0.000018
   -1    1   15    9    0.000007
   -1    1   16    9    0.000000
   -1    1   17    9   -0.000018
   -1    1   18    9   -0.000025
   -1    1    1   10   -0.000007
   -1    1    2   10    0.000015
   -1    1    3   10   -0.000033
   -1    1    4   10    0.000005
   -1    1    5   10   -0.000005
   -1    1    6   10    0.000005
   -1    1    7   10   -0.000008
   -1    1    8   10    0.000007
   -1    1    9   10    0.000010
   -1    1   10   10   -0.000023
   -1    1   11   10    0.000005
   -1    1   12   10    0.000003
   -1    1   13   10    0.000005
   -1    1   14   10   -0.000005
   -1    1   15   10   -0.000010
   -1    1   16   10    0.000000
   -1    1   17   10    0.000002
   -1    1   18   10    0.000007
   -1    1    1   11   -0.000005
   -1    1    2   11    0.000007
   -1    1    3   11    0.000007
   -1    1    4   11   -0.000002
   -1    1    5   11   -0.000005
   -1    1    6   11    0.000015
   -1    1    7   11    0.000002
   -1    1    8   11    0.000005
   -1    1    9   11    0.000000
   -1    1   10   11    0.000010
   -1    1   11   11    0.000005
   -1    1   12   11    0.000012
   -1    1   13   11    0.000000
   -1    1   14   11    0.000018
   -1    1   15   11   -0.000003
   -1    1   16   11   -0.000002
   -1    1   17   11    0.000012
   -1    1   18   11   -0.000030
   -1    1    1   12   -0.000042
   -1    1    2   12    0.000015
   -1    1    3   12   -0.000032
   -1    1    4   12    0.000000
   -1    1    5   12   -0.000052
   -1    1    6   12    0.000015
   -1    1    7   12   -0.000020
   -1    1    8   12    0.000020
   -1    1    9   12    0.000002
   -1    1   10   12    0.000003
   -1    1   11   12    0.000013
   -1    1   12   12    0.000027
   -1    1   13   12    0.000013
   -1    1   14   12   -0.000030
   -1    1   15   12   -0.000015
   -1    1   16   12   -0.000022
   -1    1   17   12   -0.000032
   -1    1   18   12    0.000025
   -1    1    1   13   -0.000007
   -1    1    2   13    0.000005
   -1    1    3   13    0.000013
   -1    1    4   13    0.000013
   -1    1    5   13   -0.000015
   -1    1    6   13    0.000000
   -1    1    7   13   -0.000010
   -1    1    8   13   -0.000002
   -1    1    9   13    0.000005
   -1    1   10   13    0.000003
   -1    1   11   13    0.000002
   -1    1   12   13   -0.000002
   -1    1   13   13   -0.000003
   -1    1   14   13    0.000005
   -1    1   15   13    0.000018
   -1    1   16   13    0.000010
   -1    1   17   13   -0.000010
   -1    1   18   13    0.000047
   -1    1    1   14   -0.000015
   -1    1    2   14    0.000002
   -1    1    3   14   -0.000027
   -1    1    4   14   -0.000013
   -1    1    5   14   -0.000010
   -1    1    6   14   -0.000005
   -1    1    7   14   -0.000005
   -1    1    8   14   -0.000010
   -1    1    9   14    0.000002
   -1    1   10   14   -0.000005
   -1    1   11   14    0.000005
   -1    1   12   14    0.000000
   -1    1   13   14   -0.000002
   -1    1   14   14   -0.000013
   -1    1   15   14    0.000002
   -1    1   16   14   -0.000005
   -1    1   17   14    0.000013
   -1    1   18   14   -0.000023
   -1    1    1   15   -0.000112
   -1    1    2   15    0.000007
   -1    1    3   15    0.000088
   -1    1    4   15    0.000047
   -1    1    5   15    0.000012
   -1    1    6   15    0.000005
   -1    1    7   15    0.000018
   -1    1    8   15    0.000113
   -1    1    9   15   -0.000013
   -1    1   10   15   -0.000003
   -1    1   11   15    0.000010
   -1    1   12   15   -0.000028
   -1    1   13   15   -0.000032
   -1    1   14   15   -0.000023
   -1    1   15   15    0.000080
   -1    1   16   15    0.000052
   -1    1   17   15    0.000108
   -1    1   18   15   -0.000030
   -1    1    1   16    0.000007
   -1    1    2   16   -0.000005
   -1    1    3   16    0.000010
   -1    1    4   16   -0.000007
   -1    1    5   16   -0.000003
   -1    1    6   16   -0.000010
   -1    1    7   16    0.000022
   -1    1    8   16   -0.000018
   -1    1    9   16    0.000005
   -1    1   10   16    0.000010
   -1    1   11   16   -0.000002
   -1    1   12   16    0.000005
   -1    1   13   16   -0.000010
   -1    1   14   16    0.000025
   -1    1   15   16   -0.000010
   -1    1   16   16    0.000007
   -1    1   17   16   -0.000030
   -1    1   18   16    0.000027
   -1    1    1   17    0.000018
   -1    1    2   17   -0.000005
   -1    1    3   17    0.000005
   -1    1    4   17   -0.000002
   -1    1    5   17    0.000005
   -1    1    6   17    0.000000
   -1    1    7   17    0.000005
   -1    1    8   17   -0.000007
   -1    1    9   17    0.000005
   -1    1   10   17    0.000010
   -1    1   11   17   -0.000005
   -1    1   12   17   -0.000018
   -1    1   13   17    0.000010
   -1    1   14   17    0.000010
   -1    1   15   17    0.000018
   -1    1   16   17    0.000005
   -1    1   17   17   -0.000010
   -1    1   18   17   -0.000003
   -1    1    1   18    0.000005
   -1    1    2   18   -0.000005
   -1    1    3   18    0.000012
   -1    1    4   18    0.000008
   -1    1    5   18    0.000003
   -1    1    6   18    0.000000
   -1    1    7   18    0.000000
   -1    1    8   18    0.000000
   -1    1    9   18   -0.000002
   -1    1   10   18    0.000005
   -1    1   11   18   -0.000002
   -1    1   12   18   -0.000002
   -1    1   13   18    0.000000
   -1    1   14   18    0.000003
   -1    1   15   18    0.000010
   -1    1   16   18    0.000000
   -1    1   17   18    0.000003
   -1    1   18   18    0.000002
    0    1    1    1    0.000068
    0    1    2    1   -0.000010
    0    1    3    1   -0.000005
    0    1    4    1   -0.000010
    0    1    5    1   -0.000005
    0    1    6    1   -0.000015
    0    1    7    1   -0.000018
    0    1    8    1   -0.000017
    0    1    9    1   -0.000002
    0    1   10    1   -0.000027
    0    1   11    1    0.000005
    0    1   12    1   -0.000013
    0    1   13    1   -0.000015
    0    1   14    1    0.000000
    0    1   15    1   -0.000017
    0    1   16    1    0.000013
    0    1   17    1   -0.000013
    0    1   18    1   -0.000213
    0    1    1    2    0.000025
    0    1    2    2    0.000008
    0    1    3    2   -0.000005
    0    1    4    2   -0.000003
    0    1    5    2   -0.000055
    0    1    6    2    0.000030
    0    1    7    2   -0.000028
    0    1    8    2   -0.000060
    0    1    9    2    0.000005
    0    1   10    2    0.000045
    0    1   11    2    0.000005
    0    1   12    2    0.000005
    0    1   13    2    0.000003
    0    1   14    2    0.000037
    0    1   15    2    0.000025
    0    1   16    2    0.000015
    0    1   17    2   -0.000193
    0    1   18    2   -0.000318
    0    1    1    3   -0.000015
    0    1    2    3   -0.000003
    0    1    3    3    0.000018
    0    1    4    3    0.000003
    0    1    5    3   -0.000055
    0    1    6    3   -0.000052
    0    1    7    3   -0.000010
    0    1    8    3    0.000007
    0    1    9    3   -0.000005
    0    1   10    3   -0.000045
    0    1   11    3   -0.000007
    0    1   12    3   -0.000010
    0    1   13    3   -0.000030
    0    1   14    3   -0.000065
    0    1   15    3    0.000005
    0    1   16    3    0.000040
    0    1   17    3   -0.000042
    0    1   18    3   -0.000015
    0    1    1    4    0.000020
    0    1    2    4   -0.000010
    0    1    3    4    0.000015
    0    1    4    4    0.000000
    0    1    5    4    0.000030
    0    1    6    4   -0.000008
    0    1    7    4    0.000005
    0    1    8    4    0.000010
    0    1    9    4   -0.000005
    0    1   10    4   -0.000023
    0    1   11    4   -0.000015
    0    1   12    4   -0.000012
    0    1   13    4    0.000005
    0    1   14    4   -0.000002
    0    1   15    4    0.000007
    0    1   16    4   -0.000005
    0    1   17    4   -0.000010
    0    1   18    4   -0.000007
    0    1    1    5   -0.000007
    0    1    2    5    0.000007
    0    1    3    5    0.000032
    0    1    4    5   -0.000027
    0    1    5    5    0.000032
    0    1    6    5    0.000003
    0    1    7    5    0.000000
    0    1    8    5    0.000023
    0    1    9    5    0.000000
    0    1   10    5    0.000015
    0    1   11    5   -0.000008
    0    1   12    5   -0.000008
    0    1   13    5    0.000015
    0    1   14    5    0.000032
    0    1   15    5   -0.000008
    0    1   16    5    0.000023
    0    1   17    5    0.000045
    0    1   18    5    0.000088
    0    1    1    6   -0.000010
    0    1    2    6   -0.000083
    0    1    3    6   -0.000077
    0    1    4    6    0.000040
    0    1    5    6   -0.000105
    0    1    6    6   -0.000068
    0    1    7    6    0.000108
    0    1    8    6    0.000043
    0    1    9    6    0.000037
    0    1   10    6    0.000038
    0    1   11    6   -0.000018
    0    1   12    6    0.000015
    0    1   13    6   -0.000085
    0    1   14    6   -0.000085
    0    1   15    6    0.000068
    0    1   16    6   -0.000067
    0    1   17    6   -0.000078
    0    1   18    6    0.000145
    0    1    1    7   -0.000013
    0    1    2    7   -0.000018
    0    1    3    7    0.000003
    0    1    4    7   -0.000010
    0    1    5    7   -0.000018
    0    1    6    7   -0.000040
    0    1    7    7    0.000010
    0    1    8    7    0.000000
    0    1    9    7   -0.000005
    0    1   10    7    0.000025
    0    1   11    7   -0.000007
    0    1   12    7    0.000005
    0    1   13    7   -0.000015
    0    1   14    7    0.000012
    0    1   15    7   -0.000030
    0    1   16    7    0.000000
    0    1   17    7    0.000032
    0    1   18    7    0.000075
    0    1    1    8    0.000002
    0    1    2    8    0.000000
    0    1    3    8    0.000005
    0    1    4    8   -0.000020
    0    1    5    8   -0.000003
    0    1    6    8    0.000002
    0    1    7    8    0.000012
    0    1    8    8   -0.000010
    0    1    9    8   -0.000005
    0    1   10    8    0.000000
    0    1   11    8    0.000000
    0    1   12    8   -0.000008
    0    1   13    8    0.000000
    0    1   14    8   -0.000007
    0    1   15    8    0.000007
    0    1   16    8   -0.000002
    0    1   17    8   -0.000042
    0    1   18    8   -0.000050
    0    1    1    9    0.000053
    0    1    2    9   -0.000002
    0    1    3    9    0.000092
    0    1    4    9    0.000125
    0    1    5    9    0.000050
    0    1    6    9    0.000042
    0    1    7    9    0.000060
    0    1    8    9   -0.000120
    0    1    9    9    0.000005
    0    1   10    9    0.000155
    0    1   11    9   -0.000015
    0    1   12    9    0.000000
    0    1   13    9    0.000045
    0    1   14    9    0.000388
    0    1   15    9   -0.000005
    0    1   16    9   -0.000005
    0    1   17    9    0.000060
    0    1   18    9   -0.000263
    0    1    1   10   -0.000018
    0    1    2   10    0.000003
    0    1    3   10   -0.000075
    0    1    4   10    0.000050
    0    1    5   10   -0.000047
    0    1    6   10   -0.000015
    0    1    7   10   -0.000067
    0    1    8   10    0.000018
    0    1    9   10    0.000012
    0    1   10   10   -0.000080
    0    1   11   10   -0.000002
    0    1   12   10    0.000005
    0    1   13   10   -0.000015
    0    1   14   10   -0.000045
    0    1   15   10   -0.000015
    0    1   16   10   -0.000015
    0    1   17   10   -0.000028
    0    1   18   10    0.000170
    0    1    1   11    0.000007
    0    1    2   11   -0.000005
    0    1    3   11   -0.000023
    0    1    4   11   -0.000003
    0    1    5   11   -0.000018
    0    1    6   11   -0.000010
    0    1    7   11   -0.000015
    0    1    8   11    0.000008
    0    1    9   11    0.000003
    0    1   10   11    0.000015
    0    1   11   11    0.000008
    0    1   12   11    0.000003
    0    1   13   11   -0.000020
    0    1   14   11    0.000092
    0    1   15   11    0.000013
    0    1   16   11    0.000003
    0    1   17   11    0.000010
    0    1   18   11   -0.000115
    0    1    1   12    0.000025
    0    1    2   12    0.000023
    0    1    3   12   -0.000010
    0    1    4   12   -0.000030
    0    1    5   12   -0.000063
    0    1    6   12    0.000000
    0    1    7   12    0.000005
    0    1    8   12   -0.000023
    0    1    9   12   -0.000032
    0    1   10   12   -0.000003
    0    1   11   12    0.000030
    0    1   12   12    0.000032
    0    1   13   12   -0.000037
    0    1   14   12   -0.000067
    0    1   15   12   -0.000028
    0    1   16   12    0.000088
    0    1   17   12   -0.000025
    0    1   18   12    0.000027
    0    1    1   13    0.000180
    0    1    2   13    0.000013
    0    1    3   13    0.000047
    0    1    4   13    0.000065
    0    1    5   13    0.000060
    0    1    6   13    0.000072
    0    1    7   13    0.000010
    0    1    8   13   -0.000008
    0    1    9   13    0.000013
    0    1   10   13    0.000275
    0    1   11   13   -0.000003
    0    1   12   13    0.000005
    0    1   13   13    0.000055
    0    1   14   13    0.000460
    0    1   15   13    0.000030
    0    1   16   13    0.000002
    0    1   17   13    0.000197
    0    1   18   13   -0.000152
    0    1    1   14    0.000005
    0    1    2   14    0.000007
    0    1    3   14   -0.000060
    0    1    4   14    0.000065
    0    1    5   14   -0.000080
    0    1    6   14   -0.000022
    0    1    7   14   -0.000035
    0    1    8   14   -0.000005
    0    1    9   14   -0.000005
    0    1   10   14   -0.000068
    0    1   11   14    0.000002
    0    1   12   14    0.000003
    0    1   13   14   -0.000023
    0    1   14   14   -0.000045
    0    1   15   14   -0.000010
    0    1   16   14   -0.000003
    0    1   17   14   -0.000128
    0    1   18   14   -0.000145
    0    1    1   15    0.000065
    0    1    2   15   -0.000078
    0    1    3   15   -0.000027
    0    1    4   15   -0.000005
    0    1    5   15   -0.000067
    0    1    6   15   -0.000105
    0    1    7   15   -0.000055
    0    1    8   15   -0.000095
    0    1    9   15    0.000047
    0    1   10   15   -0.000030
    0    1   11   15   -0.000033
    0    1   12   15   -0.000075
    0    1   13   15   -0.000075
    0    1   14   15    0.000007
    0    1   15   15    0.000170
    0    1   16   15    0.000055
    0    1   17   15   -0.000183
    0    1   18   15   -0.000108
    0    1    1   16   -0.000052
    0    1    2   16    0.000032
    0    1    3   16    0.000055
    0    1    4   16    0.000030
    0    1    5   16   -0.000005
    0    1    6   16    0.000022
    0    1    7   16    0.000000
    0    1    8   16   -0.000003
    0    1    9   16    0.000005
    0    1   10   16   -0.000028
    0    1   11   16   -0.000005
    0    1   12   16   -0.000005
    0    1   13   16    0.000030
    0    1   14   16    0.000018
    0    1   15   16    0.000023
    0    1   16   16    0.000045
    0    1   17   16   -0.000060
    0    1   18   16   -0.000035
    0    1    1   17    0.000015
    0    1    2   17    0.000010
    0    1    3   17   -0.000010
    0    1    4   17    0.000010
    0    1    5   17    0.000025
    0    1    6   17    0.000022
    0    1    7   17   -0.000020
    0    1    8   17    0.000007
    0    1    9   17    0.000012
    0    1   10   17   -0.000010
    0    1   11   17    0.000002
    0    1   12   17    0.000002
    0    1   13   17    0.000023
    0    1   14   17   -0.000032
    0    1   15   17   -0.000008
    0    1   16   17   -0.000010
    0    1   17   17    0.000032
    0    1   18   17    0.000020
    0    1    1   18    0.000032
    0    1    2   18   -0.000007
    0    1    3   18   -0.000005
    0    1    4   18   -0.000002
    0    1    5   18    0.000027
    0    1    6   18    0.000005
    0    1    7   18    0.000007
    0    1    8   18    0.000000
    0    1    9   18    0.000003
    0    1   10   18   -0.000020
    0    1   11   18   -0.000005
    0    1   12   18   -0.000010
    0    1   13   18    0.000010
    0    1   14   18   -0.000010
    0    1   15   18    0.000010
    0    1   16   18   -0.000015
    0    1   17   18   -0.000003
    0    1   18   18   -0.000027
    1    1    1    1    0.000085
    1    1    2    1    0.000007
    1    1    3    1   -0.000035
    1    1    4    1    0.000002
    1    1    5    1   -0.000085
    1    1    6    1    0.000108
    1    1    7    1    0.000055
    1    1    8    1   -0.000063
    1    1    9    1    0.000032
    1    1   10    1   -0.000043
    1    1   11    1    0.000005
    1    1   12    1    0.000005
    1    1   13    1   -0.000005
    1    1   14    1    0.000007
    1    1   15    1    0.000062
    1    1   16    1   -0.000085
    1    1   17    1   -0.000140
    1    1   18    1   -0.000175
    1    1    1    2    0.000012
    1    1    2    2    0.000037
    1    1    3    2   -0.000003
    1    1    4    2    0.000018
    1    1    5    2   -0.000003
    1    1    6    2    0.000007
    1    1    7    2    0.000032
    1    1    8    2    0.000005
    1    1    9    2   -0.000012
    1    1   10    2    0.000002
    1    1   11    2    0.000003
    1    1   12    2   -0.000018
    1    1   13    2    0.000002
    1    1   14    2    0.000007
    1    1   15    2    0.000008
    1    1   16    2   -0.000003
    1    1   17    2   -0.000002
    1    1   18    2   -0.000007
    1    1    1    3    0.000053
    1    1    2    3    0.000025
    1    1    3    3   -0.000005
    1    1    4    3    0.000005
    1    1    5    3    0.000073
    1    1    6    3    0.000065
    1    1    7    3    0.000003
    1    1    8    3    0.000012
    1    1    9    3    0.000027
    1    1   10    3   -0.000040
    1    1   11    3   -0.000010
    1    1   12    3   -0.000005
    1    1   13    3    0.000030
    1    1   14    3   -0.000092
    1    1   15    3    0.000092
    1    1   16    3    0.000008
    1    1   17    3    0.000010
    1    1   18    3   -0.000090
    1    1    1    4    0.000068
    1    1    2    4   -0.000015
    1    1    3    4    0.000030
    1    1    4    4   -0.000002
    1    1    5    4    0.000070
    1    1    6    4   -0.000005
    1    1    7    4    0.000003
    1    1    8    4    0.000007
    1    1    9    4    0.000007
    1    1   10    4    0.000040
    1    1   11    4   -0.000005
    1    1   12    4   -0.000015
    1    1   13    4    0.000007
    1    1   14    4    0.000060
    1    1   15    4   -0.000013
    1    1   16    4   -0.000008
    1    1   17    4    0.000078
    1    1   18    4    0.000070
    1    1    1    5    0.000055
    1    1    2    5   -0.000007
    1    1    3    5    0.000012
    1    1    4    5   -0.000005
    1    1    5    5    0.000057
    1    1    6    5    0.000045
    1    1    7    5    0.000018
    1    1    8    5    0.000000
    1    1    9    5    0.000038
    1    1   10    5    0.000023
    1    1   11    5   -0.000005
    1    1   12    5   -0.000003
    1    1   13    5    0.000027
    1    1   14    5    0.000047
    1    1   15    5   -0.000010
    1    1   16    5    0.000000
    1    1   17    5    0.000008
    1    1   18    5   -0.000012
    1    1    1    6    0.000027
    1    1    2    6    0.000022
    1    1    3    6    0.000037
    1    1    4    6    0.000010
    1    1    5    6    0.000018
    1    1    6    6   -0.000037
    1    1    7    6    0.000030
    1    1    8    6   -0.000005
    1    1    9    6    0.000005
    1    1   10    6    0.000003
    1    1   11    6    0.000007
    1    1   12    6    0.000065
    1    1   13    6    0.000015
    1    1   14    6    0.000015
    1    1   15    6   -0.000002
    1    1   16    6    0.000023
    1    1   17    6   -0.000012
    1    1   18    6   -0.000050
    1    1    1    7    0.000003
    1    1    2    7    0.000007
    1    1    3    7    0.000018
    1    1    4    7    0.000010
    1    1    5    7    0.000020
    1    1    6    7   -0.000005
    1    1    7    7    0.000022
    1    1    8    7   -0.000003
    1    1    9    7    0.000005
    1    1   10    7    0.000008
    1    1   11    7    0.000000
    1    1   12    7    0.000025
    1    1   13    7    0.000018
    1    1   14    7   -0.000007
    1    1   15    7   -0.000025
    1    1   16    7    0.000025
    1    1   17    7   -0.000012
    1    1   18    7   -0.000038
    1    1    1    8    0.000022
    1    1    2    8    0.000002
    1    1    3    8    0.000022
    1    1    4    8    0.000003
    1    1    5    8    0.000042
    1    1    6    8    0.000010
    1    1    7    8   -0.000018
    1    1    8    8    0.000018
    1    1    9    8    0.000018
    1    1   10    8    0.000013
    1    1   11    8   -0.000007
    1    1   12    8    0.000008
    1    1   13    8    0.000015
    1    1   14    8    0.000040
    1    1   15    8   -0.000005
    1    1   16    8    0.000010
    1    1   17    8    0.000063
    1    1   18    8    0.000098
    1    1    1    9    0.000042
    1    1    2    9   -0.000050
    1    1    3    9   -0.000015
    1    1    4    9    0.000010
    1    1    5    9    0.000010
    1    1    6    9   -0.000285
    1    1    7    9    0.000110
    1    1    8    9    0.000010
    1    1    9    9   -0.000030
    1    1   10    9    0.000015
    1    1   11    9   -0.000008
    1    1   12    9   -0.000090
    1    1   13    9   -0.000062
    1    1   14    9    0.000055
    1    1   15    9   -0.000225
    1    1   16    9   -0.000095
    1    1   17    9    0.000012
    1    1   18    9    0.000005
    1    1    1   10   -0.000137
    1    1    2   10    0.000063
    1    1    3   10   -0.000050
    1    1    4   10   -0.000040
    1    1    5   10   -0.000050
    1    1    6   10    0.000023
    1    1    7   10   -0.000035
    1    1    8   10    0.000032
    1    1    9   10   -0.000070
    1    1   10   10   -0.000005
    1    1   11   10    0.000030
    1    1   12   10    0.000025
    1    1   13   10   -0.000013
    1    1   14   10   -0.000200
    1    1   15   10   -0.000005
    1    1   16   10    0.000003
    1    1   17   10    0.000080
    1    1   18   10   -0.000140
    1    1    1   11    0.000007
    1    1    2   11    0.000038
    1    1    3   11    0.000000
    1    1    4   11    0.000010
    1    1    5   11   -0.000040
    1    1    6   11    0.000000
    1    1    7   11    0.000020
    1    1    8   11    0.000002
    1    1    9   11   -0.000005
    1    1   10   11   -0.000010
    1    1   11   11    0.000015
    1    1   12   11   -0.000007
    1    1   13   11    0.000005
    1    1   14   11    0.000003
    1    1   15   11   -0.000020
    1    1   16   11   -0.000035
    1    1   17   11   -0.000017
    1    1   18   11    0.000000
    1    1    1   12    0.000003
    1    1    2   12    0.000040
    1    1    3   12    0.000022
    1    1    4   12    0.000013
    1    1    5   12    0.000007
    1    1    6   12    0.000078
    1    1    7   12   -0.000030
    1    1    8   12    0.000007
    1    1    9   12    0.000010
    1    1   10   12   -0.000002
    1    1   11   12    0.000010
    1    1   12   12   -0.000007
    1    1   13   12    0.000045
    1    1   14   12    0.000017
    1    1   15   12    0.000018
    1    1   16   12    0.000015
    1    1   17   12   -0.000007
    1    1   18   12    0.000005
    1    1    1   13    0.000063
    1    1    2   13    0.000022
    1    1    3   13   -0.000025
    1    1    4   13    0.000010
    1    1    5   13   -0.000015
    1    1    6   13   -0.000160
    1    1    7   13    0.000062
    1    1    8   13    0.000020
    1    1    9   13   -0.000025
    1    1   10   13   -0.000005
    1    1   11   13    0.000003
    1    1   12   13   -0.000060
    1    1   13   13    0.000018
    1    1   14   13    0.000045
    1    1   15   13   -0.000330
    1    1   16   13   -0.000120
    1    1   17   13    0.000018
    1    1   18   13   -0.000002
    1    1    1   14    0.000018
    1    1    2   14    0.000100
    1    1    3   14    0.000000
    1    1    4   14   -0.000020
    1    1    5   14   -0.000023
    1    1    6   14    0.000115
    1    1    7   14    0.000015
    1    1    8   14   -0.000003
    1    1    9   14   -0.000035
    1    1   10   14    0.000008
    1    1   11   14    0.000047
    1    1   12   14    0.000035
    1    1   13   14    0.000040
    1    1   14   14   -0.000075
    1    1   15   14    0.000045
    1    1   16   14   -0.000110
    1    1   17   14    0.000075
    1    1   18   14   -0.000162
    1    1    1   15    0.000023
    1    1    2   15    0.000062
    1    1    3   15   -0.000018
    1    1    4   15    0.000000
    1    1    5   15    0.000015
    1    1    6   15    0.000032
    1    1    7   15    0.000000
    1    1    8   15    0.000003
    1    1    9   15    0.000035
    1    1   10   15   -0.000018
    1    1   11   15    0.000013
    1    1   12   15   -0.000040
    1    1   13   15    0.000032
    1    1   14   15    0.000013
    1    1   15   15    0.000090
    1    1   16   15    0.000030
    1    1   17   15    0.000005
    1    1   18   15    0.000002
    1    1    1   16   -0.000005
    1    1    2   16   -0.000018
    1    1    3   16    0.000007
    1    1    4   16    0.000002
    1    1    5   16    0.000015
    1    1    6   16   -0.000020
    1    1    7   16    0.000007
    1    1    8   16   -0.000005
    1    1    9   16   -0.000023
    1    1   10   16    0.000028
    1    1   11   16   -0.000013
    1    1   12   16   -0.000092
    1    1   13   16   -0.000020
    1    1   14   16   -0.000010
    1    1   15   16    0.000047
    1    1   16   16    0.000023
    1    1   17   16   -0.000005
    1    1   18   16    0.000000
    1    1    1   17   -0.000005
    1    1    2   17   -0.000015
    1    1    3   17   -0.000032
    1    1    4   17   -0.000010
    1    1    5   17    0.000020
    1    1    6   17   -0.000015
    1    1    7   17    0.000030
    1    1    8   17    0.000030
    1    1    9   17   -0.000012
    1    1   10   17    0.000030
    1    1   11   17    0.000005
    1    1   12   17    0.000013
    1    1   13   17   -0.000003
    1    1   14   17    0.000037
    1    1   15   17   -0.000050
    1    1   16   17   -0.000050
    1    1   17   17    0.000090
    1    1   18   17    0.000058
    1    1    1   18    0.000043
    1    1    2   18   -0.000018
    1    1    3   18    0.000045
    1    1    4   18    0.000012
    1    1    5   18    0.000065
    1    1    6   18    0.000000
    1    1    7   18    0.000022
    1    1    8   18    0.000032
    1    1    9   18    0.000013
    1    1   10   18   -0.000002
    1    1   11   18   -0.000013
    1    1   12   18   -0.000010
    1    1   13   18    0.000005
    1    1   14   18    0.000040
    1    1   15   18   -0.000023
    1    1   16   18   -0.000025
    1    1   17   18    0.000092
    1    1   18   18    0.000145
