 ir1  ir2   m    n          ReH 
   -1   -1    1    1    0.027615
   -1   -1    2    1   -0.008597
   -1   -1    3    1    0.001417
   -1   -1    4    1   -0.042943
   -1   -1    5    1   -0.023462
   -1   -1    6    1   -0.000415
   -1   -1    7    1   -0.020800
   -1   -1    8    1   -0.054225
   -1   -1    9    1   -0.009890
   -1   -1   10    1   -0.096037
   -1   -1   11    1   -0.003853
   -1   -1   12    1   -0.014490
   -1   -1   13    1   -0.003920
   -1   -1   14    1   -0.046238
   -1   -1   15    1    0.005208
   -1   -1   16    1   -0.007533
   -1   -1   17    1   -0.109880
   -1   -1   18    1    0.006712
   -1   -1    1    2    0.004542
   -1   -1    2    2    0.015022
   -1   -1    3    2   -0.050780
   -1   -1    4    2   -0.000862
   -1   -1    5    2    0.030703
   -1   -1    6    2    0.003755
   -1   -1    7    2   -0.002265
   -1   -1    8    2   -0.011125
   -1   -1    9    2   -0.127048
   -1   -1   10    2    0.241680
   -1   -1   11    2   -0.010218
   -1   -1   12    2   -0.036167
   -1   -1   13    2   -0.024682
   -1   -1   14    2    0.034240
   -1   -1   15    2   -0.008060
   -1   -1   16    2    0.006228
   -1   -1   17    2    0.044775
   -1   -1   18    2   -0.003837
   -1   -1    1    3    0.015860
   -1   -1    2    3    0.021487
   -1   -1    3    3   -0.028052
   -1   -1    4    3    0.008785
   -1   -1    5    3    0.018985
   -1   -1    6    3   -0.019217
   -1   -1    7    3    0.027438
   -1   -1    8    3    0.013607
   -1   -1    9    3   -0.042862
   -1   -1   10    3   -0.337218
   -1   -1   11    3    0.014595
   -1   -1   12    3    0.022235
   -1   -1   13    3    0.039970
   -1   -1   14    3    0.009650
   -1   -1   15    3    0.017462
   -1   -1   16    3    0.001915
   -1   -1   17    3   -0.001915
   -1   -1   18    3   -0.031380
   -1   -1    1    4    0.017895
   -1   -1    2    4    0.003385
   -1   -1    3    4    0.000245
   -1   -1    4    4    0.068770
   -1   -1    5    4   -0.001690
   -1   -1    6    4    0.004593
   -1   -1    7    4    0.078715
   -1   -1    8    4    0.000478
   -1   -1    9    4    0.076007
   -1   -1   10    4    0.005922
   -1   -1   11    4   -0.009137
   -1   -1   12    4    0.068205
   -1   -1   13    4    0.004960
   -1   -1   14    4   -0.008200
   -1   -1   15    4   -0.007820
   -1   -1   16    4   -0.008510
   -1   -1   17    4   -0.005782
   -1   -1   18    4   -0.003167
   -1   -1    1    5   -0.011535
   -1   -1    2    5    0.002225
   -1   -1    3    5   -0.008755
   -1   -1    4    5    0.008655
   -1   -1    5    5   -0.007700
   -1   -1    6    5   -0.009962
   -1   -1    7    5   -0.009445
   -1   -1    8    5   -0.013612
   -1   -1    9    5   -0.038165
   -1   -1   10    5    1.057117
   -1   -1   11    5   -0.025875
   -1   -1   12    5   -0.009000
   -1   -1   13    5   -0.005745
   -1   -1   14    5   -0.001755
   -1   -1   15    5   -0.008115
   -1   -1   16    5    0.004450
   -1   -1   17    5    0.035627
   -1   -1   18    5   -0.030272
   -1   -1    1    6    0.049607
   -1   -1    2    6   -0.024777
   -1   -1    3    6    0.052905
   -1   -1    4    6    0.003152
   -1   -1    5    6   -0.044850
   -1   -1    6    6   -0.099295
   -1   -1    7    6   -0.354677
   -1   -1    8    6   -0.003495
   -1   -1    9    6    0.094692
   -1   -1   10    6    0.131447
   -1   -1   11    6    0.028928
   -1   -1   12    6    0.042750
   -1   -1   13    6   -0.009215
   -1   -1   14    6   -0.002930
   -1   -1   15    6   -0.059350
   -1   -1   16    6   -0.011927
   -1   -1   17    6   -0.027605
   -1   -1   18    6    0.097027
   -1   -1    1    7   -0.081635
   -1   -1    2    7   -0.042107
   -1   -1    3    7   -0.339775
   -1   -1    4    7    0.016332
   -1   -1    5    7   -0.156385
   -1   -1    6    7    0.015625
   -1   -1    7    7    0.042592
   -1   -1    8    7    0.011345
   -1   -1    9    7   -0.448292
   -1   -1   10    7    3.040837
   -1   -1   11    7   -0.220653
   -1   -1   12    7   -0.325332
   -1   -1   13    7   -0.064622
   -1   -1   14    7   -0.182495
   -1   -1   15    7    0.087568
   -1   -1   16    7    0.006725
   -1   -1   17    7   -0.140503
   -1   -1   18    7   -0.123655
   -1   -1    1    8    0.044958
   -1   -1    2    8   -0.004923
   -1   -1    3    8    0.004250
   -1   -1    4    8   -0.009765
   -1   -1    5    8    0.003973
   -1   -1    6    8    0.000565
   -1   -1    7    8   -0.004295
   -1   -1    8    8   -0.003613
   -1   -1    9    8    0.004693
   -1   -1   10    8    0.150422
   -1   -1   11    8   -0.005837
   -1   -1   12    8   -0.001988
   -1   -1   13    8    0.001090
   -1   -1   14    8    0.004290
   -1   -1   15    8    0.004310
   -1   -1   16    8   -0.000280
   -1   -1   17    8    0.048480
   -1   -1   18    8   -0.001973
   -1   -1    1    9   -0.005370
   -1   -1    2    9   -0.004600
   -1   -1    3    9    0.002295
   -1   -1    4    9    0.000438
   -1   -1    5    9    0.000793
   -1   -1    6    9   -0.004768
   -1   -1    7    9    0.000083
   -1   -1    8    9    0.000795
   -1   -1    9    9    0.070380
   -1   -1   10    9    0.002920
   -1   -1   11    9   -0.006163
   -1   -1   12    9   -0.014233
   -1   -1   13    9   -0.007170
   -1   -1   14    9   -0.004865
   -1   -1   15    9    0.003460
   -1   -1   16    9    0.012162
   -1   -1   17    9    0.001095
   -1   -1   18    9    0.012102
   -1   -1    1   10    0.020845
   -1   -1    2   10    0.016352
   -1   -1    3   10    0.045205
   -1   -1    4   10   -0.008030
   -1   -1    5   10    0.007075
   -1   -1    6   10    0.058570
   -1   -1    7   10   -0.097925
   -1   -1    8   10    0.005465
   -1   -1    9   10   -0.632942
   -1   -1   10   10   -0.392045
   -1   -1   11   10    0.010212
   -1   -1   12   10    0.176957
   -1   -1   13   10    0.074472
   -1   -1   14   10    0.042363
   -1   -1   15   10    0.109893
   -1   -1   16   10    0.054135
   -1   -1   17   10   -0.047705
   -1   -1   18   10   -0.031990
   -1   -1    1   11   -0.012717
   -1   -1    2   11    0.002887
   -1   -1    3   11   -0.027190
   -1   -1    4   11    0.002670
   -1   -1    5   11   -0.002630
   -1   -1    6   11    0.007127
   -1   -1    7   11    0.000330
   -1   -1    8   11   -0.001175
   -1   -1    9   11   -0.017580
   -1   -1   10   11    0.287612
   -1   -1   11   11   -0.011240
   -1   -1   12   11   -0.035827
   -1   -1   13   11   -0.002367
   -1   -1   14   11   -0.000830
   -1   -1   15   11   -0.004288
   -1   -1   16   11    0.004268
   -1   -1   17   11    0.009960
   -1   -1   18   11   -0.004618
   -1   -1    1   12    0.003300
   -1   -1    2   12    0.056820
   -1   -1    3   12   -0.042798
   -1   -1    4   12    0.003282
   -1   -1    5   12    0.032115
   -1   -1    6   12   -0.053110
   -1   -1    7   12    0.044385
   -1   -1    8   12   -0.004175
   -1   -1    9   12    0.034295
   -1   -1   10   12    0.452815
   -1   -1   11   12    0.053275
   -1   -1   12   12    0.060630
   -1   -1   13   12    0.172502
   -1   -1   14   12   -0.012565
   -1   -1   15   12    0.006550
   -1   -1   16   12    0.010802
   -1   -1   17   12    0.002150
   -1   -1   18   12   -0.143535
   -1   -1    1   13    0.004115
   -1   -1    2   13    0.019870
   -1   -1    3   13   -0.107030
   -1   -1    4   13    0.000765
   -1   -1    5   13    0.010085
   -1   -1    6   13    0.026015
   -1   -1    7   13    0.308175
   -1   -1    8   13   -0.002005
   -1   -1    9   13    0.242480
   -1   -1   10   13    0.094843
   -1   -1   11   13   -0.038565
   -1   -1   12   13   -0.010470
   -1   -1   13   13   -0.071907
   -1   -1   14   13    0.015900
   -1   -1   15   13   -0.023117
   -1   -1   16   13   -0.043060
   -1   -1   17   13    0.043715
   -1   -1   18   13   -0.089947
   -1   -1    1   14    0.012765
   -1   -1    2   14    0.006657
   -1   -1    3   14   -0.003260
   -1   -1    4   14   -0.008732
   -1   -1    5   14    0.026855
   -1   -1    6   14   -0.004915
   -1   -1    7   14    0.019942
   -1   -1    8   14   -0.003010
   -1   -1    9   14    0.000618
   -1   -1   10   14   -0.145137
   -1   -1   11   14    0.005877
   -1   -1   12   14    0.008687
   -1   -1   13   14   -0.005217
   -1   -1   14   14    0.017685
   -1   -1   15   14   -0.001128
   -1   -1   16   14    0.001332
   -1   -1   17   14    0.029108
   -1   -1   18   14    0.001300
   -1   -1    1   15    0.086820
   -1   -1    2   15   -0.016557
   -1   -1    3   15    0.012635
   -1   -1    4   15   -0.030807
   -1   -1    5   15   -0.010023
   -1   -1    6   15   -0.020842
   -1   -1    7   15    0.262847
   -1   -1    8   15   -0.026027
   -1   -1    9   15   -0.026267
   -1   -1   10   15    0.154062
   -1   -1   11   15    0.002345
   -1   -1   12   15    0.012210
   -1   -1   13   15    0.012013
   -1   -1   14   15   -0.046175
   -1   -1   15   15    0.108815
   -1   -1   16   15    0.011690
   -1   -1   17   15   -0.102902
   -1   -1   18   15    0.002903
   -1   -1    1   16    0.052125
   -1   -1    2   16    0.025670
   -1   -1    3   16    1.310027
   -1   -1    4   16    0.026112
   -1   -1    5   16    0.008282
   -1   -1    6   16   -0.133075
   -1   -1    7   16    0.483980
   -1   -1    8   16   -0.032700
   -1   -1    9   16    0.002370
   -1   -1   10   16   -0.008325
   -1   -1   11   16    0.071860
   -1   -1   12   16    1.510070
   -1   -1   13   16    0.171275
   -1   -1   14   16    0.035717
   -1   -1   15   16   -0.045807
   -1   -1   16   16    0.092703
   -1   -1   17   16   -0.103410
   -1   -1   18   16   -0.085550
   -1   -1    1   17    0.037170
   -1   -1    2   17    0.017028
   -1   -1    3   17   -0.008582
   -1   -1    4   17   -0.030837
   -1   -1    5   17   -0.010727
   -1   -1    6   17   -0.038363
   -1   -1    7   17    0.085922
   -1   -1    8   17   -0.005995
   -1   -1    9   17    0.037685
   -1   -1   10   17    0.615825
   -1   -1   11   17   -0.087975
   -1   -1   12   17    0.007610
   -1   -1   13   17    0.006270
   -1   -1   14   17   -0.002620
   -1   -1   15   17    0.001620
   -1   -1   16   17    0.002655
   -1   -1   17   17    0.018470
   -1   -1   18   17   -0.010775
   -1   -1    1   18   -0.005545
   -1   -1    2   18   -0.026045
   -1   -1    3   18    0.100427
   -1   -1    4   18    0.000945
   -1   -1    5   18   -0.036047
   -1   -1    6   18    0.055607
   -1   -1    7   18    0.000440
   -1   -1    8   18   -0.028310
   -1   -1    9   18    0.015908
   -1   -1   10   18    1.096805
   -1   -1   11   18   -0.053867
   -1   -1   12   18    0.185700
   -1   -1   13   18   -0.004512
   -1   -1   14   18   -0.067127
   -1   -1   15   18   -0.009435
   -1   -1   16   18   -0.010547
   -1   -1   17   18   -0.031912
   -1   -1   18   18   -0.168475
    0   -1    1    1    0.030645
    0   -1    2    1   -0.047838
    0   -1    3    1   -0.112720
    0   -1    4    1    0.028595
    0   -1    5    1   -0.056950
    0   -1    6    1    0.226738
    0   -1    7    1   -0.076200
    0   -1    8    1   -0.009312
    0   -1    9    1   -1.460038
    0   -1   10    1   -0.213277
    0   -1   11    1   -0.059782
    0   -1   12    1   -0.241370
    0   -1   13    1   -0.056070
    0   -1   14    1    0.073847
    0   -1   15    1    0.016325
    0   -1   16    1   -0.026270
    0   -1   17    1    0.010390
    0   -1   18    1    0.259547
    0   -1    1    2   -0.001075
    0   -1    2    2   -0.015270
    0   -1    3    2   -0.004788
    0   -1    4    2    0.030720
    0   -1    5    2    0.008702
    0   -1    6    2   -0.013767
    0   -1    7    2    3.051907
    0   -1    8    2    0.001907
    0   -1    9    2   -0.123725
    0   -1   10    2   -0.019412
    0   -1   11    2   -0.018037
    0   -1   12    2   -0.039242
    0   -1   13    2   -0.160592
    0   -1   14    2    0.009710
    0   -1   15    2   -0.101607
    0   -1   16    2    0.002615
    0   -1   17    2    0.019795
    0   -1   18    2    0.022817
    0   -1    1    3    0.030645
    0   -1    2    3    0.023303
    0   -1    3    3    0.051995
    0   -1    4    3    0.008613
    0   -1    5    3    0.024773
    0   -1    6    3    0.005372
    0   -1    7    3   -0.066082
    0   -1    8    3   -0.001440
    0   -1    9    3   -1.432133
    0   -1   10    3    0.000500
    0   -1   11    3    0.175930
    0   -1   12    3   -0.864290
    0   -1   13    3    0.032070
    0   -1   14    3    0.018875
    0   -1   15    3    0.034427
    0   -1   16    3   -0.008327
    0   -1   17    3   -0.007922
    0   -1   18    3   -0.025612
    0   -1    1    4    0.075042
    0   -1    2    4    0.006925
    0   -1    3    4   -0.009100
    0   -1    4    4   -0.028687
    0   -1    5    4   -0.008425
    0   -1    6    4   -0.001670
    0   -1    7    4    0.015787
    0   -1    8    4    0.011262
    0   -1    9    4    0.013002
    0   -1   10    4   -0.179827
    0   -1   11    4    0.002245
    0   -1   12    4    0.032200
    0   -1   13    4    0.014072
    0   -1   14    4    0.001092
    0   -1   15    4    0.058752
    0   -1   16    4   -0.003452
    0   -1   17    4   -0.009285
    0   -1   18    4   -0.015647
    0   -1    1    5    0.007475
    0   -1    2    5   -0.003933
    0   -1    3    5   -0.014430
    0   -1    4    5    0.008037
    0   -1    5    5    0.003225
    0   -1    6    5    0.005160
    0   -1    7    5    0.862735
    0   -1    8    5    0.000870
    0   -1    9    5   -0.133995
    0   -1   10    5    0.086002
    0   -1   11    5   -0.037672
    0   -1   12    5    0.143342
    0   -1   13    5   -0.105398
    0   -1   14    5    0.000923
    0   -1   15    5    0.104162
    0   -1   16    5    0.001067
    0   -1   17    5   -0.015665
    0   -1   18    5   -0.086392
    0   -1    1    6   -0.012453
    0   -1    2    6   -0.008725
    0   -1    3    6    0.010610
    0   -1    4    6   -0.018955
    0   -1    5    6   -0.003152
    0   -1    6    6   -0.108508
    0   -1    7    6   -0.693172
    0   -1    8    6    0.003445
    0   -1    9    6    0.126955
    0   -1   10    6    0.060542
    0   -1   11    6    0.011717
    0   -1   12    6    0.049540
    0   -1   13    6    0.088880
    0   -1   14    6    0.004615
    0   -1   15    6   -0.030325
    0   -1   16    6   -0.006722
    0   -1   17    6   -0.024375
    0   -1   18    6    0.009205
    0   -1    1    7    0.017365
    0   -1    2    7    0.112185
    0   -1    3    7   -0.005415
    0   -1    4    7   -0.006872
    0   -1    5    7   -0.004550
    0   -1    6    7    0.116482
    0   -1    7    7   -0.093577
    0   -1    8    7   -0.005512
    0   -1    9    7   -1.213465
    0   -1   10    7    0.094270
    0   -1   11    7    0.044690
    0   -1   12    7    0.318518
    0   -1   13    7    0.633913
    0   -1   14    7    0.009940
    0   -1   15    7    0.001607
    0   -1   16    7   -0.008030
    0   -1   17    7   -0.016583
    0   -1   18    7   -0.216475
    0   -1    1    8   -0.011090
    0   -1    2    8   -0.029925
    0   -1    3    8    0.091285
    0   -1    4    8    0.003667
    0   -1    5    8   -0.026038
    0   -1    6    8   -0.029633
    0   -1    7    8    0.158505
    0   -1    8    8    0.006917
    0   -1    9    8    0.332802
    0   -1   10    8    0.138082
    0   -1   11    8   -0.137280
    0   -1   12    8    0.161702
    0   -1   13    8   -0.143157
    0   -1   14    8   -0.028802
    0   -1   15    8    0.174565
    0   -1   16    8   -0.001737
    0   -1   17    8   -0.028900
    0   -1   18    8   -0.154942
    0   -1    1    9    0.007323
    0   -1    2    9    0.000132
    0   -1    3    9   -0.004428
    0   -1    4    9    0.002067
    0   -1    5    9   -0.003265
    0   -1    6    9   -0.012335
    0   -1    7    9    0.006215
    0   -1    8    9   -0.001150
    0   -1    9    9    0.018620
    0   -1   10    9   -0.044198
    0   -1   11    9   -0.001570
    0   -1   12    9    0.016120
    0   -1   13    9   -0.004500
    0   -1   14    9    0.000235
    0   -1   15    9    0.004897
    0   -1   16    9    0.003750
    0   -1   17    9    0.000252
    0   -1   18    9   -0.014733
    0   -1    1   10   -0.001040
    0   -1    2   10    0.010235
    0   -1    3   10    0.008985
    0   -1    4   10    0.097050
    0   -1    5   10   -0.000137
    0   -1    6   10   -0.046602
    0   -1    7   10   -0.227402
    0   -1    8   10    0.001432
    0   -1    9   10    0.074470
    0   -1   10   10   -0.100562
    0   -1   11   10   -0.004220
    0   -1   12   10   -0.008400
    0   -1   13   10    0.049677
    0   -1   14   10    0.012793
    0   -1   15   10    0.012802
    0   -1   16   10   -0.021370
    0   -1   17   10    0.005795
    0   -1   18   10    0.061422
    0   -1    1   11    0.003192
    0   -1    2   11    0.007592
    0   -1    3   11   -0.003785
    0   -1    4   11   -0.001640
    0   -1    5   11    0.004110
    0   -1    6   11    0.002657
    0   -1    7   11   -0.014770
    0   -1    8   11   -0.000025
    0   -1    9   11   -0.137845
    0   -1   10   11   -0.032295
    0   -1   11   11   -0.001798
    0   -1   12   11    0.021043
    0   -1   13   11    0.010522
    0   -1   14   11    0.003188
    0   -1   15   11    0.020973
    0   -1   16   11    0.000858
    0   -1   17   11   -0.002640
    0   -1   18   11   -0.008747
    0   -1    1   12    0.001335
    0   -1    2   12   -0.019152
    0   -1    3   12    0.009327
    0   -1    4   12   -0.003615
    0   -1    5   12   -0.007122
    0   -1    6   12   -0.026832
    0   -1    7   12   -0.333118
    0   -1    8   12    0.001785
    0   -1    9   12   -0.185257
    0   -1   10   12   -0.037375
    0   -1   11   12   -0.018300
    0   -1   12   12    0.050000
    0   -1   13   12   -0.073220
    0   -1   14   12    0.003052
    0   -1   15   12    0.039815
    0   -1   16   12    0.000567
    0   -1   17   12   -0.000923
    0   -1   18   12    0.056100
    0   -1    1   13    0.002305
    0   -1    2   13   -0.014667
    0   -1    3   13   -0.003865
    0   -1    4   13   -0.034142
    0   -1    5   13    0.002767
    0   -1    6   13    0.005885
    0   -1    7   13    0.044345
    0   -1    8   13   -0.001837
    0   -1    9   13    0.021853
    0   -1   10   13    0.026398
    0   -1   11   13   -0.009765
    0   -1   12   13   -0.023215
    0   -1   13   13   -0.101972
    0   -1   14   13   -0.001885
    0   -1   15   13    0.007802
    0   -1   16   13    0.016250
    0   -1   17   13    0.003073
    0   -1   18   13    0.009910
    0   -1    1   14   -0.008735
    0   -1    2   14   -0.000295
    0   -1    3   14    0.000080
    0   -1    4   14    0.008305
    0   -1    5   14   -0.007867
    0   -1    6   14   -0.057082
    0   -1    7   14    0.256250
    0   -1    8   14    0.002005
    0   -1    9   14    0.029430
    0   -1   10   14    0.152900
    0   -1   11   14   -0.051342
    0   -1   12   14    0.007785
    0   -1   13   14   -0.087855
    0   -1   14   14    0.001557
    0   -1   15   14   -0.026020
    0   -1   16   14   -0.000608
    0   -1   17   14    0.013857
    0   -1   18   14   -0.024582
    0   -1    1   15   -0.007298
    0   -1    2   15    0.007850
    0   -1    3   15    0.692100
    0   -1    4   15    0.027910
    0   -1    5   15   -0.023038
    0   -1    6   15    0.107010
    0   -1    7   15    2.088773
    0   -1    8   15    0.006110
    0   -1    9   15   -0.614087
    0   -1   10   15    0.131737
    0   -1   11   15   -0.057245
    0   -1   12   15    0.593232
    0   -1   13   15    0.135005
    0   -1   14   15    0.012440
    0   -1   15   15    0.012510
    0   -1   16   15    0.010790
    0   -1   17   15    0.007168
    0   -1   18   15    0.062112
    0   -1    1   16   -0.001122
    0   -1    2   16    0.038447
    0   -1    3   16   -0.041472
    0   -1    4   16    0.026260
    0   -1    5   16    0.027760
    0   -1    6   16   -0.126540
    0   -1    7   16    0.539855
    0   -1    8   16   -0.001125
    0   -1    9   16    0.020105
    0   -1   10   16    0.006302
    0   -1   11   16    0.008962
    0   -1   12   16   -0.293695
    0   -1   13   16    0.063370
    0   -1   14   16    0.006855
    0   -1   15   16   -0.049703
    0   -1   16   16   -0.063060
    0   -1   17   16    0.014477
    0   -1   18   16    0.099160
    0   -1    1   17   -0.018547
    0   -1    2   17    0.012715
    0   -1    3   17   -0.008240
    0   -1    4   17   -0.003785
    0   -1    5   17    0.007997
    0   -1    6   17   -0.053640
    0   -1    7   17   -0.353072
    0   -1    8   17    0.005062
    0   -1    9   17   -0.124797
    0   -1   10   17    0.304372
    0   -1   11   17    0.028118
    0   -1   12   17   -0.027253
    0   -1   13   17   -0.007578
    0   -1   14   17   -0.008913
    0   -1   15   17    0.036520
    0   -1   16   17    0.003362
    0   -1   17   17    0.005485
    0   -1   18   17   -0.090705
    0   -1    1   18    0.005877
    0   -1    2   18   -0.020117
    0   -1    3   18   -0.023410
    0   -1    4   18    0.001383
    0   -1    5   18   -0.014122
    0   -1    6   18    0.118252
    0   -1    7   18    0.663878
    0   -1    8   18    0.003260
    0   -1    9   18   -0.111225
    0   -1   10   18   -0.017533
    0   -1   11   18   -0.021807
    0   -1   12   18    0.022350
    0   -1   13   18    0.115437
    0   -1   14   18   -0.009007
    0   -1   15   18    0.014857
    0   -1   16   18    0.027443
    0   -1   17   18   -0.017220
    0   -1   18   18   -0.204747
    1   -1    1    1   -0.009255
    1   -1    2    1   -0.014023
    1   -1    3    1   -0.011555
    1   -1    4    1    0.031692
    1   -1    5    1    0.005638
    1   -1    6    1   -0.008635
    1   -1    7    1   -0.078293
    1   -1    8    1   -0.000862
    1   -1    9    1    0.031645
    1   -1   10    1   -0.011083
    1   -1   11    1   -0.006638
    1   -1   12    1   -0.055415
    1   -1   13    1   -0.056422
    1   -1   14    1    0.004202
    1   -1   15    1   -0.005278
    1   -1   16    1    0.002385
    1   -1   17    1    0.003672
    1   -1   18    1    0.004467
    1   -1    1    2    0.001002
    1   -1    2    2    0.000590
    1   -1    3    2   -0.000622
    1   -1    4    2   -0.000803
    1   -1    5    2   -0.000892
    1   -1    6    2   -0.000620
    1   -1    7    2   -0.018363
    1   -1    8    2    0.000552
    1   -1    9    2    0.006777
    1   -1   10    2   -0.019305
    1   -1   11    2    0.000908
    1   -1   12    2   -0.002112
    1   -1   13    2   -0.020710
    1   -1   14    2   -0.000562
    1   -1   15    2    0.000018
    1   -1   16    2   -0.002050
    1   -1   17    2   -0.004577
    1   -1   18    2    0.005960
    1   -1    1    3    0.002520
    1   -1    2    3    0.000260
    1   -1    3    3    0.000103
    1   -1    4    3    0.115100
    1   -1    5    3    0.001180
    1   -1    6    3   -0.026682
    1   -1    7    3    0.324557
    1   -1    8    3   -0.000995
    1   -1    9    3   -0.018545
    1   -1   10    3   -0.011145
    1   -1   11    3   -0.000230
    1   -1   12    3   -0.008837
    1   -1   13    3   -0.005602
    1   -1   14    3   -0.000068
    1   -1   15    3   -0.002280
    1   -1   16    3   -0.009332
    1   -1   17    3    0.005867
    1   -1   18    3    0.009443
    1   -1    1    4   -0.001817
    1   -1    2    4    0.033635
    1   -1    3    4   -0.012050
    1   -1    4    4    0.005667
    1   -1    5    4    0.007992
    1   -1    6    4    0.001518
    1   -1    7    4   -0.006660
    1   -1    8    4    0.000925
    1   -1    9    4   -0.327185
    1   -1   10    4   -0.205922
    1   -1   11    4    0.021145
    1   -1   12    4    0.002132
    1   -1   13    4    0.102870
    1   -1   14    4    0.001157
    1   -1   15    4    0.021985
    1   -1   16    4    0.004512
    1   -1   17    4    0.003142
    1   -1   18    4   -0.078312
    1   -1    1    5    0.002932
    1   -1    2    5    0.005132
    1   -1    3    5    0.001007
    1   -1    4    5   -0.018772
    1   -1    5    5   -0.000520
    1   -1    6    5    0.003133
    1   -1    7    5    0.000987
    1   -1    8    5    0.000910
    1   -1    9    5   -0.028945
    1   -1   10    5   -0.020210
    1   -1   11    5    0.000030
    1   -1   12    5    0.004042
    1   -1   13    5   -0.010105
    1   -1   14    5    0.000415
    1   -1   15    5   -0.001635
    1   -1   16    5    0.002475
    1   -1   17    5    0.000145
    1   -1   18    5   -0.010305
    1   -1    1    6   -0.006477
    1   -1    2    6    0.003377
    1   -1    3    6   -0.002505
    1   -1    4    6    0.010278
    1   -1    5    6   -0.002175
    1   -1    6    6   -0.006870
    1   -1    7    6   -0.020587
    1   -1    8    6   -0.001560
    1   -1    9    6    0.001310
    1   -1   10    6    0.005865
    1   -1   11    6    0.001958
    1   -1   12    6   -0.001957
    1   -1   13    6    0.014877
    1   -1   14    6    0.005652
    1   -1   15    6   -0.007490
    1   -1   16    6    0.000005
    1   -1   17    6    0.001772
    1   -1   18    6   -0.026380
    1   -1    1    7   -0.000667
    1   -1    2    7    0.000793
    1   -1    3    7    0.001690
    1   -1    4    7   -0.007553
    1   -1    5    7   -0.001490
    1   -1    6    7    0.019677
    1   -1    7    7   -0.007162
    1   -1    8    7    0.001978
    1   -1    9    7   -0.036640
    1   -1   10    7    0.008530
    1   -1   11    7   -0.002693
    1   -1   12    7    0.009428
    1   -1   13    7   -0.005200
    1   -1   14    7   -0.005300
    1   -1   15    7   -0.001935
    1   -1   16    7    0.003900
    1   -1   17    7    0.001400
    1   -1   18    7   -0.013857
    1   -1    1    8    0.001727
    1   -1    2    8    0.013995
    1   -1    3    8   -0.003170
    1   -1    4    8   -0.010725
    1   -1    5    8    0.002520
    1   -1    6    8    0.008302
    1   -1    7    8    0.882955
    1   -1    8    8    0.000333
    1   -1    9    8   -0.069675
    1   -1   10    8    0.004077
    1   -1   11    8   -0.000170
    1   -1   12    8    0.009370
    1   -1   13    8    0.066432
    1   -1   14    8    0.001837
    1   -1   15    8   -0.019432
    1   -1   16    8    0.002895
    1   -1   17    8    0.003192
    1   -1   18    8   -0.008500
    1   -1    1    9   -0.004440
    1   -1    2    9   -0.000228
    1   -1    3    9   -0.000543
    1   -1    4    9   -0.002840
    1   -1    5    9    0.001072
    1   -1    6    9    0.001305
    1   -1    7    9    0.018485
    1   -1    8    9    0.001535
    1   -1    9    9    0.017635
    1   -1   10    9    0.030330
    1   -1   11    9    0.000662
    1   -1   12    9   -0.003775
    1   -1   13    9    0.001030
    1   -1   14    9   -0.001252
    1   -1   15    9   -0.006107
    1   -1   16    9    0.003795
    1   -1   17    9    0.003290
    1   -1   18    9    0.002665
    1   -1    1   10   -0.001437
    1   -1    2   10    0.004290
    1   -1    3   10   -0.003665
    1   -1    4   10    0.006782
    1   -1    5   10    0.007330
    1   -1    6   10   -0.057215
    1   -1    7   10    0.019330
    1   -1    8   10    0.000515
    1   -1    9   10   -0.011550
    1   -1   10   10    0.029877
    1   -1   11   10   -0.000800
    1   -1   12   10   -0.002555
    1   -1   13   10    0.006315
    1   -1   14   10    0.005665
    1   -1   15   10    0.005307
    1   -1   16   10    0.022810
    1   -1   17   10    0.006657
    1   -1   18   10    0.061760
    1   -1    1   11   -0.000365
    1   -1    2   11   -0.001022
    1   -1    3   11    0.000442
    1   -1    4   11    0.000000
    1   -1    5   11   -0.000692
    1   -1    6   11    0.000762
    1   -1    7   11   -0.005525
    1   -1    8   11    0.000115
    1   -1    9   11    0.005950
    1   -1   10   11   -0.001288
    1   -1   11   11    0.000095
    1   -1   12   11   -0.000608
    1   -1   13   11   -0.005968
    1   -1   14   11   -0.000612
    1   -1   15   11    0.000847
    1   -1   16   11   -0.000465
    1   -1   17   11   -0.000620
    1   -1   18   11    0.004205
    1   -1    1   12    0.001592
    1   -1    2   12    0.003505
    1   -1    3   12    0.003517
    1   -1    4   12   -0.001437
    1   -1    5   12   -0.000650
    1   -1    6   12    0.009077
    1   -1    7   12    0.040337
    1   -1    8   12   -0.001317
    1   -1    9   12    0.002763
    1   -1   10   12    0.001413
    1   -1   11   12    0.001648
    1   -1   12   12    0.005400
    1   -1   13   12    0.005252
    1   -1   14   12   -0.001823
    1   -1   15   12    0.000797
    1   -1   16   12   -0.002792
    1   -1   17   12   -0.002247
    1   -1   18   12   -0.011210
    1   -1    1   13    0.002077
    1   -1    2   13   -0.002820
    1   -1    3   13    0.000375
    1   -1    4   13    0.003107
    1   -1    5   13   -0.003785
    1   -1    6   13   -0.013843
    1   -1    7   13    0.000303
    1   -1    8   13    0.000152
    1   -1    9   13   -0.004330
    1   -1   10   13    0.009212
    1   -1   11   13   -0.000460
    1   -1   12   13   -0.004640
    1   -1   13   13   -0.004452
    1   -1   14   13   -0.004448
    1   -1   15   13    0.000183
    1   -1   16   13    0.000300
    1   -1   17   13   -0.003593
    1   -1   18   13    0.016492
    1   -1    1   14    0.002625
    1   -1    2   14    0.007010
    1   -1    3   14   -0.003058
    1   -1    4   14   -0.006480
    1   -1    5   14    0.001872
    1   -1    6   14   -0.016747
    1   -1    7   14    0.061230
    1   -1    8   14    0.000417
    1   -1    9   14   -0.044077
    1   -1   10   14   -0.023527
    1   -1   11   14   -0.002585
    1   -1   12   14    0.005642
    1   -1   13   14    0.002142
    1   -1   14   14    0.003312
    1   -1   15   14    0.002655
    1   -1   16   14   -0.000510
    1   -1   17   14    0.001902
    1   -1   18   14   -0.010670
    1   -1    1   15    0.007060
    1   -1    2   15    0.002035
    1   -1    3   15   -0.010380
    1   -1    4   15   -0.009465
    1   -1    5   15    0.004392
    1   -1    6   15   -0.025920
    1   -1    7   15    0.005820
    1   -1    8   15   -0.001672
    1   -1    9   15   -0.002627
    1   -1   10   15    0.016100
    1   -1   11   15    0.003818
    1   -1   12   15   -0.031040
    1   -1   13   15   -0.018650
    1   -1   14   15   -0.000548
    1   -1   15   15   -0.005717
    1   -1   16   15    0.005322
    1   -1   17   15   -0.005763
    1   -1   18   15    0.013145
    1   -1    1   16    0.005220
    1   -1    2   16   -0.000145
    1   -1    3   16    0.001855
    1   -1    4   16    0.003100
    1   -1    5   16   -0.000940
    1   -1    6   16    0.018540
    1   -1    7   16   -0.007602
    1   -1    8   16   -0.000985
    1   -1    9   16   -0.002617
    1   -1   10   16    0.017155
    1   -1   11   16   -0.000505
    1   -1   12   16   -0.005127
    1   -1   13   16   -0.003607
    1   -1   14   16   -0.003548
    1   -1   15   16   -0.007195
    1   -1   16   16    0.019520
    1   -1   17   16   -0.002958
    1   -1   18   16    0.006790
    1   -1    1   17    0.005575
    1   -1    2   17    0.028612
    1   -1    3   17    0.000270
    1   -1    4   17   -0.003062
    1   -1    5   17    0.004122
    1   -1    6   17    0.017835
    1   -1    7   17    0.007390
    1   -1    8   17    0.000282
    1   -1    9   17   -0.179373
    1   -1   10   17   -0.034642
    1   -1   11   17    0.004877
    1   -1   12   17    0.067215
    1   -1   13   17    0.041282
    1   -1   14   17    0.006232
    1   -1   15   17    0.004607
    1   -1   16   17   -0.000095
    1   -1   17   17    0.000277
    1   -1   18   17   -0.057960
    1   -1    1   18    0.007088
    1   -1    2   18   -0.004930
    1   -1    3   18    0.001917
    1   -1    4   18   -0.020665
    1   -1    5   18    0.001687
    1   -1    6   18    0.007347
    1   -1    7   18    0.004277
    1   -1    8   18    0.003152
    1   -1    9   18    0.013470
    1   -1   10   18   -0.024465
    1   -1   11   18   -0.002602
    1   -1   12   18   -0.001910
    1   -1   13   18   -0.022652
    1   -1   14   18   -0.001505
    1   -1   15   18    0.005687
    1   -1   16   18    0.010032
    1   -1   17   18    0.002950
    1   -1   18   18   -0.002610
   -1    0    1    1    0.181760
   -1    0    2    1   -0.001865
   -1    0    3    1    0.022987
   -1    0    4    1    0.328908
   -1    0    5    1   -0.029630
   -1    0    6    1    0.005160
   -1    0    7    1   -0.001515
   -1    0    8    1   -0.027137
   -1    0    9    1   -0.009365
   -1    0   10    1   -0.011632
   -1    0   11    1   -0.002192
   -1    0   12    1   -0.010122
   -1    0   13    1   -0.002682
   -1    0   14    1   -0.037542
   -1    0   15    1    0.012090
   -1    0   16    1   -0.014540
   -1    0   17    1   -0.009425
   -1    0   18    1    0.029702
   -1    0    1    2    0.593145
   -1    0    2    2    0.100793
   -1    0    3    2   -0.266430
   -1    0    4    2   -0.026585
   -1    0    5    2    0.058262
   -1    0    6    2    0.006790
   -1    0    7    2   -0.032438
   -1    0    8    2    0.265110
   -1    0    9    2   -0.004125
   -1    0   10    2   -0.071727
   -1    0   11    2    0.038058
   -1    0   12    2    0.010975
   -1    0   13    2    0.015610
   -1    0   14    2    0.261217
   -1    0   15    2   -0.036002
   -1    0   16    2    0.014312
   -1    0   17    2    3.037390
   -1    0   18    2   -0.037283
   -1    0    1    3   -0.087262
   -1    0    2    3   -0.006625
   -1    0    3    3    0.027712
   -1    0    4    3   -3.563835
   -1    0    5    3    0.003020
   -1    0    6    3   -0.014522
   -1    0    7    3    0.052975
   -1    0    8    3   -0.016455
   -1    0    9    3   -0.022600
   -1    0   10    3    0.199865
   -1    0   11    3    0.000470
   -1    0   12    3   -0.014542
   -1    0   13    3   -0.007190
   -1    0   14    3   -0.001330
   -1    0   15    3    0.229683
   -1    0   16    3    0.010272
   -1    0   17    3    0.014052
   -1    0   18    3    0.007325
   -1    0    1    4   -2.377045
   -1    0    2    4    0.370565
   -1    0    3    4    0.076095
   -1    0    4    4   -0.090280
   -1    0    5    4    0.769670
   -1    0    6    4    0.022238
   -1    0    7    4   -0.004010
   -1    0    8    4    0.362687
   -1    0    9    4    0.874592
   -1    0   10    4    0.217715
   -1    0   11    4   -0.533427
   -1    0   12    4    2.384397
   -1    0   13    4    0.128287
   -1    0   14    4    0.696042
   -1    0   15    4   -0.224613
   -1    0   16    4   -0.001942
   -1    0   17    4   -0.010373
   -1    0   18    4   -1.926845
   -1    0    1    5   -0.468355
   -1    0    2    5   -0.003790
   -1    0    3    5   -0.027530
   -1    0    4    5   -0.030575
   -1    0    5    5   -0.000358
   -1    0    6    5   -0.019120
   -1    0    7    5   -0.022285
   -1    0    8    5    0.180037
   -1    0    9    5    0.006608
   -1    0   10    5   -0.008985
   -1    0   11    5    0.000048
   -1    0   12    5    0.008895
   -1    0   13    5   -0.008005
   -1    0   14    5    0.008390
   -1    0   15    5   -0.037400
   -1    0   16    5    0.005380
   -1    0   17    5    0.096017
   -1    0   18    5   -0.036068
   -1    0    1    6    0.230770
   -1    0    2    6   -0.041852
   -1    0    3    6   -0.724583
   -1    0    4    6   -0.124052
   -1    0    5    6   -0.079130
   -1    0    6    6   -0.004550
   -1    0    7    6    0.067730
   -1    0    8    6    0.312072
   -1    0    9    6   -0.188920
   -1    0   10    6   -0.235072
   -1    0   11    6   -0.056805
   -1    0   12    6   -0.260958
   -1    0   13    6   -0.006970
   -1    0   14    6    0.170838
   -1    0   15    6   -0.047970
   -1    0   16    6   -0.020837
   -1    0   17    6   -0.747972
   -1    0   18    6    0.390010
   -1    0    1    7   -3.449090
   -1    0    2    7   -0.097617
   -1    0    3    7   -0.078277
   -1    0    4    7    0.111537
   -1    0    5    7   -0.098090
   -1    0    6    7   -0.045863
   -1    0    7    7    0.039637
   -1    0    8    7    1.064992
   -1    0    9    7    0.046355
   -1    0   10    7   -0.012595
   -1    0   11    7    0.128213
   -1    0   12    7   -0.082767
   -1    0   13    7   -0.040715
   -1    0   14    7   -0.360615
   -1    0   15    7   -0.199275
   -1    0   16    7   -0.030365
   -1    0   17    7    3.193458
   -1    0   18    7   -0.073710
   -1    0    1    8   -0.040967
   -1    0    2    8    0.003368
   -1    0    3    8   -0.002625
   -1    0    4    8   -0.242305
   -1    0    5    8   -0.002180
   -1    0    6    8    0.003025
   -1    0    7    8    0.000810
   -1    0    8    8   -0.000585
   -1    0    9    8    0.005083
   -1    0   10    8    0.006265
   -1    0   11    8    0.002390
   -1    0   12    8   -0.001585
   -1    0   13    8   -0.000577
   -1    0   14    8   -0.014537
   -1    0   15    8   -0.007650
   -1    0   16    8   -0.001775
   -1    0   17    8    0.003165
   -1    0   18    8    0.003385
   -1    0    1    9    0.011070
   -1    0    2    9   -0.007258
   -1    0    3    9   -0.038657
   -1    0    4    9    0.017830
   -1    0    5    9   -0.032487
   -1    0    6    9   -0.005962
   -1    0    7    9   -0.071410
   -1    0    8    9   -0.052922
   -1    0    9    9    0.031877
   -1    0   10    9    1.842952
   -1    0   11    9   -0.002952
   -1    0   12    9    0.011155
   -1    0   13    9    0.001662
   -1    0   14    9    0.044535
   -1    0   15    9    0.003132
   -1    0   16    9   -0.001202
   -1    0   17    9    0.029907
   -1    0   18    9    0.001535
   -1    0    1   10   -0.623748
   -1    0    2   10    0.048225
   -1    0    3   10   -1.310797
   -1    0    4   10   -0.026702
   -1    0    5   10    0.619982
   -1    0    6   10    0.082615
   -1    0    7   10   -0.040980
   -1    0    8   10    0.266997
   -1    0    9   10    0.461033
   -1    0   10   10   -0.320990
   -1    0   11   10   -0.000225
   -1    0   12   10   -0.062790
   -1    0   13   10    0.021855
   -1    0   14   10   -0.230920
   -1    0   15   10    0.020407
   -1    0   16   10    0.126070
   -1    0   17   10    0.034412
   -1    0   18   10   -0.043975
   -1    0    1   11   -0.380412
   -1    0    2   11    0.034033
   -1    0    3   11    0.076005
   -1    0    4   11    0.152127
   -1    0    5   11    0.078970
   -1    0    6   11    0.019912
   -1    0    7   11   -0.003532
   -1    0    8   11   -0.104695
   -1    0    9   11    0.003897
   -1    0   10   11    0.024677
   -1    0   11   11    0.014375
   -1    0   12   11   -0.008650
   -1    0   13   11    0.007562
   -1    0   14   11    0.194832
   -1    0   15   11   -0.066742
   -1    0   16   11   -0.001380
   -1    0   17   11    0.669913
   -1    0   18   11   -0.001325
   -1    0    1   12    0.196277
   -1    0    2   12    0.025427
   -1    0    3   12    0.432715
   -1    0    4   12    0.443845
   -1    0    5   12    0.166458
   -1    0    6   12    0.049672
   -1    0    7   12    0.022625
   -1    0    8   12   -0.334840
   -1    0    9   12    0.010425
   -1    0   10   12    0.067882
   -1    0   11   12   -0.003082
   -1    0   12   12    0.028858
   -1    0   13   12    0.052610
   -1    0   14   12    0.077995
   -1    0   15   12   -0.902165
   -1    0   16   12    0.007970
   -1    0   17   12   -0.034627
   -1    0   18   12   -0.021107
   -1    0    1   13    1.183980
   -1    0    2   13    0.551312
   -1    0    3   13   -0.173113
   -1    0    4   13    0.024452
   -1    0    5   13   -1.359797
   -1    0    6   13    0.086472
   -1    0    7   13    0.158975
   -1    0    8   13    1.712352
   -1    0    9   13    0.491837
   -1    0   10   13   -0.454537
   -1    0   11   13    0.326317
   -1    0   12   13    0.566495
   -1    0   13   13    0.001413
   -1    0   14   13    0.358072
   -1    0   15   13    0.142015
   -1    0   16   13    0.441568
   -1    0   17   13   -3.277332
   -1    0   18   13   -1.850853
   -1    0    1   14    0.123887
   -1    0    2   14    0.008925
   -1    0    3   14   -0.031420
   -1    0    4   14   -0.013148
   -1    0    5   14    0.006787
   -1    0    6   14   -0.005720
   -1    0    7   14    0.000935
   -1    0    8   14    0.086038
   -1    0    9   14   -0.012612
   -1    0   10   14   -0.030692
   -1    0   11   14   -0.000255
   -1    0   12   14   -0.000372
   -1    0   13   14    0.001025
   -1    0   14   14    0.051042
   -1    0   15   14    0.006247
   -1    0   16   14    0.007385
   -1    0   17   14    0.050737
   -1    0   18   14   -0.008857
   -1    0    1   15    0.271842
   -1    0    2   15   -0.011707
   -1    0    3   15   -0.149550
   -1    0    4   15   -3.645295
   -1    0    5   15    0.014855
   -1    0    6   15   -0.149155
   -1    0    7   15    0.015008
   -1    0    8   15   -0.093150
   -1    0    9   15    0.010170
   -1    0   10   15    0.069593
   -1    0   11   15   -0.008810
   -1    0   12   15    0.135700
   -1    0   13   15   -0.016147
   -1    0   14   15    0.448725
   -1    0   15   15    0.117672
   -1    0   16   15    0.037427
   -1    0   17   15   -0.000827
   -1    0   18   15   -0.181620
   -1    0    1   16    0.110728
   -1    0    2   16   -0.013437
   -1    0    3   16    2.300240
   -1    0    4   16   -0.036762
   -1    0    5   16   -0.043790
   -1    0    6   16    0.031410
   -1    0    7   16    0.011912
   -1    0    8   16   -0.159960
   -1    0    9   16    0.028098
   -1    0   10   16    0.041370
   -1    0   11   16   -0.016520
   -1    0   12   16   -0.077395
   -1    0   13   16    0.026307
   -1    0   14   16   -0.105500
   -1    0   15   16    0.056968
   -1    0   16   16   -0.218300
   -1    0   17   16   -0.014730
   -1    0   18   16    0.276305
   -1    0    1   17   -0.410280
   -1    0    2   17    0.012887
   -1    0    3   17    0.418038
   -1    0    4   17   -0.069120
   -1    0    5   17   -0.649662
   -1    0    6   17   -0.031717
   -1    0    7   17   -0.002002
   -1    0    8   17    1.797020
   -1    0    9   17    0.027392
   -1    0   10   17    0.009905
   -1    0   11   17   -0.003720
   -1    0   12   17    0.035690
   -1    0   13   17   -0.015465
   -1    0   14   17   -0.912460
   -1    0   15   17   -0.016142
   -1    0   16   17   -0.002812
   -1    0   17   17    0.050777
   -1    0   18   17   -0.033507
   -1    0    1   18    0.372010
   -1    0    2   18   -0.108005
   -1    0    3   18    0.199600
   -1    0    4   18    0.140825
   -1    0    5   18   -0.025347
   -1    0    6   18   -0.032860
   -1    0    7   18   -0.085047
   -1    0    8   18   -0.500182
   -1    0    9   18    0.051742
   -1    0   10   18    0.182517
   -1    0   11   18   -0.035275
   -1    0   12   18    0.142035
   -1    0   13   18   -0.020972
   -1    0   14   18   -0.079117
   -1    0   15   18    0.127885
   -1    0   16   18    0.052152
   -1    0   17   18   -0.269527
   -1    0   18   18   -0.347900
    0    0    1    1    4.370562
    0    0    2    1   -0.330050
    0    0    3    1    0.653345
    0    0    4    1   -0.277660
    0    0    5    1   -0.467020
    0    0    6    1    0.089587
    0    0    7    1   -0.071752
    0    0    8    1    0.123635
    0    0    9    1    0.028897
    0    0   10    1   -0.044812
    0    0   11    1   -0.275340
    0    0   12    1    0.211433
    0    0   13    1    0.071175
    0    0   14    1   -0.457580
    0    0   15    1   -0.151127
    0    0   16    1    0.203835
    0    0   17    1   -0.866973
    0    0   18    1    2.639802
    0    0    1    2   -0.330050
    0    0    2    2    5.818565
    0    0    3    2    0.037635
    0    0    4    2   -0.011225
    0    0    5    2    4.381830
    0    0    6    2    1.116315
    0    0    7    2   -2.270665
    0    0    8    2   -0.243977
    0    0    9    2   -0.059965
    0    0   10    2   -0.245668
    0    0   11    2    2.099265
    0    0   12    2   -0.045925
    0    0   13    2    4.722250
    0    0   14    2    1.013257
    0    0   15    2    0.487365
    0    0   16    2   -0.201988
    0    0   17    2   -1.080457
    0    0   18    2   -1.112812
    0    0    1    3    0.653345
    0    0    2    3    0.037635
    0    0    3    3   -1.082263
    0    0    4    3    0.026850
    0    0    5    3    0.300932
    0    0    6    3    0.282407
    0    0    7    3    0.489770
    0    0    8    3    0.252642
    0    0    9    3   -0.643665
    0    0   10    3   -0.216060
    0    0   11    3    0.056787
    0    0   12    3   -0.435427
    0    0   13    3   -0.067355
    0    0   14    3   -0.022043
    0    0   15    3    0.001445
    0    0   16    3    0.198167
    0    0   17    3    0.020247
    0    0   18    3   -0.160903
    0    0    1    4   -0.277660
    0    0    2    4   -0.011225
    0    0    3    4    0.026850
    0    0    4    4    3.858920
    0    0    5    4    0.037330
    0    0    6    4   -0.218705
    0    0    7    4   -0.135453
    0    0    8    4   -0.005665
    0    0    9    4    0.014893
    0    0   10    4   -0.536740
    0    0   11    4    0.044117
    0    0   12    4    0.008082
    0    0   13    4   -1.864872
    0    0   14    4    0.041325
    0    0   15    4   -0.217347
    0    0   16    4   -0.073167
    0    0   17    4    0.585762
    0    0   18    4   -0.059355
    0    0    1    5   -0.467020
    0    0    2    5    4.381830
    0    0    3    5    0.300932
    0    0    4    5    0.037330
    0    0    5    5    3.620110
    0    0    6    5    0.232453
    0    0    7    5    0.506110
    0    0    8    5    0.218005
    0    0    9    5    0.024097
    0    0   10    5    0.205060
    0    0   11    5    1.058422
    0    0   12    5   -0.223507
    0    0   13    5   -0.325457
    0    0   14    5    2.774720
    0    0   15    5   -0.068332
    0    0   16    5   -0.136515
    0    0   17    5    1.911648
    0    0   18    5   -1.102740
    0    0    1    6    0.089587
    0    0    2    6    1.116315
    0    0    3    6    0.282407
    0    0    4    6   -0.218705
    0    0    5    6    0.232453
    0    0    6    6    1.701955
    0    0    7    6   -0.002757
    0    0    8    6   -0.055993
    0    0    9    6    0.288567
    0    0   10    6   -0.511625
    0    0   11    6    0.018100
    0    0   12    6   -0.411385
    0    0   13    6    0.194895
    0    0   14    6   -0.068288
    0    0   15    6   -0.772687
    0    0   16    6    0.191975
    0    0   17    6    2.846555
    0    0   18    6    1.022102
    0    0    1    7   -0.071752
    0    0    2    7   -2.270665
    0    0    3    7    0.489770
    0    0    4    7   -0.135453
    0    0    5    7    0.506110
    0    0    6    7   -0.002757
    0    0    7    7   -1.251192
    0    0    8    7    0.124710
    0    0    9    7    0.045097
    0    0   10    7    0.151430
    0    0   11    7    0.638740
    0    0   12    7    0.562867
    0    0   13    7   -0.944555
    0    0   14    7   -0.599252
    0    0   15    7    0.651728
    0    0   16    7   -0.120090
    0    0   17    7    0.117175
    0    0   18    7   -0.018807
    0    0    1    8    0.123635
    0    0    2    8   -0.243977
    0    0    3    8    0.252642
    0    0    4    8   -0.005665
    0    0    5    8    0.218005
    0    0    6    8   -0.055993
    0    0    7    8    0.124710
    0    0    8    8    1.771690
    0    0    9    8    0.033550
    0    0   10    8    0.029890
    0    0   11    8   -0.092055
    0    0   12    8    0.019005
    0    0   13    8   -0.019393
    0    0   14    8    1.099115
    0    0   15    8    0.008172
    0    0   16    8   -0.021928
    0    0   17    8   -0.180765
    0    0   18    8   -0.182032
    0    0    1    9    0.028897
    0    0    2    9   -0.059965
    0    0    3    9   -0.643665
    0    0    4    9    0.014893
    0    0    5    9    0.024097
    0    0    6    9    0.288567
    0    0    7    9    0.045097
    0    0    8    9    0.033550
    0    0    9    9    2.724895
    0    0   10    9    0.295767
    0    0   11    9   -0.044942
    0    0   12    9   -0.142385
    0    0   13    9   -0.177790
    0    0   14    9    0.437850
    0    0   15    9   -0.368035
    0    0   16    9   -0.755865
    0    0   17    9    0.077860
    0    0   18    9   -0.723560
    0    0    1   10   -0.044812
    0    0    2   10   -0.245668
    0    0    3   10   -0.216060
    0    0    4   10   -0.536740
    0    0    5   10    0.205060
    0    0    6   10   -0.511625
    0    0    7   10    0.151430
    0    0    8   10    0.029890
    0    0    9   10    0.295767
    0    0   10   10  -11.027348
    0    0   11   10    0.041627
    0    0   12   10   -0.632807
    0    0   13   10    0.238838
    0    0   14   10    0.018418
    0    0   15   10    0.675723
    0    0   16   10   -0.571313
    0    0   17   10    0.598545
    0    0   18   10   -0.515802
    0    0    1   11   -0.275340
    0    0    2   11    2.099265
    0    0    3   11    0.056787
    0    0    4   11    0.044117
    0    0    5   11    1.058422
    0    0    6   11    0.018100
    0    0    7   11    0.638740
    0    0    8   11   -0.092055
    0    0    9   11   -0.044942
    0    0   10   11    0.041627
    0    0   11   11    1.806265
    0    0   12   11    0.379222
    0    0   13   11    1.253067
    0    0   14   11    0.249685
    0    0   15   11    1.178470
    0    0   16   11   -0.316410
    0    0   17   11   -1.117897
    0    0   18   11   -0.806105
    0    0    1   12    0.211433
    0    0    2   12   -0.045925
    0    0    3   12   -0.435427
    0    0    4   12    0.008082
    0    0    5   12   -0.223507
    0    0    6   12   -0.411385
    0    0    7   12    0.562867
    0    0    8   12    0.019005
    0    0    9   12   -0.142385
    0    0   10   12   -0.632807
    0    0   11   12    0.379222
    0    0   12   12   -5.924257
    0    0   13   12   -1.011807
    0    0   14   12    1.186737
    0    0   15   12   -0.626285
    0    0   16   12   -1.724370
    0    0   17   12    0.520505
    0    0   18   12   -0.474750
    0    0    1   13    0.071175
    0    0    2   13    4.722250
    0    0    3   13   -0.067355
    0    0    4   13   -1.864872
    0    0    5   13   -0.325457
    0    0    6   13    0.194895
    0    0    7   13   -0.944555
    0    0    8   13   -0.019393
    0    0    9   13   -0.177790
    0    0   10   13    0.238838
    0    0   11   13    1.253067
    0    0   12   13   -1.011807
    0    0   13   13   16.149230
    0    0   14   13    0.113092
    0    0   15   13   -0.141105
    0    0   16   13    2.281190
    0    0   17   13   -0.219640
    0    0   18   13   -2.542960
    0    0    1   14   -0.457580
    0    0    2   14    1.013257
    0    0    3   14   -0.022043
    0    0    4   14    0.041325
    0    0    5   14    2.774720
    0    0    6   14   -0.068288
    0    0    7   14   -0.599252
    0    0    8   14    1.099115
    0    0    9   14    0.437850
    0    0   10   14    0.018418
    0    0   11   14    0.249685
    0    0   12   14    1.186737
    0    0   13   14    0.113092
    0    0   14   14    3.311038
    0    0   15   14   -0.255452
    0    0   16   14    0.003732
    0    0   17   14    5.296232
    0    0   18   14   -1.210292
    0    0    1   15   -0.151127
    0    0    2   15    0.487365
    0    0    3   15    0.001445
    0    0    4   15   -0.217347
    0    0    5   15   -0.068332
    0    0    6   15   -0.772687
    0    0    7   15    0.651728
    0    0    8   15    0.008172
    0    0    9   15   -0.368035
    0    0   10   15    0.675723
    0    0   11   15    1.178470
    0    0   12   15   -0.626285
    0    0   13   15   -0.141105
    0    0   14   15   -0.255452
    0    0   15   15  -11.035082
    0    0   16   15   -0.283772
    0    0   17   15    2.984297
    0    0   18   15   -0.306610
    0    0    1   16    0.203835
    0    0    2   16   -0.201988
    0    0    3   16    0.198167
    0    0    4   16   -0.073167
    0    0    5   16   -0.136515
    0    0    6   16    0.191975
    0    0    7   16   -0.120090
    0    0    8   16   -0.021928
    0    0    9   16   -0.755865
    0    0   10   16   -0.571313
    0    0   11   16   -0.316410
    0    0   12   16   -1.724370
    0    0   13   16    2.281190
    0    0   14   16    0.003732
    0    0   15   16   -0.283772
    0    0   16   16    5.065213
    0    0   17   16    0.089252
    0    0   18   16    3.230020
    0    0    1   17   -0.866973
    0    0    2   17   -1.080457
    0    0    3   17    0.020247
    0    0    4   17    0.585762
    0    0    5   17    1.911648
    0    0    6   17    2.846555
    0    0    7   17    0.117175
    0    0    8   17   -0.180765
    0    0    9   17    0.077860
    0    0   10   17    0.598545
    0    0   11   17   -1.117897
    0    0   12   17    0.520505
    0    0   13   17   -0.219640
    0    0   14   17    5.296232
    0    0   15   17    2.984297
    0    0   16   17    0.089252
    0    0   17   17    4.285782
    0    0   18   17   -0.233910
    0    0    1   18    2.639802
    0    0    2   18   -1.112812
    0    0    3   18   -0.160903
    0    0    4   18   -0.059355
    0    0    5   18   -1.102740
    0    0    6   18    1.022102
    0    0    7   18   -0.018807
    0    0    8   18   -0.182032
    0    0    9   18   -0.723560
    0    0   10   18   -0.515802
    0    0   11   18   -0.806105
    0    0   12   18   -0.474750
    0    0   13   18   -2.542960
    0    0   14   18   -1.210292
    0    0   15   18   -0.306610
    0    0   16   18    3.230020
    0    0   17   18   -0.233910
    0    0   18   18   10.286610
    1    0    1    1    0.181760
    1    0    2    1    0.593145
    1    0    3    1   -0.087262
    1    0    4    1   -2.377045
    1    0    5    1   -0.468355
    1    0    6    1    0.230770
    1    0    7    1   -3.449090
    1    0    8    1   -0.040967
    1    0    9    1    0.011070
    1    0   10    1   -0.623748
    1    0   11    1   -0.380412
    1    0   12    1    0.196277
    1    0   13    1    1.183980
    1    0   14    1    0.123887
    1    0   15    1    0.271842
    1    0   16    1    0.110728
    1    0   17    1   -0.410280
    1    0   18    1    0.372010
    1    0    1    2   -0.001865
    1    0    2    2    0.100793
    1    0    3    2   -0.006625
    1    0    4    2    0.370565
    1    0    5    2   -0.003790
    1    0    6    2   -0.041852
    1    0    7    2   -0.097617
    1    0    8    2    0.003368
    1    0    9    2   -0.007258
    1    0   10    2    0.048225
    1    0   11    2    0.034033
    1    0   12    2    0.025427
    1    0   13    2    0.551312
    1    0   14    2    0.008925
    1    0   15    2   -0.011707
    1    0   16    2   -0.013437
    1    0   17    2    0.012887
    1    0   18    2   -0.108005
    1    0    1    3    0.022987
    1    0    2    3   -0.266430
    1    0    3    3    0.027712
    1    0    4    3    0.076095
    1    0    5    3   -0.027530
    1    0    6    3   -0.724583
    1    0    7    3   -0.078277
    1    0    8    3   -0.002625
    1    0    9    3   -0.038657
    1    0   10    3   -1.310797
    1    0   11    3    0.076005
    1    0   12    3    0.432715
    1    0   13    3   -0.173113
    1    0   14    3   -0.031420
    1    0   15    3   -0.149550
    1    0   16    3    2.300240
    1    0   17    3    0.418038
    1    0   18    3    0.199600
    1    0    1    4    0.328908
    1    0    2    4   -0.026585
    1    0    3    4   -3.563835
    1    0    4    4   -0.090280
    1    0    5    4   -0.030575
    1    0    6    4   -0.124052
    1    0    7    4    0.111537
    1    0    8    4   -0.242305
    1    0    9    4    0.017830
    1    0   10    4   -0.026702
    1    0   11    4    0.152127
    1    0   12    4    0.443845
    1    0   13    4    0.024452
    1    0   14    4   -0.013148
    1    0   15    4   -3.645295
    1    0   16    4   -0.036762
    1    0   17    4   -0.069120
    1    0   18    4    0.140825
    1    0    1    5   -0.029630
    1    0    2    5    0.058262
    1    0    3    5    0.003020
    1    0    4    5    0.769670
    1    0    5    5   -0.000358
    1    0    6    5   -0.079130
    1    0    7    5   -0.098090
    1    0    8    5   -0.002180
    1    0    9    5   -0.032487
    1    0   10    5    0.619982
    1    0   11    5    0.078970
    1    0   12    5    0.166458
    1    0   13    5   -1.359797
    1    0   14    5    0.006787
    1    0   15    5    0.014855
    1    0   16    5   -0.043790
    1    0   17    5   -0.649662
    1    0   18    5   -0.025347
    1    0    1    6    0.005160
    1    0    2    6    0.006790
    1    0    3    6   -0.014522
    1    0    4    6    0.022238
    1    0    5    6   -0.019120
    1    0    6    6   -0.004550
    1    0    7    6   -0.045863
    1    0    8    6    0.003025
    1    0    9    6   -0.005962
    1    0   10    6    0.082615
    1    0   11    6    0.019912
    1    0   12    6    0.049672
    1    0   13    6    0.086472
    1    0   14    6   -0.005720
    1    0   15    6   -0.149155
    1    0   16    6    0.031410
    1    0   17    6   -0.031717
    1    0   18    6   -0.032860
    1    0    1    7   -0.001515
    1    0    2    7   -0.032438
    1    0    3    7    0.052975
    1    0    4    7   -0.004010
    1    0    5    7   -0.022285
    1    0    6    7    0.067730
    1    0    7    7    0.039637
    1    0    8    7    0.000810
    1    0    9    7   -0.071410
    1    0   10    7   -0.040980
    1    0   11    7   -0.003532
    1    0   12    7    0.022625
    1    0   13    7    0.158975
    1    0   14    7    0.000935
    1    0   15    7    0.015008
    1    0   16    7    0.011912
    1    0   17    7   -0.002002
    1    0   18    7   -0.085047
    1    0    1    8   -0.027137
    1    0    2    8    0.265110
    1    0    3    8   -0.016455
    1    0    4    8    0.362687
    1    0    5    8    0.180037
    1    0    6    8    0.312072
    1    0    7    8    1.064992
    1    0    8    8   -0.000585
    1    0    9    8   -0.052922
    1    0   10    8    0.266997
    1    0   11    8   -0.104695
    1    0   12    8   -0.334840
    1    0   13    8    1.712352
    1    0   14    8    0.086038
    1    0   15    8   -0.093150
    1    0   16    8   -0.159960
    1    0   17    8    1.797020
    1    0   18    8   -0.500182
    1    0    1    9   -0.009365
    1    0    2    9   -0.004125
    1    0    3    9   -0.022600
    1    0    4    9    0.874592
    1    0    5    9    0.006608
    1    0    6    9   -0.188920
    1    0    7    9    0.046355
    1    0    8    9    0.005083
    1    0    9    9    0.031877
    1    0   10    9    0.461033
    1    0   11    9    0.003897
    1    0   12    9    0.010425
    1    0   13    9    0.491837
    1    0   14    9   -0.012612
    1    0   15    9    0.010170
    1    0   16    9    0.028098
    1    0   17    9    0.027392
    1    0   18    9    0.051742
    1    0    1   10   -0.011632
    1    0    2   10   -0.071727
    1    0    3   10    0.199865
    1    0    4   10    0.217715
    1    0    5   10   -0.008985
    1    0    6   10   -0.235072
    1    0    7   10   -0.012595
    1    0    8   10    0.006265
    1    0    9   10    1.842952
    1    0   10   10   -0.320990
    1    0   11   10    0.024677
    1    0   12   10    0.067882
    1    0   13   10   -0.454537
    1    0   14   10   -0.030692
    1    0   15   10    0.069593
    1    0   16   10    0.041370
    1    0   17   10    0.009905
    1    0   18   10    0.182517
    1    0    1   11   -0.002192
    1    0    2   11    0.038058
    1    0    3   11    0.000470
    1    0    4   11   -0.533427
    1    0    5   11    0.000048
    1    0    6   11   -0.056805
    1    0    7   11    0.128213
    1    0    8   11    0.002390
    1    0    9   11   -0.002952
    1    0   10   11   -0.000225
    1    0   11   11    0.014375
    1    0   12   11   -0.003082
    1    0   13   11    0.326317
    1    0   14   11   -0.000255
    1    0   15   11   -0.008810
    1    0   16   11   -0.016520
    1    0   17   11   -0.003720
    1    0   18   11   -0.035275
    1    0    1   12   -0.010122
    1    0    2   12    0.010975
    1    0    3   12   -0.014542
    1    0    4   12    2.384397
    1    0    5   12    0.008895
    1    0    6   12   -0.260958
    1    0    7   12   -0.082767
    1    0    8   12   -0.001585
    1    0    9   12    0.011155
    1    0   10   12   -0.062790
    1    0   11   12   -0.008650
    1    0   12   12    0.028858
    1    0   13   12    0.566495
    1    0   14   12   -0.000372
    1    0   15   12    0.135700
    1    0   16   12   -0.077395
    1    0   17   12    0.035690
    1    0   18   12    0.142035
    1    0    1   13   -0.002682
    1    0    2   13    0.015610
    1    0    3   13   -0.007190
    1    0    4   13    0.128287
    1    0    5   13   -0.008005
    1    0    6   13   -0.006970
    1    0    7   13   -0.040715
    1    0    8   13   -0.000577
    1    0    9   13    0.001662
    1    0   10   13    0.021855
    1    0   11   13    0.007562
    1    0   12   13    0.052610
    1    0   13   13    0.001413
    1    0   14   13    0.001025
    1    0   15   13   -0.016147
    1    0   16   13    0.026307
    1    0   17   13   -0.015465
    1    0   18   13   -0.020972
    1    0    1   14   -0.037542
    1    0    2   14    0.261217
    1    0    3   14   -0.001330
    1    0    4   14    0.696042
    1    0    5   14    0.008390
    1    0    6   14    0.170838
    1    0    7   14   -0.360615
    1    0    8   14   -0.014537
    1    0    9   14    0.044535
    1    0   10   14   -0.230920
    1    0   11   14    0.194832
    1    0   12   14    0.077995
    1    0   13   14    0.358072
    1    0   14   14    0.051042
    1    0   15   14    0.448725
    1    0   16   14   -0.105500
    1    0   17   14   -0.912460
    1    0   18   14   -0.079117
    1    0    1   15    0.012090
    1    0    2   15   -0.036002
    1    0    3   15    0.229683
    1    0    4   15   -0.224613
    1    0    5   15   -0.037400
    1    0    6   15   -0.047970
    1    0    7   15   -0.199275
    1    0    8   15   -0.007650
    1    0    9   15    0.003132
    1    0   10   15    0.020407
    1    0   11   15   -0.066742
    1    0   12   15   -0.902165
    1    0   13   15    0.142015
    1    0   14   15    0.006247
    1    0   15   15    0.117672
    1    0   16   15    0.056968
    1    0   17   15   -0.016142
    1    0   18   15    0.127885
    1    0    1   16   -0.014540
    1    0    2   16    0.014312
    1    0    3   16    0.010272
    1    0    4   16   -0.001942
    1    0    5   16    0.005380
    1    0    6   16   -0.020837
    1    0    7   16   -0.030365
    1    0    8   16   -0.001775
    1    0    9   16   -0.001202
    1    0   10   16    0.126070
    1    0   11   16   -0.001380
    1    0   12   16    0.007970
    1    0   13   16    0.441568
    1    0   14   16    0.007385
    1    0   15   16    0.037427
    1    0   16   16   -0.218300
    1    0   17   16   -0.002812
    1    0   18   16    0.052152
    1    0    1   17   -0.009425
    1    0    2   17    3.037390
    1    0    3   17    0.014052
    1    0    4   17   -0.010373
    1    0    5   17    0.096017
    1    0    6   17   -0.747972
    1    0    7   17    3.193458
    1    0    8   17    0.003165
    1    0    9   17    0.029907
    1    0   10   17    0.034412
    1    0   11   17    0.669913
    1    0   12   17   -0.034627
    1    0   13   17   -3.277332
    1    0   14   17    0.050737
    1    0   15   17   -0.000827
    1    0   16   17   -0.014730
    1    0   17   17    0.050777
    1    0   18   17   -0.269527
    1    0    1   18    0.029702
    1    0    2   18   -0.037283
    1    0    3   18    0.007325
    1    0    4   18   -1.926845
    1    0    5   18   -0.036068
    1    0    6   18    0.390010
    1    0    7   18   -0.073710
    1    0    8   18    0.003385
    1    0    9   18    0.001535
    1    0   10   18   -0.043975
    1    0   11   18   -0.001325
    1    0   12   18   -0.021107
    1    0   13   18   -1.850853
    1    0   14   18   -0.008857
    1    0   15   18   -0.181620
    1    0   16   18    0.276305
    1    0   17   18   -0.033507
    1    0   18   18   -0.347900
   -1    1    1    1   -0.009255
   -1    1    2    1    0.001002
   -1    1    3    1    0.002520
   -1    1    4    1   -0.001817
   -1    1    5    1    0.002932
   -1    1    6    1   -0.006477
   -1    1    7    1   -0.000667
   -1    1    8    1    0.001727
   -1    1    9    1   -0.004440
   -1    1   10    1   -0.001437
   -1    1   11    1   -0.000365
   -1    1   12    1    0.001592
   -1    1   13    1    0.002077
   -1    1   14    1    0.002625
   -1    1   15    1    0.007060
   -1    1   16    1    0.005220
   -1    1   17    1    0.005575
   -1    1   18    1    0.007088
   -1    1    1    2   -0.014023
   -1    1    2    2    0.000590
   -1    1    3    2    0.000260
   -1    1    4    2    0.033635
   -1    1    5    2    0.005132
   -1    1    6    2    0.003377
   -1    1    7    2    0.000793
   -1    1    8    2    0.013995
   -1    1    9    2   -0.000228
   -1    1   10    2    0.004290
   -1    1   11    2   -0.001022
   -1    1   12    2    0.003505
   -1    1   13    2   -0.002820
   -1    1   14    2    0.007010
   -1    1   15    2    0.002035
   -1    1   16    2   -0.000145
   -1    1   17    2    0.028612
   -1    1   18    2   -0.004930
   -1    1    1    3   -0.011555
   -1    1    2    3   -0.000622
   -1    1    3    3    0.000103
   -1    1    4    3   -0.012050
   -1    1    5    3    0.001007
   -1    1    6    3   -0.002505
   -1    1    7    3    0.001690
   -1    1    8    3   -0.003170
   -1    1    9    3   -0.000543
   -1    1   10    3   -0.003665
   -1    1   11    3    0.000442
   -1    1   12    3    0.003517
   -1    1   13    3    0.000375
   -1    1   14    3   -0.003058
   -1    1   15    3   -0.010380
   -1    1   16    3    0.001855
   -1    1   17    3    0.000270
   -1    1   18    3    0.001917
   -1    1    1    4    0.031692
   -1    1    2    4   -0.000803
   -1    1    3    4    0.115100
   -1    1    4    4    0.005667
   -1    1    5    4   -0.018772
   -1    1    6    4    0.010278
   -1    1    7    4   -0.007553
   -1    1    8    4   -0.010725
   -1    1    9    4   -0.002840
   -1    1   10    4    0.006782
   -1    1   11    4    0.000000
   -1    1   12    4   -0.001437
   -1    1   13    4    0.003107
   -1    1   14    4   -0.006480
   -1    1   15    4   -0.009465
   -1    1   16    4    0.003100
   -1    1   17    4   -0.003062
   -1    1   18    4   -0.020665
   -1    1    1    5    0.005638
   -1    1    2    5   -0.000892
   -1    1    3    5    0.001180
   -1    1    4    5    0.007992
   -1    1    5    5   -0.000520
   -1    1    6    5   -0.002175
   -1    1    7    5   -0.001490
   -1    1    8    5    0.002520
   -1    1    9    5    0.001072
   -1    1   10    5    0.007330
   -1    1   11    5   -0.000692
   -1    1   12    5   -0.000650
   -1    1   13    5   -0.003785
   -1    1   14    5    0.001872
   -1    1   15    5    0.004392
   -1    1   16    5   -0.000940
   -1    1   17    5    0.004122
   -1    1   18    5    0.001687
   -1    1    1    6   -0.008635
   -1    1    2    6   -0.000620
   -1    1    3    6   -0.026682
   -1    1    4    6    0.001518
   -1    1    5    6    0.003133
   -1    1    6    6   -0.006870
   -1    1    7    6    0.019677
   -1    1    8    6    0.008302
   -1    1    9    6    0.001305
   -1    1   10    6   -0.057215
   -1    1   11    6    0.000762
   -1    1   12    6    0.009077
   -1    1   13    6   -0.013843
   -1    1   14    6   -0.016747
   -1    1   15    6   -0.025920
   -1    1   16    6    0.018540
   -1    1   17    6    0.017835
   -1    1   18    6    0.007347
   -1    1    1    7   -0.078293
   -1    1    2    7   -0.018363
   -1    1    3    7    0.324557
   -1    1    4    7   -0.006660
   -1    1    5    7    0.000987
   -1    1    6    7   -0.020587
   -1    1    7    7   -0.007162
   -1    1    8    7    0.882955
   -1    1    9    7    0.018485
   -1    1   10    7    0.019330
   -1    1   11    7   -0.005525
   -1    1   12    7    0.040337
   -1    1   13    7    0.000303
   -1    1   14    7    0.061230
   -1    1   15    7    0.005820
   -1    1   16    7   -0.007602
   -1    1   17    7    0.007390
   -1    1   18    7    0.004277
   -1    1    1    8   -0.000862
   -1    1    2    8    0.000552
   -1    1    3    8   -0.000995
   -1    1    4    8    0.000925
   -1    1    5    8    0.000910
   -1    1    6    8   -0.001560
   -1    1    7    8    0.001978
   -1    1    8    8    0.000333
   -1    1    9    8    0.001535
   -1    1   10    8    0.000515
   -1    1   11    8    0.000115
   -1    1   12    8   -0.001317
   -1    1   13    8    0.000152
   -1    1   14    8    0.000417
   -1    1   15    8   -0.001672
   -1    1   16    8   -0.000985
   -1    1   17    8    0.000282
   -1    1   18    8    0.003152
   -1    1    1    9    0.031645
   -1    1    2    9    0.006777
   -1    1    3    9   -0.018545
   -1    1    4    9   -0.327185
   -1    1    5    9   -0.028945
   -1    1    6    9    0.001310
   -1    1    7    9   -0.036640
   -1    1    8    9   -0.069675
   -1    1    9    9    0.017635
   -1    1   10    9   -0.011550
   -1    1   11    9    0.005950
   -1    1   12    9    0.002763
   -1    1   13    9   -0.004330
   -1    1   14    9   -0.044077
   -1    1   15    9   -0.002627
   -1    1   16    9   -0.002617
   -1    1   17    9   -0.179373
   -1    1   18    9    0.013470
   -1    1    1   10   -0.011083
   -1    1    2   10   -0.019305
   -1    1    3   10   -0.011145
   -1    1    4   10   -0.205922
   -1    1    5   10   -0.020210
   -1    1    6   10    0.005865
   -1    1    7   10    0.008530
   -1    1    8   10    0.004077
   -1    1    9   10    0.030330
   -1    1   10   10    0.029877
   -1    1   11   10   -0.001288
   -1    1   12   10    0.001413
   -1    1   13   10    0.009212
   -1    1   14   10   -0.023527
   -1    1   15   10    0.016100
   -1    1   16   10    0.017155
   -1    1   17   10   -0.034642
   -1    1   18   10   -0.024465
   -1    1    1   11   -0.006638
   -1    1    2   11    0.000908
   -1    1    3   11   -0.000230
   -1    1    4   11    0.021145
   -1    1    5   11    0.000030
   -1    1    6   11    0.001958
   -1    1    7   11   -0.002693
   -1    1    8   11   -0.000170
   -1    1    9   11    0.000662
   -1    1   10   11   -0.000800
   -1    1   11   11    0.000095
   -1    1   12   11    0.001648
   -1    1   13   11   -0.000460
   -1    1   14   11   -0.002585
   -1    1   15   11    0.003818
   -1    1   16   11   -0.000505
   -1    1   17   11    0.004877
   -1    1   18   11   -0.002602
   -1    1    1   12   -0.055415
   -1    1    2   12   -0.002112
   -1    1    3   12   -0.008837
   -1    1    4   12    0.002132
   -1    1    5   12    0.004042
   -1    1    6   12   -0.001957
   -1    1    7   12    0.009428
   -1    1    8   12    0.009370
   -1    1    9   12   -0.003775
   -1    1   10   12   -0.002555
   -1    1   11   12   -0.000608
   -1    1   12   12    0.005400
   -1    1   13   12   -0.004640
   -1    1   14   12    0.005642
   -1    1   15   12   -0.031040
   -1    1   16   12   -0.005127
   -1    1   17   12    0.067215
   -1    1   18   12   -0.001910
   -1    1    1   13   -0.056422
   -1    1    2   13   -0.020710
   -1    1    3   13   -0.005602
   -1    1    4   13    0.102870
   -1    1    5   13   -0.010105
   -1    1    6   13    0.014877
   -1    1    7   13   -0.005200
   -1    1    8   13    0.066432
   -1    1    9   13    0.001030
   -1    1   10   13    0.006315
   -1    1   11   13   -0.005968
   -1    1   12   13    0.005252
   -1    1   13   13   -0.004452
   -1    1   14   13    0.002142
   -1    1   15   13   -0.018650
   -1    1   16   13   -0.003607
   -1    1   17   13    0.041282
   -1    1   18   13   -0.022652
   -1    1    1   14    0.004202
   -1    1    2   14   -0.000562
   -1    1    3   14   -0.000068
   -1    1    4   14    0.001157
   -1    1    5   14    0.000415
   -1    1    6   14    0.005652
   -1    1    7   14   -0.005300
   -1    1    8   14    0.001837
   -1    1    9   14   -0.001252
   -1    1   10   14    0.005665
   -1    1   11   14   -0.000612
   -1    1   12   14   -0.001823
   -1    1   13   14   -0.004448
   -1    1   14   14    0.003312
   -1    1   15   14   -0.000548
   -1    1   16   14   -0.003548
   -1    1   17   14    0.006232
   -1    1   18   14   -0.001505
   -1    1    1   15   -0.005278
   -1    1    2   15    0.000018
   -1    1    3   15   -0.002280
   -1    1    4   15    0.021985
   -1    1    5   15   -0.001635
   -1    1    6   15   -0.007490
   -1    1    7   15   -0.001935
   -1    1    8   15   -0.019432
   -1    1    9   15   -0.006107
   -1    1   10   15    0.005307
   -1    1   11   15    0.000847
   -1    1   12   15    0.000797
   -1    1   13   15    0.000183
   -1    1   14   15    0.002655
   -1    1   15   15   -0.005717
   -1    1   16   15   -0.007195
   -1    1   17   15    0.004607
   -1    1   18   15    0.005687
   -1    1    1   16    0.002385
   -1    1    2   16   -0.002050
   -1    1    3   16   -0.009332
   -1    1    4   16    0.004512
   -1    1    5   16    0.002475
   -1    1    6   16    0.000005
   -1    1    7   16    0.003900
   -1    1    8   16    0.002895
   -1    1    9   16    0.003795
   -1    1   10   16    0.022810
   -1    1   11   16   -0.000465
   -1    1   12   16   -0.002792
   -1    1   13   16    0.000300
   -1    1   14   16   -0.000510
   -1    1   15   16    0.005322
   -1    1   16   16    0.019520
   -1    1   17   16   -0.000095
   -1    1   18   16    0.010032
   -1    1    1   17    0.003672
   -1    1    2   17   -0.004577
   -1    1    3   17    0.005867
   -1    1    4   17    0.003142
   -1    1    5   17    0.000145
   -1    1    6   17    0.001772
   -1    1    7   17    0.001400
   -1    1    8   17    0.003192
   -1    1    9   17    0.003290
   -1    1   10   17    0.006657
   -1    1   11   17   -0.000620
   -1    1   12   17   -0.002247
   -1    1   13   17   -0.003593
   -1    1   14   17    0.001902
   -1    1   15   17   -0.005763
   -1    1   16   17   -0.002958
   -1    1   17   17    0.000277
   -1    1   18   17    0.002950
   -1    1    1   18    0.004467
   -1    1    2   18    0.005960
   -1    1    3   18    0.009443
   -1    1    4   18   -0.078312
   -1    1    5   18   -0.010305
   -1    1    6   18   -0.026380
   -1    1    7   18   -0.013857
   -1    1    8   18   -0.008500
   -1    1    9   18    0.002665
   -1    1   10   18    0.061760
   -1    1   11   18    0.004205
   -1    1   12   18   -0.011210
   -1    1   13   18    0.016492
   -1    1   14   18   -0.010670
   -1    1   15   18    0.013145
   -1    1   16   18    0.006790
   -1    1   17   18   -0.057960
   -1    1   18   18   -0.002610
    0    1    1    1    0.030645
    0    1    2    1   -0.001075
    0    1    3    1    0.030645
    0    1    4    1    0.075042
    0    1    5    1    0.007475
    0    1    6    1   -0.012453
    0    1    7    1    0.017365
    0    1    8    1   -0.011090
    0    1    9    1    0.007323
    0    1   10    1   -0.001040
    0    1   11    1    0.003192
    0    1   12    1    0.001335
    0    1   13    1    0.002305
    0    1   14    1   -0.008735
    0    1   15    1   -0.007298
    0    1   16    1   -0.001122
    0    1   17    1   -0.018547
    0    1   18    1    0.005877
    0    1    1    2   -0.047838
    0    1    2    2   -0.015270
    0    1    3    2    0.023303
    0    1    4    2    0.006925
    0    1    5    2   -0.003933
    0    1    6    2   -0.008725
    0    1    7    2    0.112185
    0    1    8    2   -0.029925
    0    1    9    2    0.000132
    0    1   10    2    0.010235
    0    1   11    2    0.007592
    0    1   12    2   -0.019152
    0    1   13    2   -0.014667
    0    1   14    2   -0.000295
    0    1   15    2    0.007850
    0    1   16    2    0.038447
    0    1   17    2    0.012715
    0    1   18    2   -0.020117
    0    1    1    3   -0.112720
    0    1    2    3   -0.004788
    0    1    3    3    0.051995
    0    1    4    3   -0.009100
    0    1    5    3   -0.014430
    0    1    6    3    0.010610
    0    1    7    3   -0.005415
    0    1    8    3    0.091285
    0    1    9    3   -0.004428
    0    1   10    3    0.008985
    0    1   11    3   -0.003785
    0    1   12    3    0.009327
    0    1   13    3   -0.003865
    0    1   14    3    0.000080
    0    1   15    3    0.692100
    0    1   16    3   -0.041472
    0    1   17    3   -0.008240
    0    1   18    3   -0.023410
    0    1    1    4    0.028595
    0    1    2    4    0.030720
    0    1    3    4    0.008613
    0    1    4    4   -0.028687
    0    1    5    4    0.008037
    0    1    6    4   -0.018955
    0    1    7    4   -0.006872
    0    1    8    4    0.003667
    0    1    9    4    0.002067
    0    1   10    4    0.097050
    0    1   11    4   -0.001640
    0    1   12    4   -0.003615
    0    1   13    4   -0.034142
    0    1   14    4    0.008305
    0    1   15    4    0.027910
    0    1   16    4    0.026260
    0    1   17    4   -0.003785
    0    1   18    4    0.001383
    0    1    1    5   -0.056950
    0    1    2    5    0.008702
    0    1    3    5    0.024773
    0    1    4    5   -0.008425
    0    1    5    5    0.003225
    0    1    6    5   -0.003152
    0    1    7    5   -0.004550
    0    1    8    5   -0.026038
    0    1    9    5   -0.003265
    0    1   10    5   -0.000137
    0    1   11    5    0.004110
    0    1   12    5   -0.007122
    0    1   13    5    0.002767
    0    1   14    5   -0.007867
    0    1   15    5   -0.023038
    0    1   16    5    0.027760
    0    1   17    5    0.007997
    0    1   18    5   -0.014122
    0    1    1    6    0.226738
    0    1    2    6   -0.013767
    0    1    3    6    0.005372
    0    1    4    6   -0.001670
    0    1    5    6    0.005160
    0    1    6    6   -0.108508
    0    1    7    6    0.116482
    0    1    8    6   -0.029633
    0    1    9    6   -0.012335
    0    1   10    6   -0.046602
    0    1   11    6    0.002657
    0    1   12    6   -0.026832
    0    1   13    6    0.005885
    0    1   14    6   -0.057082
    0    1   15    6    0.107010
    0    1   16    6   -0.126540
    0    1   17    6   -0.053640
    0    1   18    6    0.118252
    0    1    1    7   -0.076200
    0    1    2    7    3.051907
    0    1    3    7   -0.066082
    0    1    4    7    0.015787
    0    1    5    7    0.862735
    0    1    6    7   -0.693172
    0    1    7    7   -0.093577
    0    1    8    7    0.158505
    0    1    9    7    0.006215
    0    1   10    7   -0.227402
    0    1   11    7   -0.014770
    0    1   12    7   -0.333118
    0    1   13    7    0.044345
    0    1   14    7    0.256250
    0    1   15    7    2.088773
    0    1   16    7    0.539855
    0    1   17    7   -0.353072
    0    1   18    7    0.663878
    0    1    1    8   -0.009312
    0    1    2    8    0.001907
    0    1    3    8   -0.001440
    0    1    4    8    0.011262
    0    1    5    8    0.000870
    0    1    6    8    0.003445
    0    1    7    8   -0.005512
    0    1    8    8    0.006917
    0    1    9    8   -0.001150
    0    1   10    8    0.001432
    0    1   11    8   -0.000025
    0    1   12    8    0.001785
    0    1   13    8   -0.001837
    0    1   14    8    0.002005
    0    1   15    8    0.006110
    0    1   16    8   -0.001125
    0    1   17    8    0.005062
    0    1   18    8    0.003260
    0    1    1    9   -1.460038
    0    1    2    9   -0.123725
    0    1    3    9   -1.432133
    0    1    4    9    0.013002
    0    1    5    9   -0.133995
    0    1    6    9    0.126955
    0    1    7    9   -1.213465
    0    1    8    9    0.332802
    0    1    9    9    0.018620
    0    1   10    9    0.074470
    0    1   11    9   -0.137845
    0    1   12    9   -0.185257
    0    1   13    9    0.021853
    0    1   14    9    0.029430
    0    1   15    9   -0.614087
    0    1   16    9    0.020105
    0    1   17    9   -0.124797
    0    1   18    9   -0.111225
    0    1    1   10   -0.213277
    0    1    2   10   -0.019412
    0    1    3   10    0.000500
    0    1    4   10   -0.179827
    0    1    5   10    0.086002
    0    1    6   10    0.060542
    0    1    7   10    0.094270
    0    1    8   10    0.138082
    0    1    9   10   -0.044198
    0    1   10   10   -0.100562
    0    1   11   10   -0.032295
    0    1   12   10   -0.037375
    0    1   13   10    0.026398
    0    1   14   10    0.152900
    0    1   15   10    0.131737
    0    1   16   10    0.006302
    0    1   17   10    0.304372
    0    1   18   10   -0.017533
    0    1    1   11   -0.059782
    0    1    2   11   -0.018037
    0    1    3   11    0.175930
    0    1    4   11    0.002245
    0    1    5   11   -0.037672
    0    1    6   11    0.011717
    0    1    7   11    0.044690
    0    1    8   11   -0.137280
    0    1    9   11   -0.001570
    0    1   10   11   -0.004220
    0    1   11   11   -0.001798
    0    1   12   11   -0.018300
    0    1   13   11   -0.009765
    0    1   14   11   -0.051342
    0    1   15   11   -0.057245
    0    1   16   11    0.008962
    0    1   17   11    0.028118
    0    1   18   11   -0.021807
    0    1    1   12   -0.241370
    0    1    2   12   -0.039242
    0    1    3   12   -0.864290
    0    1    4   12    0.032200
    0    1    5   12    0.143342
    0    1    6   12    0.049540
    0    1    7   12    0.318518
    0    1    8   12    0.161702
    0    1    9   12    0.016120
    0    1   10   12   -0.008400
    0    1   11   12    0.021043
    0    1   12   12    0.050000
    0    1   13   12   -0.023215
    0    1   14   12    0.007785
    0    1   15   12    0.593232
    0    1   16   12   -0.293695
    0    1   17   12   -0.027253
    0    1   18   12    0.022350
    0    1    1   13   -0.056070
    0    1    2   13   -0.160592
    0    1    3   13    0.032070
    0    1    4   13    0.014072
    0    1    5   13   -0.105398
    0    1    6   13    0.088880
    0    1    7   13    0.633913
    0    1    8   13   -0.143157
    0    1    9   13   -0.004500
    0    1   10   13    0.049677
    0    1   11   13    0.010522
    0    1   12   13   -0.073220
    0    1   13   13   -0.101972
    0    1   14   13   -0.087855
    0    1   15   13    0.135005
    0    1   16   13    0.063370
    0    1   17   13   -0.007578
    0    1   18   13    0.115437
    0    1    1   14    0.073847
    0    1    2   14    0.009710
    0    1    3   14    0.018875
    0    1    4   14    0.001092
    0    1    5   14    0.000923
    0    1    6   14    0.004615
    0    1    7   14    0.009940
    0    1    8   14   -0.028802
    0    1    9   14    0.000235
    0    1   10   14    0.012793
    0    1   11   14    0.003188
    0    1   12   14    0.003052
    0    1   13   14   -0.001885
    0    1   14   14    0.001557
    0    1   15   14    0.012440
    0    1   16   14    0.006855
    0    1   17   14   -0.008913
    0    1   18   14   -0.009007
    0    1    1   15    0.016325
    0    1    2   15   -0.101607
    0    1    3   15    0.034427
    0    1    4   15    0.058752
    0    1    5   15    0.104162
    0    1    6   15   -0.030325
    0    1    7   15    0.001607
    0    1    8   15    0.174565
    0    1    9   15    0.004897
    0    1   10   15    0.012802
    0    1   11   15    0.020973
    0    1   12   15    0.039815
    0    1   13   15    0.007802
    0    1   14   15   -0.026020
    0    1   15   15    0.012510
    0    1   16   15   -0.049703
    0    1   17   15    0.036520
    0    1   18   15    0.014857
    0    1    1   16   -0.026270
    0    1    2   16    0.002615
    0    1    3   16   -0.008327
    0    1    4   16   -0.003452
    0    1    5   16    0.001067
    0    1    6   16   -0.006722
    0    1    7   16   -0.008030
    0    1    8   16   -0.001737
    0    1    9   16    0.003750
    0    1   10   16   -0.021370
    0    1   11   16    0.000858
    0    1   12   16    0.000567
    0    1   13   16    0.016250
    0    1   14   16   -0.000608
    0    1   15   16    0.010790
    0    1   16   16   -0.063060
    0    1   17   16    0.003362
    0    1   18   16    0.027443
    0    1    1   17    0.010390
    0    1    2   17    0.019795
    0    1    3   17   -0.007922
    0    1    4   17   -0.009285
    0    1    5   17   -0.015665
    0    1    6   17   -0.024375
    0    1    7   17   -0.016583
    0    1    8   17   -0.028900
    0    1    9   17    0.000252
    0    1   10   17    0.005795
    0    1   11   17   -0.002640
    0    1   12   17   -0.000923
    0    1   13   17    0.003073
    0    1   14   17    0.013857
    0    1   15   17    0.007168
    0    1   16   17    0.014477
    0    1   17   17    0.005485
    0    1   18   17   -0.017220
    0    1    1   18    0.259547
    0    1    2   18    0.022817
    0    1    3   18   -0.025612
    0    1    4   18   -0.015647
    0    1    5   18   -0.086392
    0    1    6   18    0.009205
    0    1    7   18   -0.216475
    0    1    8   18   -0.154942
    0    1    9   18   -0.014733
    0    1   10   18    0.061422
    0    1   11   18   -0.008747
    0    1   12   18    0.056100
    0    1   13   18    0.009910
    0    1   14   18   -0.024582
    0    1   15   18    0.062112
    0    1   16   18    0.099160
    0    1   17   18   -0.090705
    0    1   18   18   -0.204747
    1    1    1    1    0.027615
    1    1    2    1    0.004542
    1    1    3    1    0.015860
    1    1    4    1    0.017895
    1    1    5    1   -0.011535
    1    1    6    1    0.049607
    1    1    7    1   -0.081635
    1    1    8    1    0.044958
    1    1    9    1   -0.005370
    1    1   10    1    0.020845
    1    1   11    1   -0.012717
    1    1   12    1    0.003300
    1    1   13    1    0.004115
    1    1   14    1    0.012765
    1    1   15    1    0.086820
    1    1   16    1    0.052125
    1    1   17    1    0.037170
    1    1   18    1   -0.005545
    1    1    1    2   -0.008597
    1    1    2    2    0.015022
    1    1    3    2    0.021487
    1    1    4    2    0.003385
    1    1    5    2    0.002225
    1    1    6    2   -0.024777
    1    1    7    2   -0.042107
    1    1    8    2   -0.004923
    1    1    9    2   -0.004600
    1    1   10    2    0.016352
    1    1   11    2    0.002887
    1    1   12    2    0.056820
    1    1   13    2    0.019870
    1    1   14    2    0.006657
    1    1   15    2   -0.016557
    1    1   16    2    0.025670
    1    1   17    2    0.017028
    1    1   18    2   -0.026045
    1    1    1    3    0.001417
    1    1    2    3   -0.050780
    1    1    3    3   -0.028052
    1    1    4    3    0.000245
    1    1    5    3   -0.008755
    1    1    6    3    0.052905
    1    1    7    3   -0.339775
    1    1    8    3    0.004250
    1    1    9    3    0.002295
    1    1   10    3    0.045205
    1    1   11    3   -0.027190
    1    1   12    3   -0.042798
    1    1   13    3   -0.107030
    1    1   14    3   -0.003260
    1    1   15    3    0.012635
    1    1   16    3    1.310027
    1    1   17    3   -0.008582
    1    1   18    3    0.100427
    1    1    1    4   -0.042943
    1    1    2    4   -0.000862
    1    1    3    4    0.008785
    1    1    4    4    0.068770
    1    1    5    4    0.008655
    1    1    6    4    0.003152
    1    1    7    4    0.016332
    1    1    8    4   -0.009765
    1    1    9    4    0.000438
    1    1   10    4   -0.008030
    1    1   11    4    0.002670
    1    1   12    4    0.003282
    1    1   13    4    0.000765
    1    1   14    4   -0.008732
    1    1   15    4   -0.030807
    1    1   16    4    0.026112
    1    1   17    4   -0.030837
    1    1   18    4    0.000945
    1    1    1    5   -0.023462
    1    1    2    5    0.030703
    1    1    3    5    0.018985
    1    1    4    5   -0.001690
    1    1    5    5   -0.007700
    1    1    6    5   -0.044850
    1    1    7    5   -0.156385
    1    1    8    5    0.003973
    1    1    9    5    0.000793
    1    1   10    5    0.007075
    1    1   11    5   -0.002630
    1    1   12    5    0.032115
    1    1   13    5    0.010085
    1    1   14    5    0.026855
    1    1   15    5   -0.010023
    1    1   16    5    0.008282
    1    1   17    5   -0.010727
    1    1   18    5   -0.036047
    1    1    1    6   -0.000415
    1    1    2    6    0.003755
    1    1    3    6   -0.019217
    1    1    4    6    0.004593
    1    1    5    6   -0.009962
    1    1    6    6   -0.099295
    1    1    7    6    0.015625
    1    1    8    6    0.000565
    1    1    9    6   -0.004768
    1    1   10    6    0.058570
    1    1   11    6    0.007127
    1    1   12    6   -0.053110
    1    1   13    6    0.026015
    1    1   14    6   -0.004915
    1    1   15    6   -0.020842
    1    1   16    6   -0.133075
    1    1   17    6   -0.038363
    1    1   18    6    0.055607
    1    1    1    7   -0.020800
    1    1    2    7   -0.002265
    1    1    3    7    0.027438
    1    1    4    7    0.078715
    1    1    5    7   -0.009445
    1    1    6    7   -0.354677
    1    1    7    7    0.042592
    1    1    8    7   -0.004295
    1    1    9    7    0.000083
    1    1   10    7   -0.097925
    1    1   11    7    0.000330
    1    1   12    7    0.044385
    1    1   13    7    0.308175
    1    1   14    7    0.019942
    1    1   15    7    0.262847
    1    1   16    7    0.483980
    1    1   17    7    0.085922
    1    1   18    7    0.000440
    1    1    1    8   -0.054225
    1    1    2    8   -0.011125
    1    1    3    8    0.013607
    1    1    4    8    0.000478
    1    1    5    8   -0.013612
    1    1    6    8   -0.003495
    1    1    7    8    0.011345
    1    1    8    8   -0.003613
    1    1    9    8    0.000795
    1    1   10    8    0.005465
    1    1   11    8   -0.001175
    1    1   12    8   -0.004175
    1    1   13    8   -0.002005
    1    1   14    8   -0.003010
    1    1   15    8   -0.026027
    1    1   16    8   -0.032700
    1    1   17    8   -0.005995
    1    1   18    8   -0.028310
    1    1    1    9   -0.009890
    1    1    2    9   -0.127048
    1    1    3    9   -0.042862
    1    1    4    9    0.076007
    1    1    5    9   -0.038165
    1    1    6    9    0.094692
    1    1    7    9   -0.448292
    1    1    8    9    0.004693
    1    1    9    9    0.070380
    1    1   10    9   -0.632942
    1    1   11    9   -0.017580
    1    1   12    9    0.034295
    1    1   13    9    0.242480
    1    1   14    9    0.000618
    1    1   15    9   -0.026267
    1    1   16    9    0.002370
    1    1   17    9    0.037685
    1    1   18    9    0.015908
    1    1    1   10   -0.096037
    1    1    2   10    0.241680
    1    1    3   10   -0.337218
    1    1    4   10    0.005922
    1    1    5   10    1.057117
    1    1    6   10    0.131447
    1    1    7   10    3.040837
    1    1    8   10    0.150422
    1    1    9   10    0.002920
    1    1   10   10   -0.392045
    1    1   11   10    0.287612
    1    1   12   10    0.452815
    1    1   13   10    0.094843
    1    1   14   10   -0.145137
    1    1   15   10    0.154062
    1    1   16   10   -0.008325
    1    1   17   10    0.615825
    1    1   18   10    1.096805
    1    1    1   11   -0.003853
    1    1    2   11   -0.010218
    1    1    3   11    0.014595
    1    1    4   11   -0.009137
    1    1    5   11   -0.025875
    1    1    6   11    0.028928
    1    1    7   11   -0.220653
    1    1    8   11   -0.005837
    1    1    9   11   -0.006163
    1    1   10   11    0.010212
    1    1   11   11   -0.011240
    1    1   12   11    0.053275
    1    1   13   11   -0.038565
    1    1   14   11    0.005877
    1    1   15   11    0.002345
    1    1   16   11    0.071860
    1    1   17   11   -0.087975
    1    1   18   11   -0.053867
    1    1    1   12   -0.014490
    1    1    2   12   -0.036167
    1    1    3   12    0.022235
    1    1    4   12    0.068205
    1    1    5   12   -0.009000
    1    1    6   12    0.042750
    1    1    7   12   -0.325332
    1    1    8   12   -0.001988
    1    1    9   12   -0.014233
    1    1   10   12    0.176957
    1    1   11   12   -0.035827
    1    1   12   12    0.060630
    1    1   13   12   -0.010470
    1    1   14   12    0.008687
    1    1   15   12    0.012210
    1    1   16   12    1.510070
    1    1   17   12    0.007610
    1    1   18   12    0.185700
    1    1    1   13   -0.003920
    1    1    2   13   -0.024682
    1    1    3   13    0.039970
    1    1    4   13    0.004960
    1    1    5   13   -0.005745
    1    1    6   13   -0.009215
    1    1    7   13   -0.064622
    1    1    8   13    0.001090
    1    1    9   13   -0.007170
    1    1   10   13    0.074472
    1    1   11   13   -0.002367
    1    1   12   13    0.172502
    1    1   13   13   -0.071907
    1    1   14   13   -0.005217
    1    1   15   13    0.012013
    1    1   16   13    0.171275
    1    1   17   13    0.006270
    1    1   18   13   -0.004512
    1    1    1   14   -0.046238
    1    1    2   14    0.034240
    1    1    3   14    0.009650
    1    1    4   14   -0.008200
    1    1    5   14   -0.001755
    1    1    6   14   -0.002930
    1    1    7   14   -0.182495
    1    1    8   14    0.004290
    1    1    9   14   -0.004865
    1    1   10   14    0.042363
    1    1   11   14   -0.000830
    1    1   12   14   -0.012565
    1    1   13   14    0.015900
    1    1   14   14    0.017685
    1    1   15   14   -0.046175
    1    1   16   14    0.035717
    1    1   17   14   -0.002620
    1    1   18   14   -0.067127
    1    1    1   15    0.005208
    1    1    2   15   -0.008060
    1    1    3   15    0.017462
    1    1    4   15   -0.007820
    1    1    5   15   -0.008115
    1    1    6   15   -0.059350
    1    1    7   15    0.087568
    1    1    8   15    0.004310
    1    1    9   15    0.003460
    1    1   10   15    0.109893
    1    1   11   15   -0.004288
    1    1   12   15    0.006550
    1    1   13   15   -0.023117
    1    1   14   15   -0.001128
    1    1   15   15    0.108815
    1    1   16   15   -0.045807
    1    1   17   15    0.001620
    1    1   18   15   -0.009435
    1    1    1   16   -0.007533
    1    1    2   16    0.006228
    1    1    3   16    0.001915
    1    1    4   16   -0.008510
    1    1    5   16    0.004450
    1    1    6   16   -0.011927
    1    1    7   16    0.006725
    1    1    8   16   -0.000280
    1    1    9   16    0.012162
    1    1   10   16    0.054135
    1    1   11   16    0.004268
    1    1   12   16    0.010802
    1    1   13   16   -0.043060
    1    1   14   16    0.001332
    1    1   15   16    0.011690
    1    1   16   16    0.092703
    1    1   17   16    0.002655
    1    1   18   16   -0.010547
    1    1    1   17   -0.109880
    1    1    2   17    0.044775
    1    1    3   17   -0.001915
    1    1    4   17   -0.005782
    1    1    5   17    0.035627
    1    1    6   17   -0.027605
    1    1    7   17   -0.140503
    1    1    8   17    0.048480
    1    1    9   17    0.001095
    1    1   10   17   -0.047705
    1    1   11   17    0.009960
    1    1   12   17    0.002150
    1    1   13   17    0.043715
    1    1   14   17    0.029108
    1    1   15   17   -0.102902
    1    1   16   17   -0.103410
    1    1   17   17    0.018470
    1    1   18   17   -0.031912
    1    1    1   18    0.006712
    1    1    2   18   -0.003837
    1    1    3   18   -0.031380
    1    1    4   18   -0.003167
    1    1    5   18   -0.030272
    1    1    6   18    0.097027
    1    1    7   18   -0.123655
    1    1    8   18   -0.001973
    1    1    9   18    0.012102
    1    1   10   18   -0.031990
    1    1   11   18   -0.004618
    1    1   12   18   -0.143535
    1    1   13   18   -0.089947
    1    1   14   18    0.001300
    1    1   15   18    0.002903
    1    1   16   18   -0.085550
    1    1   17   18   -0.010775
    1    1   18   18   -0.168475
