 ir1  ir2   m    n          ReH 
   -1   -1    1    1    0.036580
   -1   -1    2    1   -0.015525
   -1   -1    3    1   -0.089538
   -1   -1    4    1    0.573935
   -1   -1    5    1   -0.025337
   -1   -1    6    1   -0.003347
   -1   -1    7    1    0.063062
   -1   -1    8    1   -0.018197
   -1   -1    9    1    0.008692
   -1   -1   10    1    0.095948
   -1   -1   11    1    0.001000
   -1   -1   12    1   -0.049477
   -1   -1   13    1    0.059805
   -1   -1   14    1   -0.041815
   -1   -1   15    1    0.031490
   -1   -1   16    1    0.112335
   -1   -1   17    1   -0.005432
   -1   -1   18    1    0.131627
   -1   -1    1    2   -0.019777
   -1   -1    2    2   -0.004892
   -1   -1    3    2   -0.020857
   -1   -1    4    2   -0.036570
   -1   -1    5    2    0.005680
   -1   -1    6    2   -0.020000
   -1   -1    7    2   -0.017005
   -1   -1    8    2    0.529355
   -1   -1    9    2    0.019620
   -1   -1   10    2    0.018447
   -1   -1   11    2    0.003383
   -1   -1   12    2    0.023147
   -1   -1   13    2    0.025185
   -1   -1   14    2    0.029108
   -1   -1   15    2    0.044998
   -1   -1   16    2   -0.063657
   -1   -1   17    2   -0.001925
   -1   -1   18    2    0.018885
   -1   -1    1    3   -0.047875
   -1   -1    2    3   -0.007582
   -1   -1    3    3   -0.066642
   -1   -1    4    3    0.591407
   -1   -1    5    3    0.004097
   -1   -1    6    3    0.041310
   -1   -1    7    3   -0.007213
   -1   -1    8    3   -0.013187
   -1   -1    9    3    0.009428
   -1   -1   10    3   -0.009702
   -1   -1   11    3    0.003092
   -1   -1   12    3   -0.000127
   -1   -1   13    3   -0.030457
   -1   -1   14    3   -0.006445
   -1   -1   15    3    0.024227
   -1   -1   16    3    0.062922
   -1   -1   17    3    0.007990
   -1   -1   18    3   -0.007667
   -1   -1    1    4    0.074078
   -1   -1    2    4   -0.016425
   -1   -1    3    4    0.178400
   -1   -1    4    4   -0.355617
   -1   -1    5    4   -0.039403
   -1   -1    6    4   -0.062950
   -1   -1    7    4    0.018185
   -1   -1    8    4    0.031293
   -1   -1    9    4   -0.015530
   -1   -1   10    4   -0.248880
   -1   -1   11    4    0.250070
   -1   -1   12    4   -0.032487
   -1   -1   13    4   -0.036285
   -1   -1   14    4    0.091825
   -1   -1   15    4   -0.250147
   -1   -1   16    4    0.309012
   -1   -1   17    4    0.006818
   -1   -1   18    4    0.042175
   -1   -1    1    5   -0.014322
   -1   -1    2    5    0.003528
   -1   -1    3    5   -0.026302
   -1   -1    4    5   -0.108357
   -1   -1    5    5   -0.002647
   -1   -1    6    5   -0.004647
   -1   -1    7    5   -0.005270
   -1   -1    8    5    0.065640
   -1   -1    9    5    0.001710
   -1   -1   10    5   -0.172118
   -1   -1   11    5   -0.007482
   -1   -1   12    5    0.004220
   -1   -1   13    5    0.010315
   -1   -1   14    5    0.002678
   -1   -1   15    5    0.000130
   -1   -1   16    5   -0.014160
   -1   -1   17    5   -0.005587
   -1   -1   18    5    0.014385
   -1   -1    1    6    0.085607
   -1   -1    2    6    0.021560
   -1   -1    3    6    0.065272
   -1   -1    4    6   -0.440560
   -1   -1    5    6   -0.023195
   -1   -1    6    6    0.194690
   -1   -1    7    6   -0.054425
   -1   -1    8    6    0.049455
   -1   -1    9    6    0.000165
   -1   -1   10    6   -0.008640
   -1   -1   11    6    0.041585
   -1   -1   12    6    0.089885
   -1   -1   13    6   -0.021915
   -1   -1   14    6    0.032182
   -1   -1   15    6    0.131757
   -1   -1   16    6    0.005320
   -1   -1   17    6    0.006920
   -1   -1   18    6   -0.110762
   -1   -1    1    7    0.094550
   -1   -1    2    7    0.067650
   -1   -1    3    7    0.100917
   -1   -1    4    7    0.008328
   -1   -1    5    7   -0.024465
   -1   -1    6    7   -0.004875
   -1   -1    7    7   -0.057055
   -1   -1    8    7    0.911625
   -1   -1    9    7   -0.063767
   -1   -1   10    7    0.046930
   -1   -1   11    7   -0.190642
   -1   -1   12    7   -0.087345
   -1   -1   13    7   -0.050082
   -1   -1   14    7   -0.079778
   -1   -1   15    7   -0.279828
   -1   -1   16    7    0.123420
   -1   -1   17    7   -0.005923
   -1   -1   18    7   -0.079055
   -1   -1    1    8   -0.002677
   -1   -1    2    8    0.000513
   -1   -1    3    8    0.018715
   -1   -1    4    8   -0.001450
   -1   -1    5    8   -0.004577
   -1   -1    6    8    0.009935
   -1   -1    7    8   -0.006282
   -1   -1    8    8    0.009503
   -1   -1    9    8    0.001625
   -1   -1   10    8   -0.125012
   -1   -1   11    8    0.000757
   -1   -1   12    8   -0.000207
   -1   -1   13    8   -0.006160
   -1   -1   14    8   -0.002480
   -1   -1   15    8   -0.004320
   -1   -1   16    8    0.012445
   -1   -1   17    8   -0.000515
   -1   -1   18    8    0.002495
   -1   -1    1    9    0.253735
   -1   -1    2    9    0.064397
   -1   -1    3    9    1.295405
   -1   -1    4    9    0.211420
   -1   -1    5    9   -0.009670
   -1   -1    6    9    0.293445
   -1   -1    7    9    0.115770
   -1   -1    8    9    0.016158
   -1   -1    9    9   -0.035057
   -1   -1   10    9   -2.226987
   -1   -1   11    9    0.165228
   -1   -1   12    9   -0.146005
   -1   -1   13    9    0.042592
   -1   -1   14    9    0.369482
   -1   -1   15    9    0.158002
   -1   -1   16    9   -0.387195
   -1   -1   17    9   -0.053152
   -1   -1   18    9   -2.005988
   -1   -1    1   10   -0.009550
   -1   -1    2   10    0.005550
   -1   -1    3   10   -0.021815
   -1   -1    4   10   -0.015327
   -1   -1    5   10    0.014315
   -1   -1    6   10    0.038827
   -1   -1    7   10    0.004950
   -1   -1    8   10    0.042835
   -1   -1    9   10   -0.085875
   -1   -1   10   10   -0.103900
   -1   -1   11   10    0.002130
   -1   -1   12   10   -0.023302
   -1   -1   13   10   -0.222602
   -1   -1   14   10    0.023045
   -1   -1   15   10   -0.066560
   -1   -1   16   10    0.024082
   -1   -1   17   10    0.017245
   -1   -1   18   10    0.648210
   -1   -1    1   11    0.010827
   -1   -1    2   11    0.004072
   -1   -1    3   11    0.015505
   -1   -1    4   11   -0.010897
   -1   -1    5   11   -0.003590
   -1   -1    6   11    0.006148
   -1   -1    7   11   -0.010687
   -1   -1    8   11   -0.164975
   -1   -1    9   11    0.007387
   -1   -1   10   11   -0.037628
   -1   -1   11   11   -0.003070
   -1   -1   12   11    0.016057
   -1   -1   13   11    0.008340
   -1   -1   14   11    0.002212
   -1   -1   15   11   -0.011160
   -1   -1   16   11   -0.002393
   -1   -1   17   11    0.005305
   -1   -1   18   11   -0.000860
   -1   -1    1   12   -0.167307
   -1   -1    2   12    0.082767
   -1   -1    3   12   -0.102675
   -1   -1    4   12    0.023217
   -1   -1    5   12    0.026530
   -1   -1    6   12    0.349808
   -1   -1    7   12   -0.208415
   -1   -1    8   12   -0.473373
   -1   -1    9   12    0.078790
   -1   -1   10   12   -0.195750
   -1   -1   11   12    0.082035
   -1   -1   12   12    0.039750
   -1   -1   13   12    0.037512
   -1   -1   14   12    0.061685
   -1   -1   15   12    0.305725
   -1   -1   16   12   -0.205977
   -1   -1   17   12   -0.011817
   -1   -1   18   12   -0.116555
   -1   -1    1   13    0.117555
   -1   -1    2   13    0.052567
   -1   -1    3   13    0.057733
   -1   -1    4   13    0.111752
   -1   -1    5   13    0.023270
   -1   -1    6   13    0.357095
   -1   -1    7   13    0.008755
   -1   -1    8   13    0.082085
   -1   -1    9   13   -0.178657
   -1   -1   10   13    0.000365
   -1   -1   11   13    0.039857
   -1   -1   12   13   -0.053690
   -1   -1   13   13   -0.626487
   -1   -1   14   13    0.069677
   -1   -1   15   13   -0.143897
   -1   -1   16   13    0.031008
   -1   -1   17   13    0.013290
   -1   -1   18   13    0.121657
   -1   -1    1   14    0.013645
   -1   -1    2   14   -0.003585
   -1   -1    3   14    0.020055
   -1   -1    4   14    0.047810
   -1   -1    5   14    0.000275
   -1   -1    6   14   -0.000040
   -1   -1    7   14    0.000280
   -1   -1    8   14    0.030952
   -1   -1    9   14    0.005812
   -1   -1   10   14    0.053743
   -1   -1   11   14    0.000187
   -1   -1   12   14   -0.000440
   -1   -1   13   14    0.010172
   -1   -1   14   14    0.000782
   -1   -1   15   14    0.005975
   -1   -1   16   14   -0.021772
   -1   -1   17   14   -0.000770
   -1   -1   18   14    0.011632
   -1   -1    1   15   -0.089990
   -1   -1    2   15   -0.004347
   -1   -1    3   15   -0.000035
   -1   -1    4   15   -0.031195
   -1   -1    5   15    0.006800
   -1   -1    6   15    0.157372
   -1   -1    7   15    0.021700
   -1   -1    8   15   -0.123558
   -1   -1    9   15    0.023298
   -1   -1   10   15    0.122658
   -1   -1   11   15    0.031705
   -1   -1   12   15    0.044713
   -1   -1   13   15    0.081130
   -1   -1   14   15   -0.010470
   -1   -1   15   15    0.214282
   -1   -1   16   15    0.107980
   -1   -1   17   15    0.002250
   -1   -1   18   15   -0.161300
   -1   -1    1   16    0.005455
   -1   -1    2   16   -0.008727
   -1   -1    3   16   -0.095483
   -1   -1    4   16    0.032043
   -1   -1    5   16   -0.031095
   -1   -1    6   16   -0.013940
   -1   -1    7   16    0.016605
   -1   -1    8   16   -0.022267
   -1   -1    9   16   -0.036245
   -1   -1   10   16   -0.113662
   -1   -1   11   16   -0.023430
   -1   -1   12   16   -0.015200
   -1   -1   13   16   -0.048090
   -1   -1   14   16   -0.026013
   -1   -1   15   16    0.015962
   -1   -1   16   16    0.050370
   -1   -1   17   16   -0.003247
   -1   -1   18   16    0.032270
   -1   -1    1   17    0.016812
   -1   -1    2   17    0.003628
   -1   -1    3   17    0.004940
   -1   -1    4   17   -0.005575
   -1   -1    5   17   -0.013088
   -1   -1    6   17   -0.029995
   -1   -1    7   17    0.011347
   -1   -1    8   17    0.016150
   -1   -1    9   17   -0.004160
   -1   -1   10   17   -0.022107
   -1   -1   11   17   -0.083685
   -1   -1   12   17   -0.009522
   -1   -1   13   17   -0.039520
   -1   -1   14   17   -0.005640
   -1   -1   15   17   -0.038137
   -1   -1   16   17    0.008165
   -1   -1   17   17    0.010585
   -1   -1   18   17    0.014595
   -1   -1    1   18    0.003982
   -1   -1    2   18    0.018147
   -1   -1    3   18    0.097245
   -1   -1    4   18   -0.087605
   -1   -1    5   18   -0.001467
   -1   -1    6   18    0.108143
   -1   -1    7   18   -0.015257
   -1   -1    8   18   -0.023752
   -1   -1    9   18   -0.000550
   -1   -1   10   18   -0.132582
   -1   -1   11   18    0.028590
   -1   -1   12   18   -0.015595
   -1   -1   13   18   -0.096585
   -1   -1   14   18    0.023040
   -1   -1   15   18   -0.024550
   -1   -1   16   18   -0.000245
   -1   -1   17   18   -0.000230
   -1   -1   18   18   -0.195745
    0   -1    1    1   -0.071995
    0   -1    2    1    0.000992
    0   -1    3    1    0.040730
    0   -1    4    1   -0.106855
    0   -1    5    1   -0.001243
    0   -1    6    1    0.328833
    0   -1    7    1   -0.021388
    0   -1    8    1   -0.109765
    0   -1    9    1    0.032508
    0   -1   10    1    0.032333
    0   -1   11    1    0.035975
    0   -1   12    1    0.119618
    0   -1   13    1    0.318345
    0   -1   14    1    0.006640
    0   -1   15    1    0.221970
    0   -1   16    1    0.003737
    0   -1   17    1   -0.026558
    0   -1   18    1   -0.394855
    0   -1    1    2   -0.000180
    0   -1    2    2   -0.000945
    0   -1    3    2    0.002893
    0   -1    4    2   -0.007240
    0   -1    5    2   -0.004932
    0   -1    6    2    0.042400
    0   -1    7    2   -0.004767
    0   -1    8    2   -0.058882
    0   -1    9    2    0.002277
    0   -1   10    2   -0.003020
    0   -1   11    2    0.002285
    0   -1   12    2    0.016122
    0   -1   13    2    0.112330
    0   -1   14    2   -0.003008
    0   -1   15    2   -0.007265
    0   -1   16    2    0.003272
    0   -1   17    2   -0.020778
    0   -1   18    2    0.009680
    0   -1    1    3   -0.109820
    0   -1    2    3   -0.004507
    0   -1    3    3   -0.074365
    0   -1    4    3    0.102717
    0   -1    5    3    0.016698
    0   -1    6    3    0.208855
    0   -1    7    3   -0.046657
    0   -1    8    3   -0.135093
    0   -1    9    3    0.024733
    0   -1   10    3    0.042072
    0   -1   11    3    0.091375
    0   -1   12    3    0.018742
    0   -1   13    3   -0.011312
    0   -1   14    3   -0.004147
    0   -1   15    3    0.281290
    0   -1   16    3   -0.025627
    0   -1   17    3   -0.037777
    0   -1   18    3   -0.423008
    0   -1    1    4    0.019008
    0   -1    2    4    0.019147
    0   -1    3    4   -0.024765
    0   -1    4    4    0.133510
    0   -1    5    4   -0.002073
    0   -1    6    4   -0.164815
    0   -1    7    4    0.026275
    0   -1    8    4   -0.004772
    0   -1    9    4    0.002285
    0   -1   10    4    0.015580
    0   -1   11    4   -0.018047
    0   -1   12    4   -0.017142
    0   -1   13    4    0.024153
    0   -1   14    4   -0.020723
    0   -1   15    4    0.021582
    0   -1   16    4   -0.005392
    0   -1   17    4   -0.025525
    0   -1   18    4    0.125947
    0   -1    1    5    0.005743
    0   -1    2    5    0.033872
    0   -1    3    5   -0.012630
    0   -1    4    5    0.002657
    0   -1    5    5   -0.008955
    0   -1    6    5   -0.042635
    0   -1    7    5   -0.017060
    0   -1    8    5   -0.892752
    0   -1    9    5   -0.025820
    0   -1   10    5   -0.016792
    0   -1   11    5   -0.048655
    0   -1   12    5   -0.066385
    0   -1   13    5    0.099848
    0   -1   14    5    0.014283
    0   -1   15    5   -0.001423
    0   -1   16    5   -0.019197
    0   -1   17    5   -0.055505
    0   -1   18    5    0.047037
    0   -1    1    6    0.042825
    0   -1    2    6    0.013372
    0   -1    3    6    0.065848
    0   -1    4    6   -0.050572
    0   -1    5    6   -0.019598
    0   -1    6    6   -0.050387
    0   -1    7    6    0.019935
    0   -1    8    6   -0.089093
    0   -1    9    6   -0.024582
    0   -1   10    6    0.036512
    0   -1   11    6   -0.021530
    0   -1   12    6   -0.091345
    0   -1   13    6    0.199985
    0   -1   14    6   -0.006427
    0   -1   15    6    0.021867
    0   -1   16    6   -0.055852
    0   -1   17    6   -0.002127
    0   -1   18    6    0.160187
    0   -1    1    7    0.004733
    0   -1    2    7    0.003500
    0   -1    3    7   -0.011777
    0   -1    4    7    0.029322
    0   -1    5    7   -0.007517
    0   -1    6    7   -0.007085
    0   -1    7    7   -0.015885
    0   -1    8    7    0.087680
    0   -1    9    7    0.029597
    0   -1   10    7    0.024672
    0   -1   11    7    0.017732
    0   -1   12    7   -0.241500
    0   -1   13    7    0.023737
    0   -1   14    7    0.004290
    0   -1   15    7    0.009593
    0   -1   16    7    0.000900
    0   -1   17    7    0.005020
    0   -1   18    7    0.019685
    0   -1    1    8    0.016590
    0   -1    2    8   -0.051397
    0   -1    3    8    0.000382
    0   -1    4    8    0.010845
    0   -1    5    8    0.041017
    0   -1    6    8   -0.096570
    0   -1    7    8    0.029787
    0   -1    8    8   -0.018925
    0   -1    9    8   -0.002512
    0   -1   10    8    0.076030
    0   -1   11    8    0.393217
    0   -1   12    8   -0.018230
    0   -1   13    8    0.065300
    0   -1   14    8   -0.011350
    0   -1   15    8   -0.094473
    0   -1   16    8    0.052430
    0   -1   17    8   -0.023977
    0   -1   18    8    0.018340
    0   -1    1    9    0.203885
    0   -1    2    9    0.609470
    0   -1    3    9    0.249028
    0   -1    4    9    0.050932
    0   -1    5    9   -0.187025
    0   -1    6    9   -0.709508
    0   -1    7    9    0.183398
    0   -1    8    9   -0.130657
    0   -1    9    9   -0.129047
    0   -1   10    9    0.027762
    0   -1   11    9    0.331320
    0   -1   12    9    1.361800
    0   -1   13    9   -1.262332
    0   -1   14    9   -0.079077
    0   -1   15    9    0.353620
    0   -1   16    9    0.257077
    0   -1   17    9   -1.041475
    0   -1   18    9   -0.086035
    0   -1    1   10    0.024200
    0   -1    2   10    0.004940
    0   -1    3   10   -0.007182
    0   -1    4   10    0.034270
    0   -1    5   10   -0.007338
    0   -1    6   10   -0.015783
    0   -1    7   10    0.016907
    0   -1    8   10    0.003933
    0   -1    9   10   -0.010678
    0   -1   10   10   -0.030212
    0   -1   11   10    0.002383
    0   -1   12   10   -0.141585
    0   -1   13   10    0.029890
    0   -1   14   10    0.005840
    0   -1   15   10    0.059258
    0   -1   16   10   -0.006910
    0   -1   17   10   -0.011657
    0   -1   18   10    0.020488
    0   -1    1   11   -0.000920
    0   -1    2   11    0.006305
    0   -1    3   11   -0.000522
    0   -1    4   11    0.002880
    0   -1    5   11   -0.005120
    0   -1    6   11    0.002710
    0   -1    7   11   -0.003717
    0   -1    8   11   -0.039062
    0   -1    9   11    0.018902
    0   -1   10   11   -0.003942
    0   -1   11   11   -0.000527
    0   -1   12   11   -0.051460
    0   -1   13   11    0.028537
    0   -1   14   11   -0.000350
    0   -1   15   11   -0.005725
    0   -1   16   11   -0.002127
    0   -1   17   11   -0.016182
    0   -1   18   11    0.009355
    0   -1    1   12    0.013948
    0   -1    2   12    0.027565
    0   -1    3   12   -0.007527
    0   -1    4   12    0.022652
    0   -1    5   12    0.002257
    0   -1    6   12   -0.018515
    0   -1    7   12    0.036235
    0   -1    8   12    0.011992
    0   -1    9   12   -0.001570
    0   -1   10   12   -0.026065
    0   -1   11   12   -0.004723
    0   -1   12   12   -0.190942
    0   -1   13   12   -0.133677
    0   -1   14   12    0.004380
    0   -1   15   12   -0.020818
    0   -1   16   12    0.001597
    0   -1   17   12    0.005315
    0   -1   18   12    0.007615
    0   -1    1   13    0.022845
    0   -1    2   13   -0.007733
    0   -1    3   13    0.022362
    0   -1    4   13   -0.024055
    0   -1    5   13   -0.005432
    0   -1    6   13   -0.070468
    0   -1    7   13    0.029735
    0   -1    8   13    0.014655
    0   -1    9   13   -0.007475
    0   -1   10   13   -0.000772
    0   -1   11   13    0.016680
    0   -1   12   13   -0.212102
    0   -1   13   13    0.151707
    0   -1   14   13   -0.001655
    0   -1   15   13    0.130782
    0   -1   16   13    0.073217
    0   -1   17   13   -0.011480
    0   -1   18   13   -0.065363
    0   -1    1   14   -0.015595
    0   -1    2   14   -0.005755
    0   -1    3   14    0.005007
    0   -1    4   14   -0.012230
    0   -1    5   14    0.004372
    0   -1    6   14    0.018120
    0   -1    7   14   -0.003610
    0   -1    8   14    0.784142
    0   -1    9   14   -0.001687
    0   -1   10   14    0.012667
    0   -1   11   14    0.004760
    0   -1   12   14    0.027307
    0   -1   13   14    0.044620
    0   -1   14   14   -0.000277
    0   -1   15   14    0.016067
    0   -1   16   14    0.000232
    0   -1   17   14    0.001020
    0   -1   18   14   -0.015072
    0   -1    1   15   -0.021587
    0   -1    2   15   -0.012552
    0   -1    3   15    0.000988
    0   -1    4   15   -0.022345
    0   -1    5   15    0.009290
    0   -1    6   15   -0.044228
    0   -1    7   15    0.041892
    0   -1    8   15    0.003757
    0   -1    9   15   -0.049352
    0   -1   10   15   -0.005680
    0   -1   11   15    0.002767
    0   -1   12   15    0.021967
    0   -1   13   15    0.001202
    0   -1   14   15   -0.006228
    0   -1   15   15   -0.047402
    0   -1   16   15    0.001058
    0   -1   17   15    0.009335
    0   -1   18   15    0.008675
    0   -1    1   16    0.064380
    0   -1    2   16   -0.006835
    0   -1    3   16    0.041677
    0   -1    4   16    0.011412
    0   -1    5   16   -0.011493
    0   -1    6   16    0.050972
    0   -1    7   16    0.018177
    0   -1    8   16   -0.016690
    0   -1    9   16    0.010957
    0   -1   10   16    0.080613
    0   -1   11   16    0.023623
    0   -1   12   16    0.024642
    0   -1   13   16   -0.081365
    0   -1   14   16    0.003600
    0   -1   15   16    0.191785
    0   -1   16   16    0.075317
    0   -1   17   16    0.015612
    0   -1   18   16   -0.080550
    0   -1    1   17    0.000270
    0   -1    2   17    0.001638
    0   -1    3   17   -0.000918
    0   -1    4   17   -0.010018
    0   -1    5   17   -0.000905
    0   -1    6   17   -0.001245
    0   -1    7   17    0.012942
    0   -1    8   17   -0.608540
    0   -1    9   17   -0.007757
    0   -1   10   17    0.007590
    0   -1   11   17    0.047908
    0   -1   12   17    0.000843
    0   -1   13   17   -0.045662
    0   -1   14   17    0.009577
    0   -1   15   17    0.004163
    0   -1   16   17   -0.004482
    0   -1   17   17    0.000618
    0   -1   18   17    0.004695
    0   -1    1   18   -0.021065
    0   -1    2   18    0.024297
    0   -1    3   18   -0.018150
    0   -1    4   18   -0.019325
    0   -1    5   18   -0.002145
    0   -1    6   18   -0.074082
    0   -1    7   18   -0.032122
    0   -1    8   18    0.024060
    0   -1    9   18   -0.009530
    0   -1   10   18   -0.006430
    0   -1   11   18   -0.000973
    0   -1   12   18    0.003595
    0   -1   13   18   -0.053505
    0   -1   14   18    0.003177
    0   -1   15   18    0.070335
    0   -1   16   18   -0.024502
    0   -1   17   18   -0.010620
    0   -1   18   18    0.022408
    1   -1    1    1   -0.034275
    1   -1    2    1    0.007070
    1   -1    3    1   -0.006228
    1   -1    4    1    0.009828
    1   -1    5    1    0.002875
    1   -1    6    1   -0.053878
    1   -1    7    1    0.023228
    1   -1    8    1    0.005322
    1   -1    9    1   -0.030245
    1   -1   10    1    0.028565
    1   -1   11    1    0.001713
    1   -1   12    1    0.037343
    1   -1   13    1   -0.056755
    1   -1   14    1   -0.003400
    1   -1   15    1    0.024660
    1   -1   16    1   -0.029805
    1   -1   17    1   -0.002380
    1   -1   18    1    0.012607
    1   -1    1    2   -0.001612
    1   -1    2    2    0.001792
    1   -1    3    2    0.003138
    1   -1    4    2   -0.000597
    1   -1    5    2   -0.001700
    1   -1    6    2    0.009180
    1   -1    7    2   -0.000307
    1   -1    8    2   -0.000767
    1   -1    9    2   -0.004415
    1   -1   10    2    0.002717
    1   -1   11    2    0.000370
    1   -1   12    2    0.006618
    1   -1   13    2   -0.010868
    1   -1   14    2   -0.000530
    1   -1   15    2    0.005043
    1   -1   16    2    0.002720
    1   -1   17    2   -0.000020
    1   -1   18    2   -0.007007
    1   -1    1    3   -0.002335
    1   -1    2    3   -0.001070
    1   -1    3    3    0.003165
    1   -1    4    3    0.005825
    1   -1    5    3    0.001572
    1   -1    6    3   -0.008757
    1   -1    7    3    0.021132
    1   -1    8    3   -0.058253
    1   -1    9    3   -0.011462
    1   -1   10    3   -0.016555
    1   -1   11    3    0.008300
    1   -1   12    3    0.152202
    1   -1   13    3   -0.124865
    1   -1   14    3    0.001270
    1   -1   15    3   -0.050917
    1   -1   16    3    0.081687
    1   -1   17    3    0.002772
    1   -1   18    3   -0.099525
    1   -1    1    4    0.018425
    1   -1    2    4   -0.001585
    1   -1    3    4   -0.000020
    1   -1    4    4    0.027900
    1   -1    5    4    0.001038
    1   -1    6    4    0.079617
    1   -1    7    4   -0.001957
    1   -1    8    4   -0.025735
    1   -1    9    4   -0.005585
    1   -1   10    4   -0.005810
    1   -1   11    4    0.000480
    1   -1   12    4    0.042342
    1   -1   13    4    0.051125
    1   -1   14    4    0.005760
    1   -1   15    4   -0.031418
    1   -1   16    4   -0.032652
    1   -1   17    4   -0.001430
    1   -1   18    4    0.011355
    1   -1    1    5    0.002842
    1   -1    2    5   -0.001222
    1   -1    3    5   -0.001283
    1   -1    4    5    0.004275
    1   -1    5    5   -0.000535
    1   -1    6    5    0.001228
    1   -1    7    5   -0.002327
    1   -1    8    5   -0.001102
    1   -1    9    5    0.008023
    1   -1   10    5   -0.004230
    1   -1   11    5   -0.000250
    1   -1   12    5    0.003770
    1   -1   13    5   -0.015707
    1   -1   14    5    0.000522
    1   -1   15    5   -0.000872
    1   -1   16    5    0.004808
    1   -1   17    5    0.001838
    1   -1   18    5   -0.005237
    1   -1    1    6   -0.015100
    1   -1    2    6    0.005875
    1   -1    3    6    0.021017
    1   -1    4    6   -0.002950
    1   -1    5    6   -0.014550
    1   -1    6    6    0.086205
    1   -1    7    6   -0.023498
    1   -1    8    6   -0.001875
    1   -1    9    6    0.041973
    1   -1   10    6    0.040095
    1   -1   11    6   -0.008160
    1   -1   12    6    0.019225
    1   -1   13    6    0.154272
    1   -1   14    6    0.003217
    1   -1   15    6    0.040392
    1   -1   16    6    0.013507
    1   -1   17    6   -0.002127
    1   -1   18    6    0.010778
    1   -1    1    7   -0.021000
    1   -1    2    7    0.002105
    1   -1    3    7    0.007800
    1   -1    4    7    0.003912
    1   -1    5    7   -0.002190
    1   -1    6    7    0.004410
    1   -1    7    7   -0.011017
    1   -1    8    7    0.002147
    1   -1    9    7    0.004592
    1   -1   10    7    0.007277
    1   -1   11    7    0.001902
    1   -1   12    7   -0.026193
    1   -1   13    7   -0.008292
    1   -1   14    7    0.002912
    1   -1   15    7    0.028772
    1   -1   16    7    0.001600
    1   -1   17    7   -0.001297
    1   -1   18    7   -0.013030
    1   -1    1    8   -0.005460
    1   -1    2    8   -0.007810
    1   -1    3    8    0.001187
    1   -1    4    8   -0.005937
    1   -1    5    8   -0.001850
    1   -1    6    8    0.022775
    1   -1    7    8   -0.016935
    1   -1    8    8    0.000320
    1   -1    9    8   -0.000635
    1   -1   10    8    0.000142
    1   -1   11    8    0.000277
    1   -1   12    8    0.011010
    1   -1   13    8    0.097348
    1   -1   14    8   -0.000400
    1   -1   15    8   -0.002920
    1   -1   16    8    0.001545
    1   -1   17    8   -0.002730
    1   -1   18    8   -0.005125
    1   -1    1    9   -0.003347
    1   -1    2    9   -0.010795
    1   -1    3    9    0.014685
    1   -1    4    9    0.007737
    1   -1    5    9   -0.000805
    1   -1    6    9   -0.032045
    1   -1    7    9   -0.061225
    1   -1    8    9    0.002535
    1   -1    9    9    0.005575
    1   -1   10    9   -0.003200
    1   -1   11    9   -0.003512
    1   -1   12    9    0.028230
    1   -1   13    9   -0.013985
    1   -1   14    9    0.005477
    1   -1   15    9   -0.073802
    1   -1   16    9   -0.003950
    1   -1   17    9   -0.015593
    1   -1   18    9   -0.010380
    1   -1    1   10   -0.003293
    1   -1    2   10    0.005215
    1   -1    3   10   -0.016440
    1   -1    4   10   -0.010505
    1   -1    5   10    0.000248
    1   -1    6   10   -0.004853
    1   -1    7   10   -0.002672
    1   -1    8   10    0.001243
    1   -1    9   10   -0.000710
    1   -1   10   10    0.010895
    1   -1   11   10    0.000502
    1   -1   12   10    0.019125
    1   -1   13   10    0.027383
    1   -1   14   10   -0.000142
    1   -1   15   10    0.015032
    1   -1   16   10   -0.007035
    1   -1   17   10   -0.013725
    1   -1   18   10   -0.001183
    1   -1    1   11   -0.002158
    1   -1    2   11    0.001182
    1   -1    3   11    0.002207
    1   -1    4   11    0.001130
    1   -1    5   11   -0.000242
    1   -1    6   11    0.002303
    1   -1    7   11   -0.001587
    1   -1    8   11   -0.000435
    1   -1    9   11   -0.001055
    1   -1   10   11   -0.001500
    1   -1   11   11    0.000577
    1   -1   12   11   -0.002107
    1   -1   13   11   -0.014173
    1   -1   14   11    0.000060
    1   -1   15   11    0.007907
    1   -1   16   11    0.002007
    1   -1   17   11    0.000615
    1   -1   18   11   -0.003935
    1   -1    1   12    0.021480
    1   -1    2   12   -0.001510
    1   -1    3   12   -0.003190
    1   -1    4   12    0.006205
    1   -1    5   12   -0.000983
    1   -1    6   12    0.011385
    1   -1    7   12   -0.006607
    1   -1    8   12   -0.002340
    1   -1    9   12    0.001677
    1   -1   10   12    0.004020
    1   -1   11   12   -0.001375
    1   -1   12   12    0.000765
    1   -1   13   12   -0.013303
    1   -1   14   12   -0.003118
    1   -1   15   12    0.009232
    1   -1   16   12    0.012018
    1   -1   17   12    0.000667
    1   -1   18   12    0.010042
    1   -1    1   13   -0.001858
    1   -1    2   13   -0.005235
    1   -1    3   13    0.000077
    1   -1    4   13   -0.005920
    1   -1    5   13   -0.002440
    1   -1    6   13   -0.036697
    1   -1    7   13    0.013552
    1   -1    8   13    0.002570
    1   -1    9   13    0.019305
    1   -1   10   13   -0.011810
    1   -1   11   13   -0.003000
    1   -1   12   13   -0.016565
    1   -1   13   13    0.054310
    1   -1   14   13   -0.001237
    1   -1   15   13    0.004222
    1   -1   16   13    0.004468
    1   -1   17   13    0.000890
    1   -1   18   13    0.020287
    1   -1    1   14    0.000325
    1   -1    2   14    0.000165
    1   -1    3   14    0.001750
    1   -1    4   14   -0.001177
    1   -1    5   14    0.000447
    1   -1    6   14    0.002195
    1   -1    7   14    0.003050
    1   -1    8   14    0.001097
    1   -1    9   14   -0.004607
    1   -1   10   14    0.003188
    1   -1   11   14    0.000507
    1   -1   12   14    0.020675
    1   -1   13   14   -0.003337
    1   -1   14   14   -0.001245
    1   -1   15   14   -0.000997
    1   -1   16   14   -0.000725
    1   -1   17   14    0.000850
    1   -1   18   14    0.004802
    1   -1    1   15   -0.001467
    1   -1    2   15    0.003687
    1   -1    3   15   -0.015315
    1   -1    4   15   -0.000835
    1   -1    5   15   -0.001480
    1   -1    6   15   -0.003405
    1   -1    7   15   -0.019102
    1   -1    8   15   -0.001065
    1   -1    9   15   -0.001595
    1   -1   10   15   -0.004055
    1   -1   11   15   -0.001590
    1   -1   12   15    0.022642
    1   -1   13   15   -0.006553
    1   -1   14   15    0.003832
    1   -1   15   15   -0.041912
    1   -1   16   15   -0.001120
    1   -1   17   15    0.000887
    1   -1   18   15    0.002267
    1   -1    1   16   -0.009160
    1   -1    2   16    0.003755
    1   -1    3   16    0.008795
    1   -1    4   16   -0.008792
    1   -1    5   16   -0.002230
    1   -1    6   16    0.020485
    1   -1    7   16    0.006532
    1   -1    8   16   -0.001837
    1   -1    9   16    0.015782
    1   -1   10   16    0.035382
    1   -1   11   16    0.000263
    1   -1   12   16   -0.010732
    1   -1   13   16    0.004455
    1   -1   14   16    0.001187
    1   -1   15   16    0.063668
    1   -1   16   16   -0.013487
    1   -1   17   16    0.001385
    1   -1   18   16    0.005915
    1   -1    1   17    0.001697
    1   -1    2   17   -0.002387
    1   -1    3   17   -0.002938
    1   -1    4   17    0.000818
    1   -1    5   17   -0.000165
    1   -1    6   17   -0.007735
    1   -1    7   17   -0.002312
    1   -1    8   17    0.009970
    1   -1    9   17    0.016135
    1   -1   10   17    0.003852
    1   -1   11   17   -0.001453
    1   -1   12   17    0.010797
    1   -1   13   17   -0.000095
    1   -1   14   17   -0.000198
    1   -1   15   17   -0.003795
    1   -1   16   17   -0.005987
    1   -1   17   17    0.000142
    1   -1   18   17    0.004335
    1   -1    1   18   -0.020500
    1   -1    2   18   -0.002955
    1   -1    3   18   -0.011067
    1   -1    4   18    0.014247
    1   -1    5   18   -0.000670
    1   -1    6   18   -0.023240
    1   -1    7   18    0.002120
    1   -1    8   18   -0.005577
    1   -1    9   18    0.003422
    1   -1   10   18    0.004730
    1   -1   11   18   -0.003035
    1   -1   12   18    0.010817
    1   -1   13   18    0.028708
    1   -1   14   18   -0.000245
    1   -1   15   18   -0.000390
    1   -1   16   18   -0.005660
    1   -1   17   18   -0.002175
    1   -1   18   18   -0.000643
   -1    0    1    1   -0.315732
   -1    0    2    1   -0.006388
   -1    0    3    1    1.822820
   -1    0    4    1   -0.187757
   -1    0    5    1   -0.035745
   -1    0    6    1   -0.274112
   -1    0    7    1    0.007302
   -1    0    8    1    0.076787
   -1    0    9    1   -0.056900
   -1    0   10    1    0.143020
   -1    0   11    1   -0.016108
   -1    0   12    1   -0.003202
   -1    0   13    1   -0.032347
   -1    0   14    1   -0.005605
   -1    0   15    1   -0.043680
   -1    0   16    1    0.176780
   -1    0   17    1   -0.010943
   -1    0   18    1   -0.147342
   -1    0    1    2   -0.156890
   -1    0    2    2   -0.010693
   -1    0    3    2    0.806305
   -1    0    4    2   -0.125130
   -1    0    5    2    0.027643
   -1    0    6    2   -0.110845
   -1    0    7    2   -0.024467
   -1    0    8    2   -0.614215
   -1    0    9    2    0.029010
   -1    0   10    2    1.287012
   -1    0   11    2   -0.024780
   -1    0   12    2   -0.042420
   -1    0   13    2    0.017967
   -1    0   14    2    0.272265
   -1    0   15    2   -0.022017
   -1    0   16    2    0.070400
   -1    0   17    2    1.219292
   -1    0   18    2   -0.255310
   -1    0    1    3   -0.078410
   -1    0    2    3    0.001868
   -1    0    3    3   -0.572050
   -1    0    4    3   -0.117447
   -1    0    5    3   -0.067725
   -1    0    6    3    0.147152
   -1    0    7    3    0.038075
   -1    0    8    3    0.004215
   -1    0    9    3   -0.009892
   -1    0   10    3    0.021875
   -1    0   11    3   -0.004832
   -1    0   12    3   -0.043437
   -1    0   13    3    0.037593
   -1    0   14    3   -0.007273
   -1    0   15    3   -0.002788
   -1    0   16    3    0.140425
   -1    0   17    3   -0.009695
   -1    0   18    3   -0.119792
   -1    0    1    4    0.403817
   -1    0    2    4    0.023553
   -1    0    3    4    0.094845
   -1    0    4    4   -0.126142
   -1    0    5    4   -0.010465
   -1    0    6    4   -0.142895
   -1    0    7    4   -0.064755
   -1    0    8    4    1.235107
   -1    0    9    4    0.029570
   -1    0   10    4   -0.056452
   -1    0   11    4   -0.044580
   -1    0   12    4    0.035993
   -1    0   13    4    0.006735
   -1    0   14    4   -0.024375
   -1    0   15    4    0.009092
   -1    0   16    4    0.392615
   -1    0   17    4    0.003755
   -1    0   18    4    0.269713
   -1    0    1    5    0.006723
   -1    0    2    5   -0.003047
   -1    0    3    5   -0.479635
   -1    0    4    5    0.025615
   -1    0    5    5    0.004312
   -1    0    6    5    0.007160
   -1    0    7    5   -0.012620
   -1    0    8    5   -0.099983
   -1    0    9    5    0.024377
   -1    0   10    5   -0.467690
   -1    0   11    5   -0.001765
   -1    0   12    5    0.011683
   -1    0   13    5    0.003452
   -1    0   14    5    0.005942
   -1    0   15    5    0.008238
   -1    0   16    5    0.008167
   -1    0   17    5   -0.008132
   -1    0   18    5    0.014682
   -1    0    1    6   -0.256507
   -1    0    2    6    0.036935
   -1    0    3    6    0.571425
   -1    0    4    6   -0.548275
   -1    0    5    6   -0.323795
   -1    0    6    6    0.072812
   -1    0    7    6    0.041583
   -1    0    8    6    0.281782
   -1    0    9    6   -0.186570
   -1    0   10    6   -0.938867
   -1    0   11    6    0.005267
   -1    0   12    6   -0.082597
   -1    0   13    6   -0.048973
   -1    0   14    6    0.033120
   -1    0   15    6   -0.100412
   -1    0   16    6    0.331050
   -1    0   17    6    0.012863
   -1    0   18    6   -0.648822
   -1    0    1    7    0.965045
   -1    0    2    7   -0.007420
   -1    0    3    7   -1.863087
   -1    0    4    7    0.083427
   -1    0    5    7    0.006843
   -1    0    6    7    0.328675
   -1    0    7    7   -0.059552
   -1    0    8    7   -0.377067
   -1    0    9    7   -0.118845
   -1    0   10    7    0.184002
   -1    0   11    7    0.012920
   -1    0   12    7    0.005088
   -1    0   13    7   -0.009080
   -1    0   14    7   -0.302667
   -1    0   15    7   -0.437577
   -1    0   16    7   -0.353513
   -1    0   17    7    0.952132
   -1    0   18    7    0.702425
   -1    0    1    8   -0.004955
   -1    0    2    8    0.000500
   -1    0    3    8    0.021423
   -1    0    4    8    0.021227
   -1    0    5    8   -0.001325
   -1    0    6    8    0.001403
   -1    0    7    8   -0.005485
   -1    0    8    8    0.002717
   -1    0    9    8    0.009190
   -1    0   10    8    0.010335
   -1    0   11    8   -0.000087
   -1    0   12    8    0.000660
   -1    0   13    8   -0.001123
   -1    0   14    8   -0.001035
   -1    0   15    8   -0.003060
   -1    0   16    8   -0.012500
   -1    0   17    8   -0.014632
   -1    0   18    8   -0.003375
   -1    0    1    9   -0.193275
   -1    0    2    9   -0.042425
   -1    0    3    9   -0.318085
   -1    0    4    9    0.472520
   -1    0    5    9   -0.116185
   -1    0    6    9    0.272915
   -1    0    7    9    0.189135
   -1    0    8    9    0.038400
   -1    0    9    9   -0.295695
   -1    0   10    9   -0.017902
   -1    0   11    9    0.034833
   -1    0   12    9    0.000920
   -1    0   13    9   -0.031440
   -1    0   14    9   -0.334947
   -1    0   15    9    0.031305
   -1    0   16    9   -0.039695
   -1    0   17    9   -0.561122
   -1    0   18    9    0.043822
   -1    0    1   10    0.332687
   -1    0    2   10    0.017288
   -1    0    3   10   -0.413812
   -1    0    4   10   -0.617177
   -1    0    5   10   -0.001578
   -1    0    6   10   -1.064000
   -1    0    7   10    0.102297
   -1    0    8   10    0.002870
   -1    0    9   10   -0.082402
   -1    0   10   10    0.243193
   -1    0   11   10    0.000525
   -1    0   12   10    0.037352
   -1    0   13   10    0.246530
   -1    0   14   10   -0.128635
   -1    0   15   10    0.180180
   -1    0   16   10   -0.054400
   -1    0   17   10    0.013212
   -1    0   18   10    0.440478
   -1    0    1   11   -0.082977
   -1    0    2   11   -0.004063
   -1    0    3   11   -0.225072
   -1    0    4   11    0.073760
   -1    0    5   11   -0.015468
   -1    0    6   11   -0.043787
   -1    0    7   11    0.014575
   -1    0    8   11    0.264172
   -1    0    9   11   -0.015722
   -1    0   10   11    0.196047
   -1    0   11   11   -0.001827
   -1    0   12   11   -0.001938
   -1    0   13   11    0.012285
   -1    0   14   11    0.045732
   -1    0   15   11   -0.007842
   -1    0   16   11    0.047387
   -1    0   17   11    0.461713
   -1    0   18   11   -0.044860
   -1    0    1   12    0.128980
   -1    0    2   12   -0.298028
   -1    0    3   12    0.248662
   -1    0    4   12   -0.117543
   -1    0    5   12   -0.597710
   -1    0    6   12    0.892685
   -1    0    7   12   -0.632427
   -1    0    8   12    0.383542
   -1    0    9   12    0.747570
   -1    0   10   12   -1.263025
   -1    0   11   12   -0.459375
   -1    0   12   12   -0.125405
   -1    0   13   12    0.020430
   -1    0   14   12   -2.067595
   -1    0   15   12    0.018385
   -1    0   16   12    0.625997
   -1    0   17   12   -1.767995
   -1    0   18   12   -0.389582
   -1    0    1   13    0.729700
   -1    0    2   13    0.252127
   -1    0    3   13    0.174817
   -1    0    4   13    0.424702
   -1    0    5   13    0.038825
   -1    0    6   13    1.966570
   -1    0    7   13    0.053262
   -1    0    8   13    0.668552
   -1    0    9   13   -0.229207
   -1    0   10   13    0.621415
   -1    0   11   13    0.279915
   -1    0   12   13    0.053913
   -1    0   13   13   -0.030320
   -1    0   14   13    0.575462
   -1    0   15   13    0.019125
   -1    0   16   13   -0.345143
   -1    0   17   13    0.243570
   -1    0   18   13    0.111595
   -1    0    1   14    0.095100
   -1    0    2   14   -0.004978
   -1    0    3   14   -0.139340
   -1    0    4   14   -0.213832
   -1    0    5   14    0.004662
   -1    0    6   14   -0.061463
   -1    0    7   14   -0.002743
   -1    0    8   14   -0.033620
   -1    0    9   14    0.027045
   -1    0   10   14   -0.017542
   -1    0   11   14   -0.006540
   -1    0   12   14   -0.007503
   -1    0   13   14   -0.002835
   -1    0   14   14    0.012977
   -1    0   15   14   -0.002635
   -1    0   16   14   -0.003253
   -1    0   17   14    0.059887
   -1    0   18   14    0.010865
   -1    0    1   15   -0.208240
   -1    0    2   15   -0.028270
   -1    0    3   15   -0.021223
   -1    0    4   15   -0.059405
   -1    0    5   15    0.038715
   -1    0    6   15   -3.474810
   -1    0    7   15   -0.263980
   -1    0    8   15    0.011918
   -1    0    9   15    0.002975
   -1    0   10   15    0.473797
   -1    0   11   15    0.150317
   -1    0   12   15    0.260257
   -1    0   13   15    1.115845
   -1    0   14   15    0.433242
   -1    0   15   15    0.467493
   -1    0   16   15   -0.195830
   -1    0   17   15   -0.277585
   -1    0   18   15   -0.344992
   -1    0    1   16   -0.127135
   -1    0    2   16    0.023750
   -1    0    3   16    2.391455
   -1    0    4   16    2.047430
   -1    0    5   16    0.039378
   -1    0    6   16   -0.042270
   -1    0    7   16    0.052843
   -1    0    8   16    0.024930
   -1    0    9   16   -0.095212
   -1    0   10   16   -0.218837
   -1    0   11   16    0.004880
   -1    0   12   16   -0.015370
   -1    0   13   16    0.005213
   -1    0   14   16    0.157020
   -1    0   15   16   -0.049485
   -1    0   16   16    0.475658
   -1    0   17   16   -0.153107
   -1    0   18   16   -0.025483
   -1    0    1   17    0.239610
   -1    0    2   17   -0.021788
   -1    0    3   17    0.055520
   -1    0    4   17   -0.102682
   -1    0    5   17   -0.819020
   -1    0    6   17   -0.143105
   -1    0    7   17   -0.021800
   -1    0    8   17    2.201872
   -1    0    9   17    0.025765
   -1    0   10   17   -1.713093
   -1    0   11   17   -0.014402
   -1    0   12   17    0.033305
   -1    0   13   17    0.002217
   -1    0   14   17   -2.032632
   -1    0   15   17   -0.028545
   -1    0   16   17    0.185835
   -1    0   17   17    0.019682
   -1    0   18   17    0.030930
   -1    0    1   18    0.092895
   -1    0    2   18    0.038175
   -1    0    3   18    0.100487
   -1    0    4   18   -1.572642
   -1    0    5   18   -0.031992
   -1    0    6   18    0.510445
   -1    0    7   18   -0.050160
   -1    0    8   18   -0.249085
   -1    0    9   18   -0.016607
   -1    0   10   18   -0.122850
   -1    0   11   18    0.004830
   -1    0   12   18    0.019675
   -1    0   13   18   -0.080835
   -1    0   14   18    0.020140
   -1    0   15   18   -0.018210
   -1    0   16   18   -0.034613
   -1    0   17   18   -0.023123
   -1    0   18   18   -0.087400
    0    0    1    1    0.418977
    0    0    2    1    0.699357
    0    0    3    1   -2.605890
    0    0    4    1   -0.880285
    0    0    5    1   -0.225687
    0    0    6    1   -2.783015
    0    0    7    1    0.335265
    0    0    8    1    0.322492
    0    0    9    1   -0.696695
    0    0   10    1   -0.058507
    0    0   11    1    0.283217
    0    0   12    1    0.300420
    0    0   13    1    0.157620
    0    0   14    1   -0.534770
    0    0   15    1    0.450245
    0    0   16    1   -2.227457
    0    0   17    1    0.481170
    0    0   18    1    4.698722
    0    0    1    2    0.699357
    0    0    2    2   -3.641923
    0    0    3    2    0.180035
    0    0    4    2    1.281273
    0    0    5    2   -1.539055
    0    0    6    2   -0.523332
    0    0    7    2   -5.425350
    0    0    8    2    0.105540
    0    0    9    2   -2.243855
    0    0   10    2    0.199665
    0    0   11    2   -0.540660
    0    0   12    2   -0.137010
    0    0   13    2   -0.342935
    0    0   14    2   -0.087823
    0    0   15    2   -0.107577
    0    0   16    2    0.727410
    0    0   17    2   -1.731840
    0    0   18    2    0.279920
    0    0    1    3   -2.605890
    0    0    2    3    0.180035
    0    0    3    3   -2.030752
    0    0    4    3   -0.756240
    0    0    5    3   -0.147135
    0    0    6    3    1.746670
    0    0    7    3   -0.245812
    0    0    8    3    0.158567
    0    0    9    3   -0.202678
    0    0   10    3    0.114625
    0    0   11    3    0.033655
    0    0   12    3    0.190150
    0    0   13    3   -0.009490
    0    0   14    3   -0.092552
    0    0   15    3    1.162165
    0    0   16    3    0.381285
    0    0   17    3   -0.269212
    0    0   18    3   -0.041498
    0    0    1    4   -0.880285
    0    0    2    4    1.281273
    0    0    3    4   -0.756240
    0    0    4    4   -8.657675
    0    0    5    4   -0.005250
    0    0    6    4   -1.686877
    0    0    7    4   -0.665112
    0    0    8    4   -0.063337
    0    0    9    4    0.042275
    0    0   10    4   -0.086190
    0    0   11    4   -0.361190
    0    0   12    4    0.216650
    0    0   13    4   -0.047215
    0    0   14    4   -0.129857
    0    0   15    4   -0.320275
    0    0   16    4    1.206427
    0    0   17    4   -0.031622
    0    0   18    4   -0.319248
    0    0    1    5   -0.225687
    0    0    2    5   -1.539055
    0    0    3    5   -0.147135
    0    0    4    5   -0.005250
    0    0    5    5   -1.011680
    0    0    6    5    0.757580
    0    0    7    5    0.888082
    0    0    8    5    1.069445
    0    0    9    5   -0.225282
    0    0   10    5   -0.030358
    0    0   11    5   -1.789652
    0    0   12    5   -0.086035
    0    0   13    5    0.255802
    0    0   14    5    0.757025
    0    0   15    5    0.126255
    0    0   16    5    1.880765
    0    0   17    5    1.634968
    0    0   18    5    0.257145
    0    0    1    6   -2.783015
    0    0    2    6   -0.523332
    0    0    3    6    1.746670
    0    0    4    6   -1.686877
    0    0    5    6    0.757580
    0    0    6    6   -0.872690
    0    0    7    6    0.165323
    0    0    8    6   -0.133822
    0    0    9    6   -0.340515
    0    0   10    6    0.539227
    0    0   11    6   -0.541632
    0    0   12    6   -0.164220
    0    0   13    6    0.286062
    0    0   14    6   -0.522828
    0    0   15    6   -0.045100
    0    0   16    6    1.113835
    0    0   17    6    0.196902
    0    0   18    6   -0.180932
    0    0    1    7    0.335265
    0    0    2    7   -5.425350
    0    0    3    7   -0.245812
    0    0    4    7   -0.665112
    0    0    5    7    0.888082
    0    0    6    7    0.165323
    0    0    7    7   10.703023
    0    0    8    7   -0.096762
    0    0    9    7   -0.034327
    0    0   10    7   -0.413245
    0    0   11    7    1.164365
    0    0   12    7   -0.534515
    0    0   13    7    0.840125
    0    0   14    7    0.085850
    0    0   15    7   -0.117970
    0    0   16    7    0.872955
    0    0   17    7    0.040305
    0    0   18    7   -0.961522
    0    0    1    8    0.322492
    0    0    2    8    0.105540
    0    0    3    8    0.158567
    0    0    4    8   -0.063337
    0    0    5    8    1.069445
    0    0    6    8   -0.133822
    0    0    7    8   -0.096762
    0    0    8    8    0.309708
    0    0    9    8   -0.056305
    0    0   10    8    0.565512
    0    0   11    8   -0.659705
    0    0   12    8   -0.006955
    0    0   13    8   -0.017337
    0    0   14    8   -1.436300
    0    0   15    8   -0.162013
    0    0   16    8    0.647018
    0    0   17    8    0.016377
    0    0   18    8    0.057213
    0    0    1    9   -0.696695
    0    0    2    9   -2.243855
    0    0    3    9   -0.202678
    0    0    4    9    0.042275
    0    0    5    9   -0.225282
    0    0    6    9   -0.340515
    0    0    7    9   -0.034327
    0    0    8    9   -0.056305
    0    0    9    9    3.200667
    0    0   10    9    0.066725
    0    0   11    9   -0.970940
    0    0   12    9    0.942752
    0    0   13    9   -0.740182
    0    0   14    9   -0.405822
    0    0   15    9   -0.177487
    0    0   16    9   -0.428735
    0    0   17    9   -0.240445
    0    0   18    9   -0.114867
    0    0    1   10   -0.058507
    0    0    2   10    0.199665
    0    0    3   10    0.114625
    0    0    4   10   -0.086190
    0    0    5   10   -0.030358
    0    0    6   10    0.539227
    0    0    7   10   -0.413245
    0    0    8   10    0.565512
    0    0    9   10    0.066725
    0    0   10   10   -3.739855
    0    0   11   10    0.046287
    0    0   12   10    0.173157
    0    0   13   10   -0.093713
    0    0   14   10    0.523402
    0    0   15   10   -0.334180
    0    0   16   10   -0.731410
    0    0   17   10    0.010322
    0    0   18   10    0.912847
    0    0    1   11    0.283217
    0    0    2   11   -0.540660
    0    0    3   11    0.033655
    0    0    4   11   -0.361190
    0    0    5   11   -1.789652
    0    0    6   11   -0.541632
    0    0    7   11    1.164365
    0    0    8   11   -0.659705
    0    0    9   11   -0.970940
    0    0   10   11    0.046287
    0    0   11   11   -0.616750
    0    0   12   11   -0.177755
    0    0   13   11    0.181555
    0    0   14   11   -0.483190
    0    0   15   11   -0.355537
    0    0   16   11    1.174320
    0    0   17   11   -0.834202
    0    0   18   11    0.190710
    0    0    1   12    0.300420
    0    0    2   12   -0.137010
    0    0    3   12    0.190150
    0    0    4   12    0.216650
    0    0    5   12   -0.086035
    0    0    6   12   -0.164220
    0    0    7   12   -0.534515
    0    0    8   12   -0.006955
    0    0    9   12    0.942752
    0    0   10   12    0.173157
    0    0   11   12   -0.177755
    0    0   12   12    7.559277
    0    0   13   12   -1.265750
    0    0   14   12    0.002305
    0    0   15   12    0.377865
    0    0   16   12   -0.553175
    0    0   17   12    0.453660
    0    0   18   12    1.008070
    0    0    1   13    0.157620
    0    0    2   13   -0.342935
    0    0    3   13   -0.009490
    0    0    4   13   -0.047215
    0    0    5   13    0.255802
    0    0    6   13    0.286062
    0    0    7   13    0.840125
    0    0    8   13   -0.017337
    0    0    9   13   -0.740182
    0    0   10   13   -0.093713
    0    0   11   13    0.181555
    0    0   12   13   -1.265750
    0    0   13   13   -8.053728
    0    0   14   13    0.259860
    0    0   15   13    0.731640
    0    0   16   13    0.148013
    0    0   17   13    2.207735
    0    0   18   13   -0.346448
    0    0    1   14   -0.534770
    0    0    2   14   -0.087823
    0    0    3   14   -0.092552
    0    0    4   14   -0.129857
    0    0    5   14    0.757025
    0    0    6   14   -0.522828
    0    0    7   14    0.085850
    0    0    8   14   -1.436300
    0    0    9   14   -0.405822
    0    0   10   14    0.523402
    0    0   11   14   -0.483190
    0    0   12   14    0.002305
    0    0   13   14    0.259860
    0    0   14   14   -0.758882
    0    0   15   14   -0.236015
    0    0   16   14    1.698458
    0    0   17   14    3.070715
    0    0   18   14    0.119912
    0    0    1   15    0.450245
    0    0    2   15   -0.107577
    0    0    3   15    1.162165
    0    0    4   15   -0.320275
    0    0    5   15    0.126255
    0    0    6   15   -0.045100
    0    0    7   15   -0.117970
    0    0    8   15   -0.162013
    0    0    9   15   -0.177487
    0    0   10   15   -0.334180
    0    0   11   15   -0.355537
    0    0   12   15    0.377865
    0    0   13   15    0.731640
    0    0   14   15   -0.236015
    0    0   15   15   -1.412303
    0    0   16   15    0.805530
    0    0   17   15    0.204255
    0    0   18   15    1.304850
    0    0    1   16   -2.227457
    0    0    2   16    0.727410
    0    0    3   16    0.381285
    0    0    4   16    1.206427
    0    0    5   16    1.880765
    0    0    6   16    1.113835
    0    0    7   16    0.872955
    0    0    8   16    0.647018
    0    0    9   16   -0.428735
    0    0   10   16   -0.731410
    0    0   11   16    1.174320
    0    0   12   16   -0.553175
    0    0   13   16    0.148013
    0    0   14   16    1.698458
    0    0   15   16    0.805530
    0    0   16   16   -9.695422
    0    0   17   16   -0.003485
    0    0   18   16   -0.869470
    0    0    1   17    0.481170
    0    0    2   17   -1.731840
    0    0    3   17   -0.269212
    0    0    4   17   -0.031622
    0    0    5   17    1.634968
    0    0    6   17    0.196902
    0    0    7   17    0.040305
    0    0    8   17    0.016377
    0    0    9   17   -0.240445
    0    0   10   17    0.010322
    0    0   11   17   -0.834202
    0    0   12   17    0.453660
    0    0   13   17    2.207735
    0    0   14   17    3.070715
    0    0   15   17    0.204255
    0    0   16   17   -0.003485
    0    0   17   17   -0.179645
    0    0   18   17    0.037922
    0    0    1   18    4.698722
    0    0    2   18    0.279920
    0    0    3   18   -0.041498
    0    0    4   18   -0.319248
    0    0    5   18    0.257145
    0    0    6   18   -0.180932
    0    0    7   18   -0.961522
    0    0    8   18    0.057213
    0    0    9   18   -0.114867
    0    0   10   18    0.912847
    0    0   11   18    0.190710
    0    0   12   18    1.008070
    0    0   13   18   -0.346448
    0    0   14   18    0.119912
    0    0   15   18    1.304850
    0    0   16   18   -0.869470
    0    0   17   18    0.037922
    0    0   18   18    3.311230
    1    0    1    1   -0.315732
    1    0    2    1   -0.156890
    1    0    3    1   -0.078410
    1    0    4    1    0.403817
    1    0    5    1    0.006723
    1    0    6    1   -0.256507
    1    0    7    1    0.965045
    1    0    8    1   -0.004955
    1    0    9    1   -0.193275
    1    0   10    1    0.332687
    1    0   11    1   -0.082977
    1    0   12    1    0.128980
    1    0   13    1    0.729700
    1    0   14    1    0.095100
    1    0   15    1   -0.208240
    1    0   16    1   -0.127135
    1    0   17    1    0.239610
    1    0   18    1    0.092895
    1    0    1    2   -0.006388
    1    0    2    2   -0.010693
    1    0    3    2    0.001868
    1    0    4    2    0.023553
    1    0    5    2   -0.003047
    1    0    6    2    0.036935
    1    0    7    2   -0.007420
    1    0    8    2    0.000500
    1    0    9    2   -0.042425
    1    0   10    2    0.017288
    1    0   11    2   -0.004063
    1    0   12    2   -0.298028
    1    0   13    2    0.252127
    1    0   14    2   -0.004978
    1    0   15    2   -0.028270
    1    0   16    2    0.023750
    1    0   17    2   -0.021788
    1    0   18    2    0.038175
    1    0    1    3    1.822820
    1    0    2    3    0.806305
    1    0    3    3   -0.572050
    1    0    4    3    0.094845
    1    0    5    3   -0.479635
    1    0    6    3    0.571425
    1    0    7    3   -1.863087
    1    0    8    3    0.021423
    1    0    9    3   -0.318085
    1    0   10    3   -0.413812
    1    0   11    3   -0.225072
    1    0   12    3    0.248662
    1    0   13    3    0.174817
    1    0   14    3   -0.139340
    1    0   15    3   -0.021223
    1    0   16    3    2.391455
    1    0   17    3    0.055520
    1    0   18    3    0.100487
    1    0    1    4   -0.187757
    1    0    2    4   -0.125130
    1    0    3    4   -0.117447
    1    0    4    4   -0.126142
    1    0    5    4    0.025615
    1    0    6    4   -0.548275
    1    0    7    4    0.083427
    1    0    8    4    0.021227
    1    0    9    4    0.472520
    1    0   10    4   -0.617177
    1    0   11    4    0.073760
    1    0   12    4   -0.117543
    1    0   13    4    0.424702
    1    0   14    4   -0.213832
    1    0   15    4   -0.059405
    1    0   16    4    2.047430
    1    0   17    4   -0.102682
    1    0   18    4   -1.572642
    1    0    1    5   -0.035745
    1    0    2    5    0.027643
    1    0    3    5   -0.067725
    1    0    4    5   -0.010465
    1    0    5    5    0.004312
    1    0    6    5   -0.323795
    1    0    7    5    0.006843
    1    0    8    5   -0.001325
    1    0    9    5   -0.116185
    1    0   10    5   -0.001578
    1    0   11    5   -0.015468
    1    0   12    5   -0.597710
    1    0   13    5    0.038825
    1    0   14    5    0.004662
    1    0   15    5    0.038715
    1    0   16    5    0.039378
    1    0   17    5   -0.819020
    1    0   18    5   -0.031992
    1    0    1    6   -0.274112
    1    0    2    6   -0.110845
    1    0    3    6    0.147152
    1    0    4    6   -0.142895
    1    0    5    6    0.007160
    1    0    6    6    0.072812
    1    0    7    6    0.328675
    1    0    8    6    0.001403
    1    0    9    6    0.272915
    1    0   10    6   -1.064000
    1    0   11    6   -0.043787
    1    0   12    6    0.892685
    1    0   13    6    1.966570
    1    0   14    6   -0.061463
    1    0   15    6   -3.474810
    1    0   16    6   -0.042270
    1    0   17    6   -0.143105
    1    0   18    6    0.510445
    1    0    1    7    0.007302
    1    0    2    7   -0.024467
    1    0    3    7    0.038075
    1    0    4    7   -0.064755
    1    0    5    7   -0.012620
    1    0    6    7    0.041583
    1    0    7    7   -0.059552
    1    0    8    7   -0.005485
    1    0    9    7    0.189135
    1    0   10    7    0.102297
    1    0   11    7    0.014575
    1    0   12    7   -0.632427
    1    0   13    7    0.053262
    1    0   14    7   -0.002743
    1    0   15    7   -0.263980
    1    0   16    7    0.052843
    1    0   17    7   -0.021800
    1    0   18    7   -0.050160
    1    0    1    8    0.076787
    1    0    2    8   -0.614215
    1    0    3    8    0.004215
    1    0    4    8    1.235107
    1    0    5    8   -0.099983
    1    0    6    8    0.281782
    1    0    7    8   -0.377067
    1    0    8    8    0.002717
    1    0    9    8    0.038400
    1    0   10    8    0.002870
    1    0   11    8    0.264172
    1    0   12    8    0.383542
    1    0   13    8    0.668552
    1    0   14    8   -0.033620
    1    0   15    8    0.011918
    1    0   16    8    0.024930
    1    0   17    8    2.201872
    1    0   18    8   -0.249085
    1    0    1    9   -0.056900
    1    0    2    9    0.029010
    1    0    3    9   -0.009892
    1    0    4    9    0.029570
    1    0    5    9    0.024377
    1    0    6    9   -0.186570
    1    0    7    9   -0.118845
    1    0    8    9    0.009190
    1    0    9    9   -0.295695
    1    0   10    9   -0.082402
    1    0   11    9   -0.015722
    1    0   12    9    0.747570
    1    0   13    9   -0.229207
    1    0   14    9    0.027045
    1    0   15    9    0.002975
    1    0   16    9   -0.095212
    1    0   17    9    0.025765
    1    0   18    9   -0.016607
    1    0    1   10    0.143020
    1    0    2   10    1.287012
    1    0    3   10    0.021875
    1    0    4   10   -0.056452
    1    0    5   10   -0.467690
    1    0    6   10   -0.938867
    1    0    7   10    0.184002
    1    0    8   10    0.010335
    1    0    9   10   -0.017902
    1    0   10   10    0.243193
    1    0   11   10    0.196047
    1    0   12   10   -1.263025
    1    0   13   10    0.621415
    1    0   14   10   -0.017542
    1    0   15   10    0.473797
    1    0   16   10   -0.218837
    1    0   17   10   -1.713093
    1    0   18   10   -0.122850
    1    0    1   11   -0.016108
    1    0    2   11   -0.024780
    1    0    3   11   -0.004832
    1    0    4   11   -0.044580
    1    0    5   11   -0.001765
    1    0    6   11    0.005267
    1    0    7   11    0.012920
    1    0    8   11   -0.000087
    1    0    9   11    0.034833
    1    0   10   11    0.000525
    1    0   11   11   -0.001827
    1    0   12   11   -0.459375
    1    0   13   11    0.279915
    1    0   14   11   -0.006540
    1    0   15   11    0.150317
    1    0   16   11    0.004880
    1    0   17   11   -0.014402
    1    0   18   11    0.004830
    1    0    1   12   -0.003202
    1    0    2   12   -0.042420
    1    0    3   12   -0.043437
    1    0    4   12    0.035993
    1    0    5   12    0.011683
    1    0    6   12   -0.082597
    1    0    7   12    0.005088
    1    0    8   12    0.000660
    1    0    9   12    0.000920
    1    0   10   12    0.037352
    1    0   11   12   -0.001938
    1    0   12   12   -0.125405
    1    0   13   12    0.053913
    1    0   14   12   -0.007503
    1    0   15   12    0.260257
    1    0   16   12   -0.015370
    1    0   17   12    0.033305
    1    0   18   12    0.019675
    1    0    1   13   -0.032347
    1    0    2   13    0.017967
    1    0    3   13    0.037593
    1    0    4   13    0.006735
    1    0    5   13    0.003452
    1    0    6   13   -0.048973
    1    0    7   13   -0.009080
    1    0    8   13   -0.001123
    1    0    9   13   -0.031440
    1    0   10   13    0.246530
    1    0   11   13    0.012285
    1    0   12   13    0.020430
    1    0   13   13   -0.030320
    1    0   14   13   -0.002835
    1    0   15   13    1.115845
    1    0   16   13    0.005213
    1    0   17   13    0.002217
    1    0   18   13   -0.080835
    1    0    1   14   -0.005605
    1    0    2   14    0.272265
    1    0    3   14   -0.007273
    1    0    4   14   -0.024375
    1    0    5   14    0.005942
    1    0    6   14    0.033120
    1    0    7   14   -0.302667
    1    0    8   14   -0.001035
    1    0    9   14   -0.334947
    1    0   10   14   -0.128635
    1    0   11   14    0.045732
    1    0   12   14   -2.067595
    1    0   13   14    0.575462
    1    0   14   14    0.012977
    1    0   15   14    0.433242
    1    0   16   14    0.157020
    1    0   17   14   -2.032632
    1    0   18   14    0.020140
    1    0    1   15   -0.043680
    1    0    2   15   -0.022017
    1    0    3   15   -0.002788
    1    0    4   15    0.009092
    1    0    5   15    0.008238
    1    0    6   15   -0.100412
    1    0    7   15   -0.437577
    1    0    8   15   -0.003060
    1    0    9   15    0.031305
    1    0   10   15    0.180180
    1    0   11   15   -0.007842
    1    0   12   15    0.018385
    1    0   13   15    0.019125
    1    0   14   15   -0.002635
    1    0   15   15    0.467493
    1    0   16   15   -0.049485
    1    0   17   15   -0.028545
    1    0   18   15   -0.018210
    1    0    1   16    0.176780
    1    0    2   16    0.070400
    1    0    3   16    0.140425
    1    0    4   16    0.392615
    1    0    5   16    0.008167
    1    0    6   16    0.331050
    1    0    7   16   -0.353513
    1    0    8   16   -0.012500
    1    0    9   16   -0.039695
    1    0   10   16   -0.054400
    1    0   11   16    0.047387
    1    0   12   16    0.625997
    1    0   13   16   -0.345143
    1    0   14   16   -0.003253
    1    0   15   16   -0.195830
    1    0   16   16    0.475658
    1    0   17   16    0.185835
    1    0   18   16   -0.034613
    1    0    1   17   -0.010943
    1    0    2   17    1.219292
    1    0    3   17   -0.009695
    1    0    4   17    0.003755
    1    0    5   17   -0.008132
    1    0    6   17    0.012863
    1    0    7   17    0.952132
    1    0    8   17   -0.014632
    1    0    9   17   -0.561122
    1    0   10   17    0.013212
    1    0   11   17    0.461713
    1    0   12   17   -1.767995
    1    0   13   17    0.243570
    1    0   14   17    0.059887
    1    0   15   17   -0.277585
    1    0   16   17   -0.153107
    1    0   17   17    0.019682
    1    0   18   17   -0.023123
    1    0    1   18   -0.147342
    1    0    2   18   -0.255310
    1    0    3   18   -0.119792
    1    0    4   18    0.269713
    1    0    5   18    0.014682
    1    0    6   18   -0.648822
    1    0    7   18    0.702425
    1    0    8   18   -0.003375
    1    0    9   18    0.043822
    1    0   10   18    0.440478
    1    0   11   18   -0.044860
    1    0   12   18   -0.389582
    1    0   13   18    0.111595
    1    0   14   18    0.010865
    1    0   15   18   -0.344992
    1    0   16   18   -0.025483
    1    0   17   18    0.030930
    1    0   18   18   -0.087400
   -1    1    1    1   -0.034275
   -1    1    2    1   -0.001612
   -1    1    3    1   -0.002335
   -1    1    4    1    0.018425
   -1    1    5    1    0.002842
   -1    1    6    1   -0.015100
   -1    1    7    1   -0.021000
   -1    1    8    1   -0.005460
   -1    1    9    1   -0.003347
   -1    1   10    1   -0.003293
   -1    1   11    1   -0.002158
   -1    1   12    1    0.021480
   -1    1   13    1   -0.001858
   -1    1   14    1    0.000325
   -1    1   15    1   -0.001467
   -1    1   16    1   -0.009160
   -1    1   17    1    0.001697
   -1    1   18    1   -0.020500
   -1    1    1    2    0.007070
   -1    1    2    2    0.001792
   -1    1    3    2   -0.001070
   -1    1    4    2   -0.001585
   -1    1    5    2   -0.001222
   -1    1    6    2    0.005875
   -1    1    7    2    0.002105
   -1    1    8    2   -0.007810
   -1    1    9    2   -0.010795
   -1    1   10    2    0.005215
   -1    1   11    2    0.001182
   -1    1   12    2   -0.001510
   -1    1   13    2   -0.005235
   -1    1   14    2    0.000165
   -1    1   15    2    0.003687
   -1    1   16    2    0.003755
   -1    1   17    2   -0.002387
   -1    1   18    2   -0.002955
   -1    1    1    3   -0.006228
   -1    1    2    3    0.003138
   -1    1    3    3    0.003165
   -1    1    4    3   -0.000020
   -1    1    5    3   -0.001283
   -1    1    6    3    0.021017
   -1    1    7    3    0.007800
   -1    1    8    3    0.001187
   -1    1    9    3    0.014685
   -1    1   10    3   -0.016440
   -1    1   11    3    0.002207
   -1    1   12    3   -0.003190
   -1    1   13    3    0.000077
   -1    1   14    3    0.001750
   -1    1   15    3   -0.015315
   -1    1   16    3    0.008795
   -1    1   17    3   -0.002938
   -1    1   18    3   -0.011067
   -1    1    1    4    0.009828
   -1    1    2    4   -0.000597
   -1    1    3    4    0.005825
   -1    1    4    4    0.027900
   -1    1    5    4    0.004275
   -1    1    6    4   -0.002950
   -1    1    7    4    0.003912
   -1    1    8    4   -0.005937
   -1    1    9    4    0.007737
   -1    1   10    4   -0.010505
   -1    1   11    4    0.001130
   -1    1   12    4    0.006205
   -1    1   13    4   -0.005920
   -1    1   14    4   -0.001177
   -1    1   15    4   -0.000835
   -1    1   16    4   -0.008792
   -1    1   17    4    0.000818
   -1    1   18    4    0.014247
   -1    1    1    5    0.002875
   -1    1    2    5   -0.001700
   -1    1    3    5    0.001572
   -1    1    4    5    0.001038
   -1    1    5    5   -0.000535
   -1    1    6    5   -0.014550
   -1    1    7    5   -0.002190
   -1    1    8    5   -0.001850
   -1    1    9    5   -0.000805
   -1    1   10    5    0.000248
   -1    1   11    5   -0.000242
   -1    1   12    5   -0.000983
   -1    1   13    5   -0.002440
   -1    1   14    5    0.000447
   -1    1   15    5   -0.001480
   -1    1   16    5   -0.002230
   -1    1   17    5   -0.000165
   -1    1   18    5   -0.000670
   -1    1    1    6   -0.053878
   -1    1    2    6    0.009180
   -1    1    3    6   -0.008757
   -1    1    4    6    0.079617
   -1    1    5    6    0.001228
   -1    1    6    6    0.086205
   -1    1    7    6    0.004410
   -1    1    8    6    0.022775
   -1    1    9    6   -0.032045
   -1    1   10    6   -0.004853
   -1    1   11    6    0.002303
   -1    1   12    6    0.011385
   -1    1   13    6   -0.036697
   -1    1   14    6    0.002195
   -1    1   15    6   -0.003405
   -1    1   16    6    0.020485
   -1    1   17    6   -0.007735
   -1    1   18    6   -0.023240
   -1    1    1    7    0.023228
   -1    1    2    7   -0.000307
   -1    1    3    7    0.021132
   -1    1    4    7   -0.001957
   -1    1    5    7   -0.002327
   -1    1    6    7   -0.023498
   -1    1    7    7   -0.011017
   -1    1    8    7   -0.016935
   -1    1    9    7   -0.061225
   -1    1   10    7   -0.002672
   -1    1   11    7   -0.001587
   -1    1   12    7   -0.006607
   -1    1   13    7    0.013552
   -1    1   14    7    0.003050
   -1    1   15    7   -0.019102
   -1    1   16    7    0.006532
   -1    1   17    7   -0.002312
   -1    1   18    7    0.002120
   -1    1    1    8    0.005322
   -1    1    2    8   -0.000767
   -1    1    3    8   -0.058253
   -1    1    4    8   -0.025735
   -1    1    5    8   -0.001102
   -1    1    6    8   -0.001875
   -1    1    7    8    0.002147
   -1    1    8    8    0.000320
   -1    1    9    8    0.002535
   -1    1   10    8    0.001243
   -1    1   11    8   -0.000435
   -1    1   12    8   -0.002340
   -1    1   13    8    0.002570
   -1    1   14    8    0.001097
   -1    1   15    8   -0.001065
   -1    1   16    8   -0.001837
   -1    1   17    8    0.009970
   -1    1   18    8   -0.005577
   -1    1    1    9   -0.030245
   -1    1    2    9   -0.004415
   -1    1    3    9   -0.011462
   -1    1    4    9   -0.005585
   -1    1    5    9    0.008023
   -1    1    6    9    0.041973
   -1    1    7    9    0.004592
   -1    1    8    9   -0.000635
   -1    1    9    9    0.005575
   -1    1   10    9   -0.000710
   -1    1   11    9   -0.001055
   -1    1   12    9    0.001677
   -1    1   13    9    0.019305
   -1    1   14    9   -0.004607
   -1    1   15    9   -0.001595
   -1    1   16    9    0.015782
   -1    1   17    9    0.016135
   -1    1   18    9    0.003422
   -1    1    1   10    0.028565
   -1    1    2   10    0.002717
   -1    1    3   10   -0.016555
   -1    1    4   10   -0.005810
   -1    1    5   10   -0.004230
   -1    1    6   10    0.040095
   -1    1    7   10    0.007277
   -1    1    8   10    0.000142
   -1    1    9   10   -0.003200
   -1    1   10   10    0.010895
   -1    1   11   10   -0.001500
   -1    1   12   10    0.004020
   -1    1   13   10   -0.011810
   -1    1   14   10    0.003188
   -1    1   15   10   -0.004055
   -1    1   16   10    0.035382
   -1    1   17   10    0.003852
   -1    1   18   10    0.004730
   -1    1    1   11    0.001713
   -1    1    2   11    0.000370
   -1    1    3   11    0.008300
   -1    1    4   11    0.000480
   -1    1    5   11   -0.000250
   -1    1    6   11   -0.008160
   -1    1    7   11    0.001902
   -1    1    8   11    0.000277
   -1    1    9   11   -0.003512
   -1    1   10   11    0.000502
   -1    1   11   11    0.000577
   -1    1   12   11   -0.001375
   -1    1   13   11   -0.003000
   -1    1   14   11    0.000507
   -1    1   15   11   -0.001590
   -1    1   16   11    0.000263
   -1    1   17   11   -0.001453
   -1    1   18   11   -0.003035
   -1    1    1   12    0.037343
   -1    1    2   12    0.006618
   -1    1    3   12    0.152202
   -1    1    4   12    0.042342
   -1    1    5   12    0.003770
   -1    1    6   12    0.019225
   -1    1    7   12   -0.026193
   -1    1    8   12    0.011010
   -1    1    9   12    0.028230
   -1    1   10   12    0.019125
   -1    1   11   12   -0.002107
   -1    1   12   12    0.000765
   -1    1   13   12   -0.016565
   -1    1   14   12    0.020675
   -1    1   15   12    0.022642
   -1    1   16   12   -0.010732
   -1    1   17   12    0.010797
   -1    1   18   12    0.010817
   -1    1    1   13   -0.056755
   -1    1    2   13   -0.010868
   -1    1    3   13   -0.124865
   -1    1    4   13    0.051125
   -1    1    5   13   -0.015707
   -1    1    6   13    0.154272
   -1    1    7   13   -0.008292
   -1    1    8   13    0.097348
   -1    1    9   13   -0.013985
   -1    1   10   13    0.027383
   -1    1   11   13   -0.014173
   -1    1   12   13   -0.013303
   -1    1   13   13    0.054310
   -1    1   14   13   -0.003337
   -1    1   15   13   -0.006553
   -1    1   16   13    0.004455
   -1    1   17   13   -0.000095
   -1    1   18   13    0.028708
   -1    1    1   14   -0.003400
   -1    1    2   14   -0.000530
   -1    1    3   14    0.001270
   -1    1    4   14    0.005760
   -1    1    5   14    0.000522
   -1    1    6   14    0.003217
   -1    1    7   14    0.002912
   -1    1    8   14   -0.000400
   -1    1    9   14    0.005477
   -1    1   10   14   -0.000142
   -1    1   11   14    0.000060
   -1    1   12   14   -0.003118
   -1    1   13   14   -0.001237
   -1    1   14   14   -0.001245
   -1    1   15   14    0.003832
   -1    1   16   14    0.001187
   -1    1   17   14   -0.000198
   -1    1   18   14   -0.000245
   -1    1    1   15    0.024660
   -1    1    2   15    0.005043
   -1    1    3   15   -0.050917
   -1    1    4   15   -0.031418
   -1    1    5   15   -0.000872
   -1    1    6   15    0.040392
   -1    1    7   15    0.028772
   -1    1    8   15   -0.002920
   -1    1    9   15   -0.073802
   -1    1   10   15    0.015032
   -1    1   11   15    0.007907
   -1    1   12   15    0.009232
   -1    1   13   15    0.004222
   -1    1   14   15   -0.000997
   -1    1   15   15   -0.041912
   -1    1   16   15    0.063668
   -1    1   17   15   -0.003795
   -1    1   18   15   -0.000390
   -1    1    1   16   -0.029805
   -1    1    2   16    0.002720
   -1    1    3   16    0.081687
   -1    1    4   16   -0.032652
   -1    1    5   16    0.004808
   -1    1    6   16    0.013507
   -1    1    7   16    0.001600
   -1    1    8   16    0.001545
   -1    1    9   16   -0.003950
   -1    1   10   16   -0.007035
   -1    1   11   16    0.002007
   -1    1   12   16    0.012018
   -1    1   13   16    0.004468
   -1    1   14   16   -0.000725
   -1    1   15   16   -0.001120
   -1    1   16   16   -0.013487
   -1    1   17   16   -0.005987
   -1    1   18   16   -0.005660
   -1    1    1   17   -0.002380
   -1    1    2   17   -0.000020
   -1    1    3   17    0.002772
   -1    1    4   17   -0.001430
   -1    1    5   17    0.001838
   -1    1    6   17   -0.002127
   -1    1    7   17   -0.001297
   -1    1    8   17   -0.002730
   -1    1    9   17   -0.015593
   -1    1   10   17   -0.013725
   -1    1   11   17    0.000615
   -1    1   12   17    0.000667
   -1    1   13   17    0.000890
   -1    1   14   17    0.000850
   -1    1   15   17    0.000887
   -1    1   16   17    0.001385
   -1    1   17   17    0.000142
   -1    1   18   17   -0.002175
   -1    1    1   18    0.012607
   -1    1    2   18   -0.007007
   -1    1    3   18   -0.099525
   -1    1    4   18    0.011355
   -1    1    5   18   -0.005237
   -1    1    6   18    0.010778
   -1    1    7   18   -0.013030
   -1    1    8   18   -0.005125
   -1    1    9   18   -0.010380
   -1    1   10   18   -0.001183
   -1    1   11   18   -0.003935
   -1    1   12   18    0.010042
   -1    1   13   18    0.020287
   -1    1   14   18    0.004802
   -1    1   15   18    0.002267
   -1    1   16   18    0.005915
   -1    1   17   18    0.004335
   -1    1   18   18   -0.000643
    0    1    1    1   -0.071995
    0    1    2    1   -0.000180
    0    1    3    1   -0.109820
    0    1    4    1    0.019008
    0    1    5    1    0.005743
    0    1    6    1    0.042825
    0    1    7    1    0.004733
    0    1    8    1    0.016590
    0    1    9    1    0.203885
    0    1   10    1    0.024200
    0    1   11    1   -0.000920
    0    1   12    1    0.013948
    0    1   13    1    0.022845
    0    1   14    1   -0.015595
    0    1   15    1   -0.021587
    0    1   16    1    0.064380
    0    1   17    1    0.000270
    0    1   18    1   -0.021065
    0    1    1    2    0.000992
    0    1    2    2   -0.000945
    0    1    3    2   -0.004507
    0    1    4    2    0.019147
    0    1    5    2    0.033872
    0    1    6    2    0.013372
    0    1    7    2    0.003500
    0    1    8    2   -0.051397
    0    1    9    2    0.609470
    0    1   10    2    0.004940
    0    1   11    2    0.006305
    0    1   12    2    0.027565
    0    1   13    2   -0.007733
    0    1   14    2   -0.005755
    0    1   15    2   -0.012552
    0    1   16    2   -0.006835
    0    1   17    2    0.001638
    0    1   18    2    0.024297
    0    1    1    3    0.040730
    0    1    2    3    0.002893
    0    1    3    3   -0.074365
    0    1    4    3   -0.024765
    0    1    5    3   -0.012630
    0    1    6    3    0.065848
    0    1    7    3   -0.011777
    0    1    8    3    0.000382
    0    1    9    3    0.249028
    0    1   10    3   -0.007182
    0    1   11    3   -0.000522
    0    1   12    3   -0.007527
    0    1   13    3    0.022362
    0    1   14    3    0.005007
    0    1   15    3    0.000988
    0    1   16    3    0.041677
    0    1   17    3   -0.000918
    0    1   18    3   -0.018150
    0    1    1    4   -0.106855
    0    1    2    4   -0.007240
    0    1    3    4    0.102717
    0    1    4    4    0.133510
    0    1    5    4    0.002657
    0    1    6    4   -0.050572
    0    1    7    4    0.029322
    0    1    8    4    0.010845
    0    1    9    4    0.050932
    0    1   10    4    0.034270
    0    1   11    4    0.002880
    0    1   12    4    0.022652
    0    1   13    4   -0.024055
    0    1   14    4   -0.012230
    0    1   15    4   -0.022345
    0    1   16    4    0.011412
    0    1   17    4   -0.010018
    0    1   18    4   -0.019325
    0    1    1    5   -0.001243
    0    1    2    5   -0.004932
    0    1    3    5    0.016698
    0    1    4    5   -0.002073
    0    1    5    5   -0.008955
    0    1    6    5   -0.019598
    0    1    7    5   -0.007517
    0    1    8    5    0.041017
    0    1    9    5   -0.187025
    0    1   10    5   -0.007338
    0    1   11    5   -0.005120
    0    1   12    5    0.002257
    0    1   13    5   -0.005432
    0    1   14    5    0.004372
    0    1   15    5    0.009290
    0    1   16    5   -0.011493
    0    1   17    5   -0.000905
    0    1   18    5   -0.002145
    0    1    1    6    0.328833
    0    1    2    6    0.042400
    0    1    3    6    0.208855
    0    1    4    6   -0.164815
    0    1    5    6   -0.042635
    0    1    6    6   -0.050387
    0    1    7    6   -0.007085
    0    1    8    6   -0.096570
    0    1    9    6   -0.709508
    0    1   10    6   -0.015783
    0    1   11    6    0.002710
    0    1   12    6   -0.018515
    0    1   13    6   -0.070468
    0    1   14    6    0.018120
    0    1   15    6   -0.044228
    0    1   16    6    0.050972
    0    1   17    6   -0.001245
    0    1   18    6   -0.074082
    0    1    1    7   -0.021388
    0    1    2    7   -0.004767
    0    1    3    7   -0.046657
    0    1    4    7    0.026275
    0    1    5    7   -0.017060
    0    1    6    7    0.019935
    0    1    7    7   -0.015885
    0    1    8    7    0.029787
    0    1    9    7    0.183398
    0    1   10    7    0.016907
    0    1   11    7   -0.003717
    0    1   12    7    0.036235
    0    1   13    7    0.029735
    0    1   14    7   -0.003610
    0    1   15    7    0.041892
    0    1   16    7    0.018177
    0    1   17    7    0.012942
    0    1   18    7   -0.032122
    0    1    1    8   -0.109765
    0    1    2    8   -0.058882
    0    1    3    8   -0.135093
    0    1    4    8   -0.004772
    0    1    5    8   -0.892752
    0    1    6    8   -0.089093
    0    1    7    8    0.087680
    0    1    8    8   -0.018925
    0    1    9    8   -0.130657
    0    1   10    8    0.003933
    0    1   11    8   -0.039062
    0    1   12    8    0.011992
    0    1   13    8    0.014655
    0    1   14    8    0.784142
    0    1   15    8    0.003757
    0    1   16    8   -0.016690
    0    1   17    8   -0.608540
    0    1   18    8    0.024060
    0    1    1    9    0.032508
    0    1    2    9    0.002277
    0    1    3    9    0.024733
    0    1    4    9    0.002285
    0    1    5    9   -0.025820
    0    1    6    9   -0.024582
    0    1    7    9    0.029597
    0    1    8    9   -0.002512
    0    1    9    9   -0.129047
    0    1   10    9   -0.010678
    0    1   11    9    0.018902
    0    1   12    9   -0.001570
    0    1   13    9   -0.007475
    0    1   14    9   -0.001687
    0    1   15    9   -0.049352
    0    1   16    9    0.010957
    0    1   17    9   -0.007757
    0    1   18    9   -0.009530
    0    1    1   10    0.032333
    0    1    2   10   -0.003020
    0    1    3   10    0.042072
    0    1    4   10    0.015580
    0    1    5   10   -0.016792
    0    1    6   10    0.036512
    0    1    7   10    0.024672
    0    1    8   10    0.076030
    0    1    9   10    0.027762
    0    1   10   10   -0.030212
    0    1   11   10   -0.003942
    0    1   12   10   -0.026065
    0    1   13   10   -0.000772
    0    1   14   10    0.012667
    0    1   15   10   -0.005680
    0    1   16   10    0.080613
    0    1   17   10    0.007590
    0    1   18   10   -0.006430
    0    1    1   11    0.035975
    0    1    2   11    0.002285
    0    1    3   11    0.091375
    0    1    4   11   -0.018047
    0    1    5   11   -0.048655
    0    1    6   11   -0.021530
    0    1    7   11    0.017732
    0    1    8   11    0.393217
    0    1    9   11    0.331320
    0    1   10   11    0.002383
    0    1   11   11   -0.000527
    0    1   12   11   -0.004723
    0    1   13   11    0.016680
    0    1   14   11    0.004760
    0    1   15   11    0.002767
    0    1   16   11    0.023623
    0    1   17   11    0.047908
    0    1   18   11   -0.000973
    0    1    1   12    0.119618
    0    1    2   12    0.016122
    0    1    3   12    0.018742
    0    1    4   12   -0.017142
    0    1    5   12   -0.066385
    0    1    6   12   -0.091345
    0    1    7   12   -0.241500
    0    1    8   12   -0.018230
    0    1    9   12    1.361800
    0    1   10   12   -0.141585
    0    1   11   12   -0.051460
    0    1   12   12   -0.190942
    0    1   13   12   -0.212102
    0    1   14   12    0.027307
    0    1   15   12    0.021967
    0    1   16   12    0.024642
    0    1   17   12    0.000843
    0    1   18   12    0.003595
    0    1    1   13    0.318345
    0    1    2   13    0.112330
    0    1    3   13   -0.011312
    0    1    4   13    0.024153
    0    1    5   13    0.099848
    0    1    6   13    0.199985
    0    1    7   13    0.023737
    0    1    8   13    0.065300
    0    1    9   13   -1.262332
    0    1   10   13    0.029890
    0    1   11   13    0.028537
    0    1   12   13   -0.133677
    0    1   13   13    0.151707
    0    1   14   13    0.044620
    0    1   15   13    0.001202
    0    1   16   13   -0.081365
    0    1   17   13   -0.045662
    0    1   18   13   -0.053505
    0    1    1   14    0.006640
    0    1    2   14   -0.003008
    0    1    3   14   -0.004147
    0    1    4   14   -0.020723
    0    1    5   14    0.014283
    0    1    6   14   -0.006427
    0    1    7   14    0.004290
    0    1    8   14   -0.011350
    0    1    9   14   -0.079077
    0    1   10   14    0.005840
    0    1   11   14   -0.000350
    0    1   12   14    0.004380
    0    1   13   14   -0.001655
    0    1   14   14   -0.000277
    0    1   15   14   -0.006228
    0    1   16   14    0.003600
    0    1   17   14    0.009577
    0    1   18   14    0.003177
    0    1    1   15    0.221970
    0    1    2   15   -0.007265
    0    1    3   15    0.281290
    0    1    4   15    0.021582
    0    1    5   15   -0.001423
    0    1    6   15    0.021867
    0    1    7   15    0.009593
    0    1    8   15   -0.094473
    0    1    9   15    0.353620
    0    1   10   15    0.059258
    0    1   11   15   -0.005725
    0    1   12   15   -0.020818
    0    1   13   15    0.130782
    0    1   14   15    0.016067
    0    1   15   15   -0.047402
    0    1   16   15    0.191785
    0    1   17   15    0.004163
    0    1   18   15    0.070335
    0    1    1   16    0.003737
    0    1    2   16    0.003272
    0    1    3   16   -0.025627
    0    1    4   16   -0.005392
    0    1    5   16   -0.019197
    0    1    6   16   -0.055852
    0    1    7   16    0.000900
    0    1    8   16    0.052430
    0    1    9   16    0.257077
    0    1   10   16   -0.006910
    0    1   11   16   -0.002127
    0    1   12   16    0.001597
    0    1   13   16    0.073217
    0    1   14   16    0.000232
    0    1   15   16    0.001058
    0    1   16   16    0.075317
    0    1   17   16   -0.004482
    0    1   18   16   -0.024502
    0    1    1   17   -0.026558
    0    1    2   17   -0.020778
    0    1    3   17   -0.037777
    0    1    4   17   -0.025525
    0    1    5   17   -0.055505
    0    1    6   17   -0.002127
    0    1    7   17    0.005020
    0    1    8   17   -0.023977
    0    1    9   17   -1.041475
    0    1   10   17   -0.011657
    0    1   11   17   -0.016182
    0    1   12   17    0.005315
    0    1   13   17   -0.011480
    0    1   14   17    0.001020
    0    1   15   17    0.009335
    0    1   16   17    0.015612
    0    1   17   17    0.000618
    0    1   18   17   -0.010620
    0    1    1   18   -0.394855
    0    1    2   18    0.009680
    0    1    3   18   -0.423008
    0    1    4   18    0.125947
    0    1    5   18    0.047037
    0    1    6   18    0.160187
    0    1    7   18    0.019685
    0    1    8   18    0.018340
    0    1    9   18   -0.086035
    0    1   10   18    0.020488
    0    1   11   18    0.009355
    0    1   12   18    0.007615
    0    1   13   18   -0.065363
    0    1   14   18   -0.015072
    0    1   15   18    0.008675
    0    1   16   18   -0.080550
    0    1   17   18    0.004695
    0    1   18   18    0.022408
    1    1    1    1    0.036580
    1    1    2    1   -0.019777
    1    1    3    1   -0.047875
    1    1    4    1    0.074078
    1    1    5    1   -0.014322
    1    1    6    1    0.085607
    1    1    7    1    0.094550
    1    1    8    1   -0.002677
    1    1    9    1    0.253735
    1    1   10    1   -0.009550
    1    1   11    1    0.010827
    1    1   12    1   -0.167307
    1    1   13    1    0.117555
    1    1   14    1    0.013645
    1    1   15    1   -0.089990
    1    1   16    1    0.005455
    1    1   17    1    0.016812
    1    1   18    1    0.003982
    1    1    1    2   -0.015525
    1    1    2    2   -0.004892
    1    1    3    2   -0.007582
    1    1    4    2   -0.016425
    1    1    5    2    0.003528
    1    1    6    2    0.021560
    1    1    7    2    0.067650
    1    1    8    2    0.000513
    1    1    9    2    0.064397
    1    1   10    2    0.005550
    1    1   11    2    0.004072
    1    1   12    2    0.082767
    1    1   13    2    0.052567
    1    1   14    2   -0.003585
    1    1   15    2   -0.004347
    1    1   16    2   -0.008727
    1    1   17    2    0.003628
    1    1   18    2    0.018147
    1    1    1    3   -0.089538
    1    1    2    3   -0.020857
    1    1    3    3   -0.066642
    1    1    4    3    0.178400
    1    1    5    3   -0.026302
    1    1    6    3    0.065272
    1    1    7    3    0.100917
    1    1    8    3    0.018715
    1    1    9    3    1.295405
    1    1   10    3   -0.021815
    1    1   11    3    0.015505
    1    1   12    3   -0.102675
    1    1   13    3    0.057733
    1    1   14    3    0.020055
    1    1   15    3   -0.000035
    1    1   16    3   -0.095483
    1    1   17    3    0.004940
    1    1   18    3    0.097245
    1    1    1    4    0.573935
    1    1    2    4   -0.036570
    1    1    3    4    0.591407
    1    1    4    4   -0.355617
    1    1    5    4   -0.108357
    1    1    6    4   -0.440560
    1    1    7    4    0.008328
    1    1    8    4   -0.001450
    1    1    9    4    0.211420
    1    1   10    4   -0.015327
    1    1   11    4   -0.010897
    1    1   12    4    0.023217
    1    1   13    4    0.111752
    1    1   14    4    0.047810
    1    1   15    4   -0.031195
    1    1   16    4    0.032043
    1    1   17    4   -0.005575
    1    1   18    4   -0.087605
    1    1    1    5   -0.025337
    1    1    2    5    0.005680
    1    1    3    5    0.004097
    1    1    4    5   -0.039403
    1    1    5    5   -0.002647
    1    1    6    5   -0.023195
    1    1    7    5   -0.024465
    1    1    8    5   -0.004577
    1    1    9    5   -0.009670
    1    1   10    5    0.014315
    1    1   11    5   -0.003590
    1    1   12    5    0.026530
    1    1   13    5    0.023270
    1    1   14    5    0.000275
    1    1   15    5    0.006800
    1    1   16    5   -0.031095
    1    1   17    5   -0.013088
    1    1   18    5   -0.001467
    1    1    1    6   -0.003347
    1    1    2    6   -0.020000
    1    1    3    6    0.041310
    1    1    4    6   -0.062950
    1    1    5    6   -0.004647
    1    1    6    6    0.194690
    1    1    7    6   -0.004875
    1    1    8    6    0.009935
    1    1    9    6    0.293445
    1    1   10    6    0.038827
    1    1   11    6    0.006148
    1    1   12    6    0.349808
    1    1   13    6    0.357095
    1    1   14    6   -0.000040
    1    1   15    6    0.157372
    1    1   16    6   -0.013940
    1    1   17    6   -0.029995
    1    1   18    6    0.108143
    1    1    1    7    0.063062
    1    1    2    7   -0.017005
    1    1    3    7   -0.007213
    1    1    4    7    0.018185
    1    1    5    7   -0.005270
    1    1    6    7   -0.054425
    1    1    7    7   -0.057055
    1    1    8    7   -0.006282
    1    1    9    7    0.115770
    1    1   10    7    0.004950
    1    1   11    7   -0.010687
    1    1   12    7   -0.208415
    1    1   13    7    0.008755
    1    1   14    7    0.000280
    1    1   15    7    0.021700
    1    1   16    7    0.016605
    1    1   17    7    0.011347
    1    1   18    7   -0.015257
    1    1    1    8   -0.018197
    1    1    2    8    0.529355
    1    1    3    8   -0.013187
    1    1    4    8    0.031293
    1    1    5    8    0.065640
    1    1    6    8    0.049455
    1    1    7    8    0.911625
    1    1    8    8    0.009503
    1    1    9    8    0.016158
    1    1   10    8    0.042835
    1    1   11    8   -0.164975
    1    1   12    8   -0.473373
    1    1   13    8    0.082085
    1    1   14    8    0.030952
    1    1   15    8   -0.123558
    1    1   16    8   -0.022267
    1    1   17    8    0.016150
    1    1   18    8   -0.023752
    1    1    1    9    0.008692
    1    1    2    9    0.019620
    1    1    3    9    0.009428
    1    1    4    9   -0.015530
    1    1    5    9    0.001710
    1    1    6    9    0.000165
    1    1    7    9   -0.063767
    1    1    8    9    0.001625
    1    1    9    9   -0.035057
    1    1   10    9   -0.085875
    1    1   11    9    0.007387
    1    1   12    9    0.078790
    1    1   13    9   -0.178657
    1    1   14    9    0.005812
    1    1   15    9    0.023298
    1    1   16    9   -0.036245
    1    1   17    9   -0.004160
    1    1   18    9   -0.000550
    1    1    1   10    0.095948
    1    1    2   10    0.018447
    1    1    3   10   -0.009702
    1    1    4   10   -0.248880
    1    1    5   10   -0.172118
    1    1    6   10   -0.008640
    1    1    7   10    0.046930
    1    1    8   10   -0.125012
    1    1    9   10   -2.226987
    1    1   10   10   -0.103900
    1    1   11   10   -0.037628
    1    1   12   10   -0.195750
    1    1   13   10    0.000365
    1    1   14   10    0.053743
    1    1   15   10    0.122658
    1    1   16   10   -0.113662
    1    1   17   10   -0.022107
    1    1   18   10   -0.132582
    1    1    1   11    0.001000
    1    1    2   11    0.003383
    1    1    3   11    0.003092
    1    1    4   11    0.250070
    1    1    5   11   -0.007482
    1    1    6   11    0.041585
    1    1    7   11   -0.190642
    1    1    8   11    0.000757
    1    1    9   11    0.165228
    1    1   10   11    0.002130
    1    1   11   11   -0.003070
    1    1   12   11    0.082035
    1    1   13   11    0.039857
    1    1   14   11    0.000187
    1    1   15   11    0.031705
    1    1   16   11   -0.023430
    1    1   17   11   -0.083685
    1    1   18   11    0.028590
    1    1    1   12   -0.049477
    1    1    2   12    0.023147
    1    1    3   12   -0.000127
    1    1    4   12   -0.032487
    1    1    5   12    0.004220
    1    1    6   12    0.089885
    1    1    7   12   -0.087345
    1    1    8   12   -0.000207
    1    1    9   12   -0.146005
    1    1   10   12   -0.023302
    1    1   11   12    0.016057
    1    1   12   12    0.039750
    1    1   13   12   -0.053690
    1    1   14   12   -0.000440
    1    1   15   12    0.044713
    1    1   16   12   -0.015200
    1    1   17   12   -0.009522
    1    1   18   12   -0.015595
    1    1    1   13    0.059805
    1    1    2   13    0.025185
    1    1    3   13   -0.030457
    1    1    4   13   -0.036285
    1    1    5   13    0.010315
    1    1    6   13   -0.021915
    1    1    7   13   -0.050082
    1    1    8   13   -0.006160
    1    1    9   13    0.042592
    1    1   10   13   -0.222602
    1    1   11   13    0.008340
    1    1   12   13    0.037512
    1    1   13   13   -0.626487
    1    1   14   13    0.010172
    1    1   15   13    0.081130
    1    1   16   13   -0.048090
    1    1   17   13   -0.039520
    1    1   18   13   -0.096585
    1    1    1   14   -0.041815
    1    1    2   14    0.029108
    1    1    3   14   -0.006445
    1    1    4   14    0.091825
    1    1    5   14    0.002678
    1    1    6   14    0.032182
    1    1    7   14   -0.079778
    1    1    8   14   -0.002480
    1    1    9   14    0.369482
    1    1   10   14    0.023045
    1    1   11   14    0.002212
    1    1   12   14    0.061685
    1    1   13   14    0.069677
    1    1   14   14    0.000782
    1    1   15   14   -0.010470
    1    1   16   14   -0.026013
    1    1   17   14   -0.005640
    1    1   18   14    0.023040
    1    1    1   15    0.031490
    1    1    2   15    0.044998
    1    1    3   15    0.024227
    1    1    4   15   -0.250147
    1    1    5   15    0.000130
    1    1    6   15    0.131757
    1    1    7   15   -0.279828
    1    1    8   15   -0.004320
    1    1    9   15    0.158002
    1    1   10   15   -0.066560
    1    1   11   15   -0.011160
    1    1   12   15    0.305725
    1    1   13   15   -0.143897
    1    1   14   15    0.005975
    1    1   15   15    0.214282
    1    1   16   15    0.015962
    1    1   17   15   -0.038137
    1    1   18   15   -0.024550
    1    1    1   16    0.112335
    1    1    2   16   -0.063657
    1    1    3   16    0.062922
    1    1    4   16    0.309012
    1    1    5   16   -0.014160
    1    1    6   16    0.005320
    1    1    7   16    0.123420
    1    1    8   16    0.012445
    1    1    9   16   -0.387195
    1    1   10   16    0.024082
    1    1   11   16   -0.002393
    1    1   12   16   -0.205977
    1    1   13   16    0.031008
    1    1   14   16   -0.021772
    1    1   15   16    0.107980
    1    1   16   16    0.050370
    1    1   17   16    0.008165
    1    1   18   16   -0.000245
    1    1    1   17   -0.005432
    1    1    2   17   -0.001925
    1    1    3   17    0.007990
    1    1    4   17    0.006818
    1    1    5   17   -0.005587
    1    1    6   17    0.006920
    1    1    7   17   -0.005923
    1    1    8   17   -0.000515
    1    1    9   17   -0.053152
    1    1   10   17    0.017245
    1    1   11   17    0.005305
    1    1   12   17   -0.011817
    1    1   13   17    0.013290
    1    1   14   17   -0.000770
    1    1   15   17    0.002250
    1    1   16   17   -0.003247
    1    1   17   17    0.010585
    1    1   18   17   -0.000230
    1    1    1   18    0.131627
    1    1    2   18    0.018885
    1    1    3   18   -0.007667
    1    1    4   18    0.042175
    1    1    5   18    0.014385
    1    1    6   18   -0.110762
    1    1    7   18   -0.079055
    1    1    8   18    0.002495
    1    1    9   18   -2.005988
    1    1   10   18    0.648210
    1    1   11   18   -0.000860
    1    1   12   18   -0.116555
    1    1   13   18    0.121657
    1    1   14   18    0.011632
    1    1   15   18   -0.161300
    1    1   16   18    0.032270
    1    1   17   18    0.014595
    1    1   18   18   -0.195745
