 ir1  ir2   m    n          ReH 
   -1   -1    1    1    0.063925
   -1   -1    2    1    0.002502
   -1   -1    3    1   -0.008120
   -1   -1    4    1    0.026670
   -1   -1    5    1    0.004027
   -1   -1    6    1   -0.194995
   -1   -1    7    1   -0.113313
   -1   -1    8    1   -0.014065
   -1   -1    9    1    0.013647
   -1   -1   10    1   -0.029562
   -1   -1   11    1    0.005007
   -1   -1   12    1   -0.008815
   -1   -1   13    1    0.005045
   -1   -1   14    1    0.009862
   -1   -1   15    1    0.059110
   -1   -1   16    1    0.026130
   -1   -1   17    1    0.020137
   -1   -1   18    1    0.000460
   -1   -1    1    2   -0.035310
   -1   -1    2    2   -0.011775
   -1   -1    3    2   -0.012027
   -1   -1    4    2   -0.124720
   -1   -1    5    2    0.004670
   -1   -1    6    2   -0.049605
   -1   -1    7    2   -0.015505
   -1   -1    8    2    0.003450
   -1   -1    9    2   -0.005230
   -1   -1   10    2   -2.713402
   -1   -1   11    2   -0.019362
   -1   -1   12    2    0.012362
   -1   -1   13    2   -0.008330
   -1   -1   14    2   -0.008725
   -1   -1   15    2   -0.006933
   -1   -1   16    2    0.088830
   -1   -1   17    2    0.015600
   -1   -1   18    2    0.009622
   -1   -1    1    3    0.036672
   -1   -1    2    3   -0.011555
   -1   -1    3    3    0.087428
   -1   -1    4    3    0.128900
   -1   -1    5    3   -0.016592
   -1   -1    6    3   -2.258795
   -1   -1    7    3    0.078405
   -1   -1    8    3    0.010577
   -1   -1    9    3    0.033910
   -1   -1   10    3   -0.046175
   -1   -1   11    3   -0.016847
   -1   -1   12    3    0.001647
   -1   -1   13    3   -0.003190
   -1   -1   14    3   -0.003312
   -1   -1   15    3    0.047940
   -1   -1   16    3   -0.168182
   -1   -1   17    3   -0.025820
   -1   -1   18    3    0.009532
   -1   -1    1    4   -0.004170
   -1   -1    2    4    0.000757
   -1   -1    3    4    0.014953
   -1   -1    4    4    0.143470
   -1   -1    5    4   -0.002585
   -1   -1    6    4    0.202902
   -1   -1    7    4    0.008762
   -1   -1    8    4    0.003282
   -1   -1    9    4    0.024247
   -1   -1   10    4    0.017317
   -1   -1   11    4   -0.002197
   -1   -1   12    4    0.009225
   -1   -1   13    4   -0.007215
   -1   -1   14    4    0.004480
   -1   -1   15    4   -0.026372
   -1   -1   16    4    0.034243
   -1   -1   17    4    0.000282
   -1   -1   18    4   -0.003942
   -1   -1    1    5   -0.018937
   -1   -1    2    5   -0.005440
   -1   -1    3    5    0.006742
   -1   -1    4    5   -0.034717
   -1   -1    5    5    0.010122
   -1   -1    6    5   -0.013540
   -1   -1    7    5    0.002237
   -1   -1    8    5    0.008662
   -1   -1    9    5    0.001172
   -1   -1   10    5   -0.200705
   -1   -1   11    5   -0.002138
   -1   -1   12    5   -0.003885
   -1   -1   13    5    0.002477
   -1   -1   14    5   -0.002487
   -1   -1   15    5    0.009710
   -1   -1   16    5   -0.013843
   -1   -1   17    5    0.024485
   -1   -1   18    5   -0.001830
   -1   -1    1    6   -0.019640
   -1   -1    2    6   -0.035210
   -1   -1    3    6    0.009440
   -1   -1    4    6   -0.002932
   -1   -1    5    6   -0.001420
   -1   -1    6    6    0.100975
   -1   -1    7    6    0.021305
   -1   -1    8    6    0.003650
   -1   -1    9    6   -0.021175
   -1   -1   10    6   -0.055858
   -1   -1   11    6    0.124650
   -1   -1   12    6   -0.014340
   -1   -1   13    6    0.026605
   -1   -1   14    6    0.053492
   -1   -1   15    6    0.019852
   -1   -1   16    6   -0.015867
   -1   -1   17    6    0.040492
   -1   -1   18    6    0.004387
   -1   -1    1    7    0.363810
   -1   -1    2    7    0.032000
   -1   -1    3    7   -0.037415
   -1   -1    4    7   -0.050020
   -1   -1    5    7   -0.037280
   -1   -1    6    7    3.780628
   -1   -1    7    7   -0.009935
   -1   -1    8    7   -0.022370
   -1   -1    9    7    0.035120
   -1   -1   10    7    0.351523
   -1   -1   11    7    0.013142
   -1   -1   12    7    0.047703
   -1   -1   13    7   -0.012895
   -1   -1   14    7   -0.003350
   -1   -1   15    7   -0.071267
   -1   -1   16    7    0.062915
   -1   -1   17    7   -0.035152
   -1   -1   18    7    0.024327
   -1   -1    1    8    0.031317
   -1   -1    2    8   -0.000025
   -1   -1    3    8    0.001143
   -1   -1    4    8    0.059753
   -1   -1    5    8    0.002550
   -1   -1    6    8   -0.001790
   -1   -1    7    8    0.010167
   -1   -1    8    8    0.024885
   -1   -1    9    8   -0.019922
   -1   -1   10    8   -0.132828
   -1   -1   11    8    0.000642
   -1   -1   12    8    0.001857
   -1   -1   13    8    0.002782
   -1   -1   14    8   -0.003367
   -1   -1   15    8   -0.000978
   -1   -1   16    8   -0.000520
   -1   -1   17    8    0.019650
   -1   -1   18    8   -0.002387
   -1   -1    1    9   -0.149420
   -1   -1    2    9    0.000427
   -1   -1    3    9    0.206042
   -1   -1    4    9   -1.614977
   -1   -1    5    9   -0.011905
   -1   -1    6    9   -1.527505
   -1   -1    7    9   -0.107497
   -1   -1    8    9    0.005743
   -1   -1    9    9   -0.133132
   -1   -1   10    9    0.952175
   -1   -1   11    9   -0.072837
   -1   -1   12    9    0.022585
   -1   -1   13    9   -0.079903
   -1   -1   14    9    0.002082
   -1   -1   15    9   -0.046310
   -1   -1   16    9    1.552217
   -1   -1   17    9   -0.039172
   -1   -1   18    9   -0.070885
   -1   -1    1   10    0.000790
   -1   -1    2   10   -0.001370
   -1   -1    3   10    0.007282
   -1   -1    4   10    0.002953
   -1   -1    5   10   -0.003462
   -1   -1    6   10   -0.024332
   -1   -1    7   10    0.010018
   -1   -1    8   10    0.000807
   -1   -1    9   10   -0.002037
   -1   -1   10   10   -0.150575
   -1   -1   11   10   -0.003392
   -1   -1   12   10   -0.022750
   -1   -1   13   10   -0.007880
   -1   -1   14   10    0.000030
   -1   -1   15   10    0.015387
   -1   -1   16   10   -0.020355
   -1   -1   17   10    0.001605
   -1   -1   18   10    0.000583
   -1   -1    1   11   -0.016875
   -1   -1    2   11   -0.007512
   -1   -1    3   11    0.002915
   -1   -1    4   11    0.020608
   -1   -1    5   11    0.001775
   -1   -1    6   11    0.086705
   -1   -1    7   11   -0.004895
   -1   -1    8   11    0.003697
   -1   -1    9   11   -0.002785
   -1   -1   10   11   -1.183660
   -1   -1   11   11    0.019812
   -1   -1   12   11    0.009290
   -1   -1   13   11   -0.003235
   -1   -1   14   11    0.013845
   -1   -1   15   11   -0.001190
   -1   -1   16   11    0.009337
   -1   -1   17   11    0.010825
   -1   -1   18   11    0.003602
   -1   -1    1   12    0.042228
   -1   -1    2   12   -0.023555
   -1   -1    3   12   -0.098867
   -1   -1    4   12   -0.063475
   -1   -1    5   12   -0.008323
   -1   -1    6   12    0.533830
   -1   -1    7   12   -0.093515
   -1   -1    8   12    0.001587
   -1   -1    9   12   -0.135475
   -1   -1   10   12    0.474297
   -1   -1   11   12   -0.046195
   -1   -1   12   12   -0.027072
   -1   -1   13   12   -0.041375
   -1   -1   14   12   -0.024373
   -1   -1   15   12    0.014490
   -1   -1   16   12    0.741515
   -1   -1   17   12    0.014165
   -1   -1   18   12    0.023437
   -1   -1    1   13   -0.011912
   -1   -1    2   13   -0.004105
   -1   -1    3   13   -0.040127
   -1   -1    4   13    0.151682
   -1   -1    5   13    0.021898
   -1   -1    6   13   -0.142035
   -1   -1    7   13   -0.032000
   -1   -1    8   13    0.006710
   -1   -1    9   13   -0.034410
   -1   -1   10   13    0.197632
   -1   -1   11   13   -0.079672
   -1   -1   12   13   -0.082198
   -1   -1   13   13    0.087765
   -1   -1   14   13   -0.010145
   -1   -1   15   13   -0.031105
   -1   -1   16   13   -0.307647
   -1   -1   17   13    0.068452
   -1   -1   18   13   -0.012543
   -1   -1    1   14    0.021943
   -1   -1    2   14   -0.001695
   -1   -1    3   14   -0.002702
   -1   -1    4   14   -0.009945
   -1   -1    5   14   -0.001237
   -1   -1    6   14    0.041505
   -1   -1    7   14    0.011560
   -1   -1    8   14    0.001802
   -1   -1    9   14   -0.006620
   -1   -1   10   14   -0.205575
   -1   -1   11   14   -0.004670
   -1   -1   12   14    0.000685
   -1   -1   13   14    0.001938
   -1   -1   14   14   -0.001002
   -1   -1   15   14   -0.004682
   -1   -1   16   14   -0.001365
   -1   -1   17   14    0.011167
   -1   -1   18   14   -0.001292
   -1   -1    1   15   -0.207087
   -1   -1    2   15   -0.026992
   -1   -1    3   15   -0.000308
   -1   -1    4   15    0.296790
   -1   -1    5   15    0.020575
   -1   -1    6   15   -0.465943
   -1   -1    7   15    0.087457
   -1   -1    8   15    0.014788
   -1   -1    9   15    0.041763
   -1   -1   10   15    1.560565
   -1   -1   11   15   -0.065467
   -1   -1   12   15   -0.079105
   -1   -1   13   15    0.043430
   -1   -1   14   15   -0.008575
   -1   -1   15   15   -0.123315
   -1   -1   16   15   -0.590893
   -1   -1   17   15    0.050152
   -1   -1   18   15   -0.008090
   -1   -1    1   16   -0.018082
   -1   -1    2   16    0.032555
   -1   -1    3   16    0.208530
   -1   -1    4   16   -0.412818
   -1   -1    5   16   -0.017288
   -1   -1    6   16   -1.803200
   -1   -1    7   16    0.031997
   -1   -1    8   16    0.016930
   -1   -1    9   16    0.019037
   -1   -1   10   16    0.964692
   -1   -1   11   16    0.040600
   -1   -1   12   16   -0.003970
   -1   -1   13   16   -0.045208
   -1   -1   14   16    0.015938
   -1   -1   15   16   -0.025195
   -1   -1   16   16   -0.180852
   -1   -1   17   16   -0.018652
   -1   -1   18   16   -0.009352
   -1   -1    1   17   -0.029775
   -1   -1    2   17   -0.011655
   -1   -1    3   17    0.039085
   -1   -1    4   17    0.001445
   -1   -1    5   17    0.001095
   -1   -1    6   17    0.126322
   -1   -1    7   17   -0.022597
   -1   -1    8   17   -0.002982
   -1   -1    9   17    0.017188
   -1   -1   10   17   -0.071432
   -1   -1   11   17    0.024450
   -1   -1   12   17    0.014208
   -1   -1   13   17   -0.006657
   -1   -1   14   17    0.002147
   -1   -1   15   17    0.053160
   -1   -1   16   17   -0.008267
   -1   -1   17   17    0.003390
   -1   -1   18   17    0.004187
   -1   -1    1   18   -0.028990
   -1   -1    2   18    0.009713
   -1   -1    3   18    0.070645
   -1   -1    4   18   -0.834827
   -1   -1    5   18    0.008420
   -1   -1    6   18   -0.483805
   -1   -1    7   18   -0.032507
   -1   -1    8   18   -0.026322
   -1   -1    9   18   -0.022397
   -1   -1   10   18   -0.389650
   -1   -1   11   18   -0.001268
   -1   -1   12   18   -0.022488
   -1   -1   13   18   -0.007917
   -1   -1   14   18    0.004213
   -1   -1   15   18    0.009487
   -1   -1   16   18    0.168090
   -1   -1   17   18   -0.019925
   -1   -1   18   18   -0.003830
    0   -1    1    1    0.021230
    0   -1    2    1   -0.006122
    0   -1    3    1   -0.022655
    0   -1    4    1    0.842285
    0   -1    5    1   -0.006733
    0   -1    6    1    0.370792
    0   -1    7    1    0.167148
    0   -1    8    1   -0.003900
    0   -1    9    1   -0.013125
    0   -1   10    1   -0.302712
    0   -1   11    1    0.027622
    0   -1   12    1   -0.014545
    0   -1   13    1    0.006190
    0   -1   14    1    0.002925
    0   -1   15    1    0.004257
    0   -1   16    1   -0.158668
    0   -1   17    1   -0.025522
    0   -1   18    1   -0.013042
    0   -1    1    2    0.009628
    0   -1    2    2   -0.010640
    0   -1    3    2   -0.013377
    0   -1    4    2   -0.008935
    0   -1    5    2   -0.002495
    0   -1    6    2    0.017337
    0   -1    7    2   -0.004363
    0   -1    8    2   -0.000545
    0   -1    9    2   -0.009162
    0   -1   10    2    0.136475
    0   -1   11    2   -0.013978
    0   -1   12    2   -0.012655
    0   -1   13    2    0.007445
    0   -1   14    2   -0.001902
    0   -1   15    2   -0.076510
    0   -1   16    2    0.057438
    0   -1   17    2    0.001305
    0   -1   18    2   -0.002662
    0   -1    1    3    0.035412
    0   -1    2    3   -0.032487
    0   -1    3    3   -0.072805
    0   -1    4    3    1.752147
    0   -1    5    3    0.008250
    0   -1    6    3    0.138150
    0   -1    7    3   -0.123230
    0   -1    8    3   -0.004567
    0   -1    9    3   -0.036805
    0   -1   10    3   -0.319355
    0   -1   11    3   -0.017323
    0   -1   12    3    0.011262
    0   -1   13    3    0.108912
    0   -1   14    3   -0.002937
    0   -1   15    3   -0.014690
    0   -1   16    3    0.801007
    0   -1   17    3    0.020132
    0   -1   18    3    0.009003
    0   -1    1    4    0.029192
    0   -1    2    4   -0.019300
    0   -1    3    4   -0.086485
    0   -1    4    4   -0.066255
    0   -1    5    4    0.001860
    0   -1    6    4    0.010992
    0   -1    7    4   -0.003135
    0   -1    8    4   -0.000985
    0   -1    9    4   -0.055050
    0   -1   10    4    0.040370
    0   -1   11    4   -0.018905
    0   -1   12    4   -0.017378
    0   -1   13    4    0.033595
    0   -1   14    4   -0.013202
    0   -1   15    4    0.048532
    0   -1   16    4    0.032572
    0   -1   17    4   -0.003257
    0   -1   18    4   -0.010365
    0   -1    1    5    0.000477
    0   -1    2    5    0.006077
    0   -1    3    5    0.010400
    0   -1    4    5   -0.082745
    0   -1    5    5    0.014018
    0   -1    6    5    0.037162
    0   -1    7    5   -0.014940
    0   -1    8    5    0.001302
    0   -1    9    5   -0.011597
    0   -1   10    5   -0.253565
    0   -1   11    5    0.033710
    0   -1   12    5   -0.020448
    0   -1   13    5    0.000890
    0   -1   14    5    0.004985
    0   -1   15    5   -0.099373
    0   -1   16    5    0.016822
    0   -1   17    5    0.019930
    0   -1   18    5   -0.004357
    0   -1    1    6    0.009777
    0   -1    2    6    0.003015
    0   -1    3    6   -0.006610
    0   -1    4    6    0.019072
    0   -1    5    6    0.001580
    0   -1    6    6    0.035640
    0   -1    7    6   -0.009715
    0   -1    8    6   -0.000918
    0   -1    9    6   -0.003217
    0   -1   10    6   -0.332917
    0   -1   11    6   -0.009045
    0   -1   12    6   -0.024493
    0   -1   13    6   -0.029200
    0   -1   14    6    0.000075
    0   -1   15    6   -0.006952
    0   -1   16    6   -0.011620
    0   -1   17    6    0.015052
    0   -1   18    6    0.000427
    0   -1    1    7   -0.084197
    0   -1    2    7   -0.055875
    0   -1    3    7   -0.009073
    0   -1    4    7    1.883855
    0   -1    5    7   -0.006287
    0   -1    6    7   -0.019692
    0   -1    7    7    0.118877
    0   -1    8    7    0.009030
    0   -1    9    7   -0.009782
    0   -1   10    7    0.220155
    0   -1   11    7    0.052170
    0   -1   12    7    0.158640
    0   -1   13    7   -0.119977
    0   -1   14    7    0.000680
    0   -1   15    7    0.100917
    0   -1   16    7   -0.154188
    0   -1   17    7   -0.016002
    0   -1   18    7    0.007647
    0   -1    1    8    0.005807
    0   -1    2    8    0.009405
    0   -1    3    8   -0.023822
    0   -1    4    8   -0.038835
    0   -1    5    8   -0.013725
    0   -1    6    8    0.152860
    0   -1    7    8   -0.002182
    0   -1    8    8    0.003012
    0   -1    9    8   -0.043397
    0   -1   10    8   -0.193970
    0   -1   11    8    0.003495
    0   -1   12    8   -0.032210
    0   -1   13    8    0.051033
    0   -1   14    8    0.036405
    0   -1   15    8   -0.103245
    0   -1   16    8    0.032385
    0   -1   17    8    0.097590
    0   -1   18    8   -0.000330
    0   -1    1    9   -0.009663
    0   -1    2    9    0.027075
    0   -1    3    9   -0.054025
    0   -1    4    9   -0.044122
    0   -1    5    9    0.022345
    0   -1    6    9    0.084202
    0   -1    7    9   -0.044240
    0   -1    8    9   -0.004335
    0   -1    9    9    0.032600
    0   -1   10    9    0.007612
    0   -1   11    9    0.014788
    0   -1   12    9   -0.685560
    0   -1   13    9    0.231022
    0   -1   14    9   -0.011612
    0   -1   15    9   -0.105980
    0   -1   16    9   -0.010697
    0   -1   17    9    0.057720
    0   -1   18    9   -0.044882
    0   -1    1   10    0.000900
    0   -1    2   10   -0.005788
    0   -1    3   10   -0.004953
    0   -1    4   10    0.020372
    0   -1    5   10   -0.001570
    0   -1    6   10    0.029992
    0   -1    7   10    0.007002
    0   -1    8   10   -0.000313
    0   -1    9   10    0.017485
    0   -1   10   10   -0.223275
    0   -1   11   10   -0.002862
    0   -1   12   10   -0.013330
    0   -1   13   10    0.009460
    0   -1   14   10   -0.000082
    0   -1   15   10   -0.008532
    0   -1   16   10   -0.007327
    0   -1   17   10   -0.003887
    0   -1   18   10    0.004360
    0   -1    1   11    0.000050
    0   -1    2   11   -0.003565
    0   -1    3   11   -0.004240
    0   -1    4   11    0.011473
    0   -1    5   11    0.002220
    0   -1    6   11    0.003005
    0   -1    7   11   -0.004655
    0   -1    8   11   -0.000220
    0   -1    9   11   -0.002977
    0   -1   10   11    0.087975
    0   -1   11   11   -0.000928
    0   -1   12   11   -0.029473
    0   -1   13   11    0.001377
    0   -1   14   11   -0.001345
    0   -1   15   11   -0.032337
    0   -1   16   11    0.001290
    0   -1   17   11    0.005670
    0   -1   18   11   -0.002847
    0   -1    1   12   -0.015513
    0   -1    2   12   -0.003777
    0   -1    3   12    0.002637
    0   -1    4   12    0.040092
    0   -1    5   12    0.001068
    0   -1    6   12   -0.004000
    0   -1    7   12    0.015802
    0   -1    8   12    0.000355
    0   -1    9   12   -0.032282
    0   -1   10   12   -0.336748
    0   -1   11   12    0.011160
    0   -1   12   12    0.249865
    0   -1   13   12   -0.094867
    0   -1   14   12    0.000255
    0   -1   15   12    0.011277
    0   -1   16   12   -0.041335
    0   -1   17   12    0.021800
    0   -1   18   12    0.005407
    0   -1    1   13    0.001613
    0   -1    2   13    0.008382
    0   -1    3   13    0.000447
    0   -1    4   13   -0.024698
    0   -1    5   13    0.000432
    0   -1    6   13    0.021078
    0   -1    7   13   -0.004092
    0   -1    8   13    0.001215
    0   -1    9   13   -0.008102
    0   -1   10   13   -0.747445
    0   -1   11   13   -0.000970
    0   -1   12   13   -0.087850
    0   -1   13   13    0.011528
    0   -1   14   13    0.000915
    0   -1   15   13   -0.036288
    0   -1   16   13    0.025330
    0   -1   17   13    0.015482
    0   -1   18   13   -0.000367
    0   -1    1   14   -0.013423
    0   -1    2   14    0.021542
    0   -1    3   14    0.010390
    0   -1    4   14   -0.081668
    0   -1    5   14    0.002838
    0   -1    6   14    0.020080
    0   -1    7   14   -0.001618
    0   -1    8   14    0.000338
    0   -1    9   14    0.005785
    0   -1   10   14   -0.138260
    0   -1   11   14   -0.028612
    0   -1   12   14   -0.006375
    0   -1   13   14    0.004185
    0   -1   14   14    0.004180
    0   -1   15   14   -0.033957
    0   -1   16   14   -0.018890
    0   -1   17   14    0.004505
    0   -1   18   14   -0.000448
    0   -1    1   15    0.045360
    0   -1    2   15    0.009250
    0   -1    3   15    0.028015
    0   -1    4   15   -0.071687
    0   -1    5   15    0.001407
    0   -1    6   15    0.065112
    0   -1    7   15   -0.031630
    0   -1    8   15   -0.003582
    0   -1    9   15    0.056227
    0   -1   10   15   -0.105905
    0   -1   11   15    0.024297
    0   -1   12   15   -0.076365
    0   -1   13   15    0.041542
    0   -1   14   15    0.004095
    0   -1   15   15   -0.168560
    0   -1   16   15    0.042007
    0   -1   17   15    0.072372
    0   -1   18   15   -0.008145
    0   -1    1   16    0.001083
    0   -1    2   16    0.026467
    0   -1    3   16   -0.063750
    0   -1    4   16   -0.062573
    0   -1    5   16    0.013812
    0   -1    6   16    0.078198
    0   -1    7   16   -0.045363
    0   -1    8   16   -0.003287
    0   -1    9   16   -0.057505
    0   -1   10   16    0.126692
    0   -1   11   16    0.018955
    0   -1   12   16   -0.221545
    0   -1   13   16    0.011073
    0   -1   14   16   -0.001778
    0   -1   15   16   -0.054925
    0   -1   16   16    0.068982
    0   -1   17   16    0.055720
    0   -1   18   16   -0.002487
    0   -1    1   17    0.033467
    0   -1    2   17   -0.018732
    0   -1    3   17   -0.034827
    0   -1    4   17   -0.053592
    0   -1    5   17    0.005885
    0   -1    6   17    0.063470
    0   -1    7   17   -0.041802
    0   -1    8   17    0.001225
    0   -1    9   17   -0.033437
    0   -1   10   17   -1.423267
    0   -1   11   17    0.060855
    0   -1   12   17    0.021670
    0   -1   13   17   -0.034637
    0   -1   14   17    0.008350
    0   -1   15   17    0.000500
    0   -1   16   17    0.177772
    0   -1   17   17    0.007065
    0   -1   18   17    0.004245
    0   -1    1   18   -0.024078
    0   -1    2   18    0.077435
    0   -1    3   18    0.391892
    0   -1    4   18   -1.167650
    0   -1    5   18   -0.026450
    0   -1    6   18   -0.054495
    0   -1    7   18    0.092305
    0   -1    8   18   -0.000580
    0   -1    9   18    0.107190
    0   -1   10   18    0.049680
    0   -1   11   18    0.022835
    0   -1   12   18   -0.324795
    0   -1   13   18   -0.148572
    0   -1   14   18    0.003605
    0   -1   15   18   -0.078003
    0   -1   16   18   -0.375985
    0   -1   17   18   -0.040613
    0   -1   18   18    0.007845
    1   -1    1    1   -0.033307
    1   -1    2    1    0.013282
    1   -1    3    1    0.031522
    1   -1    4    1    0.186910
    1   -1    5    1    0.008260
    1   -1    6    1    0.000952
    1   -1    7    1   -0.034785
    1   -1    8    1    0.001945
    1   -1    9    1    0.064412
    1   -1   10    1    0.161478
    1   -1   11    1    0.003555
    1   -1   12    1   -0.087727
    1   -1   13    1    0.085068
    1   -1   14    1    0.000933
    1   -1   15    1   -0.053195
    1   -1   16    1   -0.055592
    1   -1   17    1   -0.014927
    1   -1   18    1   -0.005232
    1   -1    1    2   -0.000497
    1   -1    2    2    0.000645
    1   -1    3    2    0.003675
    1   -1    4    2    0.003180
    1   -1    5    2   -0.001682
    1   -1    6    2   -0.000155
    1   -1    7    2    0.003422
    1   -1    8    2   -0.000015
    1   -1    9    2   -0.000533
    1   -1   10    2    0.010682
    1   -1   11    2    0.000545
    1   -1   12    2    0.010527
    1   -1   13    2   -0.005260
    1   -1   14    2    0.000737
    1   -1   15    2   -0.016830
    1   -1   16    2    0.004315
    1   -1   17    2   -0.002770
    1   -1   18    2   -0.000770
    1   -1    1    3   -0.005062
    1   -1    2    3   -0.012445
    1   -1    3    3   -0.002265
    1   -1    4    3    0.024400
    1   -1    5    3   -0.005125
    1   -1    6    3   -0.011103
    1   -1    7    3    0.007765
    1   -1    8    3    0.000675
    1   -1    9    3   -0.040435
    1   -1   10    3    0.011945
    1   -1   11    3   -0.007357
    1   -1   12    3    0.102337
    1   -1   13    3   -0.038097
    1   -1   14    3   -0.000655
    1   -1   15    3    0.022960
    1   -1   16    3    0.006825
    1   -1   17    3   -0.017625
    1   -1   18    3    0.004105
    1   -1    1    4   -0.008175
    1   -1    2    4    0.006047
    1   -1    3    4    0.008542
    1   -1    4    4    0.005425
    1   -1    5    4    0.001352
    1   -1    6    4    0.000322
    1   -1    7    4   -0.004830
    1   -1    8    4   -0.000233
    1   -1    9    4    0.015603
    1   -1   10    4   -0.219133
    1   -1   11    4    0.004642
    1   -1   12    4    0.013502
    1   -1   13    4    0.018280
    1   -1   14    4    0.001708
    1   -1   15    4   -0.008020
    1   -1   16    4    0.009545
    1   -1   17    4   -0.013510
    1   -1   18    4   -0.001953
    1   -1    1    5    0.001425
    1   -1    2    5    0.000020
    1   -1    3    5    0.000675
    1   -1    4    5   -0.000995
    1   -1    5    5   -0.001063
    1   -1    6    5    0.000382
    1   -1    7    5    0.004217
    1   -1    8    5   -0.000155
    1   -1    9    5   -0.000527
    1   -1   10    5   -0.014705
    1   -1   11    5    0.001527
    1   -1   12    5   -0.003467
    1   -1   13    5    0.001362
    1   -1   14    5    0.000112
    1   -1   15    5    0.015130
    1   -1   16    5   -0.001195
    1   -1   17    5   -0.000942
    1   -1   18    5    0.000310
    1   -1    1    6   -0.000500
    1   -1    2    6   -0.002080
    1   -1    3    6    0.003635
    1   -1    4    6    0.016542
    1   -1    5    6    0.000840
    1   -1    6    6   -0.009415
    1   -1    7    6    0.006397
    1   -1    8    6   -0.000387
    1   -1    9    6    0.006447
    1   -1   10    6    0.005680
    1   -1   11    6   -0.000445
    1   -1   12    6    0.008265
    1   -1   13    6    0.003952
    1   -1   14    6    0.001135
    1   -1   15    6   -0.002220
    1   -1   16    6   -0.014475
    1   -1   17    6   -0.003680
    1   -1   18    6   -0.000427
    1   -1    1    7    0.014385
    1   -1    2    7   -0.001927
    1   -1    3    7   -0.007065
    1   -1    4    7   -0.017260
    1   -1    5    7    0.003192
    1   -1    6    7    0.001767
    1   -1    7    7   -0.017957
    1   -1    8    7   -0.002117
    1   -1    9    7    0.005480
    1   -1   10    7   -0.048822
    1   -1   11    7   -0.000915
    1   -1   12    7   -0.002990
    1   -1   13    7   -0.008750
    1   -1   14    7   -0.002350
    1   -1   15    7   -0.007155
    1   -1   16    7   -0.015652
    1   -1   17    7    0.026507
    1   -1   18    7   -0.000910
    1   -1    1    8    0.002925
    1   -1    2    8    0.002870
    1   -1    3    8   -0.003682
    1   -1    4    8   -0.000062
    1   -1    5    8    0.000100
    1   -1    6    8    0.004720
    1   -1    7    8    0.006297
    1   -1    8    8   -0.000002
    1   -1    9    8   -0.014217
    1   -1   10    8   -0.203245
    1   -1   11    8   -0.000460
    1   -1   12    8   -0.006160
    1   -1   13    8   -0.016147
    1   -1   14    8   -0.000420
    1   -1   15    8   -0.016630
    1   -1   16    8   -0.004055
    1   -1   17    8    0.010590
    1   -1   18    8   -0.001150
    1   -1    1    9   -0.001223
    1   -1    2    9   -0.003885
    1   -1    3    9    0.006685
    1   -1    4    9   -0.002878
    1   -1    5    9   -0.001852
    1   -1    6    9   -0.007535
    1   -1    7    9    0.004420
    1   -1    8    9    0.001250
    1   -1    9    9   -0.005810
    1   -1   10    9   -0.322433
    1   -1   11    9   -0.004790
    1   -1   12    9    0.071570
    1   -1   13    9   -0.010745
    1   -1   14    9    0.002392
    1   -1   15    9    0.046185
    1   -1   16    9   -0.011802
    1   -1   17    9   -0.006950
    1   -1   18    9   -0.002507
    1   -1    1   10   -0.004732
    1   -1    2   10   -0.010965
    1   -1    3   10    0.000220
    1   -1    4   10    0.001345
    1   -1    5   10    0.005022
    1   -1    6   10   -0.001547
    1   -1    7   10    0.004815
    1   -1    8   10    0.000773
    1   -1    9   10    0.010945
    1   -1   10   10    0.032700
    1   -1   11   10   -0.003425
    1   -1   12   10    0.002413
    1   -1   13   10    0.004462
    1   -1   14   10    0.002307
    1   -1   15   10   -0.005895
    1   -1   16   10   -0.006385
    1   -1   17   10   -0.003740
    1   -1   18   10    0.001620
    1   -1    1   11    0.001520
    1   -1    2   11    0.000952
    1   -1    3   11    0.002520
    1   -1    4   11   -0.000020
    1   -1    5   11   -0.000825
    1   -1    6   11   -0.001160
    1   -1    7   11    0.001327
    1   -1    8   11   -0.000205
    1   -1    9   11    0.003637
    1   -1   10   11   -0.006750
    1   -1   11   11    0.000122
    1   -1   12   11    0.001775
    1   -1   13   11    0.002735
    1   -1   14   11    0.000595
    1   -1   15   11   -0.003820
    1   -1   16   11    0.001380
    1   -1   17   11   -0.002017
    1   -1   18   11   -0.000197
    1   -1    1   12    0.002215
    1   -1    2   12    0.000160
    1   -1    3   12    0.000270
    1   -1    4   12   -0.015982
    1   -1    5   12    0.001765
    1   -1    6   12   -0.003845
    1   -1    7   12   -0.005302
    1   -1    8   12    0.001472
    1   -1    9   12    0.005775
    1   -1   10   12   -0.001453
    1   -1   11   12   -0.002407
    1   -1   12   12   -0.005647
    1   -1   13   12    0.006267
    1   -1   14   12    0.000765
    1   -1   15   12   -0.009175
    1   -1   16   12    0.005765
    1   -1   17   12   -0.000875
    1   -1   18   12   -0.003012
    1   -1    1   13    0.001513
    1   -1    2   13   -0.002567
    1   -1    3   13    0.001395
    1   -1    4   13    0.007343
    1   -1    5   13   -0.000775
    1   -1    6   13   -0.000350
    1   -1    7   13    0.002540
    1   -1    8   13   -0.001257
    1   -1    9   13   -0.002645
    1   -1   10   13    0.023407
    1   -1   11   13   -0.000932
    1   -1   12   13    0.001492
    1   -1   13   13    0.000985
    1   -1   14   13    0.000147
    1   -1   15   13    0.016932
    1   -1   16   13   -0.001592
    1   -1   17   13   -0.001733
    1   -1   18   13    0.001875
    1   -1    1   14    0.004862
    1   -1    2   14   -0.000687
    1   -1    3   14   -0.002055
    1   -1    4   14   -0.007822
    1   -1    5   14   -0.001472
    1   -1    6   14   -0.000237
    1   -1    7   14    0.002860
    1   -1    8   14   -0.000097
    1   -1    9   14    0.002177
    1   -1   10   14   -0.017517
    1   -1   11   14   -0.001160
    1   -1   12   14   -0.015583
    1   -1   13   14    0.001845
    1   -1   14   14   -0.000025
    1   -1   15   14    0.012757
    1   -1   16   14   -0.000040
    1   -1   17   14    0.000595
    1   -1   18   14    0.000985
    1   -1    1   15   -0.011892
    1   -1    2   15    0.009232
    1   -1    3   15   -0.005635
    1   -1    4   15    0.013657
    1   -1    5   15   -0.002127
    1   -1    6   15   -0.007222
    1   -1    7   15    0.004500
    1   -1    8   15   -0.002213
    1   -1    9   15   -0.016435
    1   -1   10   15   -0.003235
    1   -1   11   15    0.003765
    1   -1   12   15   -0.027190
    1   -1   13   15    0.023215
    1   -1   14   15   -0.001655
    1   -1   15   15    0.030367
    1   -1   16   15   -0.007400
    1   -1   17   15   -0.021777
    1   -1   18   15    0.000213
    1   -1    1   16   -0.003200
    1   -1    2   16   -0.004200
    1   -1    3   16   -0.005500
    1   -1    4   16    0.008545
    1   -1    5   16    0.000210
    1   -1    6   16   -0.002560
    1   -1    7   16   -0.001380
    1   -1    8   16    0.000687
    1   -1    9   16   -0.007255
    1   -1   10   16   -0.027647
    1   -1   11   16   -0.003487
    1   -1   12   16    0.073897
    1   -1   13   16   -0.011920
    1   -1   14   16   -0.000867
    1   -1   15   16    0.019743
    1   -1   16   16   -0.007225
    1   -1   17   16   -0.002427
    1   -1   18   16    0.002527
    1   -1    1   17   -0.007367
    1   -1    2   17   -0.008035
    1   -1    3   17    0.001110
    1   -1    4   17    0.013982
    1   -1    5   17   -0.001723
    1   -1    6   17    0.000562
    1   -1    7   17    0.002660
    1   -1    8   17    0.000237
    1   -1    9   17   -0.018155
    1   -1   10   17    0.036752
    1   -1   11   17    0.000340
    1   -1   12   17    0.058442
    1   -1   13   17   -0.025535
    1   -1   14   17   -0.002115
    1   -1   15   17    0.007890
    1   -1   16   17   -0.000422
    1   -1   17   17   -0.003460
    1   -1   18   17   -0.002560
    1   -1    1   18    0.003312
    1   -1    2   18   -0.001802
    1   -1    3   18    0.013667
    1   -1    4   18   -0.007323
    1   -1    5   18   -0.001635
    1   -1    6   18   -0.001072
    1   -1    7   18    0.000495
    1   -1    8   18   -0.000530
    1   -1    9   18    0.018542
    1   -1   10   18    0.448290
    1   -1   11   18   -0.002525
    1   -1   12   18   -0.089715
    1   -1   13   18    0.015098
    1   -1   14   18   -0.000900
    1   -1   15   18    0.004553
    1   -1   16   18    0.000765
    1   -1   17   18    0.017082
    1   -1   18   18   -0.003185
   -1    0    1    1   -0.096767
   -1    0    2    1    0.019550
   -1    0    3    1    0.001738
   -1    0    4    1    0.100492
   -1    0    5    1    0.028460
   -1    0    6    1    0.001250
   -1    0    7    1   -0.197477
   -1    0    8    1   -0.061023
   -1    0    9    1    0.031260
   -1    0   10    1   -0.009695
   -1    0   11    1    0.013043
   -1    0   12    1   -0.001515
   -1    0   13    1   -0.010367
   -1    0   14    1    0.016835
   -1    0   15    1    0.067553
   -1    0   16    1   -0.016137
   -1    0   17    1    0.014800
   -1    0   18    1    0.006015
   -1    0    1    2   -0.130972
   -1    0    2    2   -0.017922
   -1    0    3    2    0.042542
   -1    0    4    2    0.612530
   -1    0    5    2   -0.068080
   -1    0    6    2   -0.019457
   -1    0    7    2    0.062937
   -1    0    8    2    0.082335
   -1    0    9    2   -0.003397
   -1    0   10    2    0.040790
   -1    0   11    2   -0.025135
   -1    0   12    2   -0.007075
   -1    0   13    2   -0.013072
   -1    0   14    2   -0.047267
   -1    0   15    2    0.056485
   -1    0   16    2    0.008497
   -1    0   17    2    0.629420
   -1    0   18    2    0.003580
   -1    0    1    3   -1.394077
   -1    0    2    3   -0.016445
   -1    0    3    3    0.100732
   -1    0    4    3   -0.098642
   -1    0    5    3   -0.000690
   -1    0    6    3    0.009742
   -1    0    7    3   -0.023025
   -1    0    8    3    0.013770
   -1    0    9    3    0.471652
   -1    0   10    3   -0.019285
   -1    0   11    3   -0.002462
   -1    0   12    3   -0.036730
   -1    0   13    3    0.030080
   -1    0   14    3   -0.012692
   -1    0   15    3    0.017128
   -1    0   16    3    0.076487
   -1    0   17    3    0.029290
   -1    0   18    3   -0.199680
   -1    0    1    4    0.614520
   -1    0    2    4    0.008320
   -1    0    3    4   -0.011503
   -1    0    4    4   -0.076887
   -1    0    5    4   -0.020907
   -1    0    6    4    0.458900
   -1    0    7    4    0.050872
   -1    0    8    4    0.013473
   -1    0    9    4    0.047370
   -1    0   10    4    0.135635
   -1    0   11    4    0.007975
   -1    0   12    4    0.002255
   -1    0   13    4    0.004385
   -1    0   14    4    0.003958
   -1    0   15    4   -0.010177
   -1    0   16    4   -0.059095
   -1    0   17    4   -0.057998
   -1    0   18    4    0.036222
   -1    0    1    5   -0.090415
   -1    0    2    5   -0.017552
   -1    0    3    5   -0.004398
   -1    0    4    5   -0.075932
   -1    0    5    5    0.018120
   -1    0    6    5   -0.004808
   -1    0    7    5    0.022652
   -1    0    8    5   -0.031215
   -1    0    9    5   -0.074980
   -1    0   10    5   -0.003342
   -1    0   11    5   -0.000588
   -1    0   12    5   -0.008642
   -1    0   13    5    0.000182
   -1    0   14    5   -0.025250
   -1    0   15    5    0.005330
   -1    0   16    5   -0.026262
   -1    0   17    5    0.024440
   -1    0   18    5    0.008972
   -1    0    1    6   -0.625077
   -1    0    2    6    0.019940
   -1    0    3    6   -0.089978
   -1    0    4    6    0.960013
   -1    0    5    6    0.265987
   -1    0    6    6   -0.090982
   -1    0    7    6   -0.090087
   -1    0    8    6   -2.540425
   -1    0    9    6    0.324242
   -1    0   10    6   -0.055340
   -1    0   11    6   -0.025330
   -1    0   12    6   -0.039112
   -1    0   13    6   -0.043913
   -1    0   14    6    0.824737
   -1    0   15    6    0.084240
   -1    0   16    6    0.014777
   -1    0   17    6    0.013200
   -1    0   18    6   -0.008225
   -1    0    1    7   -0.109988
   -1    0    2    7    0.042627
   -1    0    3    7    0.201130
   -1    0    4    7   -0.136232
   -1    0    5    7   -0.081365
   -1    0    6    7    0.074618
   -1    0    7    7   -0.268375
   -1    0    8    7    0.316672
   -1    0    9    7    0.215545
   -1    0   10    7    0.025730
   -1    0   11    7   -0.012065
   -1    0   12    7    0.103185
   -1    0   13    7   -0.001150
   -1    0   14    7    0.033565
   -1    0   15    7    0.012135
   -1    0   16    7    0.232367
   -1    0   17    7    0.067418
   -1    0   18    7   -0.009052
   -1    0    1    8    0.063237
   -1    0    2    8    0.000348
   -1    0    3    8   -0.008472
   -1    0    4    8   -0.008712
   -1    0    5    8   -0.000128
   -1    0    6    8    0.002642
   -1    0    7    8    0.001937
   -1    0    8    8    0.001428
   -1    0    9    8   -0.006795
   -1    0   10    8    0.006670
   -1    0   11    8   -0.002290
   -1    0   12    8    0.004000
   -1    0   13    8    0.003690
   -1    0   14    8    0.007025
   -1    0   15    8   -0.002897
   -1    0   16    8    0.008417
   -1    0   17    8    0.003380
   -1    0   18    8   -0.003682
   -1    0    1    9    1.657805
   -1    0    2    9   -0.060127
   -1    0    3    9   -1.293485
   -1    0    4    9    1.389757
   -1    0    5    9   -0.084955
   -1    0    6    9    0.028223
   -1    0    7    9    0.665270
   -1    0    8    9    0.058985
   -1    0    9    9    0.179995
   -1    0   10    9   -0.025785
   -1    0   11    9    0.004000
   -1    0   12    9    0.052005
   -1    0   13    9    0.033370
   -1    0   14    9   -0.072877
   -1    0   15    9    0.040370
   -1    0   16    9   -0.011915
   -1    0   17    9   -0.495030
   -1    0   18    9    0.097602
   -1    0    1   10    0.399665
   -1    0    2   10    0.006822
   -1    0    3   10    0.406180
   -1    0    4   10    0.067235
   -1    0    5   10   -0.083632
   -1    0    6   10   -0.183410
   -1    0    7   10    0.010357
   -1    0    8   10   -0.039070
   -1    0    9   10    0.114740
   -1    0   10   10   -0.245397
   -1    0   11   10   -0.089920
   -1    0   12   10    0.266565
   -1    0   13   10   -0.055425
   -1    0   14   10    0.063217
   -1    0   15   10    0.047620
   -1    0   16   10   -1.727237
   -1    0   17   10   -0.027592
   -1    0   18   10    0.040425
   -1    0    1   11    0.278747
   -1    0    2   11   -0.001815
   -1    0    3   11    0.048007
   -1    0    4   11    0.544415
   -1    0    5   11    0.025308
   -1    0    6   11   -0.014652
   -1    0    7   11    0.050705
   -1    0    8   11    0.000347
   -1    0    9   11    0.089597
   -1    0   10   11   -0.008037
   -1    0   11   11   -0.024885
   -1    0   12   11   -0.011817
   -1    0   13   11   -0.018632
   -1    0   14   11    0.099650
   -1    0   15   11    0.020855
   -1    0   16   11    0.006200
   -1    0   17   11    0.632467
   -1    0   18   11   -0.000432
   -1    0    1   12    3.769155
   -1    0    2   12    0.057035
   -1    0    3   12   -4.377685
   -1    0    4   12   -1.104447
   -1    0    5   12   -0.037575
   -1    0    6   12   -0.153997
   -1    0    7   12   -0.634045
   -1    0    8   12    0.295545
   -1    0    9   12   -2.074415
   -1    0   10   12    0.082842
   -1    0   11   12   -0.055040
   -1    0   12   12   -0.077857
   -1    0   13   12    0.180470
   -1    0   14   12   -0.089255
   -1    0   15   12    1.758540
   -1    0   16   12    1.227888
   -1    0   17   12   -0.029133
   -1    0   18   12   -0.264475
   -1    0    1   13   -0.227127
   -1    0    2   13   -0.015580
   -1    0    3   13   -1.033535
   -1    0    4   13    0.290967
   -1    0    5   13   -0.425972
   -1    0    6   13    0.049827
   -1    0    7   13    0.595245
   -1    0    8   13   -1.192915
   -1    0    9   13    1.315255
   -1    0   10   13   -0.103108
   -1    0   11   13   -0.104908
   -1    0   12   13    0.030792
   -1    0   13   13   -0.068795
   -1    0   14   13   -0.190273
   -1    0   15   13   -0.150927
   -1    0   16   13    0.053325
   -1    0   17   13   -0.227405
   -1    0   18   13   -0.691355
   -1    0    1   14    0.155205
   -1    0    2   14   -0.007027
   -1    0    3   14   -0.001030
   -1    0    4   14    0.110640
   -1    0    5   14   -0.004675
   -1    0    6   14    0.000393
   -1    0    7   14   -0.005120
   -1    0    8   14    0.009148
   -1    0    9   14    0.000838
   -1    0   10   14    0.004012
   -1    0   11   14   -0.001567
   -1    0   12   14   -0.000027
   -1    0   13   14    0.011687
   -1    0   14   14   -0.030172
   -1    0   15   14    0.008067
   -1    0   16   14    0.002135
   -1    0   17   14    0.028080
   -1    0   18   14   -0.006072
   -1    0    1   15   -0.560605
   -1    0    2   15   -0.079955
   -1    0    3   15    0.188392
   -1    0    4   15   -0.018355
   -1    0    5   15   -0.240965
   -1    0    6   15    0.076010
   -1    0    7   15   -0.129353
   -1    0    8   15    0.071410
   -1    0    9   15   -0.074015
   -1    0   10   15    0.237882
   -1    0   11   15   -0.045457
   -1    0   12   15   -0.025625
   -1    0   13   15    0.002930
   -1    0   14   15    0.053385
   -1    0   15   15   -0.130027
   -1    0   16   15    0.000942
   -1    0   17   15   -3.077580
   -1    0   18   15   -0.180237
   -1    0    1   16   -1.025315
   -1    0    2   16    0.002740
   -1    0    3   16    0.745597
   -1    0    4   16    0.366822
   -1    0    5   16   -0.043405
   -1    0    6   16   -0.259877
   -1    0    7   16   -0.137802
   -1    0    8   16   -0.586082
   -1    0    9   16    0.503535
   -1    0   10   16   -0.139750
   -1    0   11   16   -0.005310
   -1    0   12   16    0.035193
   -1    0   13   16   -0.006865
   -1    0   14   16   -0.068777
   -1    0   15   16    0.040798
   -1    0   16   16    0.289055
   -1    0   17   16    0.083912
   -1    0   18   16    0.035990
   -1    0    1   17    1.629792
   -1    0    2   17    0.105845
   -1    0    3   17    0.057805
   -1    0    4   17   -0.036110
   -1    0    5   17   -0.412395
   -1    0    6   17    0.020802
   -1    0    7   17   -0.442665
   -1    0    8   17   -0.627325
   -1    0    9   17    0.248820
   -1    0   10   17    0.003170
   -1    0   11   17    0.043452
   -1    0   12   17    0.005790
   -1    0   13   17   -0.020397
   -1    0   14   17   -0.502285
   -1    0   15   17    0.201865
   -1    0   16   17   -0.010535
   -1    0   17   17    0.077158
   -1    0   18   17    0.277620
   -1    0    1   18   -0.065685
   -1    0    2   18   -0.006927
   -1    0    3   18    0.058295
   -1    0    4   18   -0.059507
   -1    0    5   18    0.000390
   -1    0    6   18    0.001400
   -1    0    7   18    0.061565
   -1    0    8   18    0.017845
   -1    0    9   18    0.052270
   -1    0   10   18    0.023487
   -1    0   11   18   -0.001250
   -1    0   12   18   -0.005825
   -1    0   13   18    0.009142
   -1    0   14   18    0.014268
   -1    0   15   18   -0.007503
   -1    0   16   18   -0.006417
   -1    0   17   18    0.024660
   -1    0   18   18    0.027167
    0    0    1    1   -6.680803
    0    0    2    1   -0.383072
    0    0    3    1   -0.017857
    0    0    4    1    0.188685
    0    0    5    1    0.739930
    0    0    6    1   -0.235885
    0    0    7    1    2.960058
    0    0    8    1    1.254565
    0    0    9    1   -0.433567
    0    0   10    1    0.105515
    0    0   11    1    0.088010
    0    0   12    1   -0.067727
    0    0   13    1   -0.054655
    0    0   14    1    0.743262
    0    0   15    1   -0.770058
    0    0   16    1   -0.676013
    0    0   17    1   -0.199655
    0    0   18    1   -0.075372
    0    0    1    2   -0.383072
    0    0    2    2   -2.117792
    0    0    3    2    0.515185
    0    0    4    2    0.032285
    0    0    5    2    2.687430
    0    0    6    2    2.319750
    0    0    7    2    1.673012
    0    0    8    2   -0.104780
    0    0    9    2    0.162497
    0    0   10    2    0.081772
    0    0   11    2   -0.964847
    0    0   12    2    0.121163
    0    0   13    2   -1.293825
    0    0   14    2    1.311573
    0    0   15    2    0.092480
    0    0   16    2   -0.293850
    0    0   17    2   -3.860710
    0    0   18    2    0.150725
    0    0    1    3   -0.017857
    0    0    2    3    0.515185
    0    0    3    3    5.448880
    0    0    4    3   -0.750008
    0    0    5    3    0.206300
    0    0    6    3    0.731040
    0    0    7    3    0.381187
    0    0    8    3    0.035397
    0    0    9    3    1.448870
    0    0   10    3    0.086990
    0    0   11    3    0.349137
    0    0   12    3    0.309562
    0    0   13    3   -1.031893
    0    0   14    3    0.322692
    0    0   15    3   -2.344595
    0    0   16    3    1.208333
    0    0   17    3    0.679925
    0    0   18    3   -3.449393
    0    0    1    4    0.188685
    0    0    2    4    0.032285
    0    0    3    4   -0.750008
    0    0    4    4   -1.479962
    0    0    5    4    0.128510
    0    0    6    4    0.119537
    0    0    7    4   -0.141995
    0    0    8    4    0.290162
    0    0    9    4    0.086525
    0    0   10    4    0.264593
    0    0   11    4    0.096980
    0    0   12    4    0.111107
    0    0   13    4    0.036512
    0    0   14    4    0.114032
    0    0   15    4    0.108075
    0    0   16    4   -1.330458
    0    0   17    4    0.076242
    0    0   18    4    0.519235
    0    0    1    5    0.739930
    0    0    2    5    2.687430
    0    0    3    5    0.206300
    0    0    4    5    0.128510
    0    0    5    5    0.422613
    0    0    6    5   -0.214512
    0    0    7    5    1.016615
    0    0    8    5   -0.276823
    0    0    9    5   -0.205035
    0    0   10    5   -0.030647
    0    0   11    5    0.553830
    0    0   12    5    0.017570
    0    0   13    5   -0.071650
    0    0   14    5    1.283865
    0    0   15    5    0.279090
    0    0   16    5   -0.134815
    0    0   17    5    2.070008
    0    0   18    5    0.112780
    0    0    1    6   -0.235885
    0    0    2    6    2.319750
    0    0    3    6    0.731040
    0    0    4    6    0.119537
    0    0    5    6   -0.214512
    0    0    6    6  -10.347862
    0    0    7    6    1.017370
    0    0    8    6    0.014873
    0    0    9    6    0.520872
    0    0   10    6    0.408520
    0    0   11    6   -2.211412
    0    0   12    6    0.211935
    0    0   13    6   -1.710740
    0    0   14    6    0.091740
    0    0   15    6    0.995247
    0    0   16    6   -1.188652
    0    0   17    6   -6.855382
    0    0   18    6    0.076867
    0    0    1    7    2.960058
    0    0    2    7    1.673012
    0    0    3    7    0.381187
    0    0    4    7   -0.141995
    0    0    5    7    1.016615
    0    0    6    7    1.017370
    0    0    7    7   -9.688802
    0    0    8    7   -0.375898
    0    0    9    7   -1.568895
    0    0   10    7   -0.130692
    0    0   11    7    0.737990
    0    0   12    7   -0.755855
    0    0   13    7    0.684220
    0    0   14    7   -0.311062
    0    0   15    7    0.303613
    0    0   16    7   -0.953745
    0    0   17    7    0.309792
    0    0   18    7    2.352650
    0    0    1    8    1.254565
    0    0    2    8   -0.104780
    0    0    3    8    0.035397
    0    0    4    8    0.290162
    0    0    5    8   -0.276823
    0    0    6    8    0.014873
    0    0    7    8   -0.375898
    0    0    8    8   -0.594703
    0    0    9    8    0.457478
    0    0   10    8   -0.015365
    0    0   11    8   -0.109970
    0    0   12    8   -0.017107
    0    0   13    8   -0.008975
    0    0   14    8    0.847050
    0    0   15    8    0.182567
    0    0   16    8    0.113057
    0    0   17    8   -1.423875
    0    0   18    8    0.033150
    0    0    1    9   -0.433567
    0    0    2    9    0.162497
    0    0    3    9    1.448870
    0    0    4    9    0.086525
    0    0    5    9   -0.205035
    0    0    6    9    0.520872
    0    0    7    9   -1.568895
    0    0    8    9    0.457478
    0    0    9    9    4.493500
    0    0   10    9    0.013457
    0    0   11    9    0.159555
    0    0   12    9   -3.454457
    0    0   13    9    0.109137
    0    0   14    9    0.244612
    0    0   15    9   -0.142313
    0    0   16    9   -1.016190
    0    0   17    9    0.402442
    0    0   18    9    1.446505
    0    0    1   10    0.105515
    0    0    2   10    0.081772
    0    0    3   10    0.086990
    0    0    4   10    0.264593
    0    0    5   10   -0.030647
    0    0    6   10    0.408520
    0    0    7   10   -0.130692
    0    0    8   10   -0.015365
    0    0    9   10    0.013457
    0    0   10   10    7.116852
    0    0   11   10   -0.015932
    0    0   12   10   -1.172825
    0    0   13   10   -0.083945
    0    0   14   10   -0.030875
    0    0   15   10    0.052502
    0    0   16   10    0.043400
    0    0   17   10   -0.043277
    0    0   18   10   -0.016740
    0    0    1   11    0.088010
    0    0    2   11   -0.964847
    0    0    3   11    0.349137
    0    0    4   11    0.096980
    0    0    5   11    0.553830
    0    0    6   11   -2.211412
    0    0    7   11    0.737990
    0    0    8   11   -0.109970
    0    0    9   11    0.159555
    0    0   10   11   -0.015932
    0    0   11   11   -0.324523
    0    0   12   11    0.545677
    0    0   13   11   -0.750227
    0    0   14   11   -0.066958
    0    0   15   11    0.320775
    0    0   16   11   -0.414715
    0    0   17   11   -1.844130
    0    0   18   11    0.049000
    0    0    1   12   -0.067727
    0    0    2   12    0.121163
    0    0    3   12    0.309562
    0    0    4   12    0.111107
    0    0    5   12    0.017570
    0    0    6   12    0.211935
    0    0    7   12   -0.755855
    0    0    8   12   -0.017107
    0    0    9   12   -3.454457
    0    0   10   12   -1.172825
    0    0   11   12    0.545677
    0    0   12   12   -2.757705
    0    0   13   12   -1.767125
    0    0   14   12   -0.024202
    0    0   15   12    0.282145
    0    0   16   12   -1.174185
    0    0   17   12   -0.466358
    0    0   18   12    0.544983
    0    0    1   13   -0.054655
    0    0    2   13   -1.293825
    0    0    3   13   -1.031893
    0    0    4   13    0.036512
    0    0    5   13   -0.071650
    0    0    6   13   -1.710740
    0    0    7   13    0.684220
    0    0    8   13   -0.008975
    0    0    9   13    0.109137
    0    0   10   13   -0.083945
    0    0   11   13   -0.750227
    0    0   12   13   -1.767125
    0    0   13   13   -5.544245
    0    0   14   13   -0.011182
    0    0   15   13    0.606337
    0    0   16   13   -2.295725
    0    0   17   13    1.578545
    0    0   18   13   -0.637875
    0    0    1   14    0.743262
    0    0    2   14    1.311573
    0    0    3   14    0.322692
    0    0    4   14    0.114032
    0    0    5   14    1.283865
    0    0    6   14    0.091740
    0    0    7   14   -0.311062
    0    0    8   14    0.847050
    0    0    9   14    0.244612
    0    0   10   14   -0.030875
    0    0   11   14   -0.066958
    0    0   12   14   -0.024202
    0    0   13   14   -0.011182
    0    0   14   14    0.446575
    0    0   15   14    0.073700
    0    0   16   14    0.037687
    0    0   17   14    5.133765
    0    0   18   14    0.062827
    0    0    1   15   -0.770058
    0    0    2   15    0.092480
    0    0    3   15   -2.344595
    0    0    4   15    0.108075
    0    0    5   15    0.279090
    0    0    6   15    0.995247
    0    0    7   15    0.303613
    0    0    8   15    0.182567
    0    0    9   15   -0.142313
    0    0   10   15    0.052502
    0    0   11   15    0.320775
    0    0   12   15    0.282145
    0    0   13   15    0.606337
    0    0   14   15    0.073700
    0    0   15   15    2.541075
    0    0   16   15   -0.887190
    0    0   17   15    0.054653
    0    0   18   15   -0.158322
    0    0    1   16   -0.676013
    0    0    2   16   -0.293850
    0    0    3   16    1.208333
    0    0    4   16   -1.330458
    0    0    5   16   -0.134815
    0    0    6   16   -1.188652
    0    0    7   16   -0.953745
    0    0    8   16    0.113057
    0    0    9   16   -1.016190
    0    0   10   16    0.043400
    0    0   11   16   -0.414715
    0    0   12   16   -1.174185
    0    0   13   16   -2.295725
    0    0   14   16    0.037687
    0    0   15   16   -0.887190
    0    0   16   16    2.280700
    0    0   17   16   -0.207480
    0    0   18   16   -0.706265
    0    0    1   17   -0.199655
    0    0    2   17   -3.860710
    0    0    3   17    0.679925
    0    0    4   17    0.076242
    0    0    5   17    2.070008
    0    0    6   17   -6.855382
    0    0    7   17    0.309792
    0    0    8   17   -1.423875
    0    0    9   17    0.402442
    0    0   10   17   -0.043277
    0    0   11   17   -1.844130
    0    0   12   17   -0.466358
    0    0   13   17    1.578545
    0    0   14   17    5.133765
    0    0   15   17    0.054653
    0    0   16   17   -0.207480
    0    0   17   17   -5.665388
    0    0   18   17    0.177322
    0    0    1   18   -0.075372
    0    0    2   18    0.150725
    0    0    3   18   -3.449393
    0    0    4   18    0.519235
    0    0    5   18    0.112780
    0    0    6   18    0.076867
    0    0    7   18    2.352650
    0    0    8   18    0.033150
    0    0    9   18    1.446505
    0    0   10   18   -0.016740
    0    0   11   18    0.049000
    0    0   12   18    0.544983
    0    0   13   18   -0.637875
    0    0   14   18    0.062827
    0    0   15   18   -0.158322
    0    0   16   18   -0.706265
    0    0   17   18    0.177322
    0    0   18   18   -1.082185
    1    0    1    1   -0.096767
    1    0    2    1   -0.130972
    1    0    3    1   -1.394077
    1    0    4    1    0.614520
    1    0    5    1   -0.090415
    1    0    6    1   -0.625077
    1    0    7    1   -0.109988
    1    0    8    1    0.063237
    1    0    9    1    1.657805
    1    0   10    1    0.399665
    1    0   11    1    0.278747
    1    0   12    1    3.769155
    1    0   13    1   -0.227127
    1    0   14    1    0.155205
    1    0   15    1   -0.560605
    1    0   16    1   -1.025315
    1    0   17    1    1.629792
    1    0   18    1   -0.065685
    1    0    1    2    0.019550
    1    0    2    2   -0.017922
    1    0    3    2   -0.016445
    1    0    4    2    0.008320
    1    0    5    2   -0.017552
    1    0    6    2    0.019940
    1    0    7    2    0.042627
    1    0    8    2    0.000348
    1    0    9    2   -0.060127
    1    0   10    2    0.006822
    1    0   11    2   -0.001815
    1    0   12    2    0.057035
    1    0   13    2   -0.015580
    1    0   14    2   -0.007027
    1    0   15    2   -0.079955
    1    0   16    2    0.002740
    1    0   17    2    0.105845
    1    0   18    2   -0.006927
    1    0    1    3    0.001738
    1    0    2    3    0.042542
    1    0    3    3    0.100732
    1    0    4    3   -0.011503
    1    0    5    3   -0.004398
    1    0    6    3   -0.089978
    1    0    7    3    0.201130
    1    0    8    3   -0.008472
    1    0    9    3   -1.293485
    1    0   10    3    0.406180
    1    0   11    3    0.048007
    1    0   12    3   -4.377685
    1    0   13    3   -1.033535
    1    0   14    3   -0.001030
    1    0   15    3    0.188392
    1    0   16    3    0.745597
    1    0   17    3    0.057805
    1    0   18    3    0.058295
    1    0    1    4    0.100492
    1    0    2    4    0.612530
    1    0    3    4   -0.098642
    1    0    4    4   -0.076887
    1    0    5    4   -0.075932
    1    0    6    4    0.960013
    1    0    7    4   -0.136232
    1    0    8    4   -0.008712
    1    0    9    4    1.389757
    1    0   10    4    0.067235
    1    0   11    4    0.544415
    1    0   12    4   -1.104447
    1    0   13    4    0.290967
    1    0   14    4    0.110640
    1    0   15    4   -0.018355
    1    0   16    4    0.366822
    1    0   17    4   -0.036110
    1    0   18    4   -0.059507
    1    0    1    5    0.028460
    1    0    2    5   -0.068080
    1    0    3    5   -0.000690
    1    0    4    5   -0.020907
    1    0    5    5    0.018120
    1    0    6    5    0.265987
    1    0    7    5   -0.081365
    1    0    8    5   -0.000128
    1    0    9    5   -0.084955
    1    0   10    5   -0.083632
    1    0   11    5    0.025308
    1    0   12    5   -0.037575
    1    0   13    5   -0.425972
    1    0   14    5   -0.004675
    1    0   15    5   -0.240965
    1    0   16    5   -0.043405
    1    0   17    5   -0.412395
    1    0   18    5    0.000390
    1    0    1    6    0.001250
    1    0    2    6   -0.019457
    1    0    3    6    0.009742
    1    0    4    6    0.458900
    1    0    5    6   -0.004808
    1    0    6    6   -0.090982
    1    0    7    6    0.074618
    1    0    8    6    0.002642
    1    0    9    6    0.028223
    1    0   10    6   -0.183410
    1    0   11    6   -0.014652
    1    0   12    6   -0.153997
    1    0   13    6    0.049827
    1    0   14    6    0.000393
    1    0   15    6    0.076010
    1    0   16    6   -0.259877
    1    0   17    6    0.020802
    1    0   18    6    0.001400
    1    0    1    7   -0.197477
    1    0    2    7    0.062937
    1    0    3    7   -0.023025
    1    0    4    7    0.050872
    1    0    5    7    0.022652
    1    0    6    7   -0.090087
    1    0    7    7   -0.268375
    1    0    8    7    0.001937
    1    0    9    7    0.665270
    1    0   10    7    0.010357
    1    0   11    7    0.050705
    1    0   12    7   -0.634045
    1    0   13    7    0.595245
    1    0   14    7   -0.005120
    1    0   15    7   -0.129353
    1    0   16    7   -0.137802
    1    0   17    7   -0.442665
    1    0   18    7    0.061565
    1    0    1    8   -0.061023
    1    0    2    8    0.082335
    1    0    3    8    0.013770
    1    0    4    8    0.013473
    1    0    5    8   -0.031215
    1    0    6    8   -2.540425
    1    0    7    8    0.316672
    1    0    8    8    0.001428
    1    0    9    8    0.058985
    1    0   10    8   -0.039070
    1    0   11    8    0.000347
    1    0   12    8    0.295545
    1    0   13    8   -1.192915
    1    0   14    8    0.009148
    1    0   15    8    0.071410
    1    0   16    8   -0.586082
    1    0   17    8   -0.627325
    1    0   18    8    0.017845
    1    0    1    9    0.031260
    1    0    2    9   -0.003397
    1    0    3    9    0.471652
    1    0    4    9    0.047370
    1    0    5    9   -0.074980
    1    0    6    9    0.324242
    1    0    7    9    0.215545
    1    0    8    9   -0.006795
    1    0    9    9    0.179995
    1    0   10    9    0.114740
    1    0   11    9    0.089597
    1    0   12    9   -2.074415
    1    0   13    9    1.315255
    1    0   14    9    0.000838
    1    0   15    9   -0.074015
    1    0   16    9    0.503535
    1    0   17    9    0.248820
    1    0   18    9    0.052270
    1    0    1   10   -0.009695
    1    0    2   10    0.040790
    1    0    3   10   -0.019285
    1    0    4   10    0.135635
    1    0    5   10   -0.003342
    1    0    6   10   -0.055340
    1    0    7   10    0.025730
    1    0    8   10    0.006670
    1    0    9   10   -0.025785
    1    0   10   10   -0.245397
    1    0   11   10   -0.008037
    1    0   12   10    0.082842
    1    0   13   10   -0.103108
    1    0   14   10    0.004012
    1    0   15   10    0.237882
    1    0   16   10   -0.139750
    1    0   17   10    0.003170
    1    0   18   10    0.023487
    1    0    1   11    0.013043
    1    0    2   11   -0.025135
    1    0    3   11   -0.002462
    1    0    4   11    0.007975
    1    0    5   11   -0.000588
    1    0    6   11   -0.025330
    1    0    7   11   -0.012065
    1    0    8   11   -0.002290
    1    0    9   11    0.004000
    1    0   10   11   -0.089920
    1    0   11   11   -0.024885
    1    0   12   11   -0.055040
    1    0   13   11   -0.104908
    1    0   14   11   -0.001567
    1    0   15   11   -0.045457
    1    0   16   11   -0.005310
    1    0   17   11    0.043452
    1    0   18   11   -0.001250
    1    0    1   12   -0.001515
    1    0    2   12   -0.007075
    1    0    3   12   -0.036730
    1    0    4   12    0.002255
    1    0    5   12   -0.008642
    1    0    6   12   -0.039112
    1    0    7   12    0.103185
    1    0    8   12    0.004000
    1    0    9   12    0.052005
    1    0   10   12    0.266565
    1    0   11   12   -0.011817
    1    0   12   12   -0.077857
    1    0   13   12    0.030792
    1    0   14   12   -0.000027
    1    0   15   12   -0.025625
    1    0   16   12    0.035193
    1    0   17   12    0.005790
    1    0   18   12   -0.005825
    1    0    1   13   -0.010367
    1    0    2   13   -0.013072
    1    0    3   13    0.030080
    1    0    4   13    0.004385
    1    0    5   13    0.000182
    1    0    6   13   -0.043913
    1    0    7   13   -0.001150
    1    0    8   13    0.003690
    1    0    9   13    0.033370
    1    0   10   13   -0.055425
    1    0   11   13   -0.018632
    1    0   12   13    0.180470
    1    0   13   13   -0.068795
    1    0   14   13    0.011687
    1    0   15   13    0.002930
    1    0   16   13   -0.006865
    1    0   17   13   -0.020397
    1    0   18   13    0.009142
    1    0    1   14    0.016835
    1    0    2   14   -0.047267
    1    0    3   14   -0.012692
    1    0    4   14    0.003958
    1    0    5   14   -0.025250
    1    0    6   14    0.824737
    1    0    7   14    0.033565
    1    0    8   14    0.007025
    1    0    9   14   -0.072877
    1    0   10   14    0.063217
    1    0   11   14    0.099650
    1    0   12   14   -0.089255
    1    0   13   14   -0.190273
    1    0   14   14   -0.030172
    1    0   15   14    0.053385
    1    0   16   14   -0.068777
    1    0   17   14   -0.502285
    1    0   18   14    0.014268
    1    0    1   15    0.067553
    1    0    2   15    0.056485
    1    0    3   15    0.017128
    1    0    4   15   -0.010177
    1    0    5   15    0.005330
    1    0    6   15    0.084240
    1    0    7   15    0.012135
    1    0    8   15   -0.002897
    1    0    9   15    0.040370
    1    0   10   15    0.047620
    1    0   11   15    0.020855
    1    0   12   15    1.758540
    1    0   13   15   -0.150927
    1    0   14   15    0.008067
    1    0   15   15   -0.130027
    1    0   16   15    0.040798
    1    0   17   15    0.201865
    1    0   18   15   -0.007503
    1    0    1   16   -0.016137
    1    0    2   16    0.008497
    1    0    3   16    0.076487
    1    0    4   16   -0.059095
    1    0    5   16   -0.026262
    1    0    6   16    0.014777
    1    0    7   16    0.232367
    1    0    8   16    0.008417
    1    0    9   16   -0.011915
    1    0   10   16   -1.727237
    1    0   11   16    0.006200
    1    0   12   16    1.227888
    1    0   13   16    0.053325
    1    0   14   16    0.002135
    1    0   15   16    0.000942
    1    0   16   16    0.289055
    1    0   17   16   -0.010535
    1    0   18   16   -0.006417
    1    0    1   17    0.014800
    1    0    2   17    0.629420
    1    0    3   17    0.029290
    1    0    4   17   -0.057998
    1    0    5   17    0.024440
    1    0    6   17    0.013200
    1    0    7   17    0.067418
    1    0    8   17    0.003380
    1    0    9   17   -0.495030
    1    0   10   17   -0.027592
    1    0   11   17    0.632467
    1    0   12   17   -0.029133
    1    0   13   17   -0.227405
    1    0   14   17    0.028080
    1    0   15   17   -3.077580
    1    0   16   17    0.083912
    1    0   17   17    0.077158
    1    0   18   17    0.024660
    1    0    1   18    0.006015
    1    0    2   18    0.003580
    1    0    3   18   -0.199680
    1    0    4   18    0.036222
    1    0    5   18    0.008972
    1    0    6   18   -0.008225
    1    0    7   18   -0.009052
    1    0    8   18   -0.003682
    1    0    9   18    0.097602
    1    0   10   18    0.040425
    1    0   11   18   -0.000432
    1    0   12   18   -0.264475
    1    0   13   18   -0.691355
    1    0   14   18   -0.006072
    1    0   15   18   -0.180237
    1    0   16   18    0.035990
    1    0   17   18    0.277620
    1    0   18   18    0.027167
   -1    1    1    1   -0.033307
   -1    1    2    1   -0.000497
   -1    1    3    1   -0.005062
   -1    1    4    1   -0.008175
   -1    1    5    1    0.001425
   -1    1    6    1   -0.000500
   -1    1    7    1    0.014385
   -1    1    8    1    0.002925
   -1    1    9    1   -0.001223
   -1    1   10    1   -0.004732
   -1    1   11    1    0.001520
   -1    1   12    1    0.002215
   -1    1   13    1    0.001513
   -1    1   14    1    0.004862
   -1    1   15    1   -0.011892
   -1    1   16    1   -0.003200
   -1    1   17    1   -0.007367
   -1    1   18    1    0.003312
   -1    1    1    2    0.013282
   -1    1    2    2    0.000645
   -1    1    3    2   -0.012445
   -1    1    4    2    0.006047
   -1    1    5    2    0.000020
   -1    1    6    2   -0.002080
   -1    1    7    2   -0.001927
   -1    1    8    2    0.002870
   -1    1    9    2   -0.003885
   -1    1   10    2   -0.010965
   -1    1   11    2    0.000952
   -1    1   12    2    0.000160
   -1    1   13    2   -0.002567
   -1    1   14    2   -0.000687
   -1    1   15    2    0.009232
   -1    1   16    2   -0.004200
   -1    1   17    2   -0.008035
   -1    1   18    2   -0.001802
   -1    1    1    3    0.031522
   -1    1    2    3    0.003675
   -1    1    3    3   -0.002265
   -1    1    4    3    0.008542
   -1    1    5    3    0.000675
   -1    1    6    3    0.003635
   -1    1    7    3   -0.007065
   -1    1    8    3   -0.003682
   -1    1    9    3    0.006685
   -1    1   10    3    0.000220
   -1    1   11    3    0.002520
   -1    1   12    3    0.000270
   -1    1   13    3    0.001395
   -1    1   14    3   -0.002055
   -1    1   15    3   -0.005635
   -1    1   16    3   -0.005500
   -1    1   17    3    0.001110
   -1    1   18    3    0.013667
   -1    1    1    4    0.186910
   -1    1    2    4    0.003180
   -1    1    3    4    0.024400
   -1    1    4    4    0.005425
   -1    1    5    4   -0.000995
   -1    1    6    4    0.016542
   -1    1    7    4   -0.017260
   -1    1    8    4   -0.000062
   -1    1    9    4   -0.002878
   -1    1   10    4    0.001345
   -1    1   11    4   -0.000020
   -1    1   12    4   -0.015982
   -1    1   13    4    0.007343
   -1    1   14    4   -0.007822
   -1    1   15    4    0.013657
   -1    1   16    4    0.008545
   -1    1   17    4    0.013982
   -1    1   18    4   -0.007323
   -1    1    1    5    0.008260
   -1    1    2    5   -0.001682
   -1    1    3    5   -0.005125
   -1    1    4    5    0.001352
   -1    1    5    5   -0.001063
   -1    1    6    5    0.000840
   -1    1    7    5    0.003192
   -1    1    8    5    0.000100
   -1    1    9    5   -0.001852
   -1    1   10    5    0.005022
   -1    1   11    5   -0.000825
   -1    1   12    5    0.001765
   -1    1   13    5   -0.000775
   -1    1   14    5   -0.001472
   -1    1   15    5   -0.002127
   -1    1   16    5    0.000210
   -1    1   17    5   -0.001723
   -1    1   18    5   -0.001635
   -1    1    1    6    0.000952
   -1    1    2    6   -0.000155
   -1    1    3    6   -0.011103
   -1    1    4    6    0.000322
   -1    1    5    6    0.000382
   -1    1    6    6   -0.009415
   -1    1    7    6    0.001767
   -1    1    8    6    0.004720
   -1    1    9    6   -0.007535
   -1    1   10    6   -0.001547
   -1    1   11    6   -0.001160
   -1    1   12    6   -0.003845
   -1    1   13    6   -0.000350
   -1    1   14    6   -0.000237
   -1    1   15    6   -0.007222
   -1    1   16    6   -0.002560
   -1    1   17    6    0.000562
   -1    1   18    6   -0.001072
   -1    1    1    7   -0.034785
   -1    1    2    7    0.003422
   -1    1    3    7    0.007765
   -1    1    4    7   -0.004830
   -1    1    5    7    0.004217
   -1    1    6    7    0.006397
   -1    1    7    7   -0.017957
   -1    1    8    7    0.006297
   -1    1    9    7    0.004420
   -1    1   10    7    0.004815
   -1    1   11    7    0.001327
   -1    1   12    7   -0.005302
   -1    1   13    7    0.002540
   -1    1   14    7    0.002860
   -1    1   15    7    0.004500
   -1    1   16    7   -0.001380
   -1    1   17    7    0.002660
   -1    1   18    7    0.000495
   -1    1    1    8    0.001945
   -1    1    2    8   -0.000015
   -1    1    3    8    0.000675
   -1    1    4    8   -0.000233
   -1    1    5    8   -0.000155
   -1    1    6    8   -0.000387
   -1    1    7    8   -0.002117
   -1    1    8    8   -0.000002
   -1    1    9    8    0.001250
   -1    1   10    8    0.000773
   -1    1   11    8   -0.000205
   -1    1   12    8    0.001472
   -1    1   13    8   -0.001257
   -1    1   14    8   -0.000097
   -1    1   15    8   -0.002213
   -1    1   16    8    0.000687
   -1    1   17    8    0.000237
   -1    1   18    8   -0.000530
   -1    1    1    9    0.064412
   -1    1    2    9   -0.000533
   -1    1    3    9   -0.040435
   -1    1    4    9    0.015603
   -1    1    5    9   -0.000527
   -1    1    6    9    0.006447
   -1    1    7    9    0.005480
   -1    1    8    9   -0.014217
   -1    1    9    9   -0.005810
   -1    1   10    9    0.010945
   -1    1   11    9    0.003637
   -1    1   12    9    0.005775
   -1    1   13    9   -0.002645
   -1    1   14    9    0.002177
   -1    1   15    9   -0.016435
   -1    1   16    9   -0.007255
   -1    1   17    9   -0.018155
   -1    1   18    9    0.018542
   -1    1    1   10    0.161478
   -1    1    2   10    0.010682
   -1    1    3   10    0.011945
   -1    1    4   10   -0.219133
   -1    1    5   10   -0.014705
   -1    1    6   10    0.005680
   -1    1    7   10   -0.048822
   -1    1    8   10   -0.203245
   -1    1    9   10   -0.322433
   -1    1   10   10    0.032700
   -1    1   11   10   -0.006750
   -1    1   12   10   -0.001453
   -1    1   13   10    0.023407
   -1    1   14   10   -0.017517
   -1    1   15   10   -0.003235
   -1    1   16   10   -0.027647
   -1    1   17   10    0.036752
   -1    1   18   10    0.448290
   -1    1    1   11    0.003555
   -1    1    2   11    0.000545
   -1    1    3   11   -0.007357
   -1    1    4   11    0.004642
   -1    1    5   11    0.001527
   -1    1    6   11   -0.000445
   -1    1    7   11   -0.000915
   -1    1    8   11   -0.000460
   -1    1    9   11   -0.004790
   -1    1   10   11   -0.003425
   -1    1   11   11    0.000122
   -1    1   12   11   -0.002407
   -1    1   13   11   -0.000932
   -1    1   14   11   -0.001160
   -1    1   15   11    0.003765
   -1    1   16   11   -0.003487
   -1    1   17   11    0.000340
   -1    1   18   11   -0.002525
   -1    1    1   12   -0.087727
   -1    1    2   12    0.010527
   -1    1    3   12    0.102337
   -1    1    4   12    0.013502
   -1    1    5   12   -0.003467
   -1    1    6   12    0.008265
   -1    1    7   12   -0.002990
   -1    1    8   12   -0.006160
   -1    1    9   12    0.071570
   -1    1   10   12    0.002413
   -1    1   11   12    0.001775
   -1    1   12   12   -0.005647
   -1    1   13   12    0.001492
   -1    1   14   12   -0.015583
   -1    1   15   12   -0.027190
   -1    1   16   12    0.073897
   -1    1   17   12    0.058442
   -1    1   18   12   -0.089715
   -1    1    1   13    0.085068
   -1    1    2   13   -0.005260
   -1    1    3   13   -0.038097
   -1    1    4   13    0.018280
   -1    1    5   13    0.001362
   -1    1    6   13    0.003952
   -1    1    7   13   -0.008750
   -1    1    8   13   -0.016147
   -1    1    9   13   -0.010745
   -1    1   10   13    0.004462
   -1    1   11   13    0.002735
   -1    1   12   13    0.006267
   -1    1   13   13    0.000985
   -1    1   14   13    0.001845
   -1    1   15   13    0.023215
   -1    1   16   13   -0.011920
   -1    1   17   13   -0.025535
   -1    1   18   13    0.015098
   -1    1    1   14    0.000933
   -1    1    2   14    0.000737
   -1    1    3   14   -0.000655
   -1    1    4   14    0.001708
   -1    1    5   14    0.000112
   -1    1    6   14    0.001135
   -1    1    7   14   -0.002350
   -1    1    8   14   -0.000420
   -1    1    9   14    0.002392
   -1    1   10   14    0.002307
   -1    1   11   14    0.000595
   -1    1   12   14    0.000765
   -1    1   13   14    0.000147
   -1    1   14   14   -0.000025
   -1    1   15   14   -0.001655
   -1    1   16   14   -0.000867
   -1    1   17   14   -0.002115
   -1    1   18   14   -0.000900
   -1    1    1   15   -0.053195
   -1    1    2   15   -0.016830
   -1    1    3   15    0.022960
   -1    1    4   15   -0.008020
   -1    1    5   15    0.015130
   -1    1    6   15   -0.002220
   -1    1    7   15   -0.007155
   -1    1    8   15   -0.016630
   -1    1    9   15    0.046185
   -1    1   10   15   -0.005895
   -1    1   11   15   -0.003820
   -1    1   12   15   -0.009175
   -1    1   13   15    0.016932
   -1    1   14   15    0.012757
   -1    1   15   15    0.030367
   -1    1   16   15    0.019743
   -1    1   17   15    0.007890
   -1    1   18   15    0.004553
   -1    1    1   16   -0.055592
   -1    1    2   16    0.004315
   -1    1    3   16    0.006825
   -1    1    4   16    0.009545
   -1    1    5   16   -0.001195
   -1    1    6   16   -0.014475
   -1    1    7   16   -0.015652
   -1    1    8   16   -0.004055
   -1    1    9   16   -0.011802
   -1    1   10   16   -0.006385
   -1    1   11   16    0.001380
   -1    1   12   16    0.005765
   -1    1   13   16   -0.001592
   -1    1   14   16   -0.000040
   -1    1   15   16   -0.007400
   -1    1   16   16   -0.007225
   -1    1   17   16   -0.000422
   -1    1   18   16    0.000765
   -1    1    1   17   -0.014927
   -1    1    2   17   -0.002770
   -1    1    3   17   -0.017625
   -1    1    4   17   -0.013510
   -1    1    5   17   -0.000942
   -1    1    6   17   -0.003680
   -1    1    7   17    0.026507
   -1    1    8   17    0.010590
   -1    1    9   17   -0.006950
   -1    1   10   17   -0.003740
   -1    1   11   17   -0.002017
   -1    1   12   17   -0.000875
   -1    1   13   17   -0.001733
   -1    1   14   17    0.000595
   -1    1   15   17   -0.021777
   -1    1   16   17   -0.002427
   -1    1   17   17   -0.003460
   -1    1   18   17    0.017082
   -1    1    1   18   -0.005232
   -1    1    2   18   -0.000770
   -1    1    3   18    0.004105
   -1    1    4   18   -0.001953
   -1    1    5   18    0.000310
   -1    1    6   18   -0.000427
   -1    1    7   18   -0.000910
   -1    1    8   18   -0.001150
   -1    1    9   18   -0.002507
   -1    1   10   18    0.001620
   -1    1   11   18   -0.000197
   -1    1   12   18   -0.003012
   -1    1   13   18    0.001875
   -1    1   14   18    0.000985
   -1    1   15   18    0.000213
   -1    1   16   18    0.002527
   -1    1   17   18   -0.002560
   -1    1   18   18   -0.003185
    0    1    1    1    0.021230
    0    1    2    1    0.009628
    0    1    3    1    0.035412
    0    1    4    1    0.029192
    0    1    5    1    0.000477
    0    1    6    1    0.009777
    0    1    7    1   -0.084197
    0    1    8    1    0.005807
    0    1    9    1   -0.009663
    0    1   10    1    0.000900
    0    1   11    1    0.000050
    0    1   12    1   -0.015513
    0    1   13    1    0.001613
    0    1   14    1   -0.013423
    0    1   15    1    0.045360
    0    1   16    1    0.001083
    0    1   17    1    0.033467
    0    1   18    1   -0.024078
    0    1    1    2   -0.006122
    0    1    2    2   -0.010640
    0    1    3    2   -0.032487
    0    1    4    2   -0.019300
    0    1    5    2    0.006077
    0    1    6    2    0.003015
    0    1    7    2   -0.055875
    0    1    8    2    0.009405
    0    1    9    2    0.027075
    0    1   10    2   -0.005788
    0    1   11    2   -0.003565
    0    1   12    2   -0.003777
    0    1   13    2    0.008382
    0    1   14    2    0.021542
    0    1   15    2    0.009250
    0    1   16    2    0.026467
    0    1   17    2   -0.018732
    0    1   18    2    0.077435
    0    1    1    3   -0.022655
    0    1    2    3   -0.013377
    0    1    3    3   -0.072805
    0    1    4    3   -0.086485
    0    1    5    3    0.010400
    0    1    6    3   -0.006610
    0    1    7    3   -0.009073
    0    1    8    3   -0.023822
    0    1    9    3   -0.054025
    0    1   10    3   -0.004953
    0    1   11    3   -0.004240
    0    1   12    3    0.002637
    0    1   13    3    0.000447
    0    1   14    3    0.010390
    0    1   15    3    0.028015
    0    1   16    3   -0.063750
    0    1   17    3   -0.034827
    0    1   18    3    0.391892
    0    1    1    4    0.842285
    0    1    2    4   -0.008935
    0    1    3    4    1.752147
    0    1    4    4   -0.066255
    0    1    5    4   -0.082745
    0    1    6    4    0.019072
    0    1    7    4    1.883855
    0    1    8    4   -0.038835
    0    1    9    4   -0.044122
    0    1   10    4    0.020372
    0    1   11    4    0.011473
    0    1   12    4    0.040092
    0    1   13    4   -0.024698
    0    1   14    4   -0.081668
    0    1   15    4   -0.071687
    0    1   16    4   -0.062573
    0    1   17    4   -0.053592
    0    1   18    4   -1.167650
    0    1    1    5   -0.006733
    0    1    2    5   -0.002495
    0    1    3    5    0.008250
    0    1    4    5    0.001860
    0    1    5    5    0.014018
    0    1    6    5    0.001580
    0    1    7    5   -0.006287
    0    1    8    5   -0.013725
    0    1    9    5    0.022345
    0    1   10    5   -0.001570
    0    1   11    5    0.002220
    0    1   12    5    0.001068
    0    1   13    5    0.000432
    0    1   14    5    0.002838
    0    1   15    5    0.001407
    0    1   16    5    0.013812
    0    1   17    5    0.005885
    0    1   18    5   -0.026450
    0    1    1    6    0.370792
    0    1    2    6    0.017337
    0    1    3    6    0.138150
    0    1    4    6    0.010992
    0    1    5    6    0.037162
    0    1    6    6    0.035640
    0    1    7    6   -0.019692
    0    1    8    6    0.152860
    0    1    9    6    0.084202
    0    1   10    6    0.029992
    0    1   11    6    0.003005
    0    1   12    6   -0.004000
    0    1   13    6    0.021078
    0    1   14    6    0.020080
    0    1   15    6    0.065112
    0    1   16    6    0.078198
    0    1   17    6    0.063470
    0    1   18    6   -0.054495
    0    1    1    7    0.167148
    0    1    2    7   -0.004363
    0    1    3    7   -0.123230
    0    1    4    7   -0.003135
    0    1    5    7   -0.014940
    0    1    6    7   -0.009715
    0    1    7    7    0.118877
    0    1    8    7   -0.002182
    0    1    9    7   -0.044240
    0    1   10    7    0.007002
    0    1   11    7   -0.004655
    0    1   12    7    0.015802
    0    1   13    7   -0.004092
    0    1   14    7   -0.001618
    0    1   15    7   -0.031630
    0    1   16    7   -0.045363
    0    1   17    7   -0.041802
    0    1   18    7    0.092305
    0    1    1    8   -0.003900
    0    1    2    8   -0.000545
    0    1    3    8   -0.004567
    0    1    4    8   -0.000985
    0    1    5    8    0.001302
    0    1    6    8   -0.000918
    0    1    7    8    0.009030
    0    1    8    8    0.003012
    0    1    9    8   -0.004335
    0    1   10    8   -0.000313
    0    1   11    8   -0.000220
    0    1   12    8    0.000355
    0    1   13    8    0.001215
    0    1   14    8    0.000338
    0    1   15    8   -0.003582
    0    1   16    8   -0.003287
    0    1   17    8    0.001225
    0    1   18    8   -0.000580
    0    1    1    9   -0.013125
    0    1    2    9   -0.009162
    0    1    3    9   -0.036805
    0    1    4    9   -0.055050
    0    1    5    9   -0.011597
    0    1    6    9   -0.003217
    0    1    7    9   -0.009782
    0    1    8    9   -0.043397
    0    1    9    9    0.032600
    0    1   10    9    0.017485
    0    1   11    9   -0.002977
    0    1   12    9   -0.032282
    0    1   13    9   -0.008102
    0    1   14    9    0.005785
    0    1   15    9    0.056227
    0    1   16    9   -0.057505
    0    1   17    9   -0.033437
    0    1   18    9    0.107190
    0    1    1   10   -0.302712
    0    1    2   10    0.136475
    0    1    3   10   -0.319355
    0    1    4   10    0.040370
    0    1    5   10   -0.253565
    0    1    6   10   -0.332917
    0    1    7   10    0.220155
    0    1    8   10   -0.193970
    0    1    9   10    0.007612
    0    1   10   10   -0.223275
    0    1   11   10    0.087975
    0    1   12   10   -0.336748
    0    1   13   10   -0.747445
    0    1   14   10   -0.138260
    0    1   15   10   -0.105905
    0    1   16   10    0.126692
    0    1   17   10   -1.423267
    0    1   18   10    0.049680
    0    1    1   11    0.027622
    0    1    2   11   -0.013978
    0    1    3   11   -0.017323
    0    1    4   11   -0.018905
    0    1    5   11    0.033710
    0    1    6   11   -0.009045
    0    1    7   11    0.052170
    0    1    8   11    0.003495
    0    1    9   11    0.014788
    0    1   10   11   -0.002862
    0    1   11   11   -0.000928
    0    1   12   11    0.011160
    0    1   13   11   -0.000970
    0    1   14   11   -0.028612
    0    1   15   11    0.024297
    0    1   16   11    0.018955
    0    1   17   11    0.060855
    0    1   18   11    0.022835
    0    1    1   12   -0.014545
    0    1    2   12   -0.012655
    0    1    3   12    0.011262
    0    1    4   12   -0.017378
    0    1    5   12   -0.020448
    0    1    6   12   -0.024493
    0    1    7   12    0.158640
    0    1    8   12   -0.032210
    0    1    9   12   -0.685560
    0    1   10   12   -0.013330
    0    1   11   12   -0.029473
    0    1   12   12    0.249865
    0    1   13   12   -0.087850
    0    1   14   12   -0.006375
    0    1   15   12   -0.076365
    0    1   16   12   -0.221545
    0    1   17   12    0.021670
    0    1   18   12   -0.324795
    0    1    1   13    0.006190
    0    1    2   13    0.007445
    0    1    3   13    0.108912
    0    1    4   13    0.033595
    0    1    5   13    0.000890
    0    1    6   13   -0.029200
    0    1    7   13   -0.119977
    0    1    8   13    0.051033
    0    1    9   13    0.231022
    0    1   10   13    0.009460
    0    1   11   13    0.001377
    0    1   12   13   -0.094867
    0    1   13   13    0.011528
    0    1   14   13    0.004185
    0    1   15   13    0.041542
    0    1   16   13    0.011073
    0    1   17   13   -0.034637
    0    1   18   13   -0.148572
    0    1    1   14    0.002925
    0    1    2   14   -0.001902
    0    1    3   14   -0.002937
    0    1    4   14   -0.013202
    0    1    5   14    0.004985
    0    1    6   14    0.000075
    0    1    7   14    0.000680
    0    1    8   14    0.036405
    0    1    9   14   -0.011612
    0    1   10   14   -0.000082
    0    1   11   14   -0.001345
    0    1   12   14    0.000255
    0    1   13   14    0.000915
    0    1   14   14    0.004180
    0    1   15   14    0.004095
    0    1   16   14   -0.001778
    0    1   17   14    0.008350
    0    1   18   14    0.003605
    0    1    1   15    0.004257
    0    1    2   15   -0.076510
    0    1    3   15   -0.014690
    0    1    4   15    0.048532
    0    1    5   15   -0.099373
    0    1    6   15   -0.006952
    0    1    7   15    0.100917
    0    1    8   15   -0.103245
    0    1    9   15   -0.105980
    0    1   10   15   -0.008532
    0    1   11   15   -0.032337
    0    1   12   15    0.011277
    0    1   13   15   -0.036288
    0    1   14   15   -0.033957
    0    1   15   15   -0.168560
    0    1   16   15   -0.054925
    0    1   17   15    0.000500
    0    1   18   15   -0.078003
    0    1    1   16   -0.158668
    0    1    2   16    0.057438
    0    1    3   16    0.801007
    0    1    4   16    0.032572
    0    1    5   16    0.016822
    0    1    6   16   -0.011620
    0    1    7   16   -0.154188
    0    1    8   16    0.032385
    0    1    9   16   -0.010697
    0    1   10   16   -0.007327
    0    1   11   16    0.001290
    0    1   12   16   -0.041335
    0    1   13   16    0.025330
    0    1   14   16   -0.018890
    0    1   15   16    0.042007
    0    1   16   16    0.068982
    0    1   17   16    0.177772
    0    1   18   16   -0.375985
    0    1    1   17   -0.025522
    0    1    2   17    0.001305
    0    1    3   17    0.020132
    0    1    4   17   -0.003257
    0    1    5   17    0.019930
    0    1    6   17    0.015052
    0    1    7   17   -0.016002
    0    1    8   17    0.097590
    0    1    9   17    0.057720
    0    1   10   17   -0.003887
    0    1   11   17    0.005670
    0    1   12   17    0.021800
    0    1   13   17    0.015482
    0    1   14   17    0.004505
    0    1   15   17    0.072372
    0    1   16   17    0.055720
    0    1   17   17    0.007065
    0    1   18   17   -0.040613
    0    1    1   18   -0.013042
    0    1    2   18   -0.002662
    0    1    3   18    0.009003
    0    1    4   18   -0.010365
    0    1    5   18   -0.004357
    0    1    6   18    0.000427
    0    1    7   18    0.007647
    0    1    8   18   -0.000330
    0    1    9   18   -0.044882
    0    1   10   18    0.004360
    0    1   11   18   -0.002847
    0    1   12   18    0.005407
    0    1   13   18   -0.000367
    0    1   14   18   -0.000448
    0    1   15   18   -0.008145
    0    1   16   18   -0.002487
    0    1   17   18    0.004245
    0    1   18   18    0.007845
    1    1    1    1    0.063925
    1    1    2    1   -0.035310
    1    1    3    1    0.036672
    1    1    4    1   -0.004170
    1    1    5    1   -0.018937
    1    1    6    1   -0.019640
    1    1    7    1    0.363810
    1    1    8    1    0.031317
    1    1    9    1   -0.149420
    1    1   10    1    0.000790
    1    1   11    1   -0.016875
    1    1   12    1    0.042228
    1    1   13    1   -0.011912
    1    1   14    1    0.021943
    1    1   15    1   -0.207087
    1    1   16    1   -0.018082
    1    1   17    1   -0.029775
    1    1   18    1   -0.028990
    1    1    1    2    0.002502
    1    1    2    2   -0.011775
    1    1    3    2   -0.011555
    1    1    4    2    0.000757
    1    1    5    2   -0.005440
    1    1    6    2   -0.035210
    1    1    7    2    0.032000
    1    1    8    2   -0.000025
    1    1    9    2    0.000427
    1    1   10    2   -0.001370
    1    1   11    2   -0.007512
    1    1   12    2   -0.023555
    1    1   13    2   -0.004105
    1    1   14    2   -0.001695
    1    1   15    2   -0.026992
    1    1   16    2    0.032555
    1    1   17    2   -0.011655
    1    1   18    2    0.009713
    1    1    1    3   -0.008120
    1    1    2    3   -0.012027
    1    1    3    3    0.087428
    1    1    4    3    0.014953
    1    1    5    3    0.006742
    1    1    6    3    0.009440
    1    1    7    3   -0.037415
    1    1    8    3    0.001143
    1    1    9    3    0.206042
    1    1   10    3    0.007282
    1    1   11    3    0.002915
    1    1   12    3   -0.098867
    1    1   13    3   -0.040127
    1    1   14    3   -0.002702
    1    1   15    3   -0.000308
    1    1   16    3    0.208530
    1    1   17    3    0.039085
    1    1   18    3    0.070645
    1    1    1    4    0.026670
    1    1    2    4   -0.124720
    1    1    3    4    0.128900
    1    1    4    4    0.143470
    1    1    5    4   -0.034717
    1    1    6    4   -0.002932
    1    1    7    4   -0.050020
    1    1    8    4    0.059753
    1    1    9    4   -1.614977
    1    1   10    4    0.002953
    1    1   11    4    0.020608
    1    1   12    4   -0.063475
    1    1   13    4    0.151682
    1    1   14    4   -0.009945
    1    1   15    4    0.296790
    1    1   16    4   -0.412818
    1    1   17    4    0.001445
    1    1   18    4   -0.834827
    1    1    1    5    0.004027
    1    1    2    5    0.004670
    1    1    3    5   -0.016592
    1    1    4    5   -0.002585
    1    1    5    5    0.010122
    1    1    6    5   -0.001420
    1    1    7    5   -0.037280
    1    1    8    5    0.002550
    1    1    9    5   -0.011905
    1    1   10    5   -0.003462
    1    1   11    5    0.001775
    1    1   12    5   -0.008323
    1    1   13    5    0.021898
    1    1   14    5   -0.001237
    1    1   15    5    0.020575
    1    1   16    5   -0.017288
    1    1   17    5    0.001095
    1    1   18    5    0.008420
    1    1    1    6   -0.194995
    1    1    2    6   -0.049605
    1    1    3    6   -2.258795
    1    1    4    6    0.202902
    1    1    5    6   -0.013540
    1    1    6    6    0.100975
    1    1    7    6    3.780628
    1    1    8    6   -0.001790
    1    1    9    6   -1.527505
    1    1   10    6   -0.024332
    1    1   11    6    0.086705
    1    1   12    6    0.533830
    1    1   13    6   -0.142035
    1    1   14    6    0.041505
    1    1   15    6   -0.465943
    1    1   16    6   -1.803200
    1    1   17    6    0.126322
    1    1   18    6   -0.483805
    1    1    1    7   -0.113313
    1    1    2    7   -0.015505
    1    1    3    7    0.078405
    1    1    4    7    0.008762
    1    1    5    7    0.002237
    1    1    6    7    0.021305
    1    1    7    7   -0.009935
    1    1    8    7    0.010167
    1    1    9    7   -0.107497
    1    1   10    7    0.010018
    1    1   11    7   -0.004895
    1    1   12    7   -0.093515
    1    1   13    7   -0.032000
    1    1   14    7    0.011560
    1    1   15    7    0.087457
    1    1   16    7    0.031997
    1    1   17    7   -0.022597
    1    1   18    7   -0.032507
    1    1    1    8   -0.014065
    1    1    2    8    0.003450
    1    1    3    8    0.010577
    1    1    4    8    0.003282
    1    1    5    8    0.008662
    1    1    6    8    0.003650
    1    1    7    8   -0.022370
    1    1    8    8    0.024885
    1    1    9    8    0.005743
    1    1   10    8    0.000807
    1    1   11    8    0.003697
    1    1   12    8    0.001587
    1    1   13    8    0.006710
    1    1   14    8    0.001802
    1    1   15    8    0.014788
    1    1   16    8    0.016930
    1    1   17    8   -0.002982
    1    1   18    8   -0.026322
    1    1    1    9    0.013647
    1    1    2    9   -0.005230
    1    1    3    9    0.033910
    1    1    4    9    0.024247
    1    1    5    9    0.001172
    1    1    6    9   -0.021175
    1    1    7    9    0.035120
    1    1    8    9   -0.019922
    1    1    9    9   -0.133132
    1    1   10    9   -0.002037
    1    1   11    9   -0.002785
    1    1   12    9   -0.135475
    1    1   13    9   -0.034410
    1    1   14    9   -0.006620
    1    1   15    9    0.041763
    1    1   16    9    0.019037
    1    1   17    9    0.017188
    1    1   18    9   -0.022397
    1    1    1   10   -0.029562
    1    1    2   10   -2.713402
    1    1    3   10   -0.046175
    1    1    4   10    0.017317
    1    1    5   10   -0.200705
    1    1    6   10   -0.055858
    1    1    7   10    0.351523
    1    1    8   10   -0.132828
    1    1    9   10    0.952175
    1    1   10   10   -0.150575
    1    1   11   10   -1.183660
    1    1   12   10    0.474297
    1    1   13   10    0.197632
    1    1   14   10   -0.205575
    1    1   15   10    1.560565
    1    1   16   10    0.964692
    1    1   17   10   -0.071432
    1    1   18   10   -0.389650
    1    1    1   11    0.005007
    1    1    2   11   -0.019362
    1    1    3   11   -0.016847
    1    1    4   11   -0.002197
    1    1    5   11   -0.002138
    1    1    6   11    0.124650
    1    1    7   11    0.013142
    1    1    8   11    0.000642
    1    1    9   11   -0.072837
    1    1   10   11   -0.003392
    1    1   11   11    0.019812
    1    1   12   11   -0.046195
    1    1   13   11   -0.079672
    1    1   14   11   -0.004670
    1    1   15   11   -0.065467
    1    1   16   11    0.040600
    1    1   17   11    0.024450
    1    1   18   11   -0.001268
    1    1    1   12   -0.008815
    1    1    2   12    0.012362
    1    1    3   12    0.001647
    1    1    4   12    0.009225
    1    1    5   12   -0.003885
    1    1    6   12   -0.014340
    1    1    7   12    0.047703
    1    1    8   12    0.001857
    1    1    9   12    0.022585
    1    1   10   12   -0.022750
    1    1   11   12    0.009290
    1    1   12   12   -0.027072
    1    1   13   12   -0.082198
    1    1   14   12    0.000685
    1    1   15   12   -0.079105
    1    1   16   12   -0.003970
    1    1   17   12    0.014208
    1    1   18   12   -0.022488
    1    1    1   13    0.005045
    1    1    2   13   -0.008330
    1    1    3   13   -0.003190
    1    1    4   13   -0.007215
    1    1    5   13    0.002477
    1    1    6   13    0.026605
    1    1    7   13   -0.012895
    1    1    8   13    0.002782
    1    1    9   13   -0.079903
    1    1   10   13   -0.007880
    1    1   11   13   -0.003235
    1    1   12   13   -0.041375
    1    1   13   13    0.087765
    1    1   14   13    0.001938
    1    1   15   13    0.043430
    1    1   16   13   -0.045208
    1    1   17   13   -0.006657
    1    1   18   13   -0.007917
    1    1    1   14    0.009862
    1    1    2   14   -0.008725
    1    1    3   14   -0.003312
    1    1    4   14    0.004480
    1    1    5   14   -0.002487
    1    1    6   14    0.053492
    1    1    7   14   -0.003350
    1    1    8   14   -0.003367
    1    1    9   14    0.002082
    1    1   10   14    0.000030
    1    1   11   14    0.013845
    1    1   12   14   -0.024373
    1    1   13   14   -0.010145
    1    1   14   14   -0.001002
    1    1   15   14   -0.008575
    1    1   16   14    0.015938
    1    1   17   14    0.002147
    1    1   18   14    0.004213
    1    1    1   15    0.059110
    1    1    2   15   -0.006933
    1    1    3   15    0.047940
    1    1    4   15   -0.026372
    1    1    5   15    0.009710
    1    1    6   15    0.019852
    1    1    7   15   -0.071267
    1    1    8   15   -0.000978
    1    1    9   15   -0.046310
    1    1   10   15    0.015387
    1    1   11   15   -0.001190
    1    1   12   15    0.014490
    1    1   13   15   -0.031105
    1    1   14   15   -0.004682
    1    1   15   15   -0.123315
    1    1   16   15   -0.025195
    1    1   17   15    0.053160
    1    1   18   15    0.009487
    1    1    1   16    0.026130
    1    1    2   16    0.088830
    1    1    3   16   -0.168182
    1    1    4   16    0.034243
    1    1    5   16   -0.013843
    1    1    6   16   -0.015867
    1    1    7   16    0.062915
    1    1    8   16   -0.000520
    1    1    9   16    1.552217
    1    1   10   16   -0.020355
    1    1   11   16    0.009337
    1    1   12   16    0.741515
    1    1   13   16   -0.307647
    1    1   14   16   -0.001365
    1    1   15   16   -0.590893
    1    1   16   16   -0.180852
    1    1   17   16   -0.008267
    1    1   18   16    0.168090
    1    1    1   17    0.020137
    1    1    2   17    0.015600
    1    1    3   17   -0.025820
    1    1    4   17    0.000282
    1    1    5   17    0.024485
    1    1    6   17    0.040492
    1    1    7   17   -0.035152
    1    1    8   17    0.019650
    1    1    9   17   -0.039172
    1    1   10   17    0.001605
    1    1   11   17    0.010825
    1    1   12   17    0.014165
    1    1   13   17    0.068452
    1    1   14   17    0.011167
    1    1   15   17    0.050152
    1    1   16   17   -0.018652
    1    1   17   17    0.003390
    1    1   18   17   -0.019925
    1    1    1   18    0.000460
    1    1    2   18    0.009622
    1    1    3   18    0.009532
    1    1    4   18   -0.003942
    1    1    5   18   -0.001830
    1    1    6   18    0.004387
    1    1    7   18    0.024327
    1    1    8   18   -0.002387
    1    1    9   18   -0.070885
    1    1   10   18    0.000583
    1    1   11   18    0.003602
    1    1   12   18    0.023437
    1    1   13   18   -0.012543
    1    1   14   18   -0.001292
    1    1   15   18   -0.008090
    1    1   16   18   -0.009352
    1    1   17   18    0.004187
    1    1   18   18   -0.003830
